1
78.129997,64.019997,156.850006,131.320007
78.129997,64.019997,156.850006,131.320007
78.129997,64.019997,156.850006,131.320007
78.129997,64.019997,156.850006,131.320007
78.129997,64.019997,156.850006,131.320007
78.129997,64.019997,156.850006,131.320007
78.129997,64.019997,156.850006,131.320007
78.129997,64.019997,156.850006,131.320007
78.129997,64.019997,156.850006,131.320007
78.129997,64.019997,156.850006,131.320007
78.129997,64.019997,156.850006,131.320007
78.129997,64.019997,156.850006,131.320007
78.129997,64.019997,156.850006,131.320007
78.129997,64.019997,156.850006,131.320007
78.129997,64.019997,156.850006,131.320007
78.129997,64.019997,156.850006,131.320007
78.129997,64.019997,156.850006,131.320007
151.574997,66.339996,156.850006,131.320007
151.574997,66.339996,156.850006,131.320007
151.574997,66.339996,156.850006,131.320007
151.574997,66.339996,156.850006,131.320007
151.574997,66.339996,156.850006,131.320007
151.574997,66.339996,156.850006,131.320007
151.574997,66.339996,156.850006,131.320007
151.574997,66.339996,156.850006,131.320007
151.574997,66.339996,156.850006,131.320007
151.574997,66.339996,156.850006,131.320007
151.574997,66.339996,156.850006,131.320007
151.574997,66.339996,156.850006,131.320007
151.574997,66.339996,156.850006,131.320007
151.574997,66.339996,156.850006,131.320007
163.574997,24.339996,156.850006,131.320007
163.574997,24.339996,156.850006,131.320007
163.574997,24.339996,156.850006,131.320007
163.574997,24.339996,156.850006,131.320007
122.000000,0.000000,157.000000,130.000000
122.000000,0.000000,157.000000,130.000000
122.000000,0.000000,157.000000,130.000000
122.000000,0.000000,157.000000,130.000000
122.000000,0.000000,157.000000,130.000000
122.000000,0.000000,157.000000,130.000000
122.000000,0.000000,157.000000,130.000000
122.000000,0.000000,157.000000,130.000000
2
0
0
0
0
1
178.149994,170.559998,107.309998,96.869995
178.149994,170.559998,107.309998,96.869995
178.149994,170.559998,107.309998,96.869995
178.149994,170.559998,107.309998,96.869995
178.149994,170.559998,107.309998,96.869995
178.149994,170.559998,107.309998,96.869995
178.149994,170.559998,107.309998,96.869995
178.149994,170.559998,107.309998,96.869995
178.149994,170.559998,107.309998,96.869995
178.149994,170.559998,107.309998,96.869995
178.149994,170.559998,107.309998,96.869995
178.149994,170.559998,107.309998,96.869995
224.345001,232.565002,107.309998,96.869995
224.345001,232.565002,107.309998,96.869995
224.345001,232.565002,107.309998,96.869995
224.345001,232.565002,107.309998,96.869995
268.345001,181.565002,107.309998,96.869995
268.345001,181.565002,107.309998,96.869995
268.345001,181.565002,107.309998,96.869995
341.345001,144.565002,107.309998,96.869995
341.345001,144.565002,107.309998,96.869995
341.345001,144.565002,107.309998,96.869995
341.345001,144.565002,107.309998,96.869995
341.345001,144.565002,107.309998,96.869995
341.345001,144.565002,107.309998,96.869995
341.345001,144.565002,107.309998,96.869995
341.345001,144.565002,107.309998,96.869995
341.345001,144.565002,107.309998,96.869995
341.345001,144.565002,107.309998,96.869995
341.345001,144.565002,107.309998,96.869995
341.345001,144.565002,107.309998,96.869995
341.345001,144.565002,107.309998,96.869995
2
0
0
0
0
1
326.859985,0.000000,145.300018,129.150009
326.859985,0.000000,145.300018,129.150009
326.859985,0.000000,145.300018,129.150009
326.859985,0.000000,145.300018,129.150009
326.859985,0.000000,145.300018,129.150009
326.859985,0.000000,145.300018,129.150009
326.859985,0.000000,145.300018,129.150009
326.859985,0.000000,145.300018,129.150009
326.859985,0.000000,145.300018,129.150009
326.859985,0.000000,145.300018,129.150009
326.859985,0.000000,145.300018,129.150009
326.859985,0.000000,145.300018,129.150009
326.859985,0.000000,145.300018,129.150009
326.859985,0.000000,145.300018,129.150009
326.859985,0.000000,145.300018,129.150009
326.859985,0.000000,145.300018,129.150009
326.000000,0.000000,145.000000,128.000000
2
0
0
0
0
1
148.619995,31.150000,150.390015,143.040009
87.804993,14.479996,150.390015,143.040009
87.804993,14.479996,150.390015,143.040009
87.804993,14.479996,150.390015,143.040009
162.804993,29.479996,150.390015,143.040009
162.804993,29.479996,150.390015,143.040009
162.804993,29.479996,150.390015,143.040009
162.804993,29.479996,150.390015,143.040009
162.804993,29.479996,150.390015,143.040009
162.804993,29.479996,150.390015,143.040009
162.804993,29.479996,150.390015,143.040009
162.804993,29.479996,150.390015,143.040009
162.804993,29.479996,150.390015,143.040009
162.804993,29.479996,150.390015,143.040009
162.804993,29.479996,150.390015,143.040009
162.804993,29.479996,150.390015,143.040009
162.804993,29.479996,150.390015,143.040009
162.804993,29.479996,150.390015,143.040009
162.804993,29.479996,150.390015,143.040009
162.804993,29.479996,150.390015,143.040009
162.804993,29.479996,150.390015,143.040009
162.804993,29.479996,150.390015,143.040009
162.804993,29.479996,150.390015,143.040009
162.804993,29.479996,150.390015,143.040009
162.804993,29.479996,150.390015,143.040009
162.804993,29.479996,150.390015,143.040009
162.804993,29.479996,150.390015,143.040009
162.804993,29.479996,150.390015,143.040009
162.804993,29.479996,150.390015,143.040009
162.804993,29.479996,150.390015,143.040009
162.804993,29.479996,150.390015,143.040009
162.804993,29.479996,150.390015,143.040009
162.804993,29.479996,150.390015,143.040009
162.804993,29.479996,150.390015,143.040009
162.804993,29.479996,150.390015,143.040009
162.804993,29.479996,150.390015,143.040009
162.804993,29.479996,150.390015,143.040009
162.804993,29.479996,150.390015,143.040009
162.804993,29.479996,150.390015,143.040009
162.804993,29.479996,150.390015,143.040009
162.804993,29.479996,150.390015,143.040009
162.804993,29.479996,150.390015,143.040009
162.804993,29.479996,150.390015,143.040009
2
0
0
0
0
1
221.860001,172.860001,63.310013,70.059998
221.860001,172.860001,63.310013,70.059998
221.860001,172.860001,63.310013,70.059998
221.860001,172.860001,63.310013,70.059998
