1
116.629997,68.459999,132.769989,137.799988
116.629997,68.459999,132.769989,137.799988
116.629997,68.459999,132.769989,137.799988
116.629997,68.459999,132.769989,137.799988
116.629997,68.459999,132.769989,137.799988
116.629997,68.459999,132.769989,137.799988
116.629997,68.459999,132.769989,137.799988
116.629997,68.459999,132.769989,137.799988
116.629997,68.459999,132.769989,137.799988
116.629997,68.459999,132.769989,137.799988
116.629997,68.459999,132.769989,137.799988
116.629997,68.459999,132.769989,137.799988
116.629997,68.459999,132.769989,137.799988
116.629997,68.459999,132.769989,137.799988
116.629997,68.459999,132.769989,137.799988
116.629997,68.459999,132.769989,137.799988
116.629997,68.459999,132.769989,137.799988
167.615005,74.100006,132.769989,137.799988
167.615005,74.100006,132.769989,137.799988
167.615005,74.100006,132.769989,137.799988
167.615005,74.100006,132.769989,137.799988
167.615005,74.100006,132.769989,137.799988
167.615005,74.100006,132.769989,137.799988
167.615005,74.100006,132.769989,137.799988
167.615005,74.100006,132.769989,137.799988
167.615005,74.100006,132.769989,137.799988
167.615005,74.100006,132.769989,137.799988
167.615005,74.100006,132.769989,137.799988
167.615005,74.100006,132.769989,137.799988
167.615005,74.100006,132.769989,137.799988
167.615005,74.100006,132.769989,137.799988
167.615005,74.100006,132.769989,137.799988
161.615005,34.100006,132.769989,137.799988
161.615005,34.100006,132.769989,137.799988
161.615005,34.100006,132.769989,137.799988
161.615005,34.100006,132.769989,137.799988
161.615005,34.100006,132.769989,137.799988
161.615005,34.100006,132.769989,137.799988
161.615005,34.100006,132.769989,137.799988
161.615005,34.100006,132.769989,137.799988
161.615005,34.100006,132.769989,137.799988
161.615005,34.100006,132.769989,137.799988
161.615005,34.100006,132.769989,137.799988
161.615005,34.100006,132.769989,137.799988
161.615005,34.100006,132.769989,137.799988
161.615005,34.100006,132.769989,137.799988
161.615005,34.100006,132.769989,137.799988
161.615005,34.100006,132.769989,137.799988
161.615005,34.100006,132.769989,137.799988
2
0
0
0
0
1
219.729996,216.759995,81.180008,79.500015
213.409988,246.250000,81.180008,79.500015
242.409988,205.250000,81.180008,79.500015
242.409988,205.250000,81.180008,79.500015
220.409988,233.250000,81.180008,79.500015
220.409988,233.250000,81.180008,79.500015
253.409988,246.250000,81.180008,79.500015
272.410004,205.250000,81.180008,79.500015
301.410004,209.250000,81.180008,79.500015
301.410004,209.250000,81.180008,79.500015
301.410004,209.250000,81.180008,79.500015
301.410004,209.250000,81.180008,79.500015
301.410004,209.250000,81.180008,79.500015
286.410004,164.250000,81.180008,79.500015
286.410004,164.250000,81.180008,79.500015
324.410004,172.250000,81.180008,79.500015
303.410004,141.250000,81.180008,79.500015
303.410004,141.250000,81.180008,79.500015
361.410004,134.250000,81.180008,79.500015
361.410004,134.250000,81.180008,79.500015
361.410004,134.250000,81.180008,79.500015
361.410004,134.250000,81.180008,79.500015
361.410004,134.250000,81.180008,79.500015
361.410004,134.250000,81.180008,79.500015
361.410004,134.250000,81.180008,79.500015
361.410004,134.250000,81.180008,79.500015
361.410004,134.250000,81.180008,79.500015
361.410004,134.250000,81.180008,79.500015
2
0
0
0
0
1
297.809998,5.750000,151.549988,159.360001
297.809998,5.750000,151.549988,159.360001
297.809998,5.750000,151.549988,159.360001
297.809998,5.750000,151.549988,159.360001
297.809998,5.750000,151.549988,159.360001
297.809998,5.750000,151.549988,159.360001
297.809998,5.750000,151.549988,159.360001
297.809998,5.750000,151.549988,159.360001
297.809998,5.750000,151.549988,159.360001
297.809998,5.750000,151.549988,159.360001
297.809998,5.750000,151.549988,159.360001
297.809998,5.750000,151.549988,159.360001
297.809998,5.750000,151.549988,159.360001
297.809998,5.750000,151.549988,159.360001
297.809998,5.750000,151.549988,159.360001
297.809998,5.750000,151.549988,159.360001
297.809998,5.750000,151.549988,159.360001
297.809998,5.750000,151.549988,159.360001
297.809998,5.750000,151.549988,159.360001
205.225006,34.320000,151.549988,159.360001
205.225006,34.320000,151.549988,159.360001
205.225006,34.320000,151.549988,159.360001
205.225006,34.320000,151.549988,159.360001
205.225006,34.320000,151.549988,159.360001
205.225006,34.320000,151.549988,159.360001
205.225006,34.320000,151.549988,159.360001
205.225006,34.320000,151.549988,159.360001
205.225006,34.320000,151.549988,159.360001
205.225006,34.320000,151.549988,159.360001
205.225006,34.320000,151.549988,159.360001
2
0
0
0
0
1
55.150002,135.580002,123.810005,114.339996
55.150002,135.580002,123.810005,114.339996
111.095001,100.830002,123.810005,114.339996
111.095001,100.830002,123.810005,114.339996
40.094997,71.830002,123.810005,114.339996
40.094997,71.830002,123.810005,114.339996
101.095001,47.830002,123.810005,114.339996
158.095001,34.830002,123.810005,114.339996
158.095001,34.830002,123.810005,114.339996
152.095001,4.830002,123.810005,114.339996
152.095001,4.830002,123.810005,114.339996
152.095001,4.830002,123.810005,114.339996
152.095001,4.830002,123.810005,114.339996
2
0
0
0
0
1
206.229996,131.149994,79.430008,85.080002
206.229996,131.149994,79.430008,85.080002
181.284988,145.459991,79.430008,85.080002
181.284988,145.459991,79.430008,85.080002
216.284988,154.459991,79.430008,85.080002
216.284988,154.459991,79.430008,85.080002
216.284988,154.459991,79.430008,85.080002
216.284988,154.459991,79.430008,85.080002
216.284988,154.459991,79.430008,85.080002
216.284988,154.459991,79.430008,85.080002
216.284988,154.459991,79.430008,85.080002
216.284988,154.459991,79.430008,85.080002
196.284988,185.459991,79.430008,85.080002
201.284988,147.459991,79.430008,85.080002
201.284988,147.459991,79.430008,85.080002
201.284988,147.459991,79.430008,85.080002
201.284988,147.459991,79.430008,85.080002
201.284988,147.459991,79.430008,85.080002
201.284988,147.459991,79.430008,85.080002
