1
95.790001,51.090000,131.420013,136.550003
95.790001,51.090000,131.420013,136.550003
95.790001,51.090000,131.420013,136.550003
95.790001,51.090000,131.420013,136.550003
95.790001,51.090000,131.420013,136.550003
95.790001,51.090000,131.420013,136.550003
95.790001,51.090000,131.420013,136.550003
95.790001,51.090000,131.420013,136.550003
95.790001,51.090000,131.420013,136.550003
95.790001,51.090000,131.420013,136.550003
95.790001,51.090000,131.420013,136.550003
95.790001,51.090000,131.420013,136.550003
95.790001,51.090000,131.420013,136.550003
95.790001,51.090000,131.420013,136.550003
95.790001,51.090000,131.420013,136.550003
95.790001,51.090000,131.420013,136.550003
95.790001,51.090000,131.420013,136.550003
95.790001,51.090000,131.420013,136.550003
95.790001,51.090000,131.420013,136.550003
95.790001,51.090000,131.420013,136.550003
95.790001,51.090000,131.420013,136.550003
95.790001,51.090000,131.420013,136.550003
95.790001,51.090000,131.420013,136.550003
95.790001,51.090000,131.420013,136.550003
95.289993,50.724998,131.420013,136.550003
95.289993,50.724998,131.420013,136.550003
95.289993,50.724998,131.420013,136.550003
95.289993,50.724998,131.420013,136.550003
95.289993,50.724998,131.420013,136.550003
95.289993,50.724998,131.420013,136.550003
95.289993,50.724998,131.420013,136.550003
95.289993,50.724998,131.420013,136.550003
95.289993,50.724998,131.420013,136.550003
95.289993,50.724998,131.420013,136.550003
75.289993,4.724998,131.420013,136.550003
75.289993,4.724998,131.420013,136.550003
75.289993,4.724998,131.420013,136.550003
75.289993,4.724998,131.420013,136.550003
75.289993,4.724998,131.420013,136.550003
75.289993,4.724998,131.420013,136.550003
75.289993,4.724998,131.420013,136.550003
75.289993,4.724998,131.420013,136.550003
75.289993,4.724998,131.420013,136.550003
2
0
0
0
0
1
182.559998,160.490005,94.019989,91.679993
182.559998,160.490005,94.019989,91.679993
182.559998,160.490005,94.019989,91.679993
182.559998,160.490005,94.019989,91.679993
179.990005,198.160004,94.019989,91.679993
179.990005,198.160004,94.019989,91.679993
179.990005,198.160004,94.019989,91.679993
179.990005,198.160004,94.019989,91.679993
179.990005,198.160004,94.019989,91.679993
179.990005,198.160004,94.019989,91.679993
197.990005,246.160004,94.019989,91.679993
197.990005,246.160004,94.019989,91.679993
233.990005,222.160004,94.019989,91.679993
246.990005,195.160004,94.019989,91.679993
246.990005,195.160004,94.019989,91.679993
246.990005,195.160004,94.019989,91.679993
246.990005,195.160004,94.019989,91.679993
253.990005,242.160004,94.019989,91.679993
253.990005,242.160004,94.019989,91.679993
2
0
0
0
0
1
345.279999,58.919998,117.869995,120.509995
345.279999,58.919998,117.869995,120.509995
345.279999,58.919998,117.869995,120.509995
395.065002,38.745003,117.869995,120.509995
395.065002,38.745003,117.869995,120.509995
395.065002,38.745003,117.869995,120.509995
395.065002,38.745003,117.869995,120.509995
395.065002,38.745003,117.869995,120.509995
395.065002,38.745003,117.869995,120.509995
380.065002,94.745003,117.869995,120.509995
380.065002,94.745003,117.869995,120.509995
380.065002,94.745003,117.869995,120.509995
380.065002,94.745003,117.869995,120.509995
380.065002,94.745003,117.869995,120.509995
380.065002,94.745003,117.869995,120.509995
380.065002,94.745003,117.869995,120.509995
380.065002,94.745003,117.869995,120.509995
380.065002,94.745003,117.869995,120.509995
380.065002,94.745003,117.869995,120.509995
380.065002,94.745003,117.869995,120.509995
380.065002,94.745003,117.869995,120.509995
380.065002,94.745003,117.869995,120.509995
380.065002,94.745003,117.869995,120.509995
380.065002,94.745003,117.869995,120.509995
2
0
0
0
0
1
188.220001,41.220001,128.959991,139.470001
138.520004,34.264999,128.959991,139.470001
138.520004,34.264999,128.959991,139.470001
138.520004,34.264999,128.959991,139.470001
138.520004,34.264999,128.959991,139.470001
93.520004,4.264999,128.959991,139.470001
93.520004,4.264999,128.959991,139.470001
93.520004,4.264999,128.959991,139.470001
43.000000,0.000000,129.000000,138.000000
43.000000,0.000000,129.000000,138.000000
43.000000,0.000000,129.000000,138.000000
1.000000,1.000000,128.959991,139.470001
1.000000,1.000000,128.959991,139.470001
130.520004,7.264999,128.959991,139.470001
130.520004,7.264999,128.959991,139.470001
130.520004,7.264999,128.959991,139.470001
130.520004,7.264999,128.959991,139.470001
130.520004,7.264999,128.959991,139.470001
2
0
0
0
0
1
74.930000,118.150002,127.760002,120.109993
74.930000,118.150002,127.760002,120.109993
74.930000,118.150002,127.760002,120.109993
74.930000,118.150002,127.760002,120.109993
74.930000,118.150002,127.760002,120.109993
74.930000,118.150002,127.760002,120.109993
74.930000,118.150002,127.760002,120.109993
74.930000,118.150002,127.760002,120.109993
74.930000,118.150002,127.760002,120.109993
74.930000,118.150002,127.760002,120.109993
74.930000,118.150002,127.760002,120.109993
74.930000,118.150002,127.760002,120.109993
74.930000,118.150002,127.760002,120.109993
74.930000,118.150002,127.760002,120.109993
74.930000,118.150002,127.760002,120.109993
74.930000,118.150002,127.760002,120.109993
74.930000,118.150002,127.760002,120.109993
74.930000,118.150002,127.760002,120.109993
2
0
0
0
0
1
199.389999,157.020004,72.090012,71.720001
199.389999,157.020004,72.090012,71.720001
199.389999,157.020004,72.090012,71.720001
199.389999,157.020004,72.090012,71.720001
189.954987,184.139999,72.090012,71.720001
189.954987,184.139999,72.090012,71.720001
189.954987,184.139999,72.090012,71.720001
189.954987,184.139999,72.090012,71.720001
189.954987,184.139999,72.090012,71.720001
189.954987,184.139999,72.090012,71.720001
189.954987,184.139999,72.090012,71.720001
