1
94.000000,73.839996,153.690002,123.250000
94.000000,73.839996,153.690002,123.250000
94.000000,73.839996,153.690002,123.250000
94.000000,73.839996,153.690002,123.250000
94.000000,73.839996,153.690002,123.250000
94.000000,73.839996,153.690002,123.250000
94.000000,73.839996,153.690002,123.250000
94.000000,73.839996,153.690002,123.250000
94.000000,73.839996,153.690002,123.250000
144.154999,63.375000,153.690002,123.250000
144.154999,63.375000,153.690002,123.250000
144.154999,63.375000,153.690002,123.250000
144.154999,63.375000,153.690002,123.250000
144.154999,63.375000,153.690002,123.250000
144.154999,63.375000,153.690002,123.250000
144.154999,63.375000,153.690002,123.250000
144.154999,63.375000,153.690002,123.250000
122.154999,113.375000,153.690002,123.250000
168.154999,68.375000,153.690002,123.250000
168.154999,68.375000,153.690002,123.250000
168.154999,68.375000,153.690002,123.250000
168.154999,68.375000,153.690002,123.250000
168.154999,68.375000,153.690002,123.250000
218.154999,43.375000,153.690002,123.250000
218.154999,43.375000,153.690002,123.250000
218.154999,43.375000,153.690002,123.250000
271.154999,33.375000,153.690002,123.250000
271.154999,33.375000,153.690002,123.250000
193.154999,38.375000,153.690002,123.250000
239.154999,18.375000,153.690002,123.250000
239.154999,18.375000,153.690002,123.250000
239.154999,18.375000,153.690002,123.250000
239.154999,18.375000,153.690002,123.250000
148.154999,3.375000,153.690002,123.250000
148.154999,3.375000,153.690002,123.250000
148.154999,3.375000,153.690002,123.250000
148.154999,3.375000,153.690002,123.250000
2
0
0
0
0
1
170.360001,129.070007,93.999985,91.519989
137.000000,122.240005,93.999985,91.519989
137.000000,122.240005,93.999985,91.519989
137.000000,122.240005,93.999985,91.519989
137.000000,122.240005,93.999985,91.519989
205.000000,109.240005,93.999985,91.519989
205.000000,109.240005,93.999985,91.519989
205.000000,109.240005,93.999985,91.519989
146.000000,143.240005,93.999985,91.519989
153.000000,176.240005,93.999985,91.519989
153.000000,176.240005,93.999985,91.519989
153.000000,176.240005,93.999985,91.519989
153.000000,176.240005,93.999985,91.519989
153.000000,176.240005,93.999985,91.519989
153.000000,176.240005,93.999985,91.519989
2
0
0
0
0
1
264.250000,201.850006,105.890015,98.070007
310.054993,222.964996,105.890015,98.070007
281.054993,173.964996,105.890015,98.070007
281.054993,173.964996,105.890015,98.070007
263.054993,145.964996,105.890015,98.070007
299.054993,186.964996,105.890015,98.070007
299.054993,186.964996,105.890015,98.070007
311.054993,158.964996,105.890015,98.070007
311.054993,158.964996,105.890015,98.070007
311.054993,158.964996,105.890015,98.070007
311.054993,158.964996,105.890015,98.070007
311.054993,158.964996,105.890015,98.070007
311.054993,158.964996,105.890015,98.070007
311.054993,158.964996,105.890015,98.070007
2
0
0
0
0
1
347.359985,4.490000,157.940002,143.699997
347.359985,4.490000,157.940002,143.699997
347.359985,4.490000,157.940002,143.699997
347.359985,4.490000,157.940002,143.699997
347.359985,4.490000,157.940002,143.699997
347.359985,4.490000,157.940002,143.699997
347.359985,4.490000,157.940002,143.699997
347.359985,4.490000,157.940002,143.699997
347.029999,4.150002,157.940002,143.699997
347.029999,4.150002,157.940002,143.699997
347.029999,4.150002,157.940002,143.699997
347.029999,4.150002,157.940002,143.699997
347.029999,4.150002,157.940002,143.699997
347.029999,4.150002,157.940002,143.699997
347.029999,4.150002,157.940002,143.699997
347.029999,4.150002,157.940002,143.699997
347.029999,4.150002,157.940002,143.699997
347.029999,4.150002,157.940002,143.699997
2
0
0
0
0
1
162.679993,47.439999,130.270020,117.630005
162.679993,47.439999,130.270020,117.630005
162.679993,47.439999,130.270020,117.630005
162.679993,47.439999,130.270020,117.630005
162.679993,47.439999,130.270020,117.630005
162.679993,47.439999,130.270020,117.630005
162.679993,47.439999,130.270020,117.630005
162.679993,47.439999,130.270020,117.630005
162.679993,47.439999,130.270020,117.630005
162.679993,47.439999,130.270020,117.630005
162.679993,47.439999,130.270020,117.630005
162.679993,47.439999,130.270020,117.630005
162.679993,47.439999,130.270020,117.630005
162.679993,47.439999,130.270020,117.630005
162.679993,47.439999,130.270020,117.630005
162.679993,47.439999,130.270020,117.630005
162.679993,47.439999,130.270020,117.630005
162.679993,47.439999,130.270020,117.630005
162.679993,47.439999,130.270020,117.630005
162.679993,47.439999,130.270020,117.630005
162.679993,47.439999,130.270020,117.630005
162.679993,47.439999,130.270020,117.630005
162.679993,47.439999,130.270020,117.630005
162.679993,47.439999,130.270020,117.630005
162.679993,47.439999,130.270020,117.630005
162.679993,47.439999,130.270020,117.630005
162.679993,47.439999,130.270020,117.630005
162.679993,47.439999,130.270020,117.630005
162.679993,47.439999,130.270020,117.630005
162.679993,47.439999,130.270020,117.630005
162.679993,47.439999,130.270020,117.630005
162.679993,47.439999,130.270020,117.630005
233.864990,81.184998,130.270020,117.630005
195.864990,39.184998,130.270020,117.630005
195.864990,39.184998,130.270020,117.630005
239.864990,102.184998,130.270020,117.630005
201.864990,45.184998,130.270020,117.630005
201.864990,45.184998,130.270020,117.630005
201.864990,45.184998,130.270020,117.630005
201.864990,45.184998,130.270020,117.630005
201.864990,45.184998,130.270020,117.630005
201.864990,45.184998,130.270020,117.630005
201.864990,45.184998,130.270020,117.630005
2
0
0
0
0
1
215.309998,184.300003,64.619995,56.800003
215.309998,184.300003,64.619995,56.800003
215.309998,184.300003,64.619995,56.800003
215.309998,184.300003,64.619995,56.800003
215.309998,184.300003,64.619995,56.800003
215.309998,184.300003,64.619995,56.800003
