1
90.610001,75.620003,138.410004,132.950012
90.610001,75.620003,138.410004,132.950012
90.610001,75.620003,138.410004,132.950012
90.610001,75.620003,138.410004,132.950012
90.610001,75.620003,138.410004,132.950012
90.610001,75.620003,138.410004,132.950012
90.610001,75.620003,138.410004,132.950012
90.610001,75.620003,138.410004,132.950012
90.610001,75.620003,138.410004,132.950012
90.610001,75.620003,138.410004,132.950012
90.610001,75.620003,138.410004,132.950012
90.610001,75.620003,138.410004,132.950012
90.610001,75.620003,138.410004,132.950012
90.610001,75.620003,138.410004,132.950012
90.610001,75.620003,138.410004,132.950012
153.794998,79.524994,138.410004,132.950012
153.794998,79.524994,138.410004,132.950012
153.794998,79.524994,138.410004,132.950012
153.794998,79.524994,138.410004,132.950012
153.794998,79.524994,138.410004,132.950012
153.794998,79.524994,138.410004,132.950012
153.794998,79.524994,138.410004,132.950012
153.794998,79.524994,138.410004,132.950012
153.794998,79.524994,138.410004,132.950012
153.794998,79.524994,138.410004,132.950012
153.794998,79.524994,138.410004,132.950012
153.794998,79.524994,138.410004,132.950012
153.794998,79.524994,138.410004,132.950012
153.794998,79.524994,138.410004,132.950012
153.794998,79.524994,138.410004,132.950012
153.794998,79.524994,138.410004,132.950012
153.794998,79.524994,138.410004,132.950012
153.794998,79.524994,138.410004,132.950012
153.794998,79.524994,138.410004,132.950012
153.794998,79.524994,138.410004,132.950012
153.794998,79.524994,138.410004,132.950012
153.794998,79.524994,138.410004,132.950012
153.794998,79.524994,138.410004,132.950012
153.794998,79.524994,138.410004,132.950012
153.794998,79.524994,138.410004,132.950012
153.794998,79.524994,138.410004,132.950012
153.794998,79.524994,138.410004,132.950012
153.794998,79.524994,138.410004,132.950012
153.794998,79.524994,138.410004,132.950012
153.794998,79.524994,138.410004,132.950012
153.794998,79.524994,138.410004,132.950012
153.794998,79.524994,138.410004,132.950012
153.794998,79.524994,138.410004,132.950012
153.794998,79.524994,138.410004,132.950012
153.794998,79.524994,138.410004,132.950012
153.794998,79.524994,138.410004,132.950012
153.794998,79.524994,138.410004,132.950012
153.794998,79.524994,138.410004,132.950012
2
0
0
0
0
1
245.190002,232.860001,73.149994,76.759995
245.190002,232.860001,73.149994,76.759995
245.190002,232.860001,73.149994,76.759995
245.190002,232.860001,73.149994,76.759995
292.424988,246.619995,73.149994,76.759995
292.424988,246.619995,73.149994,76.759995
313.424988,223.619995,73.149994,76.759995
313.424988,223.619995,73.149994,76.759995
294.424988,200.619995,73.149994,76.759995
317.424988,166.619995,73.149994,76.759995
317.424988,166.619995,73.149994,76.759995
317.424988,166.619995,73.149994,76.759995
311.424988,139.619995,73.149994,76.759995
311.424988,139.619995,73.149994,76.759995
311.424988,139.619995,73.149994,76.759995
311.424988,139.619995,73.149994,76.759995
311.424988,139.619995,73.149994,76.759995
311.424988,139.619995,73.149994,76.759995
2
0
0
0
0
1
339.269989,0.000000,153.460022,152.209991
339.269989,0.000000,153.460022,152.209991
339.269989,0.000000,153.460022,152.209991
339.269989,0.000000,153.460022,152.209991
286.269989,39.895004,153.460022,152.209991
286.269989,39.895004,153.460022,152.209991
286.269989,39.895004,153.460022,152.209991
286.269989,39.895004,153.460022,152.209991
286.269989,39.895004,153.460022,152.209991
286.269989,39.895004,153.460022,152.209991
286.269989,39.895004,153.460022,152.209991
286.269989,39.895004,153.460022,152.209991
286.269989,39.895004,153.460022,152.209991
286.269989,39.895004,153.460022,152.209991
286.269989,39.895004,153.460022,152.209991
286.269989,39.895004,153.460022,152.209991
286.269989,39.895004,153.460022,152.209991
286.269989,39.895004,153.460022,152.209991
286.269989,39.895004,153.460022,152.209991
286.269989,39.895004,153.460022,152.209991
286.269989,39.895004,153.460022,152.209991
286.269989,39.895004,153.460022,152.209991
286.269989,39.895004,153.460022,152.209991
286.269989,39.895004,153.460022,152.209991
286.269989,39.895004,153.460022,152.209991
286.269989,39.895004,153.460022,152.209991
286.269989,39.895004,153.460022,152.209991
2
0
0
0
0
1
71.919998,42.220001,161.850006,167.330002
71.919998,42.220001,161.850006,167.330002
71.919998,42.220001,161.850006,167.330002
71.919998,42.220001,161.850006,167.330002
49.000000,0.000000,161.000000,166.000000
49.000000,0.000000,161.000000,166.000000
49.000000,0.000000,161.000000,166.000000
49.000000,0.000000,161.000000,166.000000
49.000000,0.000000,161.000000,166.000000
49.000000,0.000000,161.000000,166.000000
49.000000,0.000000,161.000000,166.000000
49.000000,0.000000,161.000000,166.000000
49.000000,0.000000,161.000000,166.000000
49.000000,0.000000,161.000000,166.000000
49.000000,0.000000,161.000000,166.000000
49.000000,0.000000,161.000000,166.000000
49.000000,0.000000,160.000000,166.000000
49.000000,0.000000,160.000000,166.000000
49.000000,0.000000,160.000000,166.000000
49.000000,0.000000,160.000000,166.000000
49.000000,0.000000,160.000000,166.000000
49.000000,0.000000,160.000000,166.000000
49.000000,0.000000,160.000000,166.000000
49.000000,0.000000,160.000000,166.000000
49.000000,0.000000,160.000000,166.000000
49.000000,0.000000,160.000000,166.000000
49.000000,0.000000,160.000000,166.000000
49.000000,0.000000,160.000000,166.000000
2
0
0
0
0
1
207.869995,147.960007,81.190002,77.129990
171.404999,168.434998,81.190002,77.129990
171.404999,168.434998,81.190002,77.129990
171.404999,168.434998,81.190002,77.129990
171.404999,168.434998,81.190002,77.129990
202.404999,147.434998,81.190002,77.129990
166.404999,183.434998,81.190002,77.129990
166.404999,183.434998,81.190002,77.129990
166.404999,183.434998,81.190002,77.129990
166.404999,183.434998,81.190002,77.129990
166.404999,183.434998,81.190002,77.129990
166.404999,183.434998,81.190002,77.129990
166.404999,183.434998,81.190002,77.129990
