1
81.419998,70.099998,153.750000,146.739990
81.419998,70.099998,153.750000,146.739990
81.419998,70.099998,153.750000,146.739990
81.419998,70.099998,153.750000,146.739990
81.419998,70.099998,153.750000,146.739990
81.419998,70.099998,153.750000,146.739990
81.419998,70.099998,153.750000,146.739990
81.419998,70.099998,153.750000,146.739990
81.419998,70.099998,153.750000,146.739990
81.419998,70.099998,153.750000,146.739990
81.419998,70.099998,153.750000,146.739990
81.419998,70.099998,153.750000,146.739990
81.419998,70.099998,153.750000,146.739990
142.125000,74.630005,153.750000,146.739990
142.125000,74.630005,153.750000,146.739990
142.125000,74.630005,153.750000,146.739990
142.125000,74.630005,153.750000,146.739990
142.125000,74.630005,153.750000,146.739990
142.125000,74.630005,153.750000,146.739990
142.125000,74.630005,153.750000,146.739990
142.125000,74.630005,153.750000,146.739990
142.125000,74.630005,153.750000,146.739990
142.125000,74.630005,153.750000,146.739990
142.125000,74.630005,153.750000,146.739990
142.125000,74.630005,153.750000,146.739990
142.125000,74.630005,153.750000,146.739990
142.125000,74.630005,153.750000,146.739990
142.125000,74.630005,153.750000,146.739990
142.125000,74.630005,153.750000,146.739990
142.125000,74.630005,153.750000,146.739990
142.125000,74.630005,153.750000,146.739990
142.125000,41.630005,153.750000,146.739990
142.125000,41.630005,153.750000,146.739990
147.125000,11.630005,153.750000,146.739990
147.125000,11.630005,153.750000,146.739990
147.125000,11.630005,153.750000,146.739990
147.125000,11.630005,153.750000,146.739990
147.125000,11.630005,153.750000,146.739990
147.125000,11.630005,153.750000,146.739990
147.125000,11.630005,153.750000,146.739990
147.125000,11.630005,153.750000,146.739990
147.125000,11.630005,153.750000,146.739990
147.125000,11.630005,153.750000,146.739990
147.125000,11.630005,153.750000,146.739990
147.125000,11.630005,153.750000,146.739990
147.125000,11.630005,153.750000,146.739990
147.125000,11.630005,153.750000,146.739990
147.125000,11.630005,153.750000,146.739990
2
0
0
0
0
1
217.630005,214.380005,64.829987,67.250000
217.630005,214.380005,64.829987,67.250000
217.630005,214.380005,64.829987,67.250000
243.585007,247.375000,64.829987,67.250000
243.585007,247.375000,64.829987,67.250000
243.585007,247.375000,64.829987,67.250000
243.585007,247.375000,64.829987,67.250000
266.584991,241.375000,64.829987,67.250000
278.584991,222.375000,64.829987,67.250000
300.584991,253.375000,64.829987,67.250000
282.584991,219.375000,64.829987,67.250000
282.584991,219.375000,64.829987,67.250000
331.584991,221.375000,64.829987,67.250000
308.584991,187.375000,64.829987,67.250000
325.584991,168.375000,64.829987,67.250000
325.584991,168.375000,64.829987,67.250000
334.584991,150.375000,64.829987,67.250000
334.584991,150.375000,64.829987,67.250000
338.584991,132.375000,64.829987,67.250000
338.584991,132.375000,64.829987,67.250000
338.584991,132.375000,64.829987,67.250000
338.584991,132.375000,64.829987,67.250000
338.584991,132.375000,64.829987,67.250000
338.584991,132.375000,64.829987,67.250000
338.584991,132.375000,64.829987,67.250000
2
0
0
0
0
1
354.140015,4.570000,143.819977,134.199997
354.140015,4.570000,143.819977,134.199997
354.140015,4.570000,143.819977,134.199997
354.140015,4.570000,143.819977,134.199997
354.140015,4.570000,143.819977,134.199997
354.140015,4.570000,143.819977,134.199997
354.140015,4.570000,143.819977,134.199997
354.140015,4.570000,143.819977,134.199997
354.140015,4.570000,143.819977,134.199997
354.140015,4.570000,143.819977,134.199997
354.140015,4.570000,143.819977,134.199997
354.140015,4.570000,143.819977,134.199997
354.140015,4.570000,143.819977,134.199997
354.140015,4.570000,143.819977,134.199997
354.140015,4.570000,143.819977,134.199997
354.140015,4.570000,143.819977,134.199997
2
0
0
0
0
1
166.500000,46.130001,125.089996,106.159988
166.500000,46.130001,125.089996,106.159988
125.455002,46.920006,125.089996,106.159988
87.455002,29.920006,125.089996,106.159988
87.455002,29.920006,125.089996,106.159988
87.455002,29.920006,125.089996,106.159988
87.455002,29.920006,125.089996,106.159988
87.455002,29.920006,125.089996,106.159988
87.455002,29.920006,125.089996,106.159988
87.455002,29.920006,125.089996,106.159988
87.455002,29.920006,125.089996,106.159988
87.455002,29.920006,125.089996,106.159988
87.455002,29.920006,125.089996,106.159988
87.455002,29.920006,125.089996,106.159988
2
0
0
0
0
1
64.129997,112.010002,124.480003,119.930000
64.129997,112.010002,124.480003,119.930000
79.760002,70.035004,124.480003,119.930000
79.760002,70.035004,124.480003,119.930000
79.760002,70.035004,124.480003,119.930000
108.760002,39.035000,124.480003,119.930000
108.760002,39.035000,124.480003,119.930000
108.760002,39.035000,124.480003,119.930000
108.760002,39.035000,124.480003,119.930000
108.760002,39.035000,124.480003,119.930000
108.760002,39.035000,124.480003,119.930000
108.760002,39.035000,124.480003,119.930000
108.760002,39.035000,124.480003,119.930000
108.760002,39.035000,124.480003,119.930000
108.760002,39.035000,124.480003,119.930000
108.760002,39.035000,124.480003,119.930000
108.760002,39.035000,124.480003,119.930000
108.760002,39.035000,124.480003,119.930000
2
0
0
0
0
1
207.869995,159.910004,66.809998,78.970001
207.869995,159.910004,66.809998,78.970001
207.869995,159.910004,66.809998,78.970001
207.869995,159.910004,66.809998,78.970001
207.869995,159.910004,66.809998,78.970001
207.869995,159.910004,66.809998,78.970001
207.869995,159.910004,66.809998,78.970001
207.869995,159.910004,66.809998,78.970001
207.869995,159.910004,66.809998,78.970001
207.869995,159.910004,66.809998,78.970001
207.869995,159.910004,66.809998,78.970001
207.869995,159.910004,66.809998,78.970001
