1
139.529999,58.570000,87.149994,90.000008
139.529999,58.570000,87.149994,90.000008
139.529999,58.570000,87.149994,90.000008
177.425003,52.999996,87.149994,90.000008
177.425003,52.999996,87.149994,90.000008
177.425003,52.999996,87.149994,90.000008
177.425003,52.999996,87.149994,90.000008
177.425003,52.999996,87.149994,90.000008
127.425003,77.999992,87.149994,90.000008
127.425003,77.999992,87.149994,90.000008
127.425003,77.999992,87.149994,90.000008
127.425003,77.999992,87.149994,90.000008
127.425003,77.999992,87.149994,90.000008
127.425003,77.999992,87.149994,90.000008
169.425003,57.999996,87.149994,90.000008
169.425003,57.999996,87.149994,90.000008
169.425003,57.999996,87.149994,90.000008
169.425003,57.999996,87.149994,90.000008
169.425003,57.999996,87.149994,90.000008
212.425003,45.999996,87.149994,90.000008
212.425003,45.999996,87.149994,90.000008
267.424988,63.999996,87.149994,90.000008
267.424988,63.999996,87.149994,90.000008
267.424988,63.999996,87.149994,90.000008
267.424988,63.999996,87.149994,90.000008
267.424988,63.999996,87.149994,90.000008
267.424988,63.999996,87.149994,90.000008
245.425003,100.999992,87.149994,90.000008
210.425003,94.999992,87.149994,90.000008
210.425003,94.999992,87.149994,90.000008
210.425003,94.999992,87.149994,90.000008
210.425003,94.999992,87.149994,90.000008
210.425003,94.999992,87.149994,90.000008
210.425003,94.999992,87.149994,90.000008
210.425003,94.999992,87.149994,90.000008
210.425003,94.999992,87.149994,90.000008
210.425003,94.999992,87.149994,90.000008
210.425003,94.999992,87.149994,90.000008
210.425003,94.999992,87.149994,90.000008
210.425003,94.999992,87.149994,90.000008
210.425003,94.999992,87.149994,90.000008
210.425003,94.999992,87.149994,90.000008
210.425003,94.999992,87.149994,90.000008
210.425003,94.999992,87.149994,90.000008
210.425003,94.999992,87.149994,90.000008
210.425003,94.999992,87.149994,90.000008
210.425003,94.999992,87.149994,90.000008
210.425003,94.999992,87.149994,90.000008
210.425003,94.999992,87.149994,90.000008
210.425003,94.999992,87.149994,90.000008
210.425003,94.999992,87.149994,90.000008
210.425003,94.999992,87.149994,90.000008
210.425003,94.999992,87.149994,90.000008
210.425003,94.999992,87.149994,90.000008
210.425003,94.999992,87.149994,90.000008
210.425003,94.999992,87.149994,90.000008
210.425003,94.999992,87.149994,90.000008
210.425003,94.999992,87.149994,90.000008
2
0
0
0
0
1
163.919998,135.990005,81.080002,84.679993
163.919998,135.990005,81.080002,84.679993
163.919998,135.990005,81.080002,84.679993
163.919998,135.990005,81.080002,84.679993
163.919998,135.990005,81.080002,84.679993
163.919998,135.990005,81.080002,84.679993
163.919998,135.990005,81.080002,84.679993
163.919998,135.990005,81.080002,84.679993
163.919998,135.990005,81.080002,84.679993
163.919998,135.990005,81.080002,84.679993
163.919998,135.990005,81.080002,84.679993
167.459991,188.660004,81.080002,84.679993
167.459991,188.660004,81.080002,84.679993
167.459991,188.660004,81.080002,84.679993
167.459991,188.660004,81.080002,84.679993
167.459991,188.660004,81.080002,84.679993
167.459991,188.660004,81.080002,84.679993
167.459991,188.660004,81.080002,84.679993
167.459991,188.660004,81.080002,84.679993
167.459991,188.660004,81.080002,84.679993
167.459991,188.660004,81.080002,84.679993
117.459999,203.660004,81.080002,84.679993
117.459999,203.660004,81.080002,84.679993
117.459999,203.660004,81.080002,84.679993
117.459999,203.660004,81.080002,84.679993
117.459999,203.660004,81.080002,84.679993
117.459999,203.660004,81.080002,84.679993
117.459999,203.660004,81.080002,84.679993
117.459999,203.660004,81.080002,84.679993
117.459999,203.660004,81.080002,84.679993
117.459999,203.660004,81.080002,84.679993
117.459999,203.660004,81.080002,84.679993
117.459999,203.660004,81.080002,84.679993
117.459999,203.660004,81.080002,84.679993
117.459999,203.660004,81.080002,84.679993
117.459999,203.660004,81.080002,84.679993
117.459999,203.660004,81.080002,84.679993
117.459999,203.660004,81.080002,84.679993
117.459999,203.660004,81.080002,84.679993
152.459991,168.660004,81.080002,84.679993
152.459991,168.660004,81.080002,84.679993
152.459991,168.660004,81.080002,84.679993
134.459991,199.660004,81.080002,84.679993
134.459991,199.660004,81.080002,84.679993
134.459991,199.660004,81.080002,84.679993
134.459991,199.660004,81.080002,84.679993
134.459991,199.660004,81.080002,84.679993
134.459991,199.660004,81.080002,84.679993
123.459999,176.660004,81.080002,84.679993
123.459999,176.660004,81.080002,84.679993
123.459999,176.660004,81.080002,84.679993
123.459999,176.660004,81.080002,84.679993
149.459991,139.660004,81.080002,84.679993
149.459991,139.660004,81.080002,84.679993
149.459991,139.660004,81.080002,84.679993
149.459991,139.660004,81.080002,84.679993
149.459991,139.660004,81.080002,84.679993
149.459991,139.660004,81.080002,84.679993
149.459991,139.660004,81.080002,84.679993
149.459991,139.660004,81.080002,84.679993
149.459991,139.660004,81.080002,84.679993
149.459991,139.660004,81.080002,84.679993
149.459991,139.660004,81.080002,84.679993
149.459991,139.660004,81.080002,84.679993
149.459991,139.660004,81.080002,84.679993
149.459991,139.660004,81.080002,84.679993
149.459991,139.660004,81.080002,84.679993
149.459991,139.660004,81.080002,84.679993
149.459991,139.660004,81.080002,84.679993
149.459991,139.660004,81.080002,84.679993
149.459991,139.660004,81.080002,84.679993
149.459991,139.660004,81.080002,84.679993
149.459991,139.660004,81.080002,84.679993
149.459991,139.660004,81.080002,84.679993
149.459991,139.660004,81.080002,84.679993
149.459991,139.660004,81.080002,84.679993
149.459991,139.660004,81.080002,84.679993
149.459991,139.660004,81.080002,84.679993
149.459991,139.660004,81.080002,84.679993
212.459991,118.660004,81.080002,84.679993
212.459991,118.660004,81.080002,84.679993
212.459991,118.660004,81.080002,84.679993
212.459991,118.660004,81.080002,84.679993
212.459991,118.660004,81.080002,84.679993
212.459991,118.660004,81.080002,84.679993
212.459991,118.660004,81.080002,84.679993
212.459991,118.660004,81.080002,84.679993
212.459991,118.660004,81.080002,84.679993
212.459991,118.660004,81.080002,84.679993
212.459991,118.660004,81.080002,84.679993
212.459991,118.660004,81.080002,84.679993
212.459991,118.660004,81.080002,84.679993
212.459991,118.660004,81.080002,84.679993
212.459991,118.660004,81.080002,84.679993
212.459991,118.660004,81.080002,84.679993
212.459991,118.660004,81.080002,84.679993
212.459991,118.660004,81.080002,84.679993
212.459991,118.660004,81.080002,84.679993
212.459991,118.660004,81.080002,84.679993
212.459991,118.660004,81.080002,84.679993
212.459991,118.660004,81.080002,84.679993
212.459991,118.660004,81.080002,84.679993
212.459991,118.660004,81.080002,84.679993
212.459991,118.660004,81.080002,84.679993
212.459991,118.660004,81.080002,84.679993
212.459991,118.660004,81.080002,84.679993
212.459991,118.660004,81.080002,84.679993
212.459991,118.660004,81.080002,84.679993
212.459991,118.660004,81.080002,84.679993
212.459991,118.660004,81.080002,84.679993
212.459991,118.660004,81.080002,84.679993
212.459991,118.660004,81.080002,84.679993
212.459991,118.660004,81.080002,84.679993
212.459991,118.660004,81.080002,84.679993
212.459991,118.660004,81.080002,84.679993
212.459991,118.660004,81.080002,84.679993
212.459991,118.660004,81.080002,84.679993
212.459991,118.660004,81.080002,84.679993
212.459991,118.660004,81.080002,84.679993
212.459991,118.660004,81.080002,84.679993
212.459991,118.660004,81.080002,84.679993
212.459991,118.660004,81.080002,84.679993
212.459991,118.660004,81.080002,84.679993
212.459991,118.660004,81.080002,84.679993
212.459991,118.660004,81.080002,84.679993
212.459991,118.660004,81.080002,84.679993
212.459991,118.660004,81.080002,84.679993
212.459991,118.660004,81.080002,84.679993
212.459991,118.660004,81.080002,84.679993
212.459991,118.660004,81.080002,84.679993
212.459991,118.660004,81.080002,84.679993
212.459991,118.660004,81.080002,84.679993
212.459991,118.660004,81.080002,84.679993
212.459991,118.660004,81.080002,84.679993
212.459991,118.660004,81.080002,84.679993
212.459991,118.660004,81.080002,84.679993
