1
139.529999,58.570000,87.149994,90.000008
139.529999,58.570000,87.149994,90.000008
139.529999,58.570000,87.149994,90.000008
177.425003,52.999996,87.149994,90.000008
177.425003,52.999996,87.149994,90.000008
177.425003,52.999996,87.149994,90.000008
177.425003,52.999996,87.149994,90.000008
177.425003,52.999996,87.149994,90.000008
131.425003,66.999992,87.149994,90.000008
131.425003,66.999992,87.149994,90.000008
131.425003,66.999992,87.149994,90.000008
131.425003,66.999992,87.149994,90.000008
131.425003,66.999992,87.149994,90.000008
131.425003,66.999992,87.149994,90.000008
166.425003,59.999996,87.149994,90.000008
166.425003,59.999996,87.149994,90.000008
166.425003,59.999996,87.149994,90.000008
166.425003,59.999996,87.149994,90.000008
199.425003,42.999996,87.149994,90.000008
199.425003,42.999996,87.149994,90.000008
199.425003,42.999996,87.149994,90.000008
199.425003,42.999996,87.149994,90.000008
199.425003,42.999996,87.149994,90.000008
199.425003,42.999996,87.149994,90.000008
199.425003,42.999996,87.149994,90.000008
199.425003,42.999996,87.149994,90.000008
199.425003,42.999996,87.149994,90.000008
199.425003,42.999996,87.149994,90.000008
199.425003,42.999996,87.149994,90.000008
199.425003,42.999996,87.149994,90.000008
199.425003,42.999996,87.149994,90.000008
199.425003,42.999996,87.149994,90.000008
199.425003,42.999996,87.149994,90.000008
199.425003,42.999996,87.149994,90.000008
199.425003,42.999996,87.149994,90.000008
199.425003,42.999996,87.149994,90.000008
199.425003,42.999996,87.149994,90.000008
199.425003,42.999996,87.149994,90.000008
2
0
0
0
0
1
264.320007,132.229996,76.619995,80.710007
264.320007,132.229996,76.619995,80.710007
264.320007,132.229996,76.619995,80.710007
264.320007,132.229996,76.619995,80.710007
233.690002,123.644997,76.619995,80.710007
233.690002,123.644997,76.619995,80.710007
233.690002,123.644997,76.619995,80.710007
233.690002,123.644997,76.619995,80.710007
233.690002,123.644997,76.619995,80.710007
168.690002,118.644997,76.619995,80.710007
168.690002,118.644997,76.619995,80.710007
168.690002,118.644997,76.619995,80.710007
168.690002,118.644997,76.619995,80.710007
168.690002,118.644997,76.619995,80.710007
168.690002,118.644997,76.619995,80.710007
168.690002,118.644997,76.619995,80.710007
168.690002,118.644997,76.619995,80.710007
168.690002,118.644997,76.619995,80.710007
168.690002,118.644997,76.619995,80.710007
168.690002,118.644997,76.619995,80.710007
168.690002,118.644997,76.619995,80.710007
168.690002,118.644997,76.619995,80.710007
168.690002,118.644997,76.619995,80.710007
168.690002,118.644997,76.619995,80.710007
168.690002,118.644997,76.619995,80.710007
168.690002,118.644997,76.619995,80.710007
168.690002,118.644997,76.619995,80.710007
181.690002,180.644989,76.619995,80.710007
181.690002,180.644989,76.619995,80.710007
181.690002,180.644989,76.619995,80.710007
181.690002,180.644989,76.619995,80.710007
181.690002,180.644989,76.619995,80.710007
181.690002,180.644989,76.619995,80.710007
181.690002,180.644989,76.619995,80.710007
181.690002,180.644989,76.619995,80.710007
181.690002,180.644989,76.619995,80.710007
181.690002,180.644989,76.619995,80.710007
181.690002,180.644989,76.619995,80.710007
177.690002,204.644989,76.619995,80.710007
177.690002,204.644989,76.619995,80.710007
177.690002,204.644989,76.619995,80.710007
177.690002,204.644989,76.619995,80.710007
177.690002,204.644989,76.619995,80.710007
157.690002,229.644989,76.619995,80.710007
157.690002,229.644989,76.619995,80.710007
157.690002,229.644989,76.619995,80.710007
140.690002,256.644989,76.619995,80.710007
140.690002,256.644989,76.619995,80.710007
140.690002,256.644989,76.619995,80.710007
140.690002,256.644989,76.619995,80.710007
140.690002,256.644989,76.619995,80.710007
140.690002,256.644989,76.619995,80.710007
140.690002,256.644989,76.619995,80.710007
140.690002,256.644989,76.619995,80.710007
163.690002,233.644989,76.619995,80.710007
163.690002,233.644989,76.619995,80.710007
163.690002,233.644989,76.619995,80.710007
163.690002,233.644989,76.619995,80.710007
162.690002,204.644989,76.619995,80.710007
162.690002,204.644989,76.619995,80.710007
162.690002,204.644989,76.619995,80.710007
162.690002,204.644989,76.619995,80.710007
162.690002,204.644989,76.619995,80.710007
162.690002,204.644989,76.619995,80.710007
128.690002,218.644989,76.619995,80.710007
128.690002,218.644989,76.619995,80.710007
128.690002,218.644989,76.619995,80.710007
128.690002,218.644989,76.619995,80.710007
128.690002,218.644989,76.619995,80.710007
128.690002,218.644989,76.619995,80.710007
155.690002,180.644989,76.619995,80.710007
155.690002,180.644989,76.619995,80.710007
155.690002,180.644989,76.619995,80.710007
169.690002,155.644989,76.619995,80.710007
169.690002,155.644989,76.619995,80.710007
169.690002,155.644989,76.619995,80.710007
169.690002,155.644989,76.619995,80.710007
169.690002,155.644989,76.619995,80.710007
169.690002,155.644989,76.619995,80.710007
169.690002,155.644989,76.619995,80.710007
169.690002,155.644989,76.619995,80.710007
205.690002,139.644989,76.619995,80.710007
205.690002,139.644989,76.619995,80.710007
205.690002,139.644989,76.619995,80.710007
205.690002,139.644989,76.619995,80.710007
205.690002,139.644989,76.619995,80.710007
205.690002,139.644989,76.619995,80.710007
205.690002,139.644989,76.619995,80.710007
205.690002,139.644989,76.619995,80.710007
205.690002,139.644989,76.619995,80.710007
205.690002,139.644989,76.619995,80.710007
205.690002,139.644989,76.619995,80.710007
205.690002,139.644989,76.619995,80.710007
205.690002,139.644989,76.619995,80.710007
205.690002,139.644989,76.619995,80.710007
205.690002,139.644989,76.619995,80.710007
205.690002,139.644989,76.619995,80.710007
205.690002,139.644989,76.619995,80.710007
205.690002,139.644989,76.619995,80.710007
205.690002,139.644989,76.619995,80.710007
205.690002,139.644989,76.619995,80.710007
205.690002,139.644989,76.619995,80.710007
205.690002,139.644989,76.619995,80.710007
205.690002,139.644989,76.619995,80.710007
205.690002,139.644989,76.619995,80.710007
205.690002,139.644989,76.619995,80.710007
205.690002,139.644989,76.619995,80.710007
205.690002,139.644989,76.619995,80.710007
205.690002,139.644989,76.619995,80.710007
205.690002,139.644989,76.619995,80.710007
205.690002,139.644989,76.619995,80.710007
205.690002,139.644989,76.619995,80.710007
205.690002,139.644989,76.619995,80.710007
205.690002,139.644989,76.619995,80.710007
205.690002,139.644989,76.619995,80.710007
205.690002,139.644989,76.619995,80.710007
238.690002,171.644989,76.619995,80.710007
238.690002,171.644989,76.619995,80.710007
238.690002,171.644989,76.619995,80.710007
238.690002,171.644989,76.619995,80.710007
238.690002,171.644989,76.619995,80.710007
238.690002,171.644989,76.619995,80.710007
238.690002,171.644989,76.619995,80.710007
238.690002,171.644989,76.619995,80.710007
238.690002,171.644989,76.619995,80.710007
238.690002,171.644989,76.619995,80.710007
238.690002,171.644989,76.619995,80.710007
238.690002,171.644989,76.619995,80.710007
238.690002,171.644989,76.619995,80.710007
238.690002,171.644989,76.619995,80.710007
238.690002,171.644989,76.619995,80.710007
238.690002,171.644989,76.619995,80.710007
238.690002,171.644989,76.619995,80.710007
238.690002,171.644989,76.619995,80.710007
238.690002,171.644989,76.619995,80.710007
238.690002,171.644989,76.619995,80.710007
238.690002,171.644989,76.619995,80.710007
238.690002,171.644989,76.619995,80.710007
238.690002,171.644989,76.619995,80.710007
238.690002,171.644989,76.619995,80.710007
238.690002,171.644989,76.619995,80.710007
238.690002,171.644989,76.619995,80.710007
238.690002,171.644989,76.619995,80.710007
238.690002,171.644989,76.619995,80.710007
238.690002,171.644989,76.619995,80.710007
238.690002,171.644989,76.619995,80.710007
238.690002,171.644989,76.619995,80.710007
259.690002,150.644989,76.619995,80.710007
259.690002,150.644989,76.619995,80.710007
259.690002,150.644989,76.619995,80.710007
259.690002,150.644989,76.619995,80.710007
259.690002,150.644989,76.619995,80.710007
259.690002,150.644989,76.619995,80.710007
259.690002,150.644989,76.619995,80.710007
256.690002,183.644989,76.619995,80.710007
282.690002,162.644989,76.619995,80.710007
