1
139.529999,58.570000,87.149994,90.000008
139.529999,58.570000,87.149994,90.000008
139.529999,58.570000,87.149994,90.000008
177.425003,52.999996,87.149994,90.000008
177.425003,52.999996,87.149994,90.000008
177.425003,52.999996,87.149994,90.000008
177.425003,52.999996,87.149994,90.000008
149.425003,61.999996,87.149994,90.000008
149.425003,61.999996,87.149994,90.000008
118.425003,71.999992,87.149994,90.000008
118.425003,71.999992,87.149994,90.000008
118.425003,71.999992,87.149994,90.000008
118.425003,71.999992,87.149994,90.000008
148.425003,58.999996,87.149994,90.000008
148.425003,58.999996,87.149994,90.000008
184.425003,50.999996,87.149994,90.000008
184.425003,50.999996,87.149994,90.000008
184.425003,50.999996,87.149994,90.000008
184.425003,50.999996,87.149994,90.000008
184.425003,50.999996,87.149994,90.000008
218.425003,45.999996,87.149994,90.000008
249.425003,65.999992,87.149994,90.000008
249.425003,65.999992,87.149994,90.000008
249.425003,65.999992,87.149994,90.000008
249.425003,65.999992,87.149994,90.000008
249.425003,65.999992,87.149994,90.000008
249.425003,65.999992,87.149994,90.000008
249.425003,65.999992,87.149994,90.000008
196.425003,84.999992,87.149994,90.000008
196.425003,84.999992,87.149994,90.000008
196.425003,84.999992,87.149994,90.000008
196.425003,84.999992,87.149994,90.000008
196.425003,84.999992,87.149994,90.000008
196.425003,84.999992,87.149994,90.000008
196.425003,84.999992,87.149994,90.000008
196.425003,84.999992,87.149994,90.000008
196.425003,84.999992,87.149994,90.000008
196.425003,84.999992,87.149994,90.000008
196.425003,84.999992,87.149994,90.000008
196.425003,84.999992,87.149994,90.000008
196.425003,84.999992,87.149994,90.000008
196.425003,84.999992,87.149994,90.000008
196.425003,84.999992,87.149994,90.000008
196.425003,84.999992,87.149994,90.000008
196.425003,84.999992,87.149994,90.000008
196.425003,84.999992,87.149994,90.000008
196.425003,84.999992,87.149994,90.000008
196.425003,84.999992,87.149994,90.000008
196.425003,84.999992,87.149994,90.000008
196.425003,84.999992,87.149994,90.000008
196.425003,84.999992,87.149994,90.000008
196.425003,84.999992,87.149994,90.000008
196.425003,84.999992,87.149994,90.000008
196.425003,84.999992,87.149994,90.000008
196.425003,84.999992,87.149994,90.000008
196.425003,84.999992,87.149994,90.000008
196.425003,84.999992,87.149994,90.000008
196.425003,84.999992,87.149994,90.000008
196.425003,84.999992,87.149994,90.000008
196.425003,84.999992,87.149994,90.000008
196.425003,84.999992,87.149994,90.000008
196.425003,84.999992,87.149994,90.000008
196.425003,84.999992,87.149994,90.000008
196.425003,84.999992,87.149994,90.000008
196.425003,84.999992,87.149994,90.000008
196.425003,84.999992,87.149994,90.000008
196.425003,84.999992,87.149994,90.000008
196.425003,84.999992,87.149994,90.000008
196.425003,84.999992,87.149994,90.000008
196.425003,84.999992,87.149994,90.000008
196.425003,84.999992,87.149994,90.000008
196.425003,84.999992,87.149994,90.000008
196.425003,84.999992,87.149994,90.000008
196.425003,84.999992,87.149994,90.000008
196.425003,84.999992,87.149994,90.000008
196.425003,84.999992,87.149994,90.000008
196.425003,84.999992,87.149994,90.000008
196.425003,84.999992,87.149994,90.000008
196.425003,84.999992,87.149994,90.000008
196.425003,84.999992,87.149994,90.000008
196.425003,84.999992,87.149994,90.000008
196.425003,84.999992,87.149994,90.000008
196.425003,84.999992,87.149994,90.000008
2
0
0
0
0
1
112.269997,203.869995,105.110008,107.959991
112.269997,203.869995,105.110008,107.959991
112.269997,203.869995,105.110008,107.959991
112.269997,203.869995,105.110008,107.959991
112.269997,203.869995,105.110008,107.959991
112.269997,203.869995,105.110008,107.959991
112.269997,203.869995,105.110008,107.959991
112.269997,203.869995,105.110008,107.959991
112.269997,203.869995,105.110008,107.959991
112.269997,203.869995,105.110008,107.959991
112.269997,203.869995,105.110008,107.959991
112.269997,203.869995,105.110008,107.959991
112.269997,203.869995,105.110008,107.959991
113.445000,169.020004,105.110008,107.959991
113.445000,169.020004,105.110008,107.959991
113.445000,169.020004,105.110008,107.959991
113.445000,169.020004,105.110008,107.959991
113.445000,169.020004,105.110008,107.959991
113.445000,169.020004,105.110008,107.959991
113.445000,169.020004,105.110008,107.959991
72.445000,194.020004,105.110008,107.959991
72.445000,194.020004,105.110008,107.959991
72.445000,194.020004,105.110008,107.959991
72.445000,194.020004,105.110008,107.959991
72.445000,194.020004,105.110008,107.959991
87.445000,159.020004,105.110008,107.959991
87.445000,159.020004,105.110008,107.959991
87.445000,159.020004,105.110008,107.959991
87.445000,159.020004,105.110008,107.959991
87.445000,159.020004,105.110008,107.959991
127.445000,119.020004,105.110008,107.959991
127.445000,119.020004,105.110008,107.959991
127.445000,119.020004,105.110008,107.959991
127.445000,119.020004,105.110008,107.959991
127.445000,119.020004,105.110008,107.959991
127.445000,119.020004,105.110008,107.959991
175.444992,104.020004,105.110008,107.959991
175.444992,104.020004,105.110008,107.959991
175.444992,104.020004,105.110008,107.959991
175.444992,104.020004,105.110008,107.959991
175.444992,104.020004,105.110008,107.959991
175.444992,104.020004,105.110008,107.959991
175.444992,104.020004,105.110008,107.959991
175.444992,104.020004,105.110008,107.959991
175.444992,104.020004,105.110008,107.959991
175.444992,104.020004,105.110008,107.959991
175.444992,104.020004,105.110008,107.959991
175.444992,104.020004,105.110008,107.959991
175.444992,104.020004,105.110008,107.959991
175.444992,104.020004,105.110008,107.959991
175.444992,104.020004,105.110008,107.959991
175.444992,104.020004,105.110008,107.959991
175.444992,104.020004,105.110008,107.959991
175.444992,104.020004,105.110008,107.959991
175.444992,104.020004,105.110008,107.959991
175.444992,104.020004,105.110008,107.959991
175.444992,104.020004,105.110008,107.959991
175.444992,104.020004,105.110008,107.959991
175.444992,104.020004,105.110008,107.959991
175.444992,104.020004,105.110008,107.959991
175.444992,104.020004,105.110008,107.959991
175.444992,104.020004,105.110008,107.959991
175.444992,104.020004,105.110008,107.959991
175.444992,104.020004,105.110008,107.959991
175.444992,104.020004,105.110008,107.959991
175.444992,104.020004,105.110008,107.959991
175.444992,104.020004,105.110008,107.959991
175.444992,104.020004,105.110008,107.959991
175.444992,104.020004,105.110008,107.959991
175.444992,104.020004,105.110008,107.959991
175.444992,104.020004,105.110008,107.959991
225.444992,114.020004,105.110008,107.959991
225.444992,114.020004,105.110008,107.959991
225.444992,114.020004,105.110008,107.959991
225.444992,114.020004,105.110008,107.959991
225.444992,114.020004,105.110008,107.959991
225.444992,114.020004,105.110008,107.959991
225.444992,114.020004,105.110008,107.959991
225.444992,114.020004,105.110008,107.959991
225.444992,114.020004,105.110008,107.959991
225.444992,114.020004,105.110008,107.959991
225.444992,114.020004,105.110008,107.959991
225.444992,114.020004,105.110008,107.959991
225.444992,114.020004,105.110008,107.959991
225.444992,114.020004,105.110008,107.959991
225.444992,114.020004,105.110008,107.959991
225.444992,114.020004,105.110008,107.959991
225.444992,114.020004,105.110008,107.959991
225.444992,114.020004,105.110008,107.959991
225.444992,114.020004,105.110008,107.959991
225.444992,114.020004,105.110008,107.959991
225.444992,114.020004,105.110008,107.959991
225.444992,114.020004,105.110008,107.959991
225.444992,114.020004,105.110008,107.959991
225.444992,114.020004,105.110008,107.959991
225.444992,114.020004,105.110008,107.959991
225.444992,114.020004,105.110008,107.959991
225.444992,114.020004,105.110008,107.959991
225.444992,114.020004,105.110008,107.959991
225.444992,114.020004,105.110008,107.959991
225.444992,114.020004,105.110008,107.959991
225.444992,114.020004,105.110008,107.959991
225.444992,114.020004,105.110008,107.959991
225.444992,114.020004,105.110008,107.959991
225.444992,114.020004,105.110008,107.959991
225.444992,114.020004,105.110008,107.959991
225.444992,114.020004,105.110008,107.959991
225.444992,114.020004,105.110008,107.959991
225.444992,114.020004,105.110008,107.959991
225.444992,114.020004,105.110008,107.959991
225.444992,114.020004,105.110008,107.959991
