1
139.529999,58.570000,87.149994,90.000008
139.529999,58.570000,87.149994,90.000008
139.529999,58.570000,87.149994,90.000008
177.425003,52.999996,87.149994,90.000008
177.425003,52.999996,87.149994,90.000008
177.425003,52.999996,87.149994,90.000008
177.425003,52.999996,87.149994,90.000008
177.425003,52.999996,87.149994,90.000008
136.425003,66.999992,87.149994,90.000008
136.425003,66.999992,87.149994,90.000008
136.425003,66.999992,87.149994,90.000008
136.425003,66.999992,87.149994,90.000008
136.425003,66.999992,87.149994,90.000008
136.425003,66.999992,87.149994,90.000008
173.425003,51.999996,87.149994,90.000008
173.425003,51.999996,87.149994,90.000008
173.425003,51.999996,87.149994,90.000008
173.425003,51.999996,87.149994,90.000008
173.425003,51.999996,87.149994,90.000008
223.425003,51.999996,87.149994,90.000008
223.425003,51.999996,87.149994,90.000008
270.424988,64.999992,87.149994,90.000008
270.424988,64.999992,87.149994,90.000008
270.424988,64.999992,87.149994,90.000008
270.424988,64.999992,87.149994,90.000008
270.424988,64.999992,87.149994,90.000008
270.424988,64.999992,87.149994,90.000008
244.425003,97.999992,87.149994,90.000008
210.425003,87.999992,87.149994,90.000008
210.425003,87.999992,87.149994,90.000008
210.425003,87.999992,87.149994,90.000008
210.425003,87.999992,87.149994,90.000008
210.425003,87.999992,87.149994,90.000008
210.425003,87.999992,87.149994,90.000008
210.425003,87.999992,87.149994,90.000008
210.425003,87.999992,87.149994,90.000008
210.425003,87.999992,87.149994,90.000008
210.425003,87.999992,87.149994,90.000008
210.425003,87.999992,87.149994,90.000008
210.425003,87.999992,87.149994,90.000008
210.425003,87.999992,87.149994,90.000008
210.425003,87.999992,87.149994,90.000008
210.425003,87.999992,87.149994,90.000008
210.425003,87.999992,87.149994,90.000008
210.425003,87.999992,87.149994,90.000008
210.425003,87.999992,87.149994,90.000008
210.425003,87.999992,87.149994,90.000008
210.425003,87.999992,87.149994,90.000008
210.425003,87.999992,87.149994,90.000008
210.425003,87.999992,87.149994,90.000008
210.425003,87.999992,87.149994,90.000008
210.425003,87.999992,87.149994,90.000008
210.425003,87.999992,87.149994,90.000008
210.425003,87.999992,87.149994,90.000008
210.425003,87.999992,87.149994,90.000008
210.425003,87.999992,87.149994,90.000008
210.425003,87.999992,87.149994,90.000008
210.425003,87.999992,87.149994,90.000008
210.425003,87.999992,87.149994,90.000008
210.425003,87.999992,87.149994,90.000008
210.425003,87.999992,87.149994,90.000008
210.425003,87.999992,87.149994,90.000008
210.425003,87.999992,87.149994,90.000008
210.425003,87.999992,87.149994,90.000008
210.425003,87.999992,87.149994,90.000008
210.425003,87.999992,87.149994,90.000008
210.425003,87.999992,87.149994,90.000008
210.425003,87.999992,87.149994,90.000008
210.425003,87.999992,87.149994,90.000008
210.425003,87.999992,87.149994,90.000008
210.425003,87.999992,87.149994,90.000008
210.425003,87.999992,87.149994,90.000008
210.425003,87.999992,87.149994,90.000008
210.425003,87.999992,87.149994,90.000008
210.425003,87.999992,87.149994,90.000008
210.425003,87.999992,87.149994,90.000008
210.425003,87.999992,87.149994,90.000008
210.425003,87.999992,87.149994,90.000008
210.425003,87.999992,87.149994,90.000008
210.425003,87.999992,87.149994,90.000008
210.425003,87.999992,87.149994,90.000008
210.425003,87.999992,87.149994,90.000008
210.425003,87.999992,87.149994,90.000008
210.425003,87.999992,87.149994,90.000008
2
0
0
0
0
1
108.550003,210.309998,105.099991,107.959991
108.550003,210.309998,105.099991,107.959991
108.550003,210.309998,105.099991,107.959991
108.550003,210.309998,105.099991,107.959991
108.550003,210.309998,105.099991,107.959991
108.550003,210.309998,105.099991,107.959991
108.550003,210.309998,105.099991,107.959991
108.550003,210.309998,105.099991,107.959991
108.550003,210.309998,105.099991,107.959991
108.550003,210.309998,105.099991,107.959991
108.550003,210.309998,105.099991,107.959991
120.450005,180.020004,105.099991,107.959991
120.450005,180.020004,105.099991,107.959991
120.450005,180.020004,105.099991,107.959991
120.450005,180.020004,105.099991,107.959991
120.450005,180.020004,105.099991,107.959991
120.450005,180.020004,105.099991,107.959991
120.450005,180.020004,105.099991,107.959991
79.450005,190.020004,105.099991,107.959991
79.450005,190.020004,105.099991,107.959991
79.450005,190.020004,105.099991,107.959991
79.450005,190.020004,105.099991,107.959991
79.450005,190.020004,105.099991,107.959991
79.450005,190.020004,105.099991,107.959991
79.450005,190.020004,105.099991,107.959991
96.450005,150.020004,105.099991,107.959991
96.450005,150.020004,105.099991,107.959991
96.450005,150.020004,105.099991,107.959991
96.450005,150.020004,105.099991,107.959991
139.449997,115.020004,105.099991,107.959991
139.449997,115.020004,105.099991,107.959991
139.449997,115.020004,105.099991,107.959991
139.449997,115.020004,105.099991,107.959991
139.449997,115.020004,105.099991,107.959991
139.449997,115.020004,105.099991,107.959991
139.449997,115.020004,105.099991,107.959991
139.449997,115.020004,105.099991,107.959991
139.449997,115.020004,105.099991,107.959991
177.449997,100.020004,105.099991,107.959991
177.449997,100.020004,105.099991,107.959991
177.449997,100.020004,105.099991,107.959991
177.449997,100.020004,105.099991,107.959991
177.449997,100.020004,105.099991,107.959991
177.449997,100.020004,105.099991,107.959991
177.449997,100.020004,105.099991,107.959991
177.449997,100.020004,105.099991,107.959991
177.449997,100.020004,105.099991,107.959991
177.449997,100.020004,105.099991,107.959991
177.449997,100.020004,105.099991,107.959991
177.449997,100.020004,105.099991,107.959991
177.449997,100.020004,105.099991,107.959991
177.449997,100.020004,105.099991,107.959991
177.449997,100.020004,105.099991,107.959991
177.449997,100.020004,105.099991,107.959991
177.449997,100.020004,105.099991,107.959991
177.449997,100.020004,105.099991,107.959991
177.449997,100.020004,105.099991,107.959991
177.449997,100.020004,105.099991,107.959991
177.449997,100.020004,105.099991,107.959991
177.449997,100.020004,105.099991,107.959991
177.449997,100.020004,105.099991,107.959991
177.449997,100.020004,105.099991,107.959991
177.449997,100.020004,105.099991,107.959991
177.449997,100.020004,105.099991,107.959991
177.449997,100.020004,105.099991,107.959991
177.449997,100.020004,105.099991,107.959991
177.449997,100.020004,105.099991,107.959991
177.449997,100.020004,105.099991,107.959991
177.449997,100.020004,105.099991,107.959991
177.449997,100.020004,105.099991,107.959991
225.449997,115.020004,105.099991,107.959991
225.449997,115.020004,105.099991,107.959991
225.449997,115.020004,105.099991,107.959991
225.449997,115.020004,105.099991,107.959991
225.449997,115.020004,105.099991,107.959991
225.449997,115.020004,105.099991,107.959991
225.449997,115.020004,105.099991,107.959991
225.449997,115.020004,105.099991,107.959991
225.449997,115.020004,105.099991,107.959991
225.449997,115.020004,105.099991,107.959991
225.449997,115.020004,105.099991,107.959991
225.449997,115.020004,105.099991,107.959991
225.449997,115.020004,105.099991,107.959991
225.449997,115.020004,105.099991,107.959991
225.449997,115.020004,105.099991,107.959991
225.449997,115.020004,105.099991,107.959991
225.449997,115.020004,105.099991,107.959991
225.449997,115.020004,105.099991,107.959991
225.449997,115.020004,105.099991,107.959991
225.449997,115.020004,105.099991,107.959991
225.449997,115.020004,105.099991,107.959991
225.449997,115.020004,105.099991,107.959991
225.449997,115.020004,105.099991,107.959991
225.449997,115.020004,105.099991,107.959991
225.449997,115.020004,105.099991,107.959991
225.449997,115.020004,105.099991,107.959991
225.449997,115.020004,105.099991,107.959991
225.449997,115.020004,105.099991,107.959991
225.449997,115.020004,105.099991,107.959991
225.449997,115.020004,105.099991,107.959991
225.449997,115.020004,105.099991,107.959991
225.449997,115.020004,105.099991,107.959991
225.449997,115.020004,105.099991,107.959991
225.449997,115.020004,105.099991,107.959991
225.449997,115.020004,105.099991,107.959991
225.449997,115.020004,105.099991,107.959991
225.449997,115.020004,105.099991,107.959991
225.449997,115.020004,105.099991,107.959991
225.449997,115.020004,105.099991,107.959991
225.449997,115.020004,105.099991,107.959991
