1
139.529999,58.570000,87.149994,90.000008
139.529999,58.570000,87.149994,90.000008
139.529999,58.570000,87.149994,90.000008
182.425003,47.999996,87.149994,90.000008
182.425003,47.999996,87.149994,90.000008
182.425003,47.999996,87.149994,90.000008
182.425003,47.999996,87.149994,90.000008
150.425003,62.999996,87.149994,90.000008
150.425003,62.999996,87.149994,90.000008
116.425003,68.999992,87.149994,90.000008
116.425003,68.999992,87.149994,90.000008
116.425003,68.999992,87.149994,90.000008
116.425003,68.999992,87.149994,90.000008
152.425003,61.999996,87.149994,90.000008
152.425003,61.999996,87.149994,90.000008
185.425003,45.999996,87.149994,90.000008
185.425003,45.999996,87.149994,90.000008
185.425003,45.999996,87.149994,90.000008
185.425003,45.999996,87.149994,90.000008
185.425003,45.999996,87.149994,90.000008
219.425003,54.999996,87.149994,90.000008
250.425003,59.999996,87.149994,90.000008
250.425003,59.999996,87.149994,90.000008
250.425003,59.999996,87.149994,90.000008
250.425003,59.999996,87.149994,90.000008
250.425003,59.999996,87.149994,90.000008
250.425003,59.999996,87.149994,90.000008
250.425003,59.999996,87.149994,90.000008
197.425003,93.999992,87.149994,90.000008
197.425003,93.999992,87.149994,90.000008
197.425003,93.999992,87.149994,90.000008
197.425003,93.999992,87.149994,90.000008
197.425003,93.999992,87.149994,90.000008
197.425003,93.999992,87.149994,90.000008
197.425003,93.999992,87.149994,90.000008
197.425003,93.999992,87.149994,90.000008
197.425003,93.999992,87.149994,90.000008
197.425003,93.999992,87.149994,90.000008
197.425003,93.999992,87.149994,90.000008
197.425003,93.999992,87.149994,90.000008
197.425003,93.999992,87.149994,90.000008
197.425003,93.999992,87.149994,90.000008
197.425003,93.999992,87.149994,90.000008
197.425003,93.999992,87.149994,90.000008
197.425003,93.999992,87.149994,90.000008
197.425003,93.999992,87.149994,90.000008
197.425003,93.999992,87.149994,90.000008
197.425003,93.999992,87.149994,90.000008
197.425003,93.999992,87.149994,90.000008
197.425003,93.999992,87.149994,90.000008
197.425003,93.999992,87.149994,90.000008
197.425003,93.999992,87.149994,90.000008
197.425003,93.999992,87.149994,90.000008
197.425003,93.999992,87.149994,90.000008
197.425003,93.999992,87.149994,90.000008
197.425003,93.999992,87.149994,90.000008
197.425003,93.999992,87.149994,90.000008
197.425003,93.999992,87.149994,90.000008
197.425003,93.999992,87.149994,90.000008
197.425003,93.999992,87.149994,90.000008
197.425003,93.999992,87.149994,90.000008
197.425003,93.999992,87.149994,90.000008
197.425003,93.999992,87.149994,90.000008
197.425003,93.999992,87.149994,90.000008
197.425003,93.999992,87.149994,90.000008
197.425003,93.999992,87.149994,90.000008
197.425003,93.999992,87.149994,90.000008
197.425003,93.999992,87.149994,90.000008
197.425003,93.999992,87.149994,90.000008
197.425003,93.999992,87.149994,90.000008
197.425003,93.999992,87.149994,90.000008
197.425003,93.999992,87.149994,90.000008
197.425003,93.999992,87.149994,90.000008
197.425003,93.999992,87.149994,90.000008
197.425003,93.999992,87.149994,90.000008
197.425003,93.999992,87.149994,90.000008
197.425003,93.999992,87.149994,90.000008
197.425003,93.999992,87.149994,90.000008
197.425003,93.999992,87.149994,90.000008
197.425003,93.999992,87.149994,90.000008
197.425003,93.999992,87.149994,90.000008
197.425003,93.999992,87.149994,90.000008
197.425003,93.999992,87.149994,90.000008
197.425003,93.999992,87.149994,90.000008
197.425003,93.999992,87.149994,90.000008
2
0
0
0
0
1
108.669998,210.679993,105.100006,107.960022
108.669998,210.679993,105.100006,107.960022
108.669998,210.679993,105.100006,107.960022
108.669998,210.679993,105.100006,107.960022
108.669998,210.679993,105.100006,107.960022
108.669998,210.679993,105.100006,107.960022
108.669998,210.679993,105.100006,107.960022
108.669998,210.679993,105.100006,107.960022
108.449997,210.019989,105.100006,107.960022
130.449997,180.019989,105.100006,107.960022
130.449997,180.019989,105.100006,107.960022
130.449997,180.019989,105.100006,107.960022
130.449997,180.019989,105.100006,107.960022
130.449997,180.019989,105.100006,107.960022
95.449997,185.019989,105.100006,107.960022
95.449997,185.019989,105.100006,107.960022
95.449997,185.019989,105.100006,107.960022
95.449997,185.019989,105.100006,107.960022
95.449997,185.019989,105.100006,107.960022
95.449997,185.019989,105.100006,107.960022
95.449997,185.019989,105.100006,107.960022
95.449997,185.019989,105.100006,107.960022
95.449997,185.019989,105.100006,107.960022
95.449997,185.019989,105.100006,107.960022
115.449997,145.019989,105.100006,107.960022
115.449997,145.019989,105.100006,107.960022
115.449997,145.019989,105.100006,107.960022
115.449997,145.019989,105.100006,107.960022
115.449997,145.019989,105.100006,107.960022
115.449997,145.019989,105.100006,107.960022
157.449997,110.019989,105.100006,107.960022
157.449997,110.019989,105.100006,107.960022
157.449997,110.019989,105.100006,107.960022
157.449997,110.019989,105.100006,107.960022
157.449997,110.019989,105.100006,107.960022
157.449997,110.019989,105.100006,107.960022
157.449997,110.019989,105.100006,107.960022
157.449997,110.019989,105.100006,107.960022
157.449997,110.019989,105.100006,107.960022
157.449997,110.019989,105.100006,107.960022
157.449997,110.019989,105.100006,107.960022
157.449997,110.019989,105.100006,107.960022
157.449997,110.019989,105.100006,107.960022
157.449997,110.019989,105.100006,107.960022
157.449997,110.019989,105.100006,107.960022
157.449997,110.019989,105.100006,107.960022
157.449997,110.019989,105.100006,107.960022
157.449997,110.019989,105.100006,107.960022
157.449997,110.019989,105.100006,107.960022
157.449997,110.019989,105.100006,107.960022
157.449997,110.019989,105.100006,107.960022
157.449997,110.019989,105.100006,107.960022
157.449997,110.019989,105.100006,107.960022
157.449997,110.019989,105.100006,107.960022
157.449997,110.019989,105.100006,107.960022
157.449997,110.019989,105.100006,107.960022
157.449997,110.019989,105.100006,107.960022
157.449997,110.019989,105.100006,107.960022
157.449997,110.019989,105.100006,107.960022
157.449997,110.019989,105.100006,107.960022
157.449997,110.019989,105.100006,107.960022
157.449997,110.019989,105.100006,107.960022
157.449997,110.019989,105.100006,107.960022
157.449997,110.019989,105.100006,107.960022
157.449997,110.019989,105.100006,107.960022
157.449997,110.019989,105.100006,107.960022
157.449997,110.019989,105.100006,107.960022
157.449997,110.019989,105.100006,107.960022
157.449997,110.019989,105.100006,107.960022
228.449997,120.019989,105.100006,107.960022
228.449997,120.019989,105.100006,107.960022
228.449997,120.019989,105.100006,107.960022
228.449997,120.019989,105.100006,107.960022
228.449997,120.019989,105.100006,107.960022
228.449997,120.019989,105.100006,107.960022
228.449997,120.019989,105.100006,107.960022
228.449997,120.019989,105.100006,107.960022
228.449997,120.019989,105.100006,107.960022
228.449997,120.019989,105.100006,107.960022
228.449997,120.019989,105.100006,107.960022
228.449997,120.019989,105.100006,107.960022
228.449997,120.019989,105.100006,107.960022
228.449997,120.019989,105.100006,107.960022
228.449997,120.019989,105.100006,107.960022
228.449997,120.019989,105.100006,107.960022
228.449997,120.019989,105.100006,107.960022
228.449997,120.019989,105.100006,107.960022
228.449997,120.019989,105.100006,107.960022
228.449997,120.019989,105.100006,107.960022
228.449997,120.019989,105.100006,107.960022
228.449997,120.019989,105.100006,107.960022
228.449997,120.019989,105.100006,107.960022
228.449997,120.019989,105.100006,107.960022
228.449997,120.019989,105.100006,107.960022
228.449997,120.019989,105.100006,107.960022
228.449997,120.019989,105.100006,107.960022
228.449997,120.019989,105.100006,107.960022
228.449997,120.019989,105.100006,107.960022
228.449997,120.019989,105.100006,107.960022
228.449997,120.019989,105.100006,107.960022
228.449997,120.019989,105.100006,107.960022
228.449997,120.019989,105.100006,107.960022
228.449997,120.019989,105.100006,107.960022
228.449997,120.019989,105.100006,107.960022
228.449997,120.019989,105.100006,107.960022
228.449997,120.019989,105.100006,107.960022
228.449997,120.019989,105.100006,107.960022
228.449997,120.019989,105.100006,107.960022
228.449997,120.019989,105.100006,107.960022
