1
139.529999,58.570000,87.149994,90.000008
139.529999,58.570000,87.149994,90.000008
139.529999,58.570000,87.149994,90.000008
182.425003,58.999996,87.149994,90.000008
182.425003,58.999996,87.149994,90.000008
182.425003,58.999996,87.149994,90.000008
155.425003,59.999996,87.149994,90.000008
155.425003,59.999996,87.149994,90.000008
155.425003,59.999996,87.149994,90.000008
118.425003,67.999992,87.149994,90.000008
118.425003,67.999992,87.149994,90.000008
118.425003,67.999992,87.149994,90.000008
118.425003,67.999992,87.149994,90.000008
152.425003,68.999992,87.149994,90.000008
152.425003,68.999992,87.149994,90.000008
184.425003,51.999996,87.149994,90.000008
184.425003,51.999996,87.149994,90.000008
184.425003,51.999996,87.149994,90.000008
184.425003,51.999996,87.149994,90.000008
184.425003,51.999996,87.149994,90.000008
234.425003,53.999996,87.149994,90.000008
234.425003,53.999996,87.149994,90.000008
288.424988,58.999996,87.149994,90.000008
288.424988,58.999996,87.149994,90.000008
288.424988,58.999996,87.149994,90.000008
288.424988,58.999996,87.149994,90.000008
288.424988,58.999996,87.149994,90.000008
288.424988,58.999996,87.149994,90.000008
288.424988,58.999996,87.149994,90.000008
288.424988,58.999996,87.149994,90.000008
2
0
0
0
0
1
205.990005,105.790001,76.619980,80.709999
205.990005,105.790001,76.619980,80.709999
205.990005,105.790001,76.619980,80.709999
224.690002,147.645004,76.619980,80.709999
224.690002,147.645004,76.619980,80.709999
224.690002,147.645004,76.619980,80.709999
224.690002,147.645004,76.619980,80.709999
224.690002,147.645004,76.619980,80.709999
224.690002,147.645004,76.619980,80.709999
224.690002,147.645004,76.619980,80.709999
224.690002,147.645004,76.619980,80.709999
224.690002,147.645004,76.619980,80.709999
224.690002,147.645004,76.619980,80.709999
224.690002,147.645004,76.619980,80.709999
224.690002,147.645004,76.619980,80.709999
224.690002,147.645004,76.619980,80.709999
224.690002,147.645004,76.619980,80.709999
224.690002,147.645004,76.619980,80.709999
224.690002,147.645004,76.619980,80.709999
224.690002,147.645004,76.619980,80.709999
224.690002,147.645004,76.619980,80.709999
224.690002,147.645004,76.619980,80.709999
224.690002,147.645004,76.619980,80.709999
224.690002,147.645004,76.619980,80.709999
224.690002,147.645004,76.619980,80.709999
224.690002,147.645004,76.619980,80.709999
224.690002,147.645004,76.619980,80.709999
224.690002,147.645004,76.619980,80.709999
224.690002,147.645004,76.619980,80.709999
224.690002,147.645004,76.619980,80.709999
224.690002,147.645004,76.619980,80.709999
224.690002,147.645004,76.619980,80.709999
224.690002,147.645004,76.619980,80.709999
224.690002,147.645004,76.619980,80.709999
224.690002,147.645004,76.619980,80.709999
224.690002,147.645004,76.619980,80.709999
224.690002,147.645004,76.619980,80.709999
224.690002,147.645004,76.619980,80.709999
224.690002,147.645004,76.619980,80.709999
224.690002,147.645004,76.619980,80.709999
224.690002,147.645004,76.619980,80.709999
224.690002,147.645004,76.619980,80.709999
224.690002,147.645004,76.619980,80.709999
224.690002,147.645004,76.619980,80.709999
224.690002,147.645004,76.619980,80.709999
224.690002,147.645004,76.619980,80.709999
224.690002,147.645004,76.619980,80.709999
224.690002,147.645004,76.619980,80.709999
224.690002,147.645004,76.619980,80.709999
224.690002,147.645004,76.619980,80.709999
2
0
0
0
0
1
108.800003,211.050003,105.099991,107.960007
108.800003,211.050003,105.099991,107.960007
108.800003,211.050003,105.099991,107.960007
108.800003,211.050003,105.099991,107.960007
108.800003,211.050003,105.099991,107.960007
108.800003,211.050003,105.099991,107.960007
108.800003,211.050003,105.099991,107.960007
108.800003,211.050003,105.099991,107.960007
129.449997,181.019989,105.099991,107.960007
129.449997,181.019989,105.099991,107.960007
129.449997,181.019989,105.099991,107.960007
129.449997,181.019989,105.099991,107.960007
129.449997,181.019989,105.099991,107.960007
129.449997,181.019989,105.099991,107.960007
91.450005,191.019989,105.099991,107.960007
91.450005,191.019989,105.099991,107.960007
91.450005,191.019989,105.099991,107.960007
91.450005,191.019989,105.099991,107.960007
91.450005,191.019989,105.099991,107.960007
91.450005,191.019989,105.099991,107.960007
91.450005,191.019989,105.099991,107.960007
91.450005,191.019989,105.099991,107.960007
107.450005,156.019989,105.099991,107.960007
107.450005,156.019989,105.099991,107.960007
107.450005,156.019989,105.099991,107.960007
107.450005,156.019989,105.099991,107.960007
107.450005,156.019989,105.099991,107.960007
142.449997,121.019997,105.099991,107.960007
142.449997,121.019997,105.099991,107.960007
142.449997,121.019997,105.099991,107.960007
142.449997,121.019997,105.099991,107.960007
142.449997,121.019997,105.099991,107.960007
142.449997,121.019997,105.099991,107.960007
142.449997,121.019997,105.099991,107.960007
142.449997,121.019997,105.099991,107.960007
142.449997,121.019997,105.099991,107.960007
142.449997,121.019997,105.099991,107.960007
182.449997,96.019997,105.099991,107.960007
182.449997,96.019997,105.099991,107.960007
182.449997,96.019997,105.099991,107.960007
182.449997,96.019997,105.099991,107.960007
182.449997,96.019997,105.099991,107.960007
182.449997,96.019997,105.099991,107.960007
182.449997,96.019997,105.099991,107.960007
182.449997,96.019997,105.099991,107.960007
182.449997,96.019997,105.099991,107.960007
182.449997,96.019997,105.099991,107.960007
182.449997,96.019997,105.099991,107.960007
182.449997,96.019997,105.099991,107.960007
182.449997,96.019997,105.099991,107.960007
182.449997,96.019997,105.099991,107.960007
182.449997,96.019997,105.099991,107.960007
182.449997,96.019997,105.099991,107.960007
182.449997,96.019997,105.099991,107.960007
182.449997,96.019997,105.099991,107.960007
182.449997,96.019997,105.099991,107.960007
182.449997,96.019997,105.099991,107.960007
182.449997,96.019997,105.099991,107.960007
182.449997,96.019997,105.099991,107.960007
182.449997,96.019997,105.099991,107.960007
182.449997,96.019997,105.099991,107.960007
170.449997,146.019989,105.099991,107.960007
170.449997,146.019989,105.099991,107.960007
170.449997,146.019989,105.099991,107.960007
170.449997,146.019989,105.099991,107.960007
170.449997,146.019989,105.099991,107.960007
170.449997,146.019989,105.099991,107.960007
170.449997,146.019989,105.099991,107.960007
228.449997,116.019997,105.099991,107.960007
228.449997,116.019997,105.099991,107.960007
228.449997,116.019997,105.099991,107.960007
228.449997,116.019997,105.099991,107.960007
228.449997,116.019997,105.099991,107.960007
228.449997,116.019997,105.099991,107.960007
228.449997,116.019997,105.099991,107.960007
228.449997,116.019997,105.099991,107.960007
228.449997,116.019997,105.099991,107.960007
228.449997,116.019997,105.099991,107.960007
228.449997,116.019997,105.099991,107.960007
228.449997,116.019997,105.099991,107.960007
228.449997,116.019997,105.099991,107.960007
228.449997,116.019997,105.099991,107.960007
228.449997,116.019997,105.099991,107.960007
228.449997,116.019997,105.099991,107.960007
228.449997,116.019997,105.099991,107.960007
228.449997,116.019997,105.099991,107.960007
228.449997,116.019997,105.099991,107.960007
228.449997,116.019997,105.099991,107.960007
228.449997,116.019997,105.099991,107.960007
228.449997,116.019997,105.099991,107.960007
228.449997,116.019997,105.099991,107.960007
228.449997,116.019997,105.099991,107.960007
228.449997,116.019997,105.099991,107.960007
228.449997,116.019997,105.099991,107.960007
228.449997,116.019997,105.099991,107.960007
228.449997,116.019997,105.099991,107.960007
228.449997,116.019997,105.099991,107.960007
228.449997,116.019997,105.099991,107.960007
228.449997,116.019997,105.099991,107.960007
228.449997,116.019997,105.099991,107.960007
228.449997,116.019997,105.099991,107.960007
228.449997,116.019997,105.099991,107.960007
228.449997,116.019997,105.099991,107.960007
228.449997,116.019997,105.099991,107.960007
228.449997,116.019997,105.099991,107.960007
228.449997,116.019997,105.099991,107.960007
228.449997,116.019997,105.099991,107.960007
228.449997,116.019997,105.099991,107.960007
