1
123.250000,15.020000,50.750000,39.939999
123.250000,15.020000,50.750000,39.939999
123.250000,15.020000,50.750000,39.939999
123.250000,15.020000,50.750000,39.939999
123.250000,15.020000,50.750000,39.939999
123.250000,15.020000,50.750000,39.939999
123.250000,15.020000,50.750000,39.939999
123.250000,15.020000,50.750000,39.939999
123.250000,15.020000,50.750000,39.939999
123.250000,15.020000,50.750000,39.939999
123.250000,15.020000,50.750000,39.939999
123.250000,15.020000,50.750000,39.939999
123.250000,15.020000,50.750000,39.939999
123.250000,15.020000,50.750000,39.939999
123.250000,15.020000,50.750000,39.939999
123.250000,15.020000,50.750000,39.939999
123.250000,15.020000,50.750000,39.939999
123.250000,15.020000,50.750000,39.939999
123.250000,15.020000,50.750000,39.939999
123.250000,15.020000,50.750000,39.939999
123.250000,15.020000,50.750000,39.939999
123.250000,15.020000,50.750000,39.939999
123.250000,15.020000,50.750000,39.939999
123.250000,15.020000,50.750000,39.939999
123.250000,15.020000,50.750000,39.939999
123.250000,15.020000,50.750000,39.939999
123.250000,15.020000,50.750000,39.939999
123.250000,15.020000,50.750000,39.939999
123.250000,15.020000,50.750000,39.939999
123.250000,15.020000,50.750000,39.939999
123.250000,15.020000,50.750000,39.939999
123.250000,15.020000,50.750000,39.939999
123.250000,15.020000,50.750000,39.939999
123.250000,15.020000,50.750000,39.939999
123.250000,15.020000,50.750000,39.939999
123.250000,15.020000,50.750000,39.939999
2
0
0
0
0
1
123.099998,63.029999,13.099998,30.540001
123.099998,63.029999,13.099998,30.540001
123.099998,63.029999,13.099998,30.540001
123.099998,63.029999,13.099998,30.540001
123.099998,63.029999,13.099998,30.540001
123.099998,63.029999,13.099998,30.540001
123.099998,63.029999,13.099998,30.540001
2
0
0
0
0
1
97.629997,70.949997,17.370003,31.030006
97.629997,70.949997,17.370003,31.030006
97.629997,70.949997,17.370003,31.030006
97.629997,70.949997,17.370003,31.030006
97.629997,70.949997,17.370003,31.030006
97.629997,70.949997,17.370003,31.030006
97.629997,70.949997,17.370003,31.030006
97.629997,70.949997,17.370003,31.030006
97.629997,70.949997,17.370003,31.030006
97.629997,70.949997,17.370003,31.030006
97.629997,70.949997,17.370003,31.030006
97.629997,70.949997,17.370003,31.030006
97.629997,70.949997,17.370003,31.030006
97.629997,70.949997,17.370003,31.030006
97.629997,70.949997,17.370003,31.030006
97.629997,70.949997,17.370003,31.030006
97.629997,70.949997,17.370003,31.030006
97.629997,70.949997,17.370003,31.030006
97.629997,70.949997,17.370003,31.030006
97.629997,70.949997,17.370003,31.030006
97.629997,70.949997,17.370003,31.030006
97.629997,70.949997,17.370003,31.030006
97.629997,70.949997,17.370003,31.030006
97.629997,70.949997,17.370003,31.030006
97.629997,70.949997,17.370003,31.030006
97.629997,70.949997,17.370003,31.030006
115.314995,68.485001,17.370003,31.030006
115.314995,68.485001,17.370003,31.030006
115.314995,68.485001,17.370003,31.030006
115.314995,68.485001,17.370003,31.030006
115.314995,68.485001,17.370003,31.030006
115.314995,68.485001,17.370003,31.030006
115.314995,68.485001,17.370003,31.030006
115.314995,68.485001,17.370003,31.030006
115.314995,68.485001,17.370003,31.030006
115.314995,68.485001,17.370003,31.030006
115.314995,68.485001,17.370003,31.030006
115.314995,68.485001,17.370003,31.030006
115.314995,68.485001,17.370003,31.030006
115.314995,68.485001,17.370003,31.030006
115.314995,68.485001,17.370003,31.030006
115.314995,68.485001,17.370003,31.030006
115.314995,68.485001,17.370003,31.030006
115.314995,68.485001,17.370003,31.030006
115.314995,68.485001,17.370003,31.030006
99.314995,53.484997,17.370003,31.030006
99.314995,53.484997,17.370003,31.030006
99.314995,53.484997,17.370003,31.030006
99.314995,53.484997,17.370003,31.030006
2
0
0
0
0
1
131.119995,69.599998,63.270004,43.029999
131.119995,69.599998,63.270004,43.029999
131.119995,69.599998,63.270004,43.029999
131.119995,69.599998,63.270004,43.029999
131.119995,69.599998,63.270004,43.029999
131.119995,69.599998,63.270004,43.029999
131.119995,69.599998,63.270004,43.029999
131.119995,69.599998,63.270004,43.029999
131.119995,69.599998,63.270004,43.029999
131.119995,69.599998,63.270004,43.029999
131.119995,69.599998,63.270004,43.029999
131.119995,69.599998,63.270004,43.029999
157.365005,79.485001,63.270004,43.029999
157.365005,79.485001,63.270004,43.029999
157.365005,79.485001,63.270004,43.029999
157.365005,79.485001,63.270004,43.029999
157.365005,79.485001,63.270004,43.029999
157.365005,79.485001,63.270004,43.029999
157.365005,79.485001,63.270004,43.029999
157.365005,79.485001,63.270004,43.029999
157.365005,79.485001,63.270004,43.029999
157.365005,79.485001,63.270004,43.029999
157.365005,79.485001,63.270004,43.029999
193.365005,85.485001,63.270004,43.029999
193.365005,85.485001,63.270004,43.029999
193.365005,85.485001,63.270004,43.029999
193.365005,85.485001,63.270004,43.029999
193.365005,85.485001,63.270004,43.029999
193.365005,85.485001,63.270004,43.029999
193.365005,85.485001,63.270004,43.029999
193.365005,85.485001,63.270004,43.029999
193.365005,85.485001,63.270004,43.029999
193.365005,85.485001,63.270004,43.029999
193.365005,85.485001,63.270004,43.029999
193.365005,85.485001,63.270004,43.029999
193.365005,85.485001,63.270004,43.029999
193.365005,85.485001,63.270004,43.029999
193.365005,85.485001,63.270004,43.029999
193.365005,85.485001,63.270004,43.029999
193.365005,85.485001,63.270004,43.029999
193.365005,85.485001,63.270004,43.029999
2
0
0
0
0
1
272.559998,67.089996,35.839996,37.480003
272.559998,67.089996,35.839996,37.480003
272.559998,67.089996,35.839996,37.480003
272.559998,67.089996,35.839996,37.480003
272.559998,67.089996,35.839996,37.480003
272.559998,67.089996,35.839996,37.480003
272.559998,67.089996,35.839996,37.480003
272.559998,67.089996,35.839996,37.480003
272.559998,67.089996,35.839996,37.480003
272.559998,67.089996,35.839996,37.480003
272.559998,67.089996,35.839996,37.480003
272.559998,67.089996,35.839996,37.480003
272.559998,67.089996,35.839996,37.480003
272.559998,67.089996,35.839996,37.480003
272.559998,67.089996,35.839996,37.480003
272.559998,67.089996,35.839996,37.480003
272.559998,67.089996,35.839996,37.480003
272.559998,67.089996,35.839996,37.480003
272.559998,67.089996,35.839996,37.480003
272.559998,67.089996,35.839996,37.480003
272.559998,67.089996,35.839996,37.480003
272.559998,67.089996,35.839996,37.480003
230.080002,28.259998,35.839996,37.480003
230.080002,28.259998,35.839996,37.480003
230.080002,28.259998,35.839996,37.480003
230.080002,28.259998,35.839996,37.480003
230.080002,28.259998,35.839996,37.480003
230.080002,28.259998,35.839996,37.480003
230.080002,28.259998,35.839996,37.480003
230.080002,28.259998,35.839996,37.480003
230.080002,28.259998,35.839996,37.480003
230.080002,28.259998,35.839996,37.480003
230.080002,28.259998,35.839996,37.480003
195.080002,46.259998,35.839996,37.480003
195.080002,46.259998,35.839996,37.480003
195.080002,46.259998,35.839996,37.480003
195.080002,46.259998,35.839996,37.480003
165.080002,48.259998,35.839996,37.480003
165.080002,48.259998,35.839996,37.480003
165.080002,48.259998,35.839996,37.480003
165.080002,48.259998,35.839996,37.480003
165.080002,48.259998,35.839996,37.480003
165.080002,48.259998,35.839996,37.480003
165.080002,48.259998,35.839996,37.480003
165.080002,48.259998,35.839996,37.480003
165.080002,48.259998,35.839996,37.480003
165.080002,48.259998,35.839996,37.480003
165.080002,48.259998,35.839996,37.480003
135.080002,71.260002,35.839996,37.480003
135.080002,71.260002,35.839996,37.480003
99.080002,53.259998,35.839996,37.480003
99.080002,53.259998,35.839996,37.480003
99.080002,53.259998,35.839996,37.480003
99.080002,53.259998,35.839996,37.480003
99.080002,53.259998,35.839996,37.480003
99.080002,53.259998,35.839996,37.480003
99.080002,53.259998,35.839996,37.480003
99.080002,53.259998,35.839996,37.480003
99.080002,53.259998,35.839996,37.480003
99.080002,53.259998,35.839996,37.480003
99.080002,53.259998,35.839996,37.480003
99.080002,53.259998,35.839996,37.480003
99.080002,53.259998,35.839996,37.480003
99.080002,53.259998,35.839996,37.480003
99.080002,53.259998,35.839996,37.480003
99.080002,53.259998,35.839996,37.480003
99.080002,53.259998,35.839996,37.480003
99.080002,53.259998,35.839996,37.480003
2
0
0
0
0
1
69.419998,101.029999,26.520004,37.160004
69.419998,101.029999,26.520004,37.160004
69.419998,101.029999,26.520004,37.160004
69.419998,101.029999,26.520004,37.160004
69.419998,101.029999,26.520004,37.160004
69.419998,101.029999,26.520004,37.160004
69.419998,101.029999,26.520004,37.160004
69.419998,101.029999,26.520004,37.160004
69.419998,101.029999,26.520004,37.160004
69.419998,101.029999,26.520004,37.160004
69.419998,101.029999,26.520004,37.160004
69.419998,101.029999,26.520004,37.160004
69.419998,101.029999,26.520004,37.160004
69.419998,101.029999,26.520004,37.160004
69.419998,101.029999,26.520004,37.160004
69.419998,101.029999,26.520004,37.160004
68.739998,100.419998,26.520004,37.160004
68.739998,100.419998,26.520004,37.160004
68.739998,100.419998,26.520004,37.160004
68.739998,100.419998,26.520004,37.160004
2
0
0
0
0
1
40.340000,119.459999,26.070004,45.450005
40.340000,119.459999,26.070004,45.450005
40.340000,119.459999,26.070004,45.450005
40.340000,119.459999,26.070004,45.450005
40.340000,119.459999,26.070004,45.450005
40.340000,119.459999,26.070004,45.450005
40.340000,119.459999,26.070004,45.450005
40.340000,119.459999,26.070004,45.450005
40.340000,119.459999,26.070004,45.450005
40.340000,119.459999,26.070004,45.450005
40.340000,119.459999,26.070004,45.450005
40.340000,119.459999,26.070004,45.450005
40.340000,119.459999,26.070004,45.450005
40.340000,119.459999,26.070004,45.450005
40.340000,119.459999,26.070004,45.450005
40.340000,119.459999,26.070004,45.450005
40.340000,119.459999,26.070004,45.450005
40.340000,119.459999,26.070004,45.450005
40.340000,119.459999,26.070004,45.450005
40.340000,119.459999,26.070004,45.450005
40.340000,119.459999,26.070004,45.450005
40.340000,119.459999,26.070004,45.450005
40.340000,119.459999,26.070004,45.450005
40.340000,119.459999,26.070004,45.450005
40.340000,119.459999,26.070004,45.450005
40.340000,119.459999,26.070004,45.450005
40.340000,119.459999,26.070004,45.450005
40.340000,119.459999,26.070004,45.450005
40.340000,119.459999,26.070004,45.450005
2
0
0
0
0
1
71.050003,88.720001,87.529999,43.869995
71.050003,88.720001,87.529999,43.869995
71.050003,88.720001,87.529999,43.869995
71.050003,88.720001,87.529999,43.869995
71.050003,88.720001,87.529999,43.869995
71.050003,88.720001,87.529999,43.869995
71.050003,88.720001,87.529999,43.869995
71.050003,88.720001,87.529999,43.869995
71.050003,88.720001,87.529999,43.869995
71.050003,88.720001,87.529999,43.869995
71.050003,88.720001,87.529999,43.869995
71.050003,88.720001,87.529999,43.869995
71.050003,88.720001,87.529999,43.869995
71.050003,88.720001,87.529999,43.869995
71.050003,88.720001,87.529999,43.869995
71.050003,88.720001,87.529999,43.869995
71.050003,88.720001,87.529999,43.869995
71.050003,88.720001,87.529999,43.869995
2
0
0
0
0
1
190.309998,86.570000,33.650009,41.370003
190.309998,86.570000,33.650009,41.370003
190.309998,86.570000,33.650009,41.370003
190.309998,86.570000,33.650009,41.370003
190.309998,86.570000,33.650009,41.370003
190.309998,86.570000,33.650009,41.370003
190.309998,86.570000,33.650009,41.370003
190.309998,86.570000,33.650009,41.370003
175.175003,61.314999,33.650009,41.370003
175.175003,61.314999,33.650009,41.370003
175.175003,61.314999,33.650009,41.370003
175.175003,61.314999,33.650009,41.370003
175.175003,61.314999,33.650009,41.370003
175.175003,61.314999,33.650009,41.370003
175.175003,61.314999,33.650009,41.370003
175.175003,61.314999,33.650009,41.370003
175.175003,61.314999,33.650009,41.370003
175.175003,61.314999,33.650009,41.370003
155.175003,61.314999,33.650009,41.370003
155.175003,61.314999,33.650009,41.370003
155.175003,61.314999,33.650009,41.370003
155.175003,61.314999,33.650009,41.370003
155.175003,61.314999,33.650009,41.370003
155.175003,61.314999,33.650009,41.370003
155.175003,61.314999,33.650009,41.370003
155.175003,61.314999,33.650009,41.370003
155.175003,61.314999,33.650009,41.370003
155.175003,61.314999,33.650009,41.370003
155.175003,61.314999,33.650009,41.370003
155.175003,61.314999,33.650009,41.370003
155.175003,61.314999,33.650009,41.370003
155.175003,61.314999,33.650009,41.370003
155.175003,61.314999,33.650009,41.370003
155.175003,61.314999,33.650009,41.370003
155.175003,61.314999,33.650009,41.370003
155.175003,61.314999,33.650009,41.370003
155.175003,61.314999,33.650009,41.370003
155.175003,61.314999,33.650009,41.370003
155.175003,61.314999,33.650009,41.370003
155.175003,61.314999,33.650009,41.370003
155.175003,61.314999,33.650009,41.370003
155.175003,61.314999,33.650009,41.370003
155.175003,61.314999,33.650009,41.370003
155.175003,61.314999,33.650009,41.370003
2
0
0
0
0
1
74.160004,89.419998,68.160004,35.730003
74.160004,89.419998,68.160004,35.730003
74.160004,89.419998,68.160004,35.730003
74.160004,89.419998,68.160004,35.730003
74.160004,89.419998,68.160004,35.730003
74.160004,89.419998,68.160004,35.730003
74.160004,89.419998,68.160004,35.730003
74.160004,89.419998,68.160004,35.730003
74.160004,89.419998,68.160004,35.730003
74.160004,89.419998,68.160004,35.730003
74.160004,89.419998,68.160004,35.730003
74.160004,89.419998,68.160004,35.730003
74.160004,89.419998,68.160004,35.730003
74.160004,89.419998,68.160004,35.730003
74.160004,89.419998,68.160004,35.730003
74.160004,89.419998,68.160004,35.730003
74.160004,89.419998,68.160004,35.730003
74.160004,89.419998,68.160004,35.730003
74.160004,89.419998,68.160004,35.730003
74.160004,89.419998,68.160004,35.730003
74.160004,89.419998,68.160004,35.730003
74.160004,89.419998,68.160004,35.730003
74.160004,89.419998,68.160004,35.730003
74.160004,89.419998,68.160004,35.730003
74.160004,89.419998,68.160004,35.730003
74.160004,89.419998,68.160004,35.730003
74.160004,89.419998,68.160004,35.730003
74.160004,89.419998,68.160004,35.730003
74.160004,89.419998,68.160004,35.730003
74.160004,89.419998,68.160004,35.730003
74.160004,89.419998,68.160004,35.730003
74.160004,89.419998,68.160004,35.730003
74.160004,89.419998,68.160004,35.730003
123.919998,67.135002,68.160004,35.730003
123.919998,67.135002,68.160004,35.730003
123.919998,49.134998,68.160004,35.730003
123.919998,49.134998,68.160004,35.730003
123.919998,49.134998,68.160004,35.730003
123.919998,49.134998,68.160004,35.730003
123.919998,49.134998,68.160004,35.730003
123.919998,49.134998,68.160004,35.730003
123.919998,49.134998,68.160004,35.730003
123.919998,49.134998,68.160004,35.730003
123.919998,49.134998,68.160004,35.730003
123.919998,49.134998,68.160004,35.730003
123.919998,49.134998,68.160004,35.730003
123.919998,49.134998,68.160004,35.730003
123.919998,49.134998,68.160004,35.730003
123.919998,49.134998,68.160004,35.730003
123.919998,49.134998,68.160004,35.730003
123.919998,49.134998,68.160004,35.730003
123.919998,49.134998,68.160004,35.730003
123.919998,49.134998,68.160004,35.730003
123.919998,49.134998,68.160004,35.730003
123.919998,49.134998,68.160004,35.730003
123.919998,49.134998,68.160004,35.730003
123.919998,49.134998,68.160004,35.730003
180.919998,21.134998,68.160004,35.730003
180.919998,21.134998,68.160004,35.730003
180.919998,21.134998,68.160004,35.730003
180.919998,21.134998,68.160004,35.730003
180.919998,21.134998,68.160004,35.730003
180.919998,21.134998,68.160004,35.730003
180.919998,21.134998,68.160004,35.730003
180.919998,21.134998,68.160004,35.730003
180.919998,21.134998,68.160004,35.730003
180.919998,21.134998,68.160004,35.730003
180.919998,21.134998,68.160004,35.730003
180.919998,21.134998,68.160004,35.730003
