1
127.769997,18.860001,44.629997,32.860001
127.769997,18.860001,44.629997,32.860001
127.769997,18.860001,44.629997,32.860001
127.769997,18.860001,44.629997,32.860001
127.769997,18.860001,44.629997,32.860001
127.769997,18.860001,44.629997,32.860001
127.769997,18.860001,44.629997,32.860001
127.769997,18.860001,44.629997,32.860001
127.769997,18.860001,44.629997,32.860001
127.769997,18.860001,44.629997,32.860001
127.769997,18.860001,44.629997,32.860001
127.769997,18.860001,44.629997,32.860001
127.769997,18.860001,44.629997,32.860001
127.769997,18.860001,44.629997,32.860001
127.769997,18.860001,44.629997,32.860001
127.769997,18.860001,44.629997,32.860001
127.685005,18.570000,44.629997,32.860001
127.685005,18.570000,44.629997,32.860001
127.685005,18.570000,44.629997,32.860001
127.685005,18.570000,44.629997,32.860001
127.685005,18.570000,44.629997,32.860001
127.685005,18.570000,44.629997,32.860001
127.685005,18.570000,44.629997,32.860001
127.685005,18.570000,44.629997,32.860001
127.685005,18.570000,44.629997,32.860001
127.685005,18.570000,44.629997,32.860001
127.685005,18.570000,44.629997,32.860001
127.685005,18.570000,44.629997,32.860001
127.685005,18.570000,44.629997,32.860001
127.685005,18.570000,44.629997,32.860001
127.685005,18.570000,44.629997,32.860001
127.685005,18.570000,44.629997,32.860001
127.685005,18.570000,44.629997,32.860001
127.685005,18.570000,44.629997,32.860001
2
0
0
0
0
1
121.839996,58.650002,16.669998,30.559998
121.839996,58.650002,16.669998,30.559998
121.839996,58.650002,16.669998,30.559998
121.839996,58.650002,16.669998,30.559998
121.839996,58.650002,16.669998,30.559998
121.839996,58.650002,16.669998,30.559998
121.839996,58.650002,16.669998,30.559998
121.839996,58.650002,16.669998,30.559998
110.665001,60.720001,16.669998,30.559998
110.665001,60.720001,16.669998,30.559998
110.665001,60.720001,16.669998,30.559998
110.665001,60.720001,16.669998,30.559998
110.665001,60.720001,16.669998,30.559998
110.665001,60.720001,16.669998,30.559998
110.665001,60.720001,16.669998,30.559998
110.665001,60.720001,16.669998,30.559998
110.665001,60.720001,16.669998,30.559998
110.665001,60.720001,16.669998,30.559998
110.665001,60.720001,16.669998,30.559998
110.665001,60.720001,16.669998,30.559998
110.665001,60.720001,16.669998,30.559998
110.665001,60.720001,16.669998,30.559998
110.665001,60.720001,16.669998,30.559998
110.665001,60.720001,16.669998,30.559998
110.665001,60.720001,16.669998,30.559998
110.665001,60.720001,16.669998,30.559998
110.665001,60.720001,16.669998,30.559998
110.665001,60.720001,16.669998,30.559998
110.665001,60.720001,16.669998,30.559998
110.665001,60.720001,16.669998,30.559998
110.665001,60.720001,16.669998,30.559998
110.665001,60.720001,16.669998,30.559998
110.665001,60.720001,16.669998,30.559998
110.665001,60.720001,16.669998,30.559998
110.665001,60.720001,16.669998,30.559998
110.665001,60.720001,16.669998,30.559998
110.665001,60.720001,16.669998,30.559998
110.665001,60.720001,16.669998,30.559998
110.665001,60.720001,16.669998,30.559998
110.665001,60.720001,16.669998,30.559998
110.665001,60.720001,16.669998,30.559998
110.665001,60.720001,16.669998,30.559998
110.665001,60.720001,16.669998,30.559998
110.665001,60.720001,16.669998,30.559998
110.665001,60.720001,16.669998,30.559998
110.665001,60.720001,16.669998,30.559998
110.665001,60.720001,16.669998,30.559998
110.665001,60.720001,16.669998,30.559998
110.665001,60.720001,16.669998,30.559998
110.665001,60.720001,16.669998,30.559998
110.665001,60.720001,16.669998,30.559998
110.665001,60.720001,16.669998,30.559998
135.665009,69.720001,16.669998,30.559998
135.665009,69.720001,16.669998,30.559998
135.665009,69.720001,16.669998,30.559998
135.665009,69.720001,16.669998,30.559998
135.665009,69.720001,16.669998,30.559998
135.665009,69.720001,16.669998,30.559998
135.665009,69.720001,16.669998,30.559998
135.665009,69.720001,16.669998,30.559998
135.665009,69.720001,16.669998,30.559998
135.665009,69.720001,16.669998,30.559998
135.665009,69.720001,16.669998,30.559998
135.665009,69.720001,16.669998,30.559998
135.665009,69.720001,16.669998,30.559998
135.665009,69.720001,16.669998,30.559998
135.665009,69.720001,16.669998,30.559998
135.665009,69.720001,16.669998,30.559998
135.665009,69.720001,16.669998,30.559998
135.665009,69.720001,16.669998,30.559998
135.665009,69.720001,16.669998,30.559998
135.665009,69.720001,16.669998,30.559998
135.665009,69.720001,16.669998,30.559998
135.665009,69.720001,16.669998,30.559998
135.665009,69.720001,16.669998,30.559998
135.665009,69.720001,16.669998,30.559998
135.665009,69.720001,16.669998,30.559998
135.665009,69.720001,16.669998,30.559998
135.665009,69.720001,16.669998,30.559998
2
0
0
0
0
1
162.880005,74.279999,78.750000,50.150002
162.880005,74.279999,78.750000,50.150002
162.880005,74.279999,78.750000,50.150002
162.880005,74.279999,78.750000,50.150002
162.880005,74.279999,78.750000,50.150002
162.880005,74.279999,78.750000,50.150002
162.880005,74.279999,78.750000,50.150002
162.880005,74.279999,78.750000,50.150002
162.880005,74.279999,78.750000,50.150002
162.880005,74.279999,78.750000,50.150002
162.880005,74.279999,78.750000,50.150002
162.880005,74.279999,78.750000,50.150002
162.880005,74.279999,78.750000,50.150002
162.880005,74.279999,78.750000,50.150002
162.880005,74.279999,78.750000,50.150002
162.880005,74.279999,78.750000,50.150002
162.625000,73.924995,78.750000,50.150002
162.625000,73.924995,78.750000,50.150002
162.625000,73.924995,78.750000,50.150002
162.625000,73.924995,78.750000,50.150002
162.625000,73.924995,78.750000,50.150002
162.625000,73.924995,78.750000,50.150002
2
0
0
0
0
1
261.570007,70.809998,50.239990,37.639999
261.570007,70.809998,50.239990,37.639999
261.570007,70.809998,50.239990,37.639999
261.570007,70.809998,50.239990,37.639999
261.570007,70.809998,50.239990,37.639999
261.570007,70.809998,50.239990,37.639999
261.570007,70.809998,50.239990,37.639999
261.570007,70.809998,50.239990,37.639999
261.570007,70.809998,50.239990,37.639999
261.570007,70.809998,50.239990,37.639999
261.570007,70.809998,50.239990,37.639999
261.570007,70.809998,50.239990,37.639999
261.570007,70.809998,50.239990,37.639999
261.570007,70.809998,50.239990,37.639999
261.570007,70.809998,50.239990,37.639999
261.570007,70.809998,50.239990,37.639999
260.880005,70.180000,50.239990,37.639999
260.880005,70.180000,50.239990,37.639999
260.880005,70.180000,50.239990,37.639999
260.880005,70.180000,50.239990,37.639999
260.880005,70.180000,50.239990,37.639999
260.880005,70.180000,50.239990,37.639999
260.880005,70.180000,50.239990,37.639999
260.880005,70.180000,50.239990,37.639999
260.880005,70.180000,50.239990,37.639999
260.880005,70.180000,50.239990,37.639999
260.880005,70.180000,50.239990,37.639999
260.880005,70.180000,50.239990,37.639999
260.880005,70.180000,50.239990,37.639999
230.880005,45.180000,50.239990,37.639999
230.880005,45.180000,50.239990,37.639999
215.880005,45.180000,50.239990,37.639999
215.880005,45.180000,50.239990,37.639999
215.880005,45.180000,50.239990,37.639999
215.880005,45.180000,50.239990,37.639999
215.880005,45.180000,50.239990,37.639999
215.880005,45.180000,50.239990,37.639999
215.880005,45.180000,50.239990,37.639999
215.880005,45.180000,50.239990,37.639999
185.880005,50.180000,50.239990,37.639999
185.880005,50.180000,50.239990,37.639999
185.880005,50.180000,50.239990,37.639999
185.880005,50.180000,50.239990,37.639999
185.880005,50.180000,50.239990,37.639999
185.880005,50.180000,50.239990,37.639999
150.880005,55.180000,50.239990,37.639999
150.880005,55.180000,50.239990,37.639999
150.880005,55.180000,50.239990,37.639999
150.880005,55.180000,50.239990,37.639999
146.880005,72.180000,50.239990,37.639999
146.880005,72.180000,50.239990,37.639999
110.880005,60.180000,50.239990,37.639999
110.880005,60.180000,50.239990,37.639999
110.880005,60.180000,50.239990,37.639999
110.880005,60.180000,50.239990,37.639999
110.880005,60.180000,50.239990,37.639999
110.880005,60.180000,50.239990,37.639999
110.880005,60.180000,50.239990,37.639999
110.880005,60.180000,50.239990,37.639999
110.880005,60.180000,50.239990,37.639999
110.880005,60.180000,50.239990,37.639999
110.880005,60.180000,50.239990,37.639999
110.880005,60.180000,50.239990,37.639999
110.880005,60.180000,50.239990,37.639999
110.880005,60.180000,50.239990,37.639999
110.880005,60.180000,50.239990,37.639999
110.880005,60.180000,50.239990,37.639999
110.880005,60.180000,50.239990,37.639999
110.880005,60.180000,50.239990,37.639999
110.880005,60.180000,50.239990,37.639999
2
0
0
0
0
1
67.500000,97.139999,28.309998,39.389999
67.500000,97.139999,28.309998,39.389999
67.500000,97.139999,28.309998,39.389999
67.500000,97.139999,28.309998,39.389999
67.500000,97.139999,28.309998,39.389999
67.500000,97.139999,28.309998,39.389999
67.500000,97.139999,28.309998,39.389999
67.500000,97.139999,28.309998,39.389999
67.500000,97.139999,28.309998,39.389999
67.500000,97.139999,28.309998,39.389999
67.500000,97.139999,28.309998,39.389999
67.500000,97.139999,28.309998,39.389999
67.500000,97.139999,28.309998,39.389999
67.500000,97.139999,28.309998,39.389999
67.500000,97.139999,28.309998,39.389999
67.500000,97.139999,28.309998,39.389999
67.500000,97.139999,28.309998,39.389999
67.500000,97.139999,28.309998,39.389999
67.500000,97.139999,28.309998,39.389999
67.500000,97.139999,28.309998,39.389999
67.500000,97.139999,28.309998,39.389999
43.845001,118.305000,28.309998,39.389999
43.845001,118.305000,28.309998,39.389999
43.845001,118.305000,28.309998,39.389999
43.845001,118.305000,28.309998,39.389999
43.845001,118.305000,28.309998,39.389999
43.845001,118.305000,28.309998,39.389999
43.845001,118.305000,28.309998,39.389999
43.845001,118.305000,28.309998,39.389999
43.845001,118.305000,28.309998,39.389999
43.845001,118.305000,28.309998,39.389999
43.845001,118.305000,28.309998,39.389999
43.845001,118.305000,28.309998,39.389999
43.845001,118.305000,28.309998,39.389999
43.845001,118.305000,28.309998,39.389999
43.845001,118.305000,28.309998,39.389999
43.845001,118.305000,28.309998,39.389999
43.845001,118.305000,28.309998,39.389999
43.845001,118.305000,28.309998,39.389999
43.845001,118.305000,28.309998,39.389999
43.845001,118.305000,28.309998,39.389999
50.845001,107.305000,28.309998,39.389999
50.845001,107.305000,28.309998,39.389999
50.845001,107.305000,28.309998,39.389999
50.845001,107.305000,28.309998,39.389999
50.845001,107.305000,28.309998,39.389999
50.845001,107.305000,28.309998,39.389999
50.845001,107.305000,28.309998,39.389999
50.845001,107.305000,28.309998,39.389999
50.845001,107.305000,28.309998,39.389999
50.845001,107.305000,28.309998,39.389999
50.845001,107.305000,28.309998,39.389999
50.845001,107.305000,28.309998,39.389999
50.845001,107.305000,28.309998,39.389999
50.845001,107.305000,28.309998,39.389999
50.845001,107.305000,28.309998,39.389999
50.845001,107.305000,28.309998,39.389999
50.845001,107.305000,28.309998,39.389999
50.845001,107.305000,28.309998,39.389999
50.845001,107.305000,28.309998,39.389999
50.845001,107.305000,28.309998,39.389999
50.845001,107.305000,28.309998,39.389999
50.845001,107.305000,28.309998,39.389999
2
0
0
0
0
1
85.089996,88.769997,85.480011,38.910004
85.089996,88.769997,85.480011,38.910004
85.089996,88.769997,85.480011,38.910004
85.089996,88.769997,85.480011,38.910004
85.089996,88.769997,85.480011,38.910004
85.089996,88.769997,85.480011,38.910004
85.089996,88.769997,85.480011,38.910004
85.089996,88.769997,85.480011,38.910004
85.089996,88.769997,85.480011,38.910004
85.089996,88.769997,85.480011,38.910004
85.089996,88.769997,85.480011,38.910004
85.089996,88.769997,85.480011,38.910004
85.089996,88.769997,85.480011,38.910004
85.089996,88.769997,85.480011,38.910004
2
0
0
0
0
1
196.529999,81.550003,27.320007,39.259995
196.529999,81.550003,27.320007,39.259995
196.529999,81.550003,27.320007,39.259995
196.529999,81.550003,27.320007,39.259995
196.529999,81.550003,27.320007,39.259995
196.529999,81.550003,27.320007,39.259995
196.529999,81.550003,27.320007,39.259995
196.529999,81.550003,27.320007,39.259995
176.339996,70.370003,27.320007,39.259995
176.339996,70.370003,27.320007,39.259995
176.339996,70.370003,27.320007,39.259995
176.339996,70.370003,27.320007,39.259995
176.339996,70.370003,27.320007,39.259995
176.339996,70.370003,27.320007,39.259995
176.339996,70.370003,27.320007,39.259995
176.339996,70.370003,27.320007,39.259995
176.339996,70.370003,27.320007,39.259995
176.339996,70.370003,27.320007,39.259995
176.339996,70.370003,27.320007,39.259995
176.339996,70.370003,27.320007,39.259995
176.339996,70.370003,27.320007,39.259995
176.339996,70.370003,27.320007,39.259995
176.339996,70.370003,27.320007,39.259995
176.339996,70.370003,27.320007,39.259995
176.339996,70.370003,27.320007,39.259995
176.339996,70.370003,27.320007,39.259995
176.339996,70.370003,27.320007,39.259995
176.339996,70.370003,27.320007,39.259995
176.339996,70.370003,27.320007,39.259995
176.339996,70.370003,27.320007,39.259995
176.339996,70.370003,27.320007,39.259995
176.339996,70.370003,27.320007,39.259995
176.339996,70.370003,27.320007,39.259995
176.339996,70.370003,27.320007,39.259995
168.339996,65.370003,27.320007,39.259995
168.339996,65.370003,27.320007,39.259995
168.339996,65.370003,27.320007,39.259995
168.339996,65.370003,27.320007,39.259995
2
0
0
0
0
1
90.500000,89.599998,61.979996,37.529999
90.500000,89.599998,61.979996,37.529999
90.500000,89.599998,61.979996,37.529999
90.500000,89.599998,61.979996,37.529999
90.500000,89.599998,61.979996,37.529999
90.500000,89.599998,61.979996,37.529999
90.500000,89.599998,61.979996,37.529999
90.500000,89.599998,61.979996,37.529999
90.500000,89.599998,61.979996,37.529999
90.500000,89.599998,61.979996,37.529999
90.500000,89.599998,61.979996,37.529999
90.500000,89.599998,61.979996,37.529999
90.500000,89.599998,61.979996,37.529999
90.500000,89.599998,61.979996,37.529999
90.500000,89.599998,61.979996,37.529999
90.500000,89.599998,61.979996,37.529999
90.500000,89.599998,61.979996,37.529999
90.500000,89.599998,61.979996,37.529999
90.500000,89.599998,61.979996,37.529999
90.500000,89.599998,61.979996,37.529999
90.500000,89.599998,61.979996,37.529999
90.500000,89.599998,61.979996,37.529999
90.500000,89.599998,61.979996,37.529999
90.500000,89.599998,61.979996,37.529999
90.500000,89.599998,61.979996,37.529999
90.500000,89.599998,61.979996,37.529999
90.500000,89.599998,61.979996,37.529999
90.500000,89.599998,61.979996,37.529999
90.500000,89.599998,61.979996,37.529999
90.500000,89.599998,61.979996,37.529999
90.500000,89.599998,61.979996,37.529999
90.500000,89.599998,61.979996,37.529999
90.500000,89.599998,61.979996,37.529999
90.500000,89.599998,61.979996,37.529999
90.500000,89.599998,61.979996,37.529999
90.500000,89.599998,61.979996,37.529999
90.500000,89.599998,61.979996,37.529999
90.500000,89.599998,61.979996,37.529999
90.500000,89.599998,61.979996,37.529999
90.500000,89.599998,61.979996,37.529999
90.500000,89.599998,61.979996,37.529999
90.500000,89.599998,61.979996,37.529999
90.500000,89.599998,61.979996,37.529999
108.010002,33.235001,61.979996,37.529999
108.010002,33.235001,61.979996,37.529999
108.010002,33.235001,61.979996,37.529999
108.010002,33.235001,61.979996,37.529999
108.010002,33.235001,61.979996,37.529999
108.010002,33.235001,61.979996,37.529999
108.010002,33.235001,61.979996,37.529999
108.010002,33.235001,61.979996,37.529999
128.009995,23.235001,61.979996,37.529999
128.009995,23.235001,61.979996,37.529999
150.009995,22.235001,61.979996,37.529999
150.009995,22.235001,61.979996,37.529999
150.009995,22.235001,61.979996,37.529999
150.009995,22.235001,61.979996,37.529999
150.009995,22.235001,61.979996,37.529999
150.009995,22.235001,61.979996,37.529999
150.009995,22.235001,61.979996,37.529999
150.009995,22.235001,61.979996,37.529999
150.009995,22.235001,61.979996,37.529999
150.009995,22.235001,61.979996,37.529999
150.009995,22.235001,61.979996,37.529999
150.009995,22.235001,61.979996,37.529999
150.009995,22.235001,61.979996,37.529999
150.009995,22.235001,61.979996,37.529999
2
0
0
0
0
1
