1
124.919998,21.809999,46.740005,32.320000
124.919998,21.809999,46.740005,32.320000
124.919998,21.809999,46.740005,32.320000
124.919998,21.809999,46.740005,32.320000
124.919998,21.809999,46.740005,32.320000
124.919998,21.809999,46.740005,32.320000
124.919998,21.809999,46.740005,32.320000
124.919998,21.809999,46.740005,32.320000
124.629997,20.840000,46.740005,32.320000
124.629997,20.840000,46.740005,32.320000
124.629997,20.840000,46.740005,32.320000
124.629997,20.840000,46.740005,32.320000
124.629997,20.840000,46.740005,32.320000
124.629997,20.840000,46.740005,32.320000
124.629997,20.840000,46.740005,32.320000
124.629997,20.840000,46.740005,32.320000
124.629997,20.840000,46.740005,32.320000
124.629997,20.840000,46.740005,32.320000
124.629997,20.840000,46.740005,32.320000
124.629997,20.840000,46.740005,32.320000
124.629997,20.840000,46.740005,32.320000
124.629997,20.840000,46.740005,32.320000
124.629997,20.840000,46.740005,32.320000
124.629997,20.840000,46.740005,32.320000
124.629997,20.840000,46.740005,32.320000
124.629997,20.840000,46.740005,32.320000
124.629997,20.840000,46.740005,32.320000
124.629997,20.840000,46.740005,32.320000
124.629997,20.840000,46.740005,32.320000
124.629997,20.840000,46.740005,32.320000
124.629997,20.840000,46.740005,32.320000
124.629997,20.840000,46.740005,32.320000
124.629997,20.840000,46.740005,32.320000
124.629997,20.840000,46.740005,32.320000
124.629997,20.840000,46.740005,32.320000
124.629997,20.840000,46.740005,32.320000
2
0
0
0
0
1
120.519997,63.459999,14.700005,26.889999
120.519997,63.459999,14.700005,26.889999
120.519997,63.459999,14.700005,26.889999
120.519997,63.459999,14.700005,26.889999
120.519997,63.459999,14.700005,26.889999
120.519997,63.459999,14.700005,26.889999
112.649994,69.555000,14.700005,26.889999
112.649994,69.555000,14.700005,26.889999
112.649994,69.555000,14.700005,26.889999
112.649994,69.555000,14.700005,26.889999
112.649994,69.555000,14.700005,26.889999
112.649994,69.555000,14.700005,26.889999
112.649994,69.555000,14.700005,26.889999
112.649994,69.555000,14.700005,26.889999
112.649994,69.555000,14.700005,26.889999
112.649994,69.555000,14.700005,26.889999
112.649994,69.555000,14.700005,26.889999
112.649994,69.555000,14.700005,26.889999
112.649994,69.555000,14.700005,26.889999
112.649994,69.555000,14.700005,26.889999
112.649994,69.555000,14.700005,26.889999
112.649994,69.555000,14.700005,26.889999
112.649994,69.555000,14.700005,26.889999
112.649994,69.555000,14.700005,26.889999
112.649994,69.555000,14.700005,26.889999
112.649994,69.555000,14.700005,26.889999
112.649994,69.555000,14.700005,26.889999
112.649994,69.555000,14.700005,26.889999
95.649994,67.555000,14.700005,26.889999
95.649994,67.555000,14.700005,26.889999
95.649994,67.555000,14.700005,26.889999
95.649994,67.555000,14.700005,26.889999
95.649994,67.555000,14.700005,26.889999
95.649994,67.555000,14.700005,26.889999
102.649994,62.555000,14.700005,26.889999
102.649994,62.555000,14.700005,26.889999
102.649994,62.555000,14.700005,26.889999
102.649994,62.555000,14.700005,26.889999
102.649994,62.555000,14.700005,26.889999
113.649994,64.555000,14.700005,26.889999
113.649994,64.555000,14.700005,26.889999
113.649994,64.555000,14.700005,26.889999
113.649994,64.555000,14.700005,26.889999
113.649994,64.555000,14.700005,26.889999
113.649994,64.555000,14.700005,26.889999
113.649994,64.555000,14.700005,26.889999
113.649994,64.555000,14.700005,26.889999
113.649994,64.555000,14.700005,26.889999
113.649994,64.555000,14.700005,26.889999
113.649994,64.555000,14.700005,26.889999
113.649994,64.555000,14.700005,26.889999
113.649994,64.555000,14.700005,26.889999
113.649994,64.555000,14.700005,26.889999
113.649994,64.555000,14.700005,26.889999
113.649994,64.555000,14.700005,26.889999
113.649994,64.555000,14.700005,26.889999
144.649994,64.555000,14.700005,26.889999
144.649994,64.555000,14.700005,26.889999
144.649994,64.555000,14.700005,26.889999
144.649994,64.555000,14.700005,26.889999
144.649994,64.555000,14.700005,26.889999
144.649994,64.555000,14.700005,26.889999
144.649994,64.555000,14.700005,26.889999
144.649994,64.555000,14.700005,26.889999
144.649994,64.555000,14.700005,26.889999
144.649994,64.555000,14.700005,26.889999
144.649994,64.555000,14.700005,26.889999
144.649994,64.555000,14.700005,26.889999
144.649994,64.555000,14.700005,26.889999
144.649994,64.555000,14.700005,26.889999
144.649994,64.555000,14.700005,26.889999
144.649994,64.555000,14.700005,26.889999
144.649994,64.555000,14.700005,26.889999
144.649994,64.555000,14.700005,26.889999
144.649994,64.555000,14.700005,26.889999
144.649994,64.555000,14.700005,26.889999
144.649994,64.555000,14.700005,26.889999
144.649994,64.555000,14.700005,26.889999
144.649994,64.555000,14.700005,26.889999
144.649994,64.555000,14.700005,26.889999
2
0
0
0
0
1
172.119995,75.190002,80.309998,49.449997
172.119995,75.190002,80.309998,49.449997
172.119995,75.190002,80.309998,49.449997
172.119995,75.190002,80.309998,49.449997
172.119995,75.190002,80.309998,49.449997
172.119995,75.190002,80.309998,49.449997
172.119995,75.190002,80.309998,49.449997
172.119995,75.190002,80.309998,49.449997
172.119995,75.190002,80.309998,49.449997
172.119995,75.190002,80.309998,49.449997
172.119995,75.190002,80.309998,49.449997
172.119995,75.190002,80.309998,49.449997
172.119995,75.190002,80.309998,49.449997
172.119995,75.190002,80.309998,49.449997
172.119995,75.190002,80.309998,49.449997
172.119995,75.190002,80.309998,49.449997
172.119995,75.190002,80.309998,49.449997
172.119995,75.190002,80.309998,49.449997
172.119995,75.190002,80.309998,49.449997
172.119995,75.190002,80.309998,49.449997
172.119995,75.190002,80.309998,49.449997
172.119995,75.190002,80.309998,49.449997
2
0
0
0
0
1
268.920013,69.790001,38.599976,40.169998
268.920013,69.790001,38.599976,40.169998
268.920013,69.790001,38.599976,40.169998
268.920013,69.790001,38.599976,40.169998
268.920013,69.790001,38.599976,40.169998
268.920013,69.790001,38.599976,40.169998
268.920013,69.790001,38.599976,40.169998
268.920013,69.790001,38.599976,40.169998
268.700012,68.915001,38.599976,40.169998
268.700012,68.915001,38.599976,40.169998
268.700012,68.915001,38.599976,40.169998
268.700012,68.915001,38.599976,40.169998
268.700012,68.915001,38.599976,40.169998
268.700012,68.915001,38.599976,40.169998
268.700012,68.915001,38.599976,40.169998
268.700012,68.915001,38.599976,40.169998
268.700012,68.915001,38.599976,40.169998
268.700012,68.915001,38.599976,40.169998
268.700012,68.915001,38.599976,40.169998
268.700012,68.915001,38.599976,40.169998
268.700012,68.915001,38.599976,40.169998
268.700012,68.915001,38.599976,40.169998
268.700012,68.915001,38.599976,40.169998
268.700012,68.915001,38.599976,40.169998
228.700012,29.915001,38.599976,40.169998
228.700012,29.915001,38.599976,40.169998
228.700012,29.915001,38.599976,40.169998
228.700012,29.915001,38.599976,40.169998
228.700012,29.915001,38.599976,40.169998
228.700012,29.915001,38.599976,40.169998
228.700012,29.915001,38.599976,40.169998
206.700012,45.915001,38.599976,40.169998
206.700012,45.915001,38.599976,40.169998
206.700012,45.915001,38.599976,40.169998
190.700012,53.915001,38.599976,40.169998
190.700012,53.915001,38.599976,40.169998
190.700012,53.915001,38.599976,40.169998
190.700012,53.915001,38.599976,40.169998
181.700012,60.915001,38.599976,40.169998
181.700012,60.915001,38.599976,40.169998
181.700012,60.915001,38.599976,40.169998
181.700012,60.915001,38.599976,40.169998
181.700012,60.915001,38.599976,40.169998
181.700012,60.915001,38.599976,40.169998
181.700012,60.915001,38.599976,40.169998
181.700012,60.915001,38.599976,40.169998
181.700012,60.915001,38.599976,40.169998
181.700012,60.915001,38.599976,40.169998
2
0
0
0
0
1
92.790001,75.800003,67.549995,35.939995
92.790001,75.800003,67.549995,35.939995
92.790001,75.800003,67.549995,35.939995
92.790001,75.800003,67.549995,35.939995
92.790001,75.800003,67.549995,35.939995
92.790001,75.800003,67.549995,35.939995
92.790001,75.800003,67.549995,35.939995
92.790001,75.800003,67.549995,35.939995
92.790001,75.800003,67.549995,35.939995
92.790001,75.800003,67.549995,35.939995
92.790001,75.800003,67.549995,35.939995
92.790001,75.800003,67.549995,35.939995
92.790001,75.800003,67.549995,35.939995
92.790001,75.800003,67.549995,35.939995
92.790001,75.800003,67.549995,35.939995
92.790001,75.800003,67.549995,35.939995
92.790001,75.800003,67.549995,35.939995
92.790001,75.800003,67.549995,35.939995
92.790001,75.800003,67.549995,35.939995
92.790001,75.800003,67.549995,35.939995
92.790001,75.800003,67.549995,35.939995
92.790001,75.800003,67.549995,35.939995
2
0
0
0
0
1
60.630001,104.529999,27.749996,38.509995
60.630001,104.529999,27.749996,38.509995
60.630001,104.529999,27.749996,38.509995
60.630001,104.529999,27.749996,38.509995
60.630001,104.529999,27.749996,38.509995
60.630001,104.529999,27.749996,38.509995
60.630001,104.529999,27.749996,38.509995
60.630001,104.529999,27.749996,38.509995
60.630001,104.529999,27.749996,38.509995
60.630001,104.529999,27.749996,38.509995
60.630001,104.529999,27.749996,38.509995
60.630001,104.529999,27.749996,38.509995
43.125004,109.745003,27.749996,38.509995
43.125004,109.745003,27.749996,38.509995
43.125004,109.745003,27.749996,38.509995
43.125004,109.745003,27.749996,38.509995
43.125004,109.745003,27.749996,38.509995
43.125004,109.745003,27.749996,38.509995
43.125004,109.745003,27.749996,38.509995
43.125004,109.745003,27.749996,38.509995
43.125004,109.745003,27.749996,38.509995
43.125004,109.745003,27.749996,38.509995
43.125004,109.745003,27.749996,38.509995
43.125004,109.745003,27.749996,38.509995
43.125004,109.745003,27.749996,38.509995
43.125004,109.745003,27.749996,38.509995
43.125004,109.745003,27.749996,38.509995
43.125004,109.745003,27.749996,38.509995
43.125004,109.745003,27.749996,38.509995
43.125004,109.745003,27.749996,38.509995
43.125004,109.745003,27.749996,38.509995
43.125004,109.745003,27.749996,38.509995
43.125004,109.745003,27.749996,38.509995
43.125004,109.745003,27.749996,38.509995
43.125004,109.745003,27.749996,38.509995
43.125004,109.745003,27.749996,38.509995
43.125004,109.745003,27.749996,38.509995
43.125004,109.745003,27.749996,38.509995
43.125004,109.745003,27.749996,38.509995
43.125004,109.745003,27.749996,38.509995
43.125004,109.745003,27.749996,38.509995
43.125004,109.745003,27.749996,38.509995
43.125004,109.745003,27.749996,38.509995
43.125004,109.745003,27.749996,38.509995
43.125004,109.745003,27.749996,38.509995
43.125004,109.745003,27.749996,38.509995
43.125004,109.745003,27.749996,38.509995
43.125004,109.745003,27.749996,38.509995
43.125004,109.745003,27.749996,38.509995
43.125004,109.745003,27.749996,38.509995
2
0
0
0
0
1
79.290001,95.169998,84.459999,40.000000
79.290001,95.169998,84.459999,40.000000
79.290001,95.169998,84.459999,40.000000
79.290001,95.169998,84.459999,40.000000
79.290001,95.169998,84.459999,40.000000
79.290001,95.169998,84.459999,40.000000
79.290001,95.169998,84.459999,40.000000
79.290001,95.169998,84.459999,40.000000
79.290001,95.169998,84.459999,40.000000
79.290001,95.169998,84.459999,40.000000
79.290001,95.169998,84.459999,40.000000
79.290001,95.169998,84.459999,40.000000
79.290001,95.169998,84.459999,40.000000
79.290001,95.169998,84.459999,40.000000
79.290001,95.169998,84.459999,40.000000
79.290001,95.169998,84.459999,40.000000
79.290001,95.169998,84.459999,40.000000
2
0
0
0
0
1
195.809998,86.339996,30.990005,41.380005
195.809998,86.339996,30.990005,41.380005
195.809998,86.339996,30.990005,41.380005
195.809998,86.339996,30.990005,41.380005
195.809998,86.339996,30.990005,41.380005
195.809998,86.339996,30.990005,41.380005
174.505005,60.309998,30.990005,41.380005
174.505005,60.309998,30.990005,41.380005
174.505005,60.309998,30.990005,41.380005
174.505005,60.309998,30.990005,41.380005
174.505005,60.309998,30.990005,41.380005
174.505005,60.309998,30.990005,41.380005
174.505005,60.309998,30.990005,41.380005
174.505005,60.309998,30.990005,41.380005
174.505005,60.309998,30.990005,41.380005
174.505005,60.309998,30.990005,41.380005
174.505005,60.309998,30.990005,41.380005
174.505005,60.309998,30.990005,41.380005
174.505005,60.309998,30.990005,41.380005
2
0
0
0
0
1
140.639999,89.980003,76.380005,30.859993
140.639999,89.980003,76.380005,30.859993
140.639999,89.980003,76.380005,30.859993
140.639999,89.980003,76.380005,30.859993
140.639999,89.980003,76.380005,30.859993
140.639999,89.980003,76.380005,30.859993
140.639999,89.980003,76.380005,30.859993
118.809998,88.570000,76.380005,30.859993
118.809998,88.570000,76.380005,30.859993
118.809998,88.570000,76.380005,30.859993
118.809998,88.570000,76.380005,30.859993
118.809998,88.570000,76.380005,30.859993
118.809998,88.570000,76.380005,30.859993
118.809998,88.570000,76.380005,30.859993
118.809998,88.570000,76.380005,30.859993
118.809998,88.570000,76.380005,30.859993
118.809998,88.570000,76.380005,30.859993
118.809998,88.570000,76.380005,30.859993
118.809998,88.570000,76.380005,30.859993
118.809998,88.570000,76.380005,30.859993
118.809998,88.570000,76.380005,30.859993
118.809998,88.570000,76.380005,30.859993
118.809998,88.570000,76.380005,30.859993
118.809998,88.570000,76.380005,30.859993
118.809998,88.570000,76.380005,30.859993
118.809998,88.570000,76.380005,30.859993
118.809998,88.570000,76.380005,30.859993
118.809998,88.570000,76.380005,30.859993
118.809998,88.570000,76.380005,30.859993
118.809998,88.570000,76.380005,30.859993
118.809998,88.570000,76.380005,30.859993
118.809998,88.570000,76.380005,30.859993
118.809998,88.570000,76.380005,30.859993
118.809998,88.570000,76.380005,30.859993
2
0
0
0
0
1
78.940002,83.599998,28.189995,35.139999
78.940002,83.599998,28.189995,35.139999
78.940002,83.599998,28.189995,35.139999
78.940002,83.599998,28.189995,35.139999
78.940002,83.599998,28.189995,35.139999
78.940002,83.599998,28.189995,35.139999
78.940002,83.599998,28.189995,35.139999
78.940002,83.599998,28.189995,35.139999
78.940002,83.599998,28.189995,35.139999
78.940002,83.599998,28.189995,35.139999
78.940002,83.599998,28.189995,35.139999
78.940002,83.599998,28.189995,35.139999
78.940002,83.599998,28.189995,35.139999
78.940002,83.599998,28.189995,35.139999
78.940002,83.599998,28.189995,35.139999
78.940002,83.599998,28.189995,35.139999
78.904999,83.430000,28.189995,35.139999
78.904999,83.430000,28.189995,35.139999
78.904999,83.430000,28.189995,35.139999
78.904999,83.430000,28.189995,35.139999
78.904999,83.430000,28.189995,35.139999
78.904999,83.430000,28.189995,35.139999
78.904999,83.430000,28.189995,35.139999
78.904999,83.430000,28.189995,35.139999
78.904999,83.430000,28.189995,35.139999
78.904999,83.430000,28.189995,35.139999
78.904999,83.430000,28.189995,35.139999
78.904999,83.430000,28.189995,35.139999
2
0
0
0
0
1
136.509995,46.810001,75.020004,32.270000
136.509995,46.810001,75.020004,32.270000
136.509995,46.810001,75.020004,32.270000
136.509995,46.810001,75.020004,32.270000
136.509995,46.810001,75.020004,32.270000
136.509995,46.810001,75.020004,32.270000
136.509995,46.810001,75.020004,32.270000
136.509995,46.810001,75.020004,32.270000
136.509995,46.810001,75.020004,32.270000
136.509995,46.810001,75.020004,32.270000
136.509995,46.810001,75.020004,32.270000
136.509995,46.810001,75.020004,32.270000
136.509995,46.810001,75.020004,32.270000
2
0
0
0
0
1
