1
122.040001,22.700001,45.139992,36.599998
122.040001,22.700001,45.139992,36.599998
122.040001,22.700001,45.139992,36.599998
122.040001,22.700001,45.139992,36.599998
122.040001,22.700001,45.139992,36.599998
122.040001,22.700001,45.139992,36.599998
122.040001,22.700001,45.139992,36.599998
122.040001,22.700001,45.139992,36.599998
122.040001,22.700001,45.139992,36.599998
122.040001,22.700001,45.139992,36.599998
122.040001,22.700001,45.139992,36.599998
122.040001,22.700001,45.139992,36.599998
122.040001,22.700001,45.139992,36.599998
122.040001,22.700001,45.139992,36.599998
122.040001,22.700001,45.139992,36.599998
122.040001,22.700001,45.139992,36.599998
121.430000,22.700001,45.139992,36.599998
121.430000,22.700001,45.139992,36.599998
121.430000,22.700001,45.139992,36.599998
121.430000,22.700001,45.139992,36.599998
121.430000,22.700001,45.139992,36.599998
121.430000,22.700001,45.139992,36.599998
121.430000,22.700001,45.139992,36.599998
121.430000,22.700001,45.139992,36.599998
121.430000,22.700001,45.139992,36.599998
121.430000,22.700001,45.139992,36.599998
121.430000,22.700001,45.139992,36.599998
121.430000,22.700001,45.139992,36.599998
121.430000,22.700001,45.139992,36.599998
121.430000,22.700001,45.139992,36.599998
121.430000,22.700001,45.139992,36.599998
121.430000,22.700001,45.139992,36.599998
121.430000,22.700001,45.139992,36.599998
121.430000,22.700001,45.139992,36.599998
121.430000,22.700001,45.139992,36.599998
121.430000,22.700001,45.139992,36.599998
121.430000,22.700001,45.139992,36.599998
121.430000,22.700001,45.139992,36.599998
121.430000,22.700001,45.139992,36.599998
2
0
0
0
0
1
116.040001,67.279999,14.820000,26.080002
116.040001,67.279999,14.820000,26.080002
116.040001,67.279999,14.820000,26.080002
116.040001,67.279999,14.820000,26.080002
110.589996,68.959999,14.820000,26.080002
110.589996,68.959999,14.820000,26.080002
110.589996,68.959999,14.820000,26.080002
110.589996,68.959999,14.820000,26.080002
110.589996,68.959999,14.820000,26.080002
110.589996,68.959999,14.820000,26.080002
110.589996,68.959999,14.820000,26.080002
110.589996,68.959999,14.820000,26.080002
106.589996,64.959999,14.820000,26.080002
106.589996,64.959999,14.820000,26.080002
106.589996,64.959999,14.820000,26.080002
106.589996,64.959999,14.820000,26.080002
106.589996,64.959999,14.820000,26.080002
106.589996,64.959999,14.820000,26.080002
106.589996,64.959999,14.820000,26.080002
106.589996,64.959999,14.820000,26.080002
106.589996,64.959999,14.820000,26.080002
106.589996,64.959999,14.820000,26.080002
106.589996,64.959999,14.820000,26.080002
106.589996,64.959999,14.820000,26.080002
106.589996,64.959999,14.820000,26.080002
106.589996,64.959999,14.820000,26.080002
106.589996,64.959999,14.820000,26.080002
106.589996,64.959999,14.820000,26.080002
106.589996,64.959999,14.820000,26.080002
106.589996,64.959999,14.820000,26.080002
106.589996,64.959999,14.820000,26.080002
106.589996,64.959999,14.820000,26.080002
106.589996,64.959999,14.820000,26.080002
106.589996,64.959999,14.820000,26.080002
106.589996,64.959999,14.820000,26.080002
106.589996,64.959999,14.820000,26.080002
119.589996,71.959999,14.820000,26.080002
119.589996,71.959999,14.820000,26.080002
119.589996,71.959999,14.820000,26.080002
119.589996,71.959999,14.820000,26.080002
119.589996,71.959999,14.820000,26.080002
119.589996,71.959999,14.820000,26.080002
119.589996,71.959999,14.820000,26.080002
119.589996,71.959999,14.820000,26.080002
119.589996,71.959999,14.820000,26.080002
119.589996,71.959999,14.820000,26.080002
119.589996,71.959999,14.820000,26.080002
119.589996,71.959999,14.820000,26.080002
119.589996,71.959999,14.820000,26.080002
119.589996,71.959999,14.820000,26.080002
119.589996,71.959999,14.820000,26.080002
119.589996,71.959999,14.820000,26.080002
119.589996,71.959999,14.820000,26.080002
119.589996,71.959999,14.820000,26.080002
119.589996,71.959999,14.820000,26.080002
119.589996,71.959999,14.820000,26.080002
119.589996,71.959999,14.820000,26.080002
119.589996,71.959999,14.820000,26.080002
119.589996,71.959999,14.820000,26.080002
119.589996,71.959999,14.820000,26.080002
119.589996,71.959999,14.820000,26.080002
119.589996,71.959999,14.820000,26.080002
119.589996,71.959999,14.820000,26.080002
119.589996,71.959999,14.820000,26.080002
119.589996,71.959999,14.820000,26.080002
119.589996,71.959999,14.820000,26.080002
2
0
0
0
0
1
149.679993,79.550003,68.450012,33.869995
149.679993,79.550003,68.450012,33.869995
149.679993,79.550003,68.450012,33.869995
149.679993,79.550003,68.450012,33.869995
149.679993,79.550003,68.450012,33.869995
149.679993,79.550003,68.450012,33.869995
149.679993,79.550003,68.450012,33.869995
149.679993,79.550003,68.450012,33.869995
177.774994,87.065002,68.450012,33.869995
177.774994,87.065002,68.450012,33.869995
177.774994,87.065002,68.450012,33.869995
177.774994,87.065002,68.450012,33.869995
177.774994,87.065002,68.450012,33.869995
177.774994,87.065002,68.450012,33.869995
177.774994,87.065002,68.450012,33.869995
177.774994,87.065002,68.450012,33.869995
177.774994,87.065002,68.450012,33.869995
177.774994,87.065002,68.450012,33.869995
177.774994,87.065002,68.450012,33.869995
177.774994,87.065002,68.450012,33.869995
201.774994,85.065002,68.450012,33.869995
201.774994,85.065002,68.450012,33.869995
201.774994,85.065002,68.450012,33.869995
201.774994,85.065002,68.450012,33.869995
201.774994,85.065002,68.450012,33.869995
201.774994,85.065002,68.450012,33.869995
228.774994,89.065002,68.450012,33.869995
228.774994,89.065002,68.450012,33.869995
228.774994,89.065002,68.450012,33.869995
228.774994,89.065002,68.450012,33.869995
228.774994,89.065002,68.450012,33.869995
228.774994,89.065002,68.450012,33.869995
228.774994,89.065002,68.450012,33.869995
228.774994,89.065002,68.450012,33.869995
228.774994,89.065002,68.450012,33.869995
228.774994,89.065002,68.450012,33.869995
228.774994,89.065002,68.450012,33.869995
228.774994,89.065002,68.450012,33.869995
228.774994,89.065002,68.450012,33.869995
228.774994,89.065002,68.450012,33.869995
228.774994,89.065002,68.450012,33.869995
228.774994,89.065002,68.450012,33.869995
228.774994,89.065002,68.450012,33.869995
228.774994,89.065002,68.450012,33.869995
228.774994,89.065002,68.450012,33.869995
228.774994,89.065002,68.450012,33.869995
228.774994,89.065002,68.450012,33.869995
228.774994,89.065002,68.450012,33.869995
228.774994,89.065002,68.450012,33.869995
228.774994,89.065002,68.450012,33.869995
228.774994,89.065002,68.450012,33.869995
228.774994,89.065002,68.450012,33.869995
228.774994,89.065002,68.450012,33.869995
240.774994,73.065002,68.450012,33.869995
240.774994,73.065002,68.450012,33.869995
240.774994,73.065002,68.450012,33.869995
240.774994,73.065002,68.450012,33.869995
240.774994,73.065002,68.450012,33.869995
240.774994,73.065002,68.450012,33.869995
240.774994,73.065002,68.450012,33.869995
240.774994,73.065002,68.450012,33.869995
240.774994,73.065002,68.450012,33.869995
240.774994,73.065002,68.450012,33.869995
235.774994,63.065002,68.450012,33.869995
235.774994,63.065002,68.450012,33.869995
235.774994,63.065002,68.450012,33.869995
213.774994,64.065002,68.450012,33.869995
213.774994,64.065002,68.450012,33.869995
175.774994,63.065002,68.450012,33.869995
175.774994,63.065002,68.450012,33.869995
175.774994,63.065002,68.450012,33.869995
175.774994,63.065002,68.450012,33.869995
175.774994,63.065002,68.450012,33.869995
175.774994,63.065002,68.450012,33.869995
175.774994,63.065002,68.450012,33.869995
175.774994,63.065002,68.450012,33.869995
151.774994,79.065002,68.450012,33.869995
151.774994,79.065002,68.450012,33.869995
151.774994,79.065002,68.450012,33.869995
151.774994,79.065002,68.450012,33.869995
151.774994,79.065002,68.450012,33.869995
151.774994,79.065002,68.450012,33.869995
151.774994,79.065002,68.450012,33.869995
151.774994,79.065002,68.450012,33.869995
151.774994,79.065002,68.450012,33.869995
151.774994,79.065002,68.450012,33.869995
151.774994,79.065002,68.450012,33.869995
151.774994,79.065002,68.450012,33.869995
151.774994,79.065002,68.450012,33.869995
151.774994,79.065002,68.450012,33.869995
151.774994,79.065002,68.450012,33.869995
151.774994,79.065002,68.450012,33.869995
151.774994,79.065002,68.450012,33.869995
151.774994,79.065002,68.450012,33.869995
151.774994,79.065002,68.450012,33.869995
2
0
0
0
0
1
85.610001,80.570000,48.029999,36.510002
85.610001,80.570000,48.029999,36.510002
85.610001,80.570000,48.029999,36.510002
85.610001,80.570000,48.029999,36.510002
85.610001,80.570000,48.029999,36.510002
85.610001,80.570000,48.029999,36.510002
85.610001,80.570000,48.029999,36.510002
85.610001,80.570000,48.029999,36.510002
84.985001,79.745003,48.029999,36.510002
84.985001,79.745003,48.029999,36.510002
84.985001,79.745003,48.029999,36.510002
84.985001,79.745003,48.029999,36.510002
84.985001,79.745003,48.029999,36.510002
84.985001,79.745003,48.029999,36.510002
84.985001,79.745003,48.029999,36.510002
84.985001,79.745003,48.029999,36.510002
84.985001,79.745003,48.029999,36.510002
84.985001,79.745003,48.029999,36.510002
84.985001,79.745003,48.029999,36.510002
84.985001,79.745003,48.029999,36.510002
2
0
0
0
0
1
53.470001,116.050003,26.369995,41.539993
53.470001,116.050003,26.369995,41.539993
53.470001,116.050003,26.369995,41.539993
53.470001,116.050003,26.369995,41.539993
53.470001,116.050003,26.369995,41.539993
53.470001,116.050003,26.369995,41.539993
53.470001,116.050003,26.369995,41.539993
53.470001,116.050003,26.369995,41.539993
45.815002,111.230003,26.369995,41.539993
45.815002,111.230003,26.369995,41.539993
45.815002,111.230003,26.369995,41.539993
45.815002,111.230003,26.369995,41.539993
45.815002,111.230003,26.369995,41.539993
45.815002,111.230003,26.369995,41.539993
45.815002,111.230003,26.369995,41.539993
45.815002,111.230003,26.369995,41.539993
45.815002,111.230003,26.369995,41.539993
45.815002,111.230003,26.369995,41.539993
45.815002,111.230003,26.369995,41.539993
45.815002,111.230003,26.369995,41.539993
45.815002,111.230003,26.369995,41.539993
45.815002,111.230003,26.369995,41.539993
45.815002,111.230003,26.369995,41.539993
45.815002,111.230003,26.369995,41.539993
45.815002,111.230003,26.369995,41.539993
45.815002,111.230003,26.369995,41.539993
45.815002,111.230003,26.369995,41.539993
45.815002,111.230003,26.369995,41.539993
45.815002,111.230003,26.369995,41.539993
45.815002,111.230003,26.369995,41.539993
45.815002,111.230003,26.369995,41.539993
45.815002,111.230003,26.369995,41.539993
45.815002,111.230003,26.369995,41.539993
45.815002,111.230003,26.369995,41.539993
45.815002,111.230003,26.369995,41.539993
45.815002,111.230003,26.369995,41.539993
45.815002,111.230003,26.369995,41.539993
45.815002,111.230003,26.369995,41.539993
45.815002,111.230003,26.369995,41.539993
45.815002,111.230003,26.369995,41.539993
45.815002,111.230003,26.369995,41.539993
45.815002,111.230003,26.369995,41.539993
45.815002,111.230003,26.369995,41.539993
45.815002,111.230003,26.369995,41.539993
45.815002,111.230003,26.369995,41.539993
2
0
0
0
0
1
85.150002,94.250000,92.459999,41.029999
85.150002,94.250000,92.459999,41.029999
85.150002,94.250000,92.459999,41.029999
85.150002,94.250000,92.459999,41.029999
85.150002,94.250000,92.459999,41.029999
85.150002,94.250000,92.459999,41.029999
85.150002,94.250000,92.459999,41.029999
85.150002,94.250000,92.459999,41.029999
85.150002,94.250000,92.459999,41.029999
85.150002,94.250000,92.459999,41.029999
85.150002,94.250000,92.459999,41.029999
85.150002,94.250000,92.459999,41.029999
85.150002,94.250000,92.459999,41.029999
85.150002,94.250000,92.459999,41.029999
85.150002,94.250000,92.459999,41.029999
85.150002,94.250000,92.459999,41.029999
85.150002,94.250000,92.459999,41.029999
85.150002,94.250000,92.459999,41.029999
85.150002,94.250000,92.459999,41.029999
2
0
0
0
0
1
192.750000,83.220001,31.789993,37.099998
192.750000,83.220001,31.789993,37.099998
192.750000,83.220001,31.789993,37.099998
192.750000,83.220001,31.789993,37.099998
192.750000,83.220001,31.789993,37.099998
192.750000,83.220001,31.789993,37.099998
192.750000,83.220001,31.789993,37.099998
192.750000,83.220001,31.789993,37.099998
192.750000,83.220001,31.789993,37.099998
192.750000,83.220001,31.789993,37.099998
192.750000,83.220001,31.789993,37.099998
192.750000,83.220001,31.789993,37.099998
192.750000,83.220001,31.789993,37.099998
192.750000,83.220001,31.789993,37.099998
192.750000,83.220001,31.789993,37.099998
192.750000,83.220001,31.789993,37.099998
192.750000,83.220001,31.789993,37.099998
192.750000,83.220001,31.789993,37.099998
192.750000,83.220001,31.789993,37.099998
192.750000,83.220001,31.789993,37.099998
192.750000,83.220001,31.789993,37.099998
2
0
0
0
0
1
118.849998,83.410004,81.650002,34.349998
118.849998,83.410004,81.650002,34.349998
118.849998,83.410004,81.650002,34.349998
118.849998,83.410004,81.650002,34.349998
118.849998,83.410004,81.650002,34.349998
118.849998,83.410004,81.650002,34.349998
118.849998,83.410004,81.650002,34.349998
118.849998,83.410004,81.650002,34.349998
118.849998,83.410004,81.650002,34.349998
118.849998,83.410004,81.650002,34.349998
118.849998,83.410004,81.650002,34.349998
118.849998,83.410004,81.650002,34.349998
118.849998,83.410004,81.650002,34.349998
118.849998,83.410004,81.650002,34.349998
118.849998,83.410004,81.650002,34.349998
118.849998,83.410004,81.650002,34.349998
118.174995,82.825005,81.650002,34.349998
118.174995,82.825005,81.650002,34.349998
118.174995,82.825005,81.650002,34.349998
118.174995,82.825005,81.650002,34.349998
118.174995,82.825005,81.650002,34.349998
118.174995,82.825005,81.650002,34.349998
118.174995,82.825005,81.650002,34.349998
118.174995,82.825005,81.650002,34.349998
118.174995,82.825005,81.650002,34.349998
118.174995,82.825005,81.650002,34.349998
118.174995,82.825005,81.650002,34.349998
118.174995,82.825005,81.650002,34.349998
118.174995,82.825005,81.650002,34.349998
2
0
0
0
0
1
76.500000,82.370003,29.949997,41.180000
76.500000,82.370003,29.949997,41.180000
76.500000,82.370003,29.949997,41.180000
76.500000,82.370003,29.949997,41.180000
76.500000,82.370003,29.949997,41.180000
76.500000,82.370003,29.949997,41.180000
76.500000,82.370003,29.949997,41.180000
76.500000,82.370003,29.949997,41.180000
76.500000,82.370003,29.949997,41.180000
76.500000,82.370003,29.949997,41.180000
76.500000,82.370003,29.949997,41.180000
76.500000,82.370003,29.949997,41.180000
76.500000,82.370003,29.949997,41.180000
76.500000,82.370003,29.949997,41.180000
76.500000,82.370003,29.949997,41.180000
76.500000,82.370003,29.949997,41.180000
76.500000,82.370003,29.949997,41.180000
76.500000,82.370003,29.949997,41.180000
76.500000,82.370003,29.949997,41.180000
76.500000,82.370003,29.949997,41.180000
76.500000,82.370003,29.949997,41.180000
76.500000,82.370003,29.949997,41.180000
76.500000,82.370003,29.949997,41.180000
76.500000,82.370003,29.949997,41.180000
76.025002,81.410004,29.949997,41.180000
76.025002,81.410004,29.949997,41.180000
76.025002,81.410004,29.949997,41.180000
2
0
0
0
0
1
139.949997,43.889999,64.440002,33.379997
139.949997,43.889999,64.440002,33.379997
139.949997,43.889999,64.440002,33.379997
139.949997,43.889999,64.440002,33.379997
139.949997,43.889999,64.440002,33.379997
139.949997,43.889999,64.440002,33.379997
139.949997,43.889999,64.440002,33.379997
139.949997,43.889999,64.440002,33.379997
139.949997,43.889999,64.440002,33.379997
139.949997,43.889999,64.440002,33.379997
139.949997,43.889999,64.440002,33.379997
139.949997,43.889999,64.440002,33.379997
2
0
0
0
0
1
233.990005,35.580002,32.860001,36.809998
233.990005,35.580002,32.860001,36.809998
