1
125.709999,19.990000,45.519997,36.099998
125.709999,19.990000,45.519997,36.099998
125.709999,19.990000,45.519997,36.099998
125.709999,19.990000,45.519997,36.099998
125.709999,19.990000,45.519997,36.099998
125.709999,19.990000,45.519997,36.099998
125.709999,19.990000,45.519997,36.099998
125.709999,19.990000,45.519997,36.099998
125.239998,19.950001,45.519997,36.099998
125.239998,19.950001,45.519997,36.099998
125.239998,19.950001,45.519997,36.099998
125.239998,19.950001,45.519997,36.099998
125.239998,19.950001,45.519997,36.099998
125.239998,19.950001,45.519997,36.099998
125.239998,19.950001,45.519997,36.099998
125.239998,19.950001,45.519997,36.099998
125.239998,19.950001,45.519997,36.099998
125.239998,19.950001,45.519997,36.099998
125.239998,19.950001,45.519997,36.099998
125.239998,19.950001,45.519997,36.099998
125.239998,19.950001,45.519997,36.099998
125.239998,19.950001,45.519997,36.099998
125.239998,19.950001,45.519997,36.099998
125.239998,19.950001,45.519997,36.099998
125.239998,19.950001,45.519997,36.099998
125.239998,19.950001,45.519997,36.099998
125.239998,19.950001,45.519997,36.099998
125.239998,19.950001,45.519997,36.099998
125.239998,19.950001,45.519997,36.099998
125.239998,19.950001,45.519997,36.099998
125.239998,19.950001,45.519997,36.099998
125.239998,19.950001,45.519997,36.099998
125.239998,19.950001,45.519997,36.099998
125.239998,19.950001,45.519997,36.099998
125.239998,19.950001,45.519997,36.099998
125.239998,19.950001,45.519997,36.099998
125.239998,19.950001,45.519997,36.099998
2
0
0
0
0
1
120.559998,66.480003,14.800003,28.079994
120.559998,66.480003,14.800003,28.079994
120.559998,66.480003,14.800003,28.079994
120.559998,66.480003,14.800003,28.079994
120.559998,66.480003,14.800003,28.079994
111.599998,69.960007,14.800003,28.079994
111.599998,69.960007,14.800003,28.079994
111.599998,69.960007,14.800003,28.079994
111.599998,69.960007,14.800003,28.079994
111.599998,69.960007,14.800003,28.079994
111.599998,69.960007,14.800003,28.079994
111.599998,69.960007,14.800003,28.079994
111.599998,69.960007,14.800003,28.079994
111.599998,69.960007,14.800003,28.079994
111.599998,69.960007,14.800003,28.079994
111.599998,69.960007,14.800003,28.079994
111.599998,69.960007,14.800003,28.079994
111.599998,69.960007,14.800003,28.079994
111.599998,69.960007,14.800003,28.079994
111.599998,69.960007,14.800003,28.079994
111.599998,69.960007,14.800003,28.079994
111.599998,69.960007,14.800003,28.079994
111.599998,69.960007,14.800003,28.079994
111.599998,69.960007,14.800003,28.079994
111.599998,69.960007,14.800003,28.079994
111.599998,69.960007,14.800003,28.079994
111.599998,69.960007,14.800003,28.079994
111.599998,69.960007,14.800003,28.079994
111.599998,69.960007,14.800003,28.079994
111.599998,69.960007,14.800003,28.079994
111.599998,69.960007,14.800003,28.079994
111.599998,69.960007,14.800003,28.079994
111.599998,69.960007,14.800003,28.079994
111.599998,69.960007,14.800003,28.079994
111.599998,69.960007,14.800003,28.079994
111.599998,69.960007,14.800003,28.079994
111.599998,69.960007,14.800003,28.079994
111.599998,69.960007,14.800003,28.079994
111.599998,69.960007,14.800003,28.079994
111.599998,69.960007,14.800003,28.079994
111.599998,69.960007,14.800003,28.079994
111.599998,69.960007,14.800003,28.079994
111.599998,69.960007,14.800003,28.079994
111.599998,69.960007,14.800003,28.079994
126.599998,68.960007,14.800003,28.079994
126.599998,68.960007,14.800003,28.079994
126.599998,68.960007,14.800003,28.079994
126.599998,68.960007,14.800003,28.079994
126.599998,68.960007,14.800003,28.079994
133.600006,69.960007,14.800003,28.079994
133.600006,69.960007,14.800003,28.079994
133.600006,69.960007,14.800003,28.079994
133.600006,69.960007,14.800003,28.079994
133.600006,69.960007,14.800003,28.079994
133.600006,69.960007,14.800003,28.079994
133.600006,69.960007,14.800003,28.079994
133.600006,69.960007,14.800003,28.079994
133.600006,69.960007,14.800003,28.079994
133.600006,69.960007,14.800003,28.079994
133.600006,69.960007,14.800003,28.079994
133.600006,69.960007,14.800003,28.079994
133.600006,69.960007,14.800003,28.079994
133.600006,69.960007,14.800003,28.079994
133.600006,69.960007,14.800003,28.079994
133.600006,69.960007,14.800003,28.079994
133.600006,69.960007,14.800003,28.079994
133.600006,69.960007,14.800003,28.079994
133.600006,69.960007,14.800003,28.079994
133.600006,69.960007,14.800003,28.079994
133.600006,69.960007,14.800003,28.079994
133.600006,69.960007,14.800003,28.079994
133.600006,69.960007,14.800003,28.079994
133.600006,69.960007,14.800003,28.079994
133.600006,69.960007,14.800003,28.079994
2
0
0
0
0
1
154.679993,80.459999,73.030014,40.830002
154.679993,80.459999,73.030014,40.830002
154.679993,80.459999,73.030014,40.830002
154.679993,80.459999,73.030014,40.830002
154.679993,80.459999,73.030014,40.830002
154.679993,80.459999,73.030014,40.830002
154.679993,80.459999,73.030014,40.830002
154.679993,80.459999,73.030014,40.830002
154.485001,79.584999,73.030014,40.830002
154.485001,79.584999,73.030014,40.830002
154.485001,79.584999,73.030014,40.830002
154.485001,79.584999,73.030014,40.830002
154.485001,79.584999,73.030014,40.830002
154.485001,79.584999,73.030014,40.830002
154.485001,79.584999,73.030014,40.830002
195.485001,77.584999,73.030014,40.830002
195.485001,77.584999,73.030014,40.830002
195.485001,77.584999,73.030014,40.830002
195.485001,77.584999,73.030014,40.830002
195.485001,77.584999,73.030014,40.830002
195.485001,77.584999,73.030014,40.830002
195.485001,77.584999,73.030014,40.830002
241.485001,85.584999,73.030014,40.830002
241.485001,85.584999,73.030014,40.830002
241.485001,85.584999,73.030014,40.830002
241.485001,85.584999,73.030014,40.830002
241.485001,85.584999,73.030014,40.830002
241.485001,85.584999,73.030014,40.830002
241.485001,85.584999,73.030014,40.830002
241.485001,85.584999,73.030014,40.830002
241.485001,85.584999,73.030014,40.830002
241.485001,85.584999,73.030014,40.830002
241.485001,85.584999,73.030014,40.830002
241.485001,85.584999,73.030014,40.830002
241.485001,85.584999,73.030014,40.830002
241.485001,85.584999,73.030014,40.830002
241.485001,85.584999,73.030014,40.830002
241.485001,85.584999,73.030014,40.830002
241.485001,85.584999,73.030014,40.830002
241.485001,85.584999,73.030014,40.830002
241.485001,85.584999,73.030014,40.830002
241.485001,85.584999,73.030014,40.830002
241.485001,85.584999,73.030014,40.830002
241.485001,85.584999,73.030014,40.830002
241.485001,85.584999,73.030014,40.830002
241.485001,85.584999,73.030014,40.830002
241.485001,85.584999,73.030014,40.830002
241.485001,85.584999,73.030014,40.830002
241.485001,85.584999,73.030014,40.830002
241.485001,85.584999,73.030014,40.830002
2
0
0
0
0
1
218.160004,51.790001,72.239990,35.360001
218.160004,51.790001,72.239990,35.360001
218.160004,51.790001,72.239990,35.360001
218.160004,51.790001,72.239990,35.360001
198.880005,54.320000,72.239990,35.360001
198.880005,54.320000,72.239990,35.360001
198.880005,54.320000,72.239990,35.360001
198.880005,54.320000,72.239990,35.360001
198.880005,54.320000,72.239990,35.360001
198.880005,54.320000,72.239990,35.360001
198.880005,54.320000,72.239990,35.360001
198.880005,54.320000,72.239990,35.360001
164.880005,62.320000,72.239990,35.360001
164.880005,62.320000,72.239990,35.360001
164.880005,62.320000,72.239990,35.360001
164.880005,62.320000,72.239990,35.360001
164.880005,62.320000,72.239990,35.360001
138.880005,59.320000,72.239990,35.360001
138.880005,59.320000,72.239990,35.360001
138.880005,59.320000,72.239990,35.360001
138.880005,59.320000,72.239990,35.360001
138.880005,59.320000,72.239990,35.360001
138.880005,59.320000,72.239990,35.360001
138.880005,59.320000,72.239990,35.360001
138.880005,59.320000,72.239990,35.360001
138.880005,59.320000,72.239990,35.360001
138.880005,59.320000,72.239990,35.360001
138.880005,59.320000,72.239990,35.360001
138.880005,59.320000,72.239990,35.360001
138.880005,59.320000,72.239990,35.360001
138.880005,59.320000,72.239990,35.360001
138.880005,59.320000,72.239990,35.360001
138.880005,59.320000,72.239990,35.360001
138.880005,59.320000,72.239990,35.360001
138.880005,59.320000,72.239990,35.360001
2
0
0
0
0
1
79.510002,80.930000,37.059998,38.290001
79.510002,80.930000,37.059998,38.290001
79.510002,80.930000,37.059998,38.290001
79.510002,80.930000,37.059998,38.290001
79.510002,80.930000,37.059998,38.290001
79.510002,80.930000,37.059998,38.290001
79.510002,80.930000,37.059998,38.290001
79.510002,80.930000,37.059998,38.290001
62.470001,93.854996,37.059998,38.290001
62.470001,93.854996,37.059998,38.290001
62.470001,93.854996,37.059998,38.290001
62.470001,93.854996,37.059998,38.290001
62.470001,93.854996,37.059998,38.290001
62.470001,93.854996,37.059998,38.290001
62.470001,93.854996,37.059998,38.290001
62.470001,93.854996,37.059998,38.290001
62.470001,93.854996,37.059998,38.290001
62.470001,93.854996,37.059998,38.290001
62.470001,93.854996,37.059998,38.290001
62.470001,93.854996,37.059998,38.290001
62.470001,93.854996,37.059998,38.290001
62.470001,93.854996,37.059998,38.290001
50.470001,110.854996,37.059998,38.290001
50.470001,110.854996,37.059998,38.290001
50.470001,110.854996,37.059998,38.290001
50.470001,110.854996,37.059998,38.290001
50.470001,110.854996,37.059998,38.290001
50.470001,110.854996,37.059998,38.290001
50.470001,110.854996,37.059998,38.290001
50.470001,110.854996,37.059998,38.290001
50.470001,110.854996,37.059998,38.290001
50.470001,110.854996,37.059998,38.290001
50.470001,110.854996,37.059998,38.290001
30.470001,114.854996,37.059998,38.290001
30.470001,114.854996,37.059998,38.290001
30.470001,114.854996,37.059998,38.290001
30.470001,114.854996,37.059998,38.290001
30.470001,114.854996,37.059998,38.290001
30.470001,114.854996,37.059998,38.290001
30.470001,114.854996,37.059998,38.290001
30.470001,114.854996,37.059998,38.290001
30.470001,114.854996,37.059998,38.290001
30.470001,114.854996,37.059998,38.290001
30.470001,114.854996,37.059998,38.290001
30.470001,114.854996,37.059998,38.290001
30.470001,114.854996,37.059998,38.290001
30.470001,114.854996,37.059998,38.290001
30.470001,114.854996,37.059998,38.290001
30.470001,114.854996,37.059998,38.290001
30.470001,114.854996,37.059998,38.290001
30.470001,114.854996,37.059998,38.290001
30.470001,114.854996,37.059998,38.290001
30.470001,114.854996,37.059998,38.290001
30.470001,114.854996,37.059998,38.290001
30.470001,114.854996,37.059998,38.290001
30.470001,114.854996,37.059998,38.290001
30.470001,114.854996,37.059998,38.290001
30.470001,114.854996,37.059998,38.290001
30.470001,114.854996,37.059998,38.290001
30.470001,114.854996,37.059998,38.290001
30.470001,114.854996,37.059998,38.290001
30.470001,114.854996,37.059998,38.290001
30.470001,114.854996,37.059998,38.290001
30.470001,114.854996,37.059998,38.290001
30.470001,114.854996,37.059998,38.290001
30.470001,114.854996,37.059998,38.290001
30.470001,114.854996,37.059998,38.290001
2
0
0
0
0
1
79.379997,92.529999,77.750008,38.750000
79.379997,92.529999,77.750008,38.750000
79.379997,92.529999,77.750008,38.750000
79.379997,92.529999,77.750008,38.750000
79.379997,92.529999,77.750008,38.750000
79.379997,92.529999,77.750008,38.750000
79.379997,92.529999,77.750008,38.750000
79.379997,92.529999,77.750008,38.750000
79.379997,92.529999,77.750008,38.750000
79.379997,92.529999,77.750008,38.750000
79.379997,92.529999,77.750008,38.750000
79.379997,92.529999,77.750008,38.750000
79.379997,92.529999,77.750008,38.750000
79.379997,92.529999,77.750008,38.750000
79.379997,92.529999,77.750008,38.750000
79.379997,92.529999,77.750008,38.750000
79.379997,92.529999,77.750008,38.750000
2
0
0
0
0
1
189.369995,86.519997,32.270004,42.349998
189.369995,86.519997,32.270004,42.349998
189.369995,86.519997,32.270004,42.349998
189.369995,86.519997,32.270004,42.349998
189.369995,86.519997,32.270004,42.349998
189.369995,86.519997,32.270004,42.349998
177.865005,59.825001,32.270004,42.349998
177.865005,59.825001,32.270004,42.349998
177.865005,59.825001,32.270004,42.349998
177.865005,59.825001,32.270004,42.349998
177.865005,59.825001,32.270004,42.349998
177.865005,59.825001,32.270004,42.349998
177.865005,59.825001,32.270004,42.349998
177.865005,59.825001,32.270004,42.349998
177.865005,59.825001,32.270004,42.349998
177.865005,59.825001,32.270004,42.349998
177.865005,59.825001,32.270004,42.349998
177.865005,59.825001,32.270004,42.349998
177.865005,59.825001,32.270004,42.349998
154.865005,61.825001,32.270004,42.349998
154.865005,61.825001,32.270004,42.349998
154.865005,61.825001,32.270004,42.349998
154.865005,61.825001,32.270004,42.349998
154.865005,61.825001,32.270004,42.349998
154.865005,61.825001,32.270004,42.349998
154.865005,61.825001,32.270004,42.349998
154.865005,61.825001,32.270004,42.349998
154.865005,61.825001,32.270004,42.349998
154.865005,61.825001,32.270004,42.349998
154.865005,61.825001,32.270004,42.349998
154.865005,61.825001,32.270004,42.349998
154.865005,61.825001,32.270004,42.349998
154.865005,61.825001,32.270004,42.349998
154.865005,61.825001,32.270004,42.349998
154.865005,61.825001,32.270004,42.349998
154.865005,61.825001,32.270004,42.349998
154.865005,61.825001,32.270004,42.349998
154.865005,61.825001,32.270004,42.349998
154.865005,61.825001,32.270004,42.349998
154.865005,61.825001,32.270004,42.349998
154.865005,61.825001,32.270004,42.349998
154.865005,61.825001,32.270004,42.349998
154.865005,61.825001,32.270004,42.349998
154.865005,61.825001,32.270004,42.349998
154.865005,61.825001,32.270004,42.349998
2
0
0
0
0
1
73.459999,89.400002,59.950005,35.729996
73.459999,89.400002,59.950005,35.729996
73.459999,89.400002,59.950005,35.729996
73.459999,89.400002,59.950005,35.729996
73.459999,89.400002,59.950005,35.729996
73.459999,89.400002,59.950005,35.729996
73.459999,89.400002,59.950005,35.729996
73.459999,89.400002,59.950005,35.729996
73.459999,89.400002,59.950005,35.729996
73.459999,89.400002,59.950005,35.729996
73.459999,89.400002,59.950005,35.729996
73.459999,89.400002,59.950005,35.729996
73.459999,89.400002,59.950005,35.729996
73.459999,89.400002,59.950005,35.729996
73.459999,89.400002,59.950005,35.729996
73.459999,89.400002,59.950005,35.729996
73.459999,89.400002,59.950005,35.729996
73.459999,89.400002,59.950005,35.729996
73.459999,89.400002,59.950005,35.729996
73.459999,89.400002,59.950005,35.729996
73.459999,89.400002,59.950005,35.729996
73.459999,89.400002,59.950005,35.729996
73.459999,89.400002,59.950005,35.729996
73.459999,89.400002,59.950005,35.729996
73.459999,89.400002,59.950005,35.729996
73.459999,89.400002,59.950005,35.729996
73.459999,89.400002,59.950005,35.729996
73.459999,89.400002,59.950005,35.729996
73.459999,89.400002,59.950005,35.729996
73.459999,89.400002,59.950005,35.729996
73.459999,89.400002,59.950005,35.729996
73.459999,89.400002,59.950005,35.729996
73.459999,89.400002,59.950005,35.729996
73.459999,89.400002,59.950005,35.729996
73.459999,89.400002,59.950005,35.729996
73.459999,89.400002,59.950005,35.729996
73.459999,89.400002,59.950005,35.729996
73.459999,89.400002,59.950005,35.729996
73.459999,89.400002,59.950005,35.729996
2
0
0
0
0
1
115.500000,47.189999,71.309998,37.500004
115.500000,47.189999,71.309998,37.500004
115.500000,47.189999,71.309998,37.500004
115.500000,47.189999,71.309998,37.500004
115.500000,47.189999,71.309998,37.500004
115.500000,47.189999,71.309998,37.500004
115.500000,47.189999,71.309998,37.500004
115.500000,47.189999,71.309998,37.500004
115.500000,47.189999,71.309998,37.500004
115.500000,47.189999,71.309998,37.500004
115.500000,47.189999,71.309998,37.500004
115.500000,47.189999,71.309998,37.500004
2
0
0
0
0
1
214.320007,40.209999,35.909988,34.080002
214.320007,40.209999,35.909988,34.080002
214.320007,40.209999,35.909988,34.080002
222.045013,28.959999,35.909988,34.080002
222.045013,28.959999,35.909988,34.080002
