1
126.320000,22.030001,50.040001,36.760002
126.320000,22.030001,50.040001,36.760002
126.320000,22.030001,50.040001,36.760002
126.320000,22.030001,50.040001,36.760002
126.320000,22.030001,50.040001,36.760002
126.320000,22.030001,50.040001,36.760002
126.320000,22.030001,50.040001,36.760002
126.320000,22.030001,50.040001,36.760002
126.320000,22.030001,50.040001,36.760002
126.320000,22.030001,50.040001,36.760002
126.320000,22.030001,50.040001,36.760002
126.320000,22.030001,50.040001,36.760002
126.320000,22.030001,50.040001,36.760002
126.320000,22.030001,50.040001,36.760002
126.320000,22.030001,50.040001,36.760002
126.320000,22.030001,50.040001,36.760002
126.320000,22.030001,50.040001,36.760002
126.320000,22.030001,50.040001,36.760002
126.320000,22.030001,50.040001,36.760002
126.320000,22.030001,50.040001,36.760002
126.320000,22.030001,50.040001,36.760002
126.320000,22.030001,50.040001,36.760002
126.320000,22.030001,50.040001,36.760002
126.320000,22.030001,50.040001,36.760002
126.320000,22.030001,50.040001,36.760002
126.320000,22.030001,50.040001,36.760002
126.320000,22.030001,50.040001,36.760002
126.320000,22.030001,50.040001,36.760002
126.320000,22.030001,50.040001,36.760002
126.320000,22.030001,50.040001,36.760002
126.320000,22.030001,50.040001,36.760002
126.320000,22.030001,50.040001,36.760002
126.320000,22.030001,50.040001,36.760002
126.320000,22.030001,50.040001,36.760002
126.320000,22.030001,50.040001,36.760002
126.320000,22.030001,50.040001,36.760002
126.320000,22.030001,50.040001,36.760002
126.320000,22.030001,50.040001,36.760002
2
0
0
0
0
1
117.379997,64.160004,13.709999,26.439995
117.379997,64.160004,13.709999,26.439995
117.379997,64.160004,13.709999,26.439995
117.379997,64.160004,13.709999,26.439995
117.379997,64.160004,13.709999,26.439995
117.379997,64.160004,13.709999,26.439995
117.379997,64.160004,13.709999,26.439995
117.379997,64.160004,13.709999,26.439995
109.145004,64.779999,13.709999,26.439995
109.145004,64.779999,13.709999,26.439995
109.145004,64.779999,13.709999,26.439995
109.145004,64.779999,13.709999,26.439995
109.145004,64.779999,13.709999,26.439995
109.145004,64.779999,13.709999,26.439995
109.145004,64.779999,13.709999,26.439995
109.145004,64.779999,13.709999,26.439995
109.145004,64.779999,13.709999,26.439995
109.145004,64.779999,13.709999,26.439995
109.145004,64.779999,13.709999,26.439995
109.145004,64.779999,13.709999,26.439995
109.145004,64.779999,13.709999,26.439995
109.145004,64.779999,13.709999,26.439995
109.145004,64.779999,13.709999,26.439995
109.145004,64.779999,13.709999,26.439995
109.145004,64.779999,13.709999,26.439995
109.145004,64.779999,13.709999,26.439995
109.145004,64.779999,13.709999,26.439995
109.145004,64.779999,13.709999,26.439995
109.145004,64.779999,13.709999,26.439995
95.145004,71.779999,13.709999,26.439995
95.145004,71.779999,13.709999,26.439995
95.145004,71.779999,13.709999,26.439995
95.145004,71.779999,13.709999,26.439995
95.145004,71.779999,13.709999,26.439995
95.145004,71.779999,13.709999,26.439995
95.145004,71.779999,13.709999,26.439995
114.145004,67.779999,13.709999,26.439995
114.145004,67.779999,13.709999,26.439995
114.145004,67.779999,13.709999,26.439995
114.145004,67.779999,13.709999,26.439995
114.145004,67.779999,13.709999,26.439995
114.145004,67.779999,13.709999,26.439995
114.145004,67.779999,13.709999,26.439995
114.145004,67.779999,13.709999,26.439995
114.145004,67.779999,13.709999,26.439995
114.145004,67.779999,13.709999,26.439995
114.145004,67.779999,13.709999,26.439995
114.145004,67.779999,13.709999,26.439995
114.145004,67.779999,13.709999,26.439995
114.145004,67.779999,13.709999,26.439995
114.145004,67.779999,13.709999,26.439995
114.145004,67.779999,13.709999,26.439995
114.145004,67.779999,13.709999,26.439995
109.145004,72.779999,13.709999,26.439995
109.145004,72.779999,13.709999,26.439995
109.145004,72.779999,13.709999,26.439995
109.145004,72.779999,13.709999,26.439995
109.145004,72.779999,13.709999,26.439995
109.145004,72.779999,13.709999,26.439995
109.145004,72.779999,13.709999,26.439995
109.145004,72.779999,13.709999,26.439995
109.145004,72.779999,13.709999,26.439995
109.145004,72.779999,13.709999,26.439995
2
0
0
0
0
1
136.529999,80.349998,61.300003,36.400002
136.529999,80.349998,61.300003,36.400002
136.529999,80.349998,61.300003,36.400002
136.529999,80.349998,61.300003,36.400002
136.529999,80.349998,61.300003,36.400002
136.529999,80.349998,61.300003,36.400002
136.529999,80.349998,61.300003,36.400002
136.529999,80.349998,61.300003,36.400002
136.529999,80.349998,61.300003,36.400002
136.529999,80.349998,61.300003,36.400002
136.529999,80.349998,61.300003,36.400002
136.529999,80.349998,61.300003,36.400002
136.529999,80.349998,61.300003,36.400002
136.529999,80.349998,61.300003,36.400002
177.350006,87.799995,61.300003,36.400002
177.350006,87.799995,61.300003,36.400002
177.350006,87.799995,61.300003,36.400002
177.350006,87.799995,61.300003,36.400002
177.350006,87.799995,61.300003,36.400002
177.350006,87.799995,61.300003,36.400002
177.350006,87.799995,61.300003,36.400002
177.350006,87.799995,61.300003,36.400002
177.350006,87.799995,61.300003,36.400002
177.350006,87.799995,61.300003,36.400002
177.350006,87.799995,61.300003,36.400002
177.350006,87.799995,61.300003,36.400002
177.350006,87.799995,61.300003,36.400002
177.350006,87.799995,61.300003,36.400002
177.350006,87.799995,61.300003,36.400002
177.350006,87.799995,61.300003,36.400002
177.350006,87.799995,61.300003,36.400002
177.350006,87.799995,61.300003,36.400002
177.350006,87.799995,61.300003,36.400002
177.350006,87.799995,61.300003,36.400002
2
0
0
0
0
1
256.170013,68.980003,52.129974,41.099998
256.170013,68.980003,52.129974,41.099998
256.170013,68.980003,52.129974,41.099998
256.170013,68.980003,52.129974,41.099998
256.170013,68.980003,52.129974,41.099998
256.170013,68.980003,52.129974,41.099998
256.170013,68.980003,52.129974,41.099998
256.170013,68.980003,52.129974,41.099998
256.170013,68.980003,52.129974,41.099998
256.170013,68.980003,52.129974,41.099998
256.170013,68.980003,52.129974,41.099998
256.170013,68.980003,52.129974,41.099998
256.170013,68.980003,52.129974,41.099998
256.170013,68.980003,52.129974,41.099998
256.170013,68.980003,52.129974,41.099998
256.170013,68.980003,52.129974,41.099998
256.170013,68.980003,52.129974,41.099998
256.170013,68.980003,52.129974,41.099998
256.170013,68.980003,52.129974,41.099998
256.170013,68.980003,52.129974,41.099998
256.170013,68.980003,52.129974,41.099998
256.170013,68.980003,52.129974,41.099998
256.170013,68.980003,52.129974,41.099998
256.170013,68.980003,52.129974,41.099998
256.170013,68.980003,52.129974,41.099998
256.170013,68.980003,52.129974,41.099998
256.170013,68.980003,52.129974,41.099998
256.170013,68.980003,52.129974,41.099998
256.170013,68.980003,52.129974,41.099998
231.935013,39.450001,52.129974,41.099998
231.935013,39.450001,52.129974,41.099998
231.935013,39.450001,52.129974,41.099998
231.935013,39.450001,52.129974,41.099998
231.935013,39.450001,52.129974,41.099998
231.935013,39.450001,52.129974,41.099998
231.935013,39.450001,52.129974,41.099998
231.935013,39.450001,52.129974,41.099998
231.935013,39.450001,52.129974,41.099998
231.935013,39.450001,52.129974,41.099998
2
0
0
0
0
1
129.809998,63.230000,69.020004,37.009998
129.809998,63.230000,69.020004,37.009998
129.809998,63.230000,69.020004,37.009998
129.809998,63.230000,69.020004,37.009998
129.809998,63.230000,69.020004,37.009998
129.809998,63.230000,69.020004,37.009998
129.809998,63.230000,69.020004,37.009998
129.809998,63.230000,69.020004,37.009998
129.809998,63.230000,69.020004,37.009998
129.809998,63.230000,69.020004,37.009998
129.809998,63.230000,69.020004,37.009998
129.809998,63.230000,69.020004,37.009998
129.809998,63.230000,69.020004,37.009998
129.809998,63.230000,69.020004,37.009998
129.809998,63.230000,69.020004,37.009998
129.809998,63.230000,69.020004,37.009998
84.489998,55.495003,69.020004,37.009998
84.489998,55.495003,69.020004,37.009998
84.489998,55.495003,69.020004,37.009998
84.489998,55.495003,69.020004,37.009998
84.489998,55.495003,69.020004,37.009998
84.489998,55.495003,69.020004,37.009998
84.489998,55.495003,69.020004,37.009998
84.489998,55.495003,69.020004,37.009998
84.489998,55.495003,69.020004,37.009998
84.489998,55.495003,69.020004,37.009998
84.489998,55.495003,69.020004,37.009998
84.489998,55.495003,69.020004,37.009998
84.489998,55.495003,69.020004,37.009998
2
0
0
0
0
1
64.779999,100.440002,30.860001,44.020004
64.779999,100.440002,30.860001,44.020004
64.779999,100.440002,30.860001,44.020004
64.779999,100.440002,30.860001,44.020004
64.779999,100.440002,30.860001,44.020004
64.779999,100.440002,30.860001,44.020004
52.570000,96.989998,30.860001,44.020004
52.570000,96.989998,30.860001,44.020004
52.570000,96.989998,30.860001,44.020004
52.570000,96.989998,30.860001,44.020004
52.570000,96.989998,30.860001,44.020004
52.570000,96.989998,30.860001,44.020004
52.570000,96.989998,30.860001,44.020004
47.570000,114.989998,30.860001,44.020004
47.570000,114.989998,30.860001,44.020004
47.570000,114.989998,30.860001,44.020004
47.570000,114.989998,30.860001,44.020004
47.570000,114.989998,30.860001,44.020004
47.570000,114.989998,30.860001,44.020004
47.570000,114.989998,30.860001,44.020004
47.570000,114.989998,30.860001,44.020004
47.570000,114.989998,30.860001,44.020004
47.570000,114.989998,30.860001,44.020004
47.570000,114.989998,30.860001,44.020004
47.570000,114.989998,30.860001,44.020004
47.570000,114.989998,30.860001,44.020004
47.570000,114.989998,30.860001,44.020004
47.570000,114.989998,30.860001,44.020004
47.570000,114.989998,30.860001,44.020004
47.570000,114.989998,30.860001,44.020004
47.570000,114.989998,30.860001,44.020004
47.570000,114.989998,30.860001,44.020004
47.570000,114.989998,30.860001,44.020004
47.570000,114.989998,30.860001,44.020004
47.570000,114.989998,30.860001,44.020004
47.570000,114.989998,30.860001,44.020004
47.570000,114.989998,30.860001,44.020004
47.570000,114.989998,30.860001,44.020004
47.570000,114.989998,30.860001,44.020004
47.570000,114.989998,30.860001,44.020004
47.570000,114.989998,30.860001,44.020004
47.570000,114.989998,30.860001,44.020004
47.570000,114.989998,30.860001,44.020004
47.570000,114.989998,30.860001,44.020004
47.570000,114.989998,30.860001,44.020004
47.570000,114.989998,30.860001,44.020004
47.570000,114.989998,30.860001,44.020004
47.570000,114.989998,30.860001,44.020004
47.570000,114.989998,30.860001,44.020004
47.570000,114.989998,30.860001,44.020004
47.570000,114.989998,30.860001,44.020004
47.570000,114.989998,30.860001,44.020004
47.570000,114.989998,30.860001,44.020004
47.570000,114.989998,30.860001,44.020004
47.570000,114.989998,30.860001,44.020004
47.570000,114.989998,30.860001,44.020004
47.570000,114.989998,30.860001,44.020004
47.570000,114.989998,30.860001,44.020004
47.570000,114.989998,30.860001,44.020004
2
0
0
0
0
1
83.809998,92.290001,90.270004,36.599998
83.809998,92.290001,90.270004,36.599998
83.809998,92.290001,90.270004,36.599998
83.809998,92.290001,90.270004,36.599998
83.809998,92.290001,90.270004,36.599998
83.809998,92.290001,90.270004,36.599998
83.809998,92.290001,90.270004,36.599998
83.809998,92.290001,90.270004,36.599998
83.809998,92.290001,90.270004,36.599998
83.809998,92.290001,90.270004,36.599998
83.809998,92.290001,90.270004,36.599998
83.809998,92.290001,90.270004,36.599998
83.809998,92.290001,90.270004,36.599998
83.809998,92.290001,90.270004,36.599998
83.809998,92.290001,90.270004,36.599998
2
0
0
0
0
1
196.800003,86.250000,26.209991,38.059998
196.800003,86.250000,26.209991,38.059998
196.800003,86.250000,26.209991,38.059998
196.800003,86.250000,26.209991,38.059998
196.800003,86.250000,26.209991,38.059998
183.895004,59.970001,26.209991,38.059998
183.895004,59.970001,26.209991,38.059998
163.895004,68.970001,26.209991,38.059998
163.895004,68.970001,26.209991,38.059998
163.895004,68.970001,26.209991,38.059998
163.895004,68.970001,26.209991,38.059998
163.895004,68.970001,26.209991,38.059998
163.895004,68.970001,26.209991,38.059998
163.895004,68.970001,26.209991,38.059998
163.895004,68.970001,26.209991,38.059998
163.895004,68.970001,26.209991,38.059998
163.895004,68.970001,26.209991,38.059998
163.895004,68.970001,26.209991,38.059998
163.895004,68.970001,26.209991,38.059998
163.895004,68.970001,26.209991,38.059998
163.895004,68.970001,26.209991,38.059998
163.895004,68.970001,26.209991,38.059998
163.895004,68.970001,26.209991,38.059998
163.895004,68.970001,26.209991,38.059998
163.895004,68.970001,26.209991,38.059998
163.895004,68.970001,26.209991,38.059998
163.895004,68.970001,26.209991,38.059998
163.895004,68.970001,26.209991,38.059998
163.895004,68.970001,26.209991,38.059998
163.895004,68.970001,26.209991,38.059998
163.895004,68.970001,26.209991,38.059998
163.895004,68.970001,26.209991,38.059998
163.895004,68.970001,26.209991,38.059998
163.895004,68.970001,26.209991,38.059998
163.895004,68.970001,26.209991,38.059998
163.895004,68.970001,26.209991,38.059998
163.895004,68.970001,26.209991,38.059998
163.895004,68.970001,26.209991,38.059998
163.895004,68.970001,26.209991,38.059998
2
0
0
0
0
1
90.629997,87.269997,62.099998,42.200005
90.629997,87.269997,62.099998,42.200005
90.629997,87.269997,62.099998,42.200005
90.629997,87.269997,62.099998,42.200005
90.629997,87.269997,62.099998,42.200005
90.629997,87.269997,62.099998,42.200005
90.629997,87.269997,62.099998,42.200005
90.629997,87.269997,62.099998,42.200005
90.629997,87.269997,62.099998,42.200005
90.629997,87.269997,62.099998,42.200005
90.629997,87.269997,62.099998,42.200005
90.629997,87.269997,62.099998,42.200005
90.629997,87.269997,62.099998,42.200005
90.629997,87.269997,62.099998,42.200005
90.629997,87.269997,62.099998,42.200005
90.629997,87.269997,62.099998,42.200005
90.629997,87.269997,62.099998,42.200005
90.629997,87.269997,62.099998,42.200005
90.629997,87.269997,62.099998,42.200005
90.629997,87.269997,62.099998,42.200005
90.629997,87.269997,62.099998,42.200005
90.629997,87.269997,62.099998,42.200005
90.629997,87.269997,62.099998,42.200005
90.629997,87.269997,62.099998,42.200005
90.629997,87.269997,62.099998,42.200005
90.629997,87.269997,62.099998,42.200005
2
0
0
0
0
1
74.300003,69.360001,49.529999,36.570000
74.300003,69.360001,49.529999,36.570000
74.300003,69.360001,49.529999,36.570000
74.300003,69.360001,49.529999,36.570000
74.300003,69.360001,49.529999,36.570000
74.300003,69.360001,49.529999,36.570000
74.300003,69.360001,49.529999,36.570000
74.300003,69.360001,49.529999,36.570000
74.300003,69.360001,49.529999,36.570000
74.300003,69.360001,49.529999,36.570000
74.300003,69.360001,49.529999,36.570000
74.300003,69.360001,49.529999,36.570000
74.300003,69.360001,49.529999,36.570000
74.300003,69.360001,49.529999,36.570000
74.300003,69.360001,49.529999,36.570000
74.300003,69.360001,49.529999,36.570000
74.300003,69.360001,49.529999,36.570000
2
0
0
0
0
1
150.970001,46.180000,56.639999,31.629997
150.970001,46.180000,56.639999,31.629997
150.970001,46.180000,56.639999,31.629997
150.970001,46.180000,56.639999,31.629997
170.680008,43.185001,56.639999,31.629997
170.680008,43.185001,56.639999,31.629997
170.680008,43.185001,56.639999,31.629997
170.680008,43.185001,56.639999,31.629997
170.680008,43.185001,56.639999,31.629997
170.680008,43.185001,56.639999,31.629997
170.680008,43.185001,56.639999,31.629997
170.680008,43.185001,56.639999,31.629997
2
0
0
0
