1
324.290009,162.220001,47.419983,67.559998
324.290009,162.220001,47.419983,67.559998
324.290009,162.220001,47.419983,67.559998
324.290009,162.220001,47.419983,67.559998
324.290009,162.220001,47.419983,67.559998
324.290009,162.220001,47.419983,67.559998
324.290009,162.220001,47.419983,67.559998
324.290009,162.220001,47.419983,67.559998
324.290009,162.220001,47.419983,67.559998
324.290009,162.220001,47.419983,67.559998
324.290009,162.220001,47.419983,67.559998
324.290009,162.220001,47.419983,67.559998
2
0
0
0
0
1
318.089996,160.509995,46.209991,68.450012
318.089996,160.509995,46.209991,68.450012
2
0
0
0
0
1
320.570007,156.770004,45.639984,68.839996
320.570007,156.770004,45.639984,68.839996
320.570007,156.770004,45.639984,68.839996
320.570007,156.770004,45.639984,68.839996
320.570007,156.770004,45.639984,68.839996
320.570007,156.770004,45.639984,68.839996
320.570007,156.770004,45.639984,68.839996
320.570007,156.770004,45.639984,68.839996
320.570007,156.770004,45.639984,68.839996
320.570007,156.770004,45.639984,68.839996
320.570007,156.770004,45.639984,68.839996
320.570007,156.770004,45.639984,68.839996
320.570007,156.770004,45.639984,68.839996
320.570007,156.770004,45.639984,68.839996
320.570007,156.770004,45.639984,68.839996
320.570007,156.770004,45.639984,68.839996
320.570007,156.770004,45.639984,68.839996
320.570007,156.770004,45.639984,68.839996
320.570007,156.770004,45.639984,68.839996
320.570007,156.770004,45.639984,68.839996
323.180023,132.580002,45.639984,68.839996
303.180023,144.580002,45.639984,68.839996
303.180023,144.580002,45.639984,68.839996
303.180023,144.580002,45.639984,68.839996
303.180023,144.580002,45.639984,68.839996
303.180023,144.580002,45.639984,68.839996
303.180023,144.580002,45.639984,68.839996
303.180023,144.580002,45.639984,68.839996
303.180023,144.580002,45.639984,68.839996
303.180023,144.580002,45.639984,68.839996
303.180023,144.580002,45.639984,68.839996
303.180023,144.580002,45.639984,68.839996
303.180023,144.580002,45.639984,68.839996
303.180023,144.580002,45.639984,68.839996
303.180023,144.580002,45.639984,68.839996
303.180023,144.580002,45.639984,68.839996
303.180023,144.580002,45.639984,68.839996
303.180023,144.580002,45.639984,68.839996
303.180023,144.580002,45.639984,68.839996
303.180023,144.580002,45.639984,68.839996
303.180023,144.580002,45.639984,68.839996
303.180023,144.580002,45.639984,68.839996
303.180023,144.580002,45.639984,68.839996
303.180023,144.580002,45.639984,68.839996
303.180023,144.580002,45.639984,68.839996
303.180023,144.580002,45.639984,68.839996
303.180023,144.580002,45.639984,68.839996
303.180023,144.580002,45.639984,68.839996
303.180023,144.580002,45.639984,68.839996
303.180023,144.580002,45.639984,68.839996
303.180023,144.580002,45.639984,68.839996
303.180023,144.580002,45.639984,68.839996
303.180023,144.580002,45.639984,68.839996
303.180023,144.580002,45.639984,68.839996
303.180023,144.580002,45.639984,68.839996
303.180023,144.580002,45.639984,68.839996
2
0
0
0
0
1
324.730011,147.610001,33.059998,76.009995
324.730011,147.610001,33.059998,76.009995
324.730011,147.610001,33.059998,76.009995
324.730011,147.610001,33.059998,76.009995
324.730011,147.610001,33.059998,76.009995
324.730011,147.610001,33.059998,76.009995
337.470001,149.994995,33.059998,76.009995
337.470001,149.994995,33.059998,76.009995
328.470001,143.994995,33.059998,76.009995
328.470001,143.994995,33.059998,76.009995
328.470001,143.994995,33.059998,76.009995
328.470001,143.994995,33.059998,76.009995
328.470001,143.994995,33.059998,76.009995
328.470001,143.994995,33.059998,76.009995
328.470001,143.994995,33.059998,76.009995
328.470001,143.994995,33.059998,76.009995
328.470001,143.994995,33.059998,76.009995
328.470001,143.994995,33.059998,76.009995
328.470001,143.994995,33.059998,76.009995
328.470001,143.994995,33.059998,76.009995
328.470001,143.994995,33.059998,76.009995
328.470001,143.994995,33.059998,76.009995
328.470001,143.994995,33.059998,76.009995
328.470001,143.994995,33.059998,76.009995
341.470001,155.994995,33.059998,76.009995
341.470001,155.994995,33.059998,76.009995
341.470001,155.994995,33.059998,76.009995
360.470001,156.994995,33.059998,76.009995
343.470001,143.994995,33.059998,76.009995
343.470001,143.994995,33.059998,76.009995
343.470001,143.994995,33.059998,76.009995
343.470001,143.994995,33.059998,76.009995
343.470001,143.994995,33.059998,76.009995
343.470001,143.994995,33.059998,76.009995
356.470001,160.994995,33.059998,76.009995
356.470001,160.994995,33.059998,76.009995
356.470001,160.994995,33.059998,76.009995
370.470001,166.994995,33.059998,76.009995
353.470001,158.994995,33.059998,76.009995
353.470001,158.994995,33.059998,76.009995
374.470001,152.994995,33.059998,76.009995
374.470001,152.994995,33.059998,76.009995
374.470001,152.994995,33.059998,76.009995
363.470001,163.994995,33.059998,76.009995
363.470001,163.994995,33.059998,76.009995
354.470001,162.994995,33.059998,76.009995
354.470001,162.994995,33.059998,76.009995
2
0
0
0
0
1
388.190002,162.610001,33.480011,86.440002
388.190002,162.610001,33.480011,86.440002
388.190002,162.610001,33.480011,86.440002
388.190002,162.610001,33.480011,86.440002
388.190002,162.610001,33.480011,86.440002
388.190002,162.610001,33.480011,86.440002
388.190002,162.610001,33.480011,86.440002
388.190002,162.610001,33.480011,86.440002
388.190002,162.610001,33.480011,86.440002
388.190002,162.610001,33.480011,86.440002
388.190002,162.610001,33.480011,86.440002
388.190002,162.610001,33.480011,86.440002
388.190002,162.610001,33.480011,86.440002
388.190002,162.610001,33.480011,86.440002
388.190002,162.610001,33.480011,86.440002
388.190002,162.610001,33.480011,86.440002
2
0
0
0
0
1
419.750000,161.949997,32.640015,87.059998
419.750000,161.949997,32.640015,87.059998
419.750000,161.949997,32.640015,87.059998
419.750000,161.949997,32.640015,87.059998
419.750000,161.949997,32.640015,87.059998
419.750000,161.949997,32.640015,87.059998
419.750000,161.949997,32.640015,87.059998
419.750000,161.949997,32.640015,87.059998
419.750000,161.949997,32.640015,87.059998
419.750000,161.949997,32.640015,87.059998
2
0
0
0
0
1
464.380005,155.000000,31.769989,86.759995
464.380005,155.000000,31.769989,86.759995
464.380005,155.000000,31.769989,86.759995
464.380005,155.000000,31.769989,86.759995
464.380005,155.000000,31.769989,86.759995
464.380005,155.000000,31.769989,86.759995
464.380005,155.000000,31.769989,86.759995
464.380005,155.000000,31.769989,86.759995
464.380005,155.000000,31.769989,86.759995
464.380005,155.000000,31.769989,86.759995
464.380005,155.000000,31.769989,86.759995
464.380005,155.000000,31.769989,86.759995
464.380005,155.000000,31.769989,86.759995
464.380005,155.000000,31.769989,86.759995
464.380005,155.000000,31.769989,86.759995
449.115021,175.619995,31.769989,86.759995
449.115021,175.619995,31.769989,86.759995
449.115021,175.619995,31.769989,86.759995
449.115021,175.619995,31.769989,86.759995
449.115021,175.619995,31.769989,86.759995
449.115021,175.619995,31.769989,86.759995
449.115021,175.619995,31.769989,86.759995
449.115021,175.619995,31.769989,86.759995
449.115021,175.619995,31.769989,86.759995
449.115021,175.619995,31.769989,86.759995
449.115021,175.619995,31.769989,86.759995
449.115021,175.619995,31.769989,86.759995
449.115021,175.619995,31.769989,86.759995
449.115021,175.619995,31.769989,86.759995
449.115021,175.619995,31.769989,86.759995
449.115021,175.619995,31.769989,86.759995
449.115021,175.619995,31.769989,86.759995
449.115021,175.619995,31.769989,86.759995
449.115021,175.619995,31.769989,86.759995
449.115021,175.619995,31.769989,86.759995
449.115021,175.619995,31.769989,86.759995
449.115021,175.619995,31.769989,86.759995
449.115021,175.619995,31.769989,86.759995
449.115021,175.619995,31.769989,86.759995
449.115021,175.619995,31.769989,86.759995
449.115021,175.619995,31.769989,86.759995
449.115021,175.619995,31.769989,86.759995
449.115021,175.619995,31.769989,86.759995
449.115021,175.619995,31.769989,86.759995
454.115021,150.619995,31.769989,86.759995
454.115021,150.619995,31.769989,86.759995
454.115021,150.619995,31.769989,86.759995
454.115021,150.619995,31.769989,86.759995
454.115021,150.619995,31.769989,86.759995
454.115021,150.619995,31.769989,86.759995
454.115021,150.619995,31.769989,86.759995
454.115021,150.619995,31.769989,86.759995
454.115021,150.619995,31.769989,86.759995
454.115021,150.619995,31.769989,86.759995
454.115021,150.619995,31.769989,86.759995
454.115021,150.619995,31.769989,86.759995
473.115021,148.619995,31.769989,86.759995
473.115021,148.619995,31.769989,86.759995
473.115021,148.619995,31.769989,86.759995
473.115021,148.619995,31.769989,86.759995
473.115021,148.619995,31.769989,86.759995
2
0
0
0
0
1
529.309998,125.080002,30.869995,74.479996
529.309998,125.080002,30.869995,74.479996
529.309998,125.080002,30.869995,74.479996
529.309998,125.080002,30.869995,74.479996
529.309998,125.080002,30.869995,74.479996
529.309998,125.080002,30.869995,74.479996
529.309998,125.080002,30.869995,74.479996
529.309998,125.080002,30.869995,74.479996
529.309998,125.080002,30.869995,74.479996
529.309998,125.080002,30.869995,74.479996
529.309998,125.080002,30.869995,74.479996
529.309998,125.080002,30.869995,74.479996
529.309998,125.080002,30.869995,74.479996
529.309998,125.080002,30.869995,74.479996
529.309998,125.080002,30.869995,74.479996
529.309998,125.080002,30.869995,74.479996
529.309998,125.080002,30.869995,74.479996
529.309998,125.080002,30.869995,74.479996
529.309998,125.080002,30.869995,74.479996
529.309998,125.080002,30.869995,74.479996
529.309998,125.080002,30.869995,74.479996
2
0
0
0
0
1
488.079987,96.650002,32.930023,71.950005
476.535004,75.024994,32.930023,71.950005
489.535004,83.024994,32.930023,71.950005
489.535004,83.024994,32.930023,71.950005
480.535004,84.024994,32.930023,71.950005
480.535004,84.024994,32.930023,71.950005
471.535004,70.024994,32.930023,71.950005
484.535004,78.024994,32.930023,71.950005
484.535004,78.024994,32.930023,71.950005
484.535004,78.024994,32.930023,71.950005
473.535004,72.024994,32.930023,71.950005
473.535004,72.024994,32.930023,71.950005
489.535004,73.024994,32.930023,71.950005
489.535004,73.024994,32.930023,71.950005
489.535004,73.024994,32.930023,71.950005
489.535004,73.024994,32.930023,71.950005
489.535004,73.024994,32.930023,71.950005
479.535004,73.024994,32.930023,71.950005
492.535004,66.024994,32.930023,71.950005
492.535004,66.024994,32.930023,71.950005
492.535004,66.024994,32.930023,71.950005
492.535004,66.024994,32.930023,71.950005
492.535004,66.024994,32.930023,71.950005
492.535004,91.024994,32.930023,71.950005
485.535004,69.024994,32.930023,71.950005
485.535004,69.024994,32.930023,71.950005
471.535004,85.024994,32.930023,71.950005
484.535004,83.024994,32.930023,71.950005
484.535004,83.024994,32.930023,71.950005
470.535004,89.024994,32.930023,71.950005
470.535004,89.024994,32.930023,71.950005
456.535004,85.024994,32.930023,71.950005
449.535004,58.024998,32.930023,71.950005
442.535004,86.024994,32.930023,71.950005
442.535004,86.024994,32.930023,71.950005
433.535004,82.024994,32.930023,71.950005
433.535004,82.024994,32.930023,71.950005
433.535004,82.024994,32.930023,71.950005
437.535004,111.024994,32.930023,71.950005
435.535004,89.024994,32.930023,71.950005
423.535004,97.024994,32.930023,71.950005
423.535004,97.024994,32.930023,71.950005
423.535004,97.024994,32.930023,71.950005
423.535004,97.024994,32.930023,71.950005
423.535004,97.024994,32.930023,71.950005
418.535004,72.024994,32.930023,71.950005
418.535004,72.024994,32.930023,71.950005
418.535004,72.024994,32.930023,71.950005
422.535004,106.024994,32.930023,71.950005
422.535004,106.024994,32.930023,71.950005
413.535004,107.024994,32.930023,71.950005
413.535004,107.024994,32.930023,71.950005
413.535004,107.024994,32.930023,71.950005
413.535004,107.024994,32.930023,71.950005
413.535004,107.024994,32.930023,71.950005
413.535004,107.024994,32.930023,71.950005
413.535004,107.024994,32.930023,71.950005
413.535004,107.024994,32.930023,71.950005
413.535004,107.024994,32.930023,71.950005
413.535004,107.024994,32.930023,71.950005
413.535004,107.024994,32.930023,71.950005
413.535004,107.024994,32.930023,71.950005
413.535004,107.024994,32.930023,71.950005
413.535004,107.024994,32.930023,71.950005
413.535004,107.024994,32.930023,71.950005
413.535004,107.024994,32.930023,71.950005
413.535004,107.024994,32.930023,71.950005
413.535004,107.024994,32.930023,71.950005
413.535004,107.024994,32.930023,71.950005
413.535004,107.024994,32.930023,71.950005
413.535004,107.024994,32.930023,71.950005
2
0
0
0
0
