1
324.290009,162.220001,47.419983,67.559998
324.290009,162.220001,47.419983,67.559998
324.290009,162.220001,47.419983,67.559998
324.290009,162.220001,47.419983,67.559998
328.290009,142.220001,47.419983,67.559998
328.290009,142.220001,47.419983,67.559998
328.290009,142.220001,47.419983,67.559998
328.290009,142.220001,47.419983,67.559998
328.290009,142.220001,47.419983,67.559998
328.290009,142.220001,47.419983,67.559998
328.290009,142.220001,47.419983,67.559998
328.290009,142.220001,47.419983,67.559998
328.290009,142.220001,47.419983,67.559998
308.290009,157.220001,47.419983,67.559998
308.290009,157.220001,47.419983,67.559998
308.290009,157.220001,47.419983,67.559998
308.290009,157.220001,47.419983,67.559998
308.290009,157.220001,47.419983,67.559998
308.290009,157.220001,47.419983,67.559998
308.290009,157.220001,47.419983,67.559998
308.290009,157.220001,47.419983,67.559998
308.290009,157.220001,47.419983,67.559998
308.290009,157.220001,47.419983,67.559998
308.290009,157.220001,47.419983,67.559998
308.290009,157.220001,47.419983,67.559998
308.290009,157.220001,47.419983,67.559998
308.290009,157.220001,47.419983,67.559998
308.290009,157.220001,47.419983,67.559998
308.290009,157.220001,47.419983,67.559998
308.290009,157.220001,47.419983,67.559998
308.290009,157.220001,47.419983,67.559998
308.290009,157.220001,47.419983,67.559998
308.290009,157.220001,47.419983,67.559998
308.290009,157.220001,47.419983,67.559998
304.290009,136.220001,47.419983,67.559998
304.290009,136.220001,47.419983,67.559998
304.290009,136.220001,47.419983,67.559998
304.290009,136.220001,47.419983,67.559998
304.290009,136.220001,47.419983,67.559998
304.290009,136.220001,47.419983,67.559998
304.290009,136.220001,47.419983,67.559998
304.290009,136.220001,47.419983,67.559998
304.290009,136.220001,47.419983,67.559998
304.290009,136.220001,47.419983,67.559998
304.290009,136.220001,47.419983,67.559998
334.290009,136.220001,47.419983,67.559998
334.290009,136.220001,47.419983,67.559998
334.290009,136.220001,47.419983,67.559998
334.290009,136.220001,47.419983,67.559998
334.290009,136.220001,47.419983,67.559998
334.290009,136.220001,47.419983,67.559998
334.290009,136.220001,47.419983,67.559998
334.290009,136.220001,47.419983,67.559998
334.290009,136.220001,47.419983,67.559998
334.290009,136.220001,47.419983,67.559998
334.290009,136.220001,47.419983,67.559998
334.290009,136.220001,47.419983,67.559998
334.290009,136.220001,47.419983,67.559998
321.290009,156.220001,47.419983,67.559998
321.290009,156.220001,47.419983,67.559998
321.290009,156.220001,47.419983,67.559998
321.290009,156.220001,47.419983,67.559998
321.290009,156.220001,47.419983,67.559998
321.290009,156.220001,47.419983,67.559998
321.290009,156.220001,47.419983,67.559998
321.290009,156.220001,47.419983,67.559998
321.290009,156.220001,47.419983,67.559998
321.290009,156.220001,47.419983,67.559998
321.290009,156.220001,47.419983,67.559998
321.290009,156.220001,47.419983,67.559998
321.290009,156.220001,47.419983,67.559998
321.290009,156.220001,47.419983,67.559998
321.290009,156.220001,47.419983,67.559998
321.290009,156.220001,47.419983,67.559998
321.290009,156.220001,47.419983,67.559998
321.290009,156.220001,47.419983,67.559998
321.290009,156.220001,47.419983,67.559998
321.290009,156.220001,47.419983,67.559998
321.290009,156.220001,47.419983,67.559998
321.290009,156.220001,47.419983,67.559998
321.290009,156.220001,47.419983,67.559998
321.290009,156.220001,47.419983,67.559998
321.290009,156.220001,47.419983,67.559998
321.290009,156.220001,47.419983,67.559998
307.290009,160.220001,47.419983,67.559998
329.290009,163.220001,47.419983,67.559998
329.290009,163.220001,47.419983,67.559998
329.290009,163.220001,47.419983,67.559998
329.290009,163.220001,47.419983,67.559998
329.290009,163.220001,47.419983,67.559998
329.290009,163.220001,47.419983,67.559998
329.290009,163.220001,47.419983,67.559998
329.290009,163.220001,47.419983,67.559998
329.290009,163.220001,47.419983,67.559998
329.290009,163.220001,47.419983,67.559998
329.290009,163.220001,47.419983,67.559998
329.290009,163.220001,47.419983,67.559998
329.290009,163.220001,47.419983,67.559998
329.290009,163.220001,47.419983,67.559998
329.290009,163.220001,47.419983,67.559998
329.290009,163.220001,47.419983,67.559998
329.290009,163.220001,47.419983,67.559998
329.290009,163.220001,47.419983,67.559998
329.290009,163.220001,47.419983,67.559998
329.290009,163.220001,47.419983,67.559998
329.290009,163.220001,47.419983,67.559998
329.290009,163.220001,47.419983,67.559998
329.290009,163.220001,47.419983,67.559998
329.290009,163.220001,47.419983,67.559998
329.290009,163.220001,47.419983,67.559998
329.290009,163.220001,47.419983,67.559998
329.290009,163.220001,47.419983,67.559998
329.290009,163.220001,47.419983,67.559998
329.290009,163.220001,47.419983,67.559998
329.290009,163.220001,47.419983,67.559998
349.290009,163.220001,47.419983,67.559998
349.290009,163.220001,47.419983,67.559998
349.290009,163.220001,47.419983,67.559998
349.290009,163.220001,47.419983,67.559998
349.290009,163.220001,47.419983,67.559998
349.290009,163.220001,47.419983,67.559998
366.290009,161.220001,47.419983,67.559998
366.290009,161.220001,47.419983,67.559998
366.290009,161.220001,47.419983,67.559998
366.290009,161.220001,47.419983,67.559998
366.290009,161.220001,47.419983,67.559998
366.290009,161.220001,47.419983,67.559998
383.290009,164.220001,47.419983,67.559998
383.290009,164.220001,47.419983,67.559998
359.290009,174.220001,47.419983,67.559998
359.290009,174.220001,47.419983,67.559998
346.290009,174.220001,47.419983,67.559998
367.290009,174.220001,47.419983,67.559998
367.290009,174.220001,47.419983,67.559998
367.290009,174.220001,47.419983,67.559998
367.290009,174.220001,47.419983,67.559998
367.290009,174.220001,47.419983,67.559998
367.290009,174.220001,47.419983,67.559998
367.290009,174.220001,47.419983,67.559998
367.290009,174.220001,47.419983,67.559998
367.290009,174.220001,47.419983,67.559998
367.290009,174.220001,47.419983,67.559998
367.290009,174.220001,47.419983,67.559998
367.290009,174.220001,47.419983,67.559998
367.290009,174.220001,47.419983,67.559998
367.290009,174.220001,47.419983,67.559998
367.290009,174.220001,47.419983,67.559998
403.290009,189.220001,47.419983,67.559998
379.290009,179.220001,47.419983,67.559998
379.290009,179.220001,47.419983,67.559998
379.290009,179.220001,47.419983,67.559998
379.290009,179.220001,47.419983,67.559998
363.290009,169.220001,47.419983,67.559998
384.290009,169.220001,47.419983,67.559998
384.290009,169.220001,47.419983,67.559998
384.290009,169.220001,47.419983,67.559998
2
0
0
0
0
1
417.290009,161.990005,32.679993,87.059998
417.290009,161.990005,32.679993,87.059998
398.660004,153.470001,32.679993,87.059998
398.660004,153.470001,32.679993,87.059998
414.660004,165.470001,32.679993,87.059998
414.660004,165.470001,32.679993,87.059998
414.660004,165.470001,32.679993,87.059998
414.660004,165.470001,32.679993,87.059998
414.660004,165.470001,32.679993,87.059998
2
0
0
0
0
1
461.350006,154.869995,31.979980,87.040009
461.350006,154.869995,31.979980,87.040009
461.350006,154.869995,31.979980,87.040009
461.350006,154.869995,31.979980,87.040009
461.350006,154.869995,31.979980,87.040009
461.350006,154.869995,31.979980,87.040009
461.350006,154.869995,31.979980,87.040009
461.350006,154.869995,31.979980,87.040009
461.350006,154.869995,31.979980,87.040009
461.350006,154.869995,31.979980,87.040009
461.350006,154.869995,31.979980,87.040009
461.350006,154.869995,31.979980,87.040009
461.350006,154.869995,31.979980,87.040009
461.350006,154.869995,31.979980,87.040009
461.350006,154.869995,31.979980,87.040009
461.350006,154.869995,31.979980,87.040009
461.350006,154.869995,31.979980,87.040009
461.350006,154.869995,31.979980,87.040009
461.350006,154.869995,31.979980,87.040009
461.350006,154.869995,31.979980,87.040009
461.350006,154.869995,31.979980,87.040009
461.350006,154.869995,31.979980,87.040009
461.350006,154.869995,31.979980,87.040009
461.350006,154.869995,31.979980,87.040009
461.350006,154.869995,31.979980,87.040009
461.350006,154.869995,31.979980,87.040009
461.350006,154.869995,31.979980,87.040009
461.350006,154.869995,31.979980,87.040009
461.350006,154.869995,31.979980,87.040009
461.350006,154.869995,31.979980,87.040009
461.350006,154.869995,31.979980,87.040009
461.350006,154.869995,31.979980,87.040009
461.350006,154.869995,31.979980,87.040009
461.350006,154.869995,31.979980,87.040009
461.350006,154.869995,31.979980,87.040009
461.350006,154.869995,31.979980,87.040009
461.350006,154.869995,31.979980,87.040009
461.350006,154.869995,31.979980,87.040009
461.350006,154.869995,31.979980,87.040009
461.350006,154.869995,31.979980,87.040009
461.010010,154.479996,31.979980,87.040009
461.010010,154.479996,31.979980,87.040009
461.010010,154.479996,31.979980,87.040009
461.010010,154.479996,31.979980,87.040009
461.010010,154.479996,31.979980,87.040009
461.010010,154.479996,31.979980,87.040009
461.010010,154.479996,31.979980,87.040009
461.010010,154.479996,31.979980,87.040009
461.010010,154.479996,31.979980,87.040009
461.010010,154.479996,31.979980,87.040009
461.010010,154.479996,31.979980,87.040009
461.010010,154.479996,31.979980,87.040009
461.010010,154.479996,31.979980,87.040009
461.010010,154.479996,31.979980,87.040009
461.010010,154.479996,31.979980,87.040009
461.010010,154.479996,31.979980,87.040009
461.010010,154.479996,31.979980,87.040009
461.010010,154.479996,31.979980,87.040009
461.010010,154.479996,31.979980,87.040009
461.010010,154.479996,31.979980,87.040009
461.010010,154.479996,31.979980,87.040009
2
0
0
0
0
1
524.530029,126.110001,30.479980,74.600006
524.530029,126.110001,30.479980,74.600006
524.530029,126.110001,30.479980,74.600006
524.530029,126.110001,30.479980,74.600006
524.530029,126.110001,30.479980,74.600006
524.530029,126.110001,30.479980,74.600006
524.530029,126.110001,30.479980,74.600006
524.530029,126.110001,30.479980,74.600006
524.530029,126.110001,30.479980,74.600006
524.530029,126.110001,30.479980,74.600006
524.530029,126.110001,30.479980,74.600006
524.530029,126.110001,30.479980,74.600006
524.530029,126.110001,30.479980,74.600006
524.530029,126.110001,30.479980,74.600006
524.530029,126.110001,30.479980,74.600006
524.530029,126.110001,30.479980,74.600006
524.530029,126.110001,30.479980,74.600006
524.530029,126.110001,30.479980,74.600006
524.530029,126.110001,30.479980,74.600006
524.530029,126.110001,30.479980,74.600006
524.530029,126.110001,30.479980,74.600006
524.530029,126.110001,30.479980,74.600006
524.530029,126.110001,30.479980,74.600006
524.530029,126.110001,30.479980,74.600006
524.530029,126.110001,30.479980,74.600006
524.530029,126.110001,30.479980,74.600006
2
0
0
0
0
1
486.359985,93.589996,33.109985,71.660004
486.359985,93.589996,33.109985,71.660004
486.359985,93.589996,33.109985,71.660004
486.359985,93.589996,33.109985,71.660004
486.359985,93.589996,33.109985,71.660004
486.359985,93.589996,33.109985,71.660004
486.359985,93.589996,33.109985,71.660004
486.359985,93.589996,33.109985,71.660004
486.359985,93.589996,33.109985,71.660004
486.359985,93.589996,33.109985,71.660004
486.359985,93.589996,33.109985,71.660004
486.359985,93.589996,33.109985,71.660004
486.359985,93.589996,33.109985,71.660004
486.359985,93.589996,33.109985,71.660004
486.359985,93.589996,33.109985,71.660004
491.445007,74.169998,33.109985,71.660004
491.445007,74.169998,33.109985,71.660004
491.445007,74.169998,33.109985,71.660004
491.445007,74.169998,33.109985,71.660004
491.445007,74.169998,33.109985,71.660004
491.445007,74.169998,33.109985,71.660004
491.445007,74.169998,33.109985,71.660004
491.445007,74.169998,33.109985,71.660004
491.445007,74.169998,33.109985,71.660004
491.445007,74.169998,33.109985,71.660004
476.445007,84.169998,33.109985,71.660004
476.445007,84.169998,33.109985,71.660004
476.445007,84.169998,33.109985,71.660004
476.445007,84.169998,33.109985,71.660004
476.445007,84.169998,33.109985,71.660004
476.445007,84.169998,33.109985,71.660004
476.445007,84.169998,33.109985,71.660004
476.445007,84.169998,33.109985,71.660004
476.445007,84.169998,33.109985,71.660004
2
0
0
0
0
1
431.040009,92.820000,39.059998,67.849998
431.040009,92.820000,39.059998,67.849998
431.040009,92.820000,39.059998,67.849998
431.040009,92.820000,39.059998,67.849998
416.470001,78.075005,39.059998,67.849998
416.470001,78.075005,39.059998,67.849998
416.470001,78.075005,39.059998,67.849998
416.470001,78.075005,39.059998,67.849998
416.470001,78.075005,39.059998,67.849998
416.470001,78.075005,39.059998,67.849998
416.470001,78.075005,39.059998,67.849998
416.470001,78.075005,39.059998,67.849998
416.470001,78.075005,39.059998,67.849998
416.470001,78.075005,39.059998,67.849998
416.470001,78.075005,39.059998,67.849998
416.470001,78.075005,39.059998,67.849998
416.470001,78.075005,39.059998,67.849998
416.470001,78.075005,39.059998,67.849998
416.470001,78.075005,39.059998,67.849998
416.470001,78.075005,39.059998,67.849998
416.470001,78.075005,39.059998,67.849998
416.470001,78.075005,39.059998,67.849998
416.470001,78.075005,39.059998,67.849998
416.470001,78.075005,39.059998,67.849998
416.470001,78.075005,39.059998,67.849998
416.470001,78.075005,39.059998,67.849998
416.470001,78.075005,39.059998,67.849998
2
0
0
0
0
1
