1
324.290009,162.220001,47.419983,67.559998
324.290009,162.220001,47.419983,67.559998
324.290009,162.220001,47.419983,67.559998
324.290009,162.220001,47.419983,67.559998
324.290009,162.220001,47.419983,67.559998
324.290009,162.220001,47.419983,67.559998
324.290009,162.220001,47.419983,67.559998
324.290009,162.220001,47.419983,67.559998
324.290009,162.220001,47.419983,67.559998
324.290009,162.220001,47.419983,67.559998
324.290009,162.220001,47.419983,67.559998
324.290009,162.220001,47.419983,67.559998
311.290009,157.220001,47.419983,67.559998
311.290009,157.220001,47.419983,67.559998
2
0
0
0
0
1
318.709991,159.570007,46.070007,68.559998
318.709991,159.570007,46.070007,68.559998
318.709991,159.570007,46.070007,68.559998
318.709991,159.570007,46.070007,68.559998
318.709991,159.570007,46.070007,68.559998
318.709991,159.570007,46.070007,68.559998
318.709991,159.570007,46.070007,68.559998
318.709991,159.570007,46.070007,68.559998
318.709991,159.570007,46.070007,68.559998
318.709991,159.570007,46.070007,68.559998
318.709991,159.570007,46.070007,68.559998
318.709991,159.570007,46.070007,68.559998
318.709991,159.570007,46.070007,68.559998
318.709991,159.570007,46.070007,68.559998
318.709991,159.570007,46.070007,68.559998
318.709991,159.570007,46.070007,68.559998
318.709991,159.570007,46.070007,68.559998
318.709991,159.570007,46.070007,68.559998
318.709991,159.570007,46.070007,68.559998
318.709991,159.570007,46.070007,68.559998
318.709991,159.570007,46.070007,68.559998
318.709991,159.570007,46.070007,68.559998
318.709991,159.570007,46.070007,68.559998
318.709991,159.570007,46.070007,68.559998
318.709991,159.570007,46.070007,68.559998
318.709991,159.570007,46.070007,68.559998
318.709991,159.570007,46.070007,68.559998
318.709991,159.570007,46.070007,68.559998
318.709991,159.570007,46.070007,68.559998
318.709991,159.570007,46.070007,68.559998
318.709991,159.570007,46.070007,68.559998
318.709991,159.570007,46.070007,68.559998
318.709991,159.570007,46.070007,68.559998
318.709991,159.570007,46.070007,68.559998
318.709991,159.570007,46.070007,68.559998
318.709991,159.570007,46.070007,68.559998
318.709991,159.570007,46.070007,68.559998
318.709991,159.570007,46.070007,68.559998
318.709991,159.570007,46.070007,68.559998
318.709991,159.570007,46.070007,68.559998
318.709991,159.570007,46.070007,68.559998
318.709991,159.570007,46.070007,68.559998
318.709991,159.570007,46.070007,68.559998
318.709991,159.570007,46.070007,68.559998
318.709991,159.570007,46.070007,68.559998
318.709991,159.570007,46.070007,68.559998
318.709991,159.570007,46.070007,68.559998
318.709991,159.570007,46.070007,68.559998
318.709991,159.570007,46.070007,68.559998
318.709991,159.570007,46.070007,68.559998
318.709991,159.570007,46.070007,68.559998
318.709991,159.570007,46.070007,68.559998
318.709991,159.570007,46.070007,68.559998
318.709991,159.570007,46.070007,68.559998
318.709991,159.570007,46.070007,68.559998
318.709991,159.570007,46.070007,68.559998
318.709991,159.570007,46.070007,68.559998
318.709991,159.570007,46.070007,68.559998
318.709991,159.570007,46.070007,68.559998
318.709991,159.570007,46.070007,68.559998
318.709991,159.570007,46.070007,68.559998
318.709991,159.570007,46.070007,68.559998
318.709991,159.570007,46.070007,68.559998
318.709991,159.570007,46.070007,68.559998
318.709991,159.570007,46.070007,68.559998
318.709991,159.570007,46.070007,68.559998
318.709991,159.570007,46.070007,68.559998
318.709991,159.570007,46.070007,68.559998
318.709991,159.570007,46.070007,68.559998
318.709991,159.570007,46.070007,68.559998
318.709991,159.570007,46.070007,68.559998
318.709991,159.570007,46.070007,68.559998
318.709991,159.570007,46.070007,68.559998
318.709991,159.570007,46.070007,68.559998
318.709991,159.570007,46.070007,68.559998
318.709991,159.570007,46.070007,68.559998
318.709991,159.570007,46.070007,68.559998
318.709991,159.570007,46.070007,68.559998
318.709991,159.570007,46.070007,68.559998
318.709991,159.570007,46.070007,68.559998
318.709991,159.570007,46.070007,68.559998
318.709991,159.570007,46.070007,68.559998
318.709991,159.570007,46.070007,68.559998
318.709991,159.570007,46.070007,68.559998
318.709991,159.570007,46.070007,68.559998
318.709991,159.570007,46.070007,68.559998
318.709991,159.570007,46.070007,68.559998
318.709991,159.570007,46.070007,68.559998
318.709991,159.570007,46.070007,68.559998
318.709991,159.570007,46.070007,68.559998
318.709991,159.570007,46.070007,68.559998
318.709991,159.570007,46.070007,68.559998
318.709991,159.570007,46.070007,68.559998
318.709991,159.570007,46.070007,68.559998
318.709991,159.570007,46.070007,68.559998
318.709991,159.570007,46.070007,68.559998
318.709991,159.570007,46.070007,68.559998
318.709991,159.570007,46.070007,68.559998
318.709991,159.570007,46.070007,68.559998
318.709991,159.570007,46.070007,68.559998
2
0
0
0
0
1
367.450012,156.669998,33.369995,83.270004
367.450012,156.669998,33.369995,83.270004
367.450012,156.669998,33.369995,83.270004
356.315002,160.365005,33.369995,83.270004
356.315002,160.365005,33.369995,83.270004
356.315002,160.365005,33.369995,83.270004
356.315002,160.365005,33.369995,83.270004
356.315002,160.365005,33.369995,83.270004
356.315002,160.365005,33.369995,83.270004
356.315002,160.365005,33.369995,83.270004
356.315002,160.365005,33.369995,83.270004
356.315002,160.365005,33.369995,83.270004
2
0
0
0
0
1
392.350006,163.800003,33.479980,87.080002
392.350006,163.800003,33.479980,87.080002
392.350006,163.800003,33.479980,87.080002
392.350006,163.800003,33.479980,87.080002
392.350006,163.800003,33.479980,87.080002
392.350006,163.800003,33.479980,87.080002
392.350006,163.800003,33.479980,87.080002
392.350006,163.800003,33.479980,87.080002
392.350006,163.800003,33.479980,87.080002
392.350006,163.800003,33.479980,87.080002
392.350006,163.800003,33.479980,87.080002
392.350006,163.800003,33.479980,87.080002
392.350006,163.800003,33.479980,87.080002
392.350006,163.800003,33.479980,87.080002
392.350006,163.800003,33.479980,87.080002
392.350006,163.800003,33.479980,87.080002
392.350006,163.800003,33.479980,87.080002
392.350006,163.800003,33.479980,87.080002
392.350006,163.800003,33.479980,87.080002
392.350006,163.800003,33.479980,87.080002
392.350006,163.800003,33.479980,87.080002
2
0
0
0
0
1
446.269989,159.009995,32.260010,87.050003
446.269989,159.009995,32.260010,87.050003
458.869995,155.475006,32.260010,87.050003
458.869995,155.475006,32.260010,87.050003
458.869995,155.475006,32.260010,87.050003
458.869995,155.475006,32.260010,87.050003
474.869995,149.475006,32.260010,87.050003
474.869995,149.475006,32.260010,87.050003
474.869995,149.475006,32.260010,87.050003
474.869995,149.475006,32.260010,87.050003
474.869995,149.475006,32.260010,87.050003
449.869995,154.475006,32.260010,87.050003
449.869995,154.475006,32.260010,87.050003
467.869995,166.475006,32.260010,87.050003
467.869995,166.475006,32.260010,87.050003
467.869995,166.475006,32.260010,87.050003
467.869995,166.475006,32.260010,87.050003
467.869995,166.475006,32.260010,87.050003
467.869995,166.475006,32.260010,87.050003
467.869995,166.475006,32.260010,87.050003
467.869995,166.475006,32.260010,87.050003
467.869995,166.475006,32.260010,87.050003
467.869995,166.475006,32.260010,87.050003
467.869995,166.475006,32.260010,87.050003
467.869995,166.475006,32.260010,87.050003
467.869995,166.475006,32.260010,87.050003
467.869995,166.475006,32.260010,87.050003
467.869995,166.475006,32.260010,87.050003
467.869995,166.475006,32.260010,87.050003
467.869995,166.475006,32.260010,87.050003
467.869995,166.475006,32.260010,87.050003
467.869995,166.475006,32.260010,87.050003
467.869995,166.475006,32.260010,87.050003
467.869995,166.475006,32.260010,87.050003
467.869995,166.475006,32.260010,87.050003
467.869995,166.475006,32.260010,87.050003
467.869995,166.475006,32.260010,87.050003
467.869995,166.475006,32.260010,87.050003
467.869995,166.475006,32.260010,87.050003
467.869995,166.475006,32.260010,87.050003
467.869995,166.475006,32.260010,87.050003
467.869995,166.475006,32.260010,87.050003
467.869995,166.475006,32.260010,87.050003
467.869995,166.475006,32.260010,87.050003
440.869995,158.475006,32.260010,87.050003
440.869995,158.475006,32.260010,87.050003
440.869995,158.475006,32.260010,87.050003
440.869995,158.475006,32.260010,87.050003
440.869995,158.475006,32.260010,87.050003
440.869995,158.475006,32.260010,87.050003
440.869995,158.475006,32.260010,87.050003
440.869995,158.475006,32.260010,87.050003
440.869995,158.475006,32.260010,87.050003
440.869995,158.475006,32.260010,87.050003
440.869995,158.475006,32.260010,87.050003
440.869995,158.475006,32.260010,87.050003
440.869995,158.475006,32.260010,87.050003
440.869995,158.475006,32.260010,87.050003
440.869995,158.475006,32.260010,87.050003
440.869995,158.475006,32.260010,87.050003
459.869995,144.475006,32.260010,87.050003
448.869995,145.475006,32.260010,87.050003
448.869995,145.475006,32.260010,87.050003
448.869995,145.475006,32.260010,87.050003
448.869995,145.475006,32.260010,87.050003
2
0
0
0
0
1
513.450012,129.839996,30.089966,74.720001
513.450012,129.839996,30.089966,74.720001
513.450012,129.839996,30.089966,74.720001
513.450012,129.839996,30.089966,74.720001
513.450012,129.839996,30.089966,74.720001
513.450012,129.839996,30.089966,74.720001
513.450012,129.839996,30.089966,74.720001
513.450012,129.839996,30.089966,74.720001
513.450012,129.839996,30.089966,74.720001
513.450012,129.839996,30.089966,74.720001
513.450012,129.839996,30.089966,74.720001
513.450012,129.839996,30.089966,74.720001
513.450012,129.839996,30.089966,74.720001
513.450012,129.839996,30.089966,74.720001
513.450012,129.839996,30.089966,74.720001
513.450012,129.839996,30.089966,74.720001
512.955017,106.639999,30.089966,74.720001
512.955017,106.639999,30.089966,74.720001
512.955017,106.639999,30.089966,74.720001
512.955017,106.639999,30.089966,74.720001
512.955017,106.639999,30.089966,74.720001
512.955017,106.639999,30.089966,74.720001
512.955017,106.639999,30.089966,74.720001
512.955017,106.639999,30.089966,74.720001
512.955017,106.639999,30.089966,74.720001
512.955017,106.639999,30.089966,74.720001
512.955017,106.639999,30.089966,74.720001
512.955017,106.639999,30.089966,74.720001
512.955017,106.639999,30.089966,74.720001
512.955017,106.639999,30.089966,74.720001
512.955017,106.639999,30.089966,74.720001
512.955017,106.639999,30.089966,74.720001
512.955017,106.639999,30.089966,74.720001
512.955017,106.639999,30.089966,74.720001
512.955017,106.639999,30.089966,74.720001
512.955017,106.639999,30.089966,74.720001
512.955017,106.639999,30.089966,74.720001
512.955017,106.639999,30.089966,74.720001
512.955017,106.639999,30.089966,74.720001
512.955017,106.639999,30.089966,74.720001
512.955017,106.639999,30.089966,74.720001
512.955017,106.639999,30.089966,74.720001
512.955017,106.639999,30.089966,74.720001
512.955017,106.639999,30.089966,74.720001
512.955017,106.639999,30.089966,74.720001
512.955017,106.639999,30.089966,74.720001
512.955017,106.639999,30.089966,74.720001
512.955017,106.639999,30.089966,74.720001
512.955017,106.639999,30.089966,74.720001
512.955017,106.639999,30.089966,74.720001
512.955017,106.639999,30.089966,74.720001
512.955017,106.639999,30.089966,74.720001
512.955017,106.639999,30.089966,74.720001
512.955017,106.639999,30.089966,74.720001
512.955017,106.639999,30.089966,74.720001
2
0
0
0
0
1
460.989990,87.959999,37.640015,69.280006
460.989990,87.959999,37.640015,69.280006
436.179993,97.360001,37.640015,69.280006
436.179993,97.360001,37.640015,69.280006
436.179993,97.360001,37.640015,69.280006
436.179993,97.360001,37.640015,69.280006
436.179993,97.360001,37.640015,69.280006
436.179993,97.360001,37.640015,69.280006
436.179993,97.360001,37.640015,69.280006
436.179993,97.360001,37.640015,69.280006
436.179993,97.360001,37.640015,69.280006
436.179993,97.360001,37.640015,69.280006
436.179993,97.360001,37.640015,69.280006
436.179993,97.360001,37.640015,69.280006
436.179993,97.360001,37.640015,69.280006
436.179993,97.360001,37.640015,69.280006
436.179993,97.360001,37.640015,69.280006
436.179993,97.360001,37.640015,69.280006
436.179993,97.360001,37.640015,69.280006
436.179993,97.360001,37.640015,69.280006
436.179993,97.360001,37.640015,69.280006
436.179993,97.360001,37.640015,69.280006
436.179993,97.360001,37.640015,69.280006
436.179993,97.360001,37.640015,69.280006
436.179993,97.360001,37.640015,69.280006
436.179993,97.360001,37.640015,69.280006
436.179993,97.360001,37.640015,69.280006
436.179993,97.360001,37.640015,69.280006
436.179993,97.360001,37.640015,69.280006
436.179993,97.360001,37.640015,69.280006
436.179993,97.360001,37.640015,69.280006
436.179993,97.360001,37.640015,69.280006
2
0
0
0
0
1
388.899994,92.839996,34.170013,62.930008
388.899994,92.839996,34.170013,62.930008
388.899994,92.839996,34.170013,62.930008
388.899994,92.839996,34.170013,62.930008
388.899994,92.839996,34.170013,62.930008
388.899994,92.839996,34.170013,62.930008
376.915009,95.534996,34.170013,62.930008
376.915009,95.534996,34.170013,62.930008
