1
324.290009,162.220001,47.419983,67.559998
324.290009,162.220001,47.419983,67.559998
324.290009,162.220001,47.419983,67.559998
324.290009,162.220001,47.419983,67.559998
324.290009,162.220001,47.419983,67.559998
324.290009,162.220001,47.419983,67.559998
324.290009,162.220001,47.419983,67.559998
324.290009,162.220001,47.419983,67.559998
324.290009,162.220001,47.419983,67.559998
324.290009,162.220001,47.419983,67.559998
324.290009,162.220001,47.419983,67.559998
324.290009,162.220001,47.419983,67.559998
324.290009,162.220001,47.419983,67.559998
324.290009,162.220001,47.419983,67.559998
324.290009,162.220001,47.419983,67.559998
324.290009,162.220001,47.419983,67.559998
324.290009,162.220001,47.419983,67.559998
324.290009,162.220001,47.419983,67.559998
324.290009,162.220001,47.419983,67.559998
324.290009,162.220001,47.419983,67.559998
324.290009,162.220001,47.419983,67.559998
324.290009,162.220001,47.419983,67.559998
324.290009,162.220001,47.419983,67.559998
324.290009,162.220001,47.419983,67.559998
324.290009,162.220001,47.419983,67.559998
324.290009,162.220001,47.419983,67.559998
324.290009,162.220001,47.419983,67.559998
324.290009,162.220001,47.419983,67.559998
324.290009,162.220001,47.419983,67.559998
324.290009,162.220001,47.419983,67.559998
324.290009,162.220001,47.419983,67.559998
324.290009,162.220001,47.419983,67.559998
324.290009,162.220001,47.419983,67.559998
324.290009,162.220001,47.419983,67.559998
324.290009,162.220001,47.419983,67.559998
324.290009,162.220001,47.419983,67.559998
324.290009,162.220001,47.419983,67.559998
324.290009,162.220001,47.419983,67.559998
324.290009,162.220001,47.419983,67.559998
324.290009,162.220001,47.419983,67.559998
324.290009,162.220001,47.419983,67.559998
324.290009,162.220001,47.419983,67.559998
324.290009,162.220001,47.419983,67.559998
324.290009,162.220001,47.419983,67.559998
324.290009,162.220001,47.419983,67.559998
324.290009,162.220001,47.419983,67.559998
324.290009,162.220001,47.419983,67.559998
324.290009,162.220001,47.419983,67.559998
324.290009,162.220001,47.419983,67.559998
324.290009,162.220001,47.419983,67.559998
324.290009,162.220001,47.419983,67.559998
324.290009,162.220001,47.419983,67.559998
324.290009,162.220001,47.419983,67.559998
324.290009,162.220001,47.419983,67.559998
324.290009,162.220001,47.419983,67.559998
324.290009,162.220001,47.419983,67.559998
324.290009,162.220001,47.419983,67.559998
324.290009,162.220001,47.419983,67.559998
324.290009,162.220001,47.419983,67.559998
324.290009,162.220001,47.419983,67.559998
324.290009,162.220001,47.419983,67.559998
324.290009,162.220001,47.419983,67.559998
324.290009,162.220001,47.419983,67.559998
324.290009,162.220001,47.419983,67.559998
324.290009,162.220001,47.419983,67.559998
324.290009,162.220001,47.419983,67.559998
324.290009,162.220001,47.419983,67.559998
324.290009,162.220001,47.419983,67.559998
324.290009,162.220001,47.419983,67.559998
324.290009,162.220001,47.419983,67.559998
300.290009,162.220001,47.419983,67.559998
300.290009,162.220001,47.419983,67.559998
300.290009,162.220001,47.419983,67.559998
300.290009,162.220001,47.419983,67.559998
300.290009,162.220001,47.419983,67.559998
300.290009,162.220001,47.419983,67.559998
300.290009,162.220001,47.419983,67.559998
300.290009,162.220001,47.419983,67.559998
300.290009,162.220001,47.419983,67.559998
300.290009,162.220001,47.419983,67.559998
2
0
0
0
0
1
324.070007,147.250000,33.179993,76.009995
324.070007,147.250000,33.179993,76.009995
324.070007,147.250000,33.179993,76.009995
324.070007,147.250000,33.179993,76.009995
324.070007,147.250000,33.179993,76.009995
324.070007,147.250000,33.179993,76.009995
324.070007,147.250000,33.179993,76.009995
324.070007,147.250000,33.179993,76.009995
324.070007,147.250000,33.179993,76.009995
324.070007,147.250000,33.179993,76.009995
324.070007,147.250000,33.179993,76.009995
324.070007,147.250000,33.179993,76.009995
324.070007,147.250000,33.179993,76.009995
324.070007,147.250000,33.179993,76.009995
324.070007,147.250000,33.179993,76.009995
324.070007,147.250000,33.179993,76.009995
324.070007,147.250000,33.179993,76.009995
324.070007,147.250000,33.179993,76.009995
342.410004,157.994995,33.179993,76.009995
330.410004,144.994995,33.179993,76.009995
330.410004,144.994995,33.179993,76.009995
330.410004,144.994995,33.179993,76.009995
330.410004,144.994995,33.179993,76.009995
330.410004,144.994995,33.179993,76.009995
330.410004,144.994995,33.179993,76.009995
343.410004,166.994995,33.179993,76.009995
343.410004,166.994995,33.179993,76.009995
343.410004,166.994995,33.179993,76.009995
362.410004,142.994995,33.179993,76.009995
362.410004,142.994995,33.179993,76.009995
348.410004,146.994995,33.179993,76.009995
348.410004,146.994995,33.179993,76.009995
348.410004,146.994995,33.179993,76.009995
362.410004,152.994995,33.179993,76.009995
350.410004,144.994995,33.179993,76.009995
350.410004,144.994995,33.179993,76.009995
350.410004,144.994995,33.179993,76.009995
369.410004,155.994995,33.179993,76.009995
357.410004,157.994995,33.179993,76.009995
357.410004,157.994995,33.179993,76.009995
357.410004,157.994995,33.179993,76.009995
357.410004,157.994995,33.179993,76.009995
379.410004,140.994995,33.179993,76.009995
379.410004,140.994995,33.179993,76.009995
379.410004,140.994995,33.179993,76.009995
379.410004,140.994995,33.179993,76.009995
379.410004,140.994995,33.179993,76.009995
374.410004,170.994995,33.179993,76.009995
387.410004,157.994995,33.179993,76.009995
387.410004,157.994995,33.179993,76.009995
387.410004,157.994995,33.179993,76.009995
387.410004,157.994995,33.179993,76.009995
374.410004,165.994995,33.179993,76.009995
374.410004,165.994995,33.179993,76.009995
390.410004,149.994995,33.179993,76.009995
390.410004,149.994995,33.179993,76.009995
381.410004,173.994995,33.179993,76.009995
381.410004,173.994995,33.179993,76.009995
381.410004,173.994995,33.179993,76.009995
381.410004,173.994995,33.179993,76.009995
413.410004,151.994995,33.179993,76.009995
413.410004,151.994995,33.179993,76.009995
413.410004,151.994995,33.179993,76.009995
413.410004,151.994995,33.179993,76.009995
413.410004,151.994995,33.179993,76.009995
413.410004,151.994995,33.179993,76.009995
413.410004,151.994995,33.179993,76.009995
413.410004,151.994995,33.179993,76.009995
413.410004,151.994995,33.179993,76.009995
400.410004,154.994995,33.179993,76.009995
400.410004,154.994995,33.179993,76.009995
400.410004,154.994995,33.179993,76.009995
400.410004,154.994995,33.179993,76.009995
412.410004,162.994995,33.179993,76.009995
400.410004,164.994995,33.179993,76.009995
400.410004,164.994995,33.179993,76.009995
2
0
0
0
0
1
438.730011,161.080002,32.399994,87.059998
438.730011,161.080002,32.399994,87.059998
438.730011,161.080002,32.399994,87.059998
438.730011,161.080002,32.399994,87.059998
438.730011,161.080002,32.399994,87.059998
438.730011,161.080002,32.399994,87.059998
438.730011,161.080002,32.399994,87.059998
438.730011,161.080002,32.399994,87.059998
465.799988,154.470001,32.399994,87.059998
465.799988,154.470001,32.399994,87.059998
465.799988,154.470001,32.399994,87.059998
465.799988,154.470001,32.399994,87.059998
465.799988,154.470001,32.399994,87.059998
465.799988,154.470001,32.399994,87.059998
454.799988,150.470001,32.399994,87.059998
454.799988,150.470001,32.399994,87.059998
454.799988,150.470001,32.399994,87.059998
454.799988,150.470001,32.399994,87.059998
454.799988,150.470001,32.399994,87.059998
469.799988,155.470001,32.399994,87.059998
469.799988,155.470001,32.399994,87.059998
469.799988,155.470001,32.399994,87.059998
469.799988,155.470001,32.399994,87.059998
469.799988,155.470001,32.399994,87.059998
469.799988,155.470001,32.399994,87.059998
469.799988,155.470001,32.399994,87.059998
469.799988,155.470001,32.399994,87.059998
469.799988,155.470001,32.399994,87.059998
445.799988,159.470001,32.399994,87.059998
445.799988,159.470001,32.399994,87.059998
445.799988,159.470001,32.399994,87.059998
445.799988,159.470001,32.399994,87.059998
445.799988,159.470001,32.399994,87.059998
445.799988,159.470001,32.399994,87.059998
445.799988,159.470001,32.399994,87.059998
445.799988,159.470001,32.399994,87.059998
445.799988,159.470001,32.399994,87.059998
445.799988,159.470001,32.399994,87.059998
445.799988,159.470001,32.399994,87.059998
445.799988,159.470001,32.399994,87.059998
445.799988,159.470001,32.399994,87.059998
445.799988,159.470001,32.399994,87.059998
445.799988,159.470001,32.399994,87.059998
445.799988,159.470001,32.399994,87.059998
445.799988,159.470001,32.399994,87.059998
445.799988,159.470001,32.399994,87.059998
445.799988,159.470001,32.399994,87.059998
436.799988,148.470001,32.399994,87.059998
436.799988,148.470001,32.399994,87.059998
436.799988,148.470001,32.399994,87.059998
436.799988,148.470001,32.399994,87.059998
436.799988,148.470001,32.399994,87.059998
436.799988,148.470001,32.399994,87.059998
436.799988,148.470001,32.399994,87.059998
436.799988,148.470001,32.399994,87.059998
436.799988,148.470001,32.399994,87.059998
436.799988,148.470001,32.399994,87.059998
436.799988,148.470001,32.399994,87.059998
436.799988,148.470001,32.399994,87.059998
453.799988,151.470001,32.399994,87.059998
453.799988,151.470001,32.399994,87.059998
453.799988,151.470001,32.399994,87.059998
453.799988,151.470001,32.399994,87.059998
453.799988,151.470001,32.399994,87.059998
443.799988,141.470001,32.399994,87.059998
443.799988,141.470001,32.399994,87.059998
443.799988,141.470001,32.399994,87.059998
443.799988,141.470001,32.399994,87.059998
2
0
0
0
0
1
513.450012,129.839996,30.089966,74.720001
513.450012,129.839996,30.089966,74.720001
513.450012,129.839996,30.089966,74.720001
513.450012,129.839996,30.089966,74.720001
513.450012,129.839996,30.089966,74.720001
513.450012,129.839996,30.089966,74.720001
513.450012,129.839996,30.089966,74.720001
527.955017,123.639999,30.089966,74.720001
527.955017,123.639999,30.089966,74.720001
527.955017,123.639999,30.089966,74.720001
527.955017,123.639999,30.089966,74.720001
527.955017,123.639999,30.089966,74.720001
527.955017,123.639999,30.089966,74.720001
527.955017,123.639999,30.089966,74.720001
527.955017,123.639999,30.089966,74.720001
512.955017,114.639999,30.089966,74.720001
512.955017,114.639999,30.089966,74.720001
512.955017,114.639999,30.089966,74.720001
512.955017,114.639999,30.089966,74.720001
512.955017,114.639999,30.089966,74.720001
512.955017,114.639999,30.089966,74.720001
512.955017,114.639999,30.089966,74.720001
512.955017,114.639999,30.089966,74.720001
512.955017,114.639999,30.089966,74.720001
512.955017,114.639999,30.089966,74.720001
512.955017,114.639999,30.089966,74.720001
512.955017,114.639999,30.089966,74.720001
512.955017,114.639999,30.089966,74.720001
512.955017,114.639999,30.089966,74.720001
512.955017,114.639999,30.089966,74.720001
512.955017,114.639999,30.089966,74.720001
512.955017,114.639999,30.089966,74.720001
512.955017,114.639999,30.089966,74.720001
512.955017,114.639999,30.089966,74.720001
512.955017,114.639999,30.089966,74.720001
512.955017,114.639999,30.089966,74.720001
512.955017,114.639999,30.089966,74.720001
512.955017,114.639999,30.089966,74.720001
512.955017,114.639999,30.089966,74.720001
512.955017,114.639999,30.089966,74.720001
512.955017,114.639999,30.089966,74.720001
512.955017,114.639999,30.089966,74.720001
512.955017,114.639999,30.089966,74.720001
512.955017,114.639999,30.089966,74.720001
512.955017,114.639999,30.089966,74.720001
512.955017,114.639999,30.089966,74.720001
512.955017,114.639999,30.089966,74.720001
512.955017,114.639999,30.089966,74.720001
512.955017,114.639999,30.089966,74.720001
512.955017,114.639999,30.089966,74.720001
512.955017,114.639999,30.089966,74.720001
512.955017,114.639999,30.089966,74.720001
512.955017,114.639999,30.089966,74.720001
512.955017,114.639999,30.089966,74.720001
512.955017,114.639999,30.089966,74.720001
2
0
0
0
0
1
460.989990,87.959999,37.640015,69.280006
460.989990,87.959999,37.640015,69.280006
461.179993,112.360001,37.640015,69.280006
461.179993,112.360001,37.640015,69.280006
461.179993,112.360001,37.640015,69.280006
461.179993,112.360001,37.640015,69.280006
461.179993,112.360001,37.640015,69.280006
461.179993,112.360001,37.640015,69.280006
431.179993,82.360001,37.640015,69.280006
416.179993,112.360001,37.640015,69.280006
416.179993,112.360001,37.640015,69.280006
416.179993,112.360001,37.640015,69.280006
416.179993,112.360001,37.640015,69.280006
416.179993,112.360001,37.640015,69.280006
416.179993,112.360001,37.640015,69.280006
416.179993,112.360001,37.640015,69.280006
416.179993,112.360001,37.640015,69.280006
401.179993,137.360001,37.640015,69.280006
401.179993,137.360001,37.640015,69.280006
401.179993,137.360001,37.640015,69.280006
401.179993,137.360001,37.640015,69.280006
401.179993,137.360001,37.640015,69.280006
401.179993,137.360001,37.640015,69.280006
401.179993,137.360001,37.640015,69.280006
421.179993,142.360001,37.640015,69.280006
2
0
0
0
0
1
405.200012,93.190002,34.789978,64.520004
405.200012,93.190002,34.789978,64.520004
405.200012,93.190002,34.789978,64.520004
405.200012,93.190002,34.789978,64.520004
405.200012,93.190002,34.789978,64.520004
405.200012,93.190002,34.789978,64.520004
405.200012,93.190002,34.789978,64.520004
405.200012,93.190002,34.789978,64.520004
405.200012,93.190002,34.789978,64.520004
405.200012,93.190002,34.789978,64.520004
405.200012,93.190002,34.789978,64.520004
405.200012,93.190002,34.789978,64.520004
405.200012,93.190002,34.789978,64.520004
405.200012,93.190002,34.789978,64.520004
2
