1
150.000000,69.000000,47.000000,53.000000
150.000000,69.000000,47.000000,53.000000
150.000000,69.000000,47.000000,53.000000
150.000000,69.000000,47.000000,53.000000
150.000000,69.000000,47.000000,53.000000
150.000000,69.000000,47.000000,53.000000
150.000000,69.000000,47.000000,53.000000
150.000000,69.000000,47.000000,53.000000
150.000000,69.000000,47.000000,53.000000
150.000000,69.000000,47.000000,53.000000
150.000000,69.000000,47.000000,53.000000
150.000000,69.000000,47.000000,53.000000
150.000000,69.000000,47.000000,53.000000
150.000000,69.000000,47.000000,53.000000
150.000000,69.000000,47.000000,53.000000
150.000000,69.000000,47.000000,53.000000
150.000000,69.000000,47.000000,53.000000
150.000000,69.000000,47.000000,53.000000
150.000000,69.000000,47.000000,53.000000
150.000000,69.000000,47.000000,53.000000
150.000000,69.000000,47.000000,53.000000
150.000000,69.000000,47.000000,53.000000
150.000000,69.000000,47.000000,53.000000
150.000000,69.000000,47.000000,53.000000
149.500000,68.500000,47.000000,53.000000
170.500000,91.500000,47.000000,53.000000
170.500000,91.500000,47.000000,53.000000
170.500000,91.500000,47.000000,53.000000
170.500000,91.500000,47.000000,53.000000
2
0
0
0
0
1
212.899994,99.000000,55.660004,50.119995
184.169998,73.940002,55.660004,50.119995
184.169998,73.940002,55.660004,50.119995
184.169998,73.940002,55.660004,50.119995
184.169998,73.940002,55.660004,50.119995
184.169998,73.940002,55.660004,50.119995
154.169998,83.940002,55.660004,50.119995
154.169998,83.940002,55.660004,50.119995
154.169998,83.940002,55.660004,50.119995
154.169998,83.940002,55.660004,50.119995
154.169998,83.940002,55.660004,50.119995
154.169998,83.940002,55.660004,50.119995
2
0
0
0
0
1
78.000000,39.000000,41.000000,44.000000
78.000000,39.000000,41.000000,44.000000
78.000000,39.000000,41.000000,44.000000
78.000000,39.000000,41.000000,44.000000
59.500000,41.000000,41.000000,44.000000
59.500000,41.000000,41.000000,44.000000
59.500000,41.000000,41.000000,44.000000
59.500000,41.000000,41.000000,44.000000
55.500000,68.000000,41.000000,44.000000
55.500000,68.000000,41.000000,44.000000
55.500000,68.000000,41.000000,44.000000
55.500000,68.000000,41.000000,44.000000
2
0
0
0
0
1
181.000000,68.000000,37.000000,71.000000
181.000000,68.000000,37.000000,71.000000
181.000000,68.000000,37.000000,71.000000
199.500000,70.500000,37.000000,71.000000
199.500000,70.500000,37.000000,71.000000
199.500000,70.500000,37.000000,71.000000
199.500000,70.500000,37.000000,71.000000
199.500000,70.500000,37.000000,71.000000
199.500000,70.500000,37.000000,71.000000
199.500000,70.500000,37.000000,71.000000
199.500000,70.500000,37.000000,71.000000
182.500000,87.500000,37.000000,71.000000
182.500000,87.500000,37.000000,71.000000
182.500000,87.500000,37.000000,71.000000
2
0
0
0
0
1
101.690002,31.870001,67.069992,74.279999
101.690002,31.870001,67.069992,74.279999
101.690002,31.870001,67.069992,74.279999
101.690002,31.870001,67.069992,74.279999
101.690002,31.870001,67.069992,74.279999
101.690002,31.870001,67.069992,74.279999
101.690002,31.870001,67.069992,74.279999
2
0
0
0
0
1
195.149994,79.230003,61.429993,64.180000
195.149994,79.230003,61.429993,64.180000
195.149994,79.230003,61.429993,64.180000
195.149994,79.230003,61.429993,64.180000
195.149994,79.230003,61.429993,64.180000
195.149994,79.230003,61.429993,64.180000
195.149994,79.230003,61.429993,64.180000
195.149994,79.230003,61.429993,64.180000
216.285004,97.910004,61.429993,64.180000
216.285004,97.910004,61.429993,64.180000
216.285004,97.910004,61.429993,64.180000
216.285004,97.910004,61.429993,64.180000
216.285004,97.910004,61.429993,64.180000
216.285004,97.910004,61.429993,64.180000
216.285004,97.910004,61.429993,64.180000
216.285004,97.910004,61.429993,64.180000
178.285004,91.910004,61.429993,64.180000
178.285004,91.910004,61.429993,64.180000
178.285004,91.910004,61.429993,64.180000
178.285004,91.910004,61.429993,64.180000
178.285004,91.910004,61.429993,64.180000
178.285004,91.910004,61.429993,64.180000
178.285004,91.910004,61.429993,64.180000
2
0
0
0
0
1
106.629997,48.970001,55.360008,66.330002
106.629997,48.970001,55.360008,66.330002
106.629997,48.970001,55.360008,66.330002
106.629997,48.970001,55.360008,66.330002
106.629997,48.970001,55.360008,66.330002
106.629997,48.970001,55.360008,66.330002
106.629997,48.970001,55.360008,66.330002
106.629997,48.970001,55.360008,66.330002
106.629997,48.970001,55.360008,66.330002
2
0
0
0
0
1
211.729996,109.570000,61.539993,60.969994
211.729996,109.570000,61.539993,60.969994
211.729996,109.570000,61.539993,60.969994
211.729996,109.570000,61.539993,60.969994
211.729996,109.570000,61.539993,60.969994
211.729996,109.570000,61.539993,60.969994
211.729996,109.570000,61.539993,60.969994
211.729996,109.570000,61.539993,60.969994
211.729996,109.570000,61.539993,60.969994
211.729996,109.570000,61.539993,60.969994
211.729996,109.570000,61.539993,60.969994
211.729996,109.570000,61.539993,60.969994
211.729996,109.570000,61.539993,60.969994
191.230011,86.514999,61.539993,60.969994
191.230011,86.514999,61.539993,60.969994
191.230011,86.514999,61.539993,60.969994
191.230011,86.514999,61.539993,60.969994
191.230011,86.514999,61.539993,60.969994
191.230011,86.514999,61.539993,60.969994
191.230011,86.514999,61.539993,60.969994
191.230011,86.514999,61.539993,60.969994
2
0
0
0
0
1
212.130005,50.849998,51.100006,51.200005
212.130005,50.849998,51.100006,51.200005
212.130005,50.849998,51.100006,51.200005
212.130005,50.849998,51.100006,51.200005
212.130005,50.849998,51.100006,51.200005
212.130005,50.849998,51.100006,51.200005
212.130005,50.849998,51.100006,51.200005
212.130005,50.849998,51.100006,51.200005
212.130005,50.849998,51.100006,51.200005
212.130005,50.849998,51.100006,51.200005
212.130005,50.849998,51.100006,51.200005
212.130005,50.849998,51.100006,51.200005
212.130005,50.849998,51.100006,51.200005
212.130005,50.849998,51.100006,51.200005
212.130005,50.849998,51.100006,51.200005
2
0
0
0
0
1
122.050003,39.119999,42.979996,45.730000
122.050003,39.119999,42.979996,45.730000
103.510002,41.134998,42.979996,45.730000
103.510002,41.134998,42.979996,45.730000
103.510002,41.134998,42.979996,45.730000
77.510002,44.134998,42.979996,45.730000
77.510002,44.134998,42.979996,45.730000
77.510002,44.134998,42.979996,45.730000
77.510002,44.134998,42.979996,45.730000
77.510002,44.134998,42.979996,45.730000
77.510002,44.134998,42.979996,45.730000
77.510002,44.134998,42.979996,45.730000
77.510002,44.134998,42.979996,45.730000
2
0
0
0
0
1
96.000000,127.000000,40.000000,50.000000
96.000000,127.000000,40.000000,50.000000
96.000000,127.000000,40.000000,50.000000
96.000000,127.000000,40.000000,50.000000
96.000000,127.000000,40.000000,50.000000
96.000000,127.000000,40.000000,50.000000
96.000000,127.000000,40.000000,50.000000
96.000000,127.000000,40.000000,50.000000
96.000000,127.000000,40.000000,50.000000
96.000000,127.000000,40.000000,50.000000
96.000000,127.000000,40.000000,50.000000
96.000000,127.000000,40.000000,50.000000
96.000000,127.000000,40.000000,50.000000
96.000000,127.000000,40.000000,50.000000
96.000000,127.000000,40.000000,50.000000
96.000000,127.000000,40.000000,50.000000
96.000000,127.000000,40.000000,50.000000
96.000000,127.000000,40.000000,50.000000
96.000000,127.000000,40.000000,50.000000
96.000000,127.000000,40.000000,50.000000
96.000000,127.000000,40.000000,50.000000
96.000000,127.000000,40.000000,50.000000
2
0
0
0
0
1
157.000000,84.000000,44.000000,59.000000
157.000000,84.000000,44.000000,59.000000
157.000000,84.000000,44.000000,59.000000
157.000000,84.000000,44.000000,59.000000
157.000000,84.000000,44.000000,59.000000
157.000000,84.000000,44.000000,59.000000
157.000000,84.000000,44.000000,59.000000
138.000000,84.500000,44.000000,59.000000
138.000000,84.500000,44.000000,59.000000
138.000000,84.500000,44.000000,59.000000
138.000000,84.500000,44.000000,59.000000
138.000000,84.500000,44.000000,59.000000
138.000000,84.500000,44.000000,59.000000
138.000000,84.500000,44.000000,59.000000
138.000000,84.500000,44.000000,59.000000
138.000000,84.500000,44.000000,59.000000
138.000000,84.500000,44.000000,59.000000
138.000000,84.500000,44.000000,59.000000
138.000000,84.500000,44.000000,59.000000
138.000000,84.500000,44.000000,59.000000
138.000000,84.500000,44.000000,59.000000
138.000000,84.500000,44.000000,59.000000
138.000000,84.500000,44.000000,59.000000
