1
150.000000,69.000000,47.000000,53.000000
150.000000,69.000000,47.000000,53.000000
150.000000,69.000000,47.000000,53.000000
150.000000,69.000000,47.000000,53.000000
150.000000,69.000000,47.000000,53.000000
150.000000,69.000000,47.000000,53.000000
150.000000,69.000000,47.000000,53.000000
150.000000,69.000000,47.000000,53.000000
150.000000,69.000000,47.000000,53.000000
150.000000,69.000000,47.000000,53.000000
150.000000,69.000000,47.000000,53.000000
150.000000,69.000000,47.000000,53.000000
150.000000,69.000000,47.000000,53.000000
150.000000,69.000000,47.000000,53.000000
150.000000,69.000000,47.000000,53.000000
150.000000,69.000000,47.000000,53.000000
150.000000,69.000000,47.000000,53.000000
150.000000,69.000000,47.000000,53.000000
150.000000,69.000000,47.000000,53.000000
150.000000,69.000000,47.000000,53.000000
150.000000,69.000000,47.000000,53.000000
150.000000,69.000000,47.000000,53.000000
150.000000,69.000000,47.000000,53.000000
150.000000,69.000000,47.000000,53.000000
149.500000,68.500000,47.000000,53.000000
170.500000,91.500000,47.000000,53.000000
170.500000,91.500000,47.000000,53.000000
170.500000,91.500000,47.000000,53.000000
170.500000,91.500000,47.000000,53.000000
2
0
0
0
0
1
212.899994,99.000000,55.660004,50.119995
212.899994,99.000000,55.660004,50.119995
212.899994,99.000000,55.660004,50.119995
212.899994,99.000000,55.660004,50.119995
182.169998,83.940002,55.660004,50.119995
182.169998,83.940002,55.660004,50.119995
182.169998,83.940002,55.660004,50.119995
2
0
0
0
0
1
114.000000,43.000000,39.000000,42.000000
99.500000,42.000000,39.000000,42.000000
99.500000,42.000000,39.000000,42.000000
99.500000,42.000000,39.000000,42.000000
99.500000,42.000000,39.000000,42.000000
99.500000,42.000000,39.000000,42.000000
99.500000,42.000000,39.000000,42.000000
70.500000,43.000000,39.000000,42.000000
70.500000,43.000000,39.000000,42.000000
70.500000,43.000000,39.000000,42.000000
55.500000,66.000000,39.000000,42.000000
55.500000,66.000000,39.000000,42.000000
55.500000,66.000000,39.000000,42.000000
55.500000,66.000000,39.000000,42.000000
55.500000,66.000000,39.000000,42.000000
72.500000,110.000000,39.000000,42.000000
2
0
0
0
0
1
171.000000,66.000000,38.000000,72.000000
171.000000,66.000000,38.000000,72.000000
171.000000,66.000000,38.000000,72.000000
189.000000,83.000000,38.000000,72.000000
189.000000,83.000000,38.000000,72.000000
189.000000,83.000000,38.000000,72.000000
189.000000,83.000000,38.000000,72.000000
189.000000,83.000000,38.000000,72.000000
189.000000,83.000000,38.000000,72.000000
189.000000,83.000000,38.000000,72.000000
189.000000,83.000000,38.000000,72.000000
189.000000,83.000000,38.000000,72.000000
189.000000,83.000000,38.000000,72.000000
189.000000,83.000000,38.000000,72.000000
2
0
0
0
0
1
108.160004,33.500000,67.729996,75.620003
108.160004,33.500000,67.729996,75.620003
108.160004,33.500000,67.729996,75.620003
108.160004,33.500000,67.729996,75.620003
108.160004,33.500000,67.729996,75.620003
108.160004,33.500000,67.729996,75.620003
108.160004,33.500000,67.729996,75.620003
108.160004,33.500000,67.729996,75.620003
108.160004,33.500000,67.729996,75.620003
2
0
0
0
0
1
203.169998,84.190002,59.900009,61.319992
203.169998,84.190002,59.900009,61.319992
203.169998,84.190002,59.900009,61.319992
203.169998,84.190002,59.900009,61.319992
203.169998,84.190002,59.900009,61.319992
203.169998,84.190002,59.900009,61.319992
203.169998,84.190002,59.900009,61.319992
203.169998,84.190002,59.900009,61.319992
203.169998,84.190002,59.900009,61.319992
203.169998,84.190002,59.900009,61.319992
203.169998,84.190002,59.900009,61.319992
203.169998,84.190002,59.900009,61.319992
203.169998,84.190002,59.900009,61.319992
203.169998,84.190002,59.900009,61.319992
203.169998,84.190002,59.900009,61.319992
203.169998,84.190002,59.900009,61.319992
203.169998,84.190002,59.900009,61.319992
203.169998,84.190002,59.900009,61.319992
203.169998,84.190002,59.900009,61.319992
203.169998,84.190002,59.900009,61.319992
203.169998,84.190002,59.900009,61.319992
203.169998,84.190002,59.900009,61.319992
2
0
0
0
0
1
106.629997,48.970001,55.360008,66.330002
106.629997,48.970001,55.360008,66.330002
106.629997,48.970001,55.360008,66.330002
106.629997,48.970001,55.360008,66.330002
106.629997,48.970001,55.360008,66.330002
106.629997,48.970001,55.360008,66.330002
106.629997,48.970001,55.360008,66.330002
106.629997,48.970001,55.360008,66.330002
106.629997,48.970001,55.360008,66.330002
2
0
0
0
0
1
211.729996,109.570000,61.539993,60.969994
211.729996,109.570000,61.539993,60.969994
211.729996,109.570000,61.539993,60.969994
211.729996,109.570000,61.539993,60.969994
211.729996,109.570000,61.539993,60.969994
211.729996,109.570000,61.539993,60.969994
211.729996,109.570000,61.539993,60.969994
211.729996,109.570000,61.539993,60.969994
211.729996,109.570000,61.539993,60.969994
211.729996,109.570000,61.539993,60.969994
211.729996,109.570000,61.539993,60.969994
211.729996,109.570000,61.539993,60.969994
211.729996,109.570000,61.539993,60.969994
186.230011,86.514999,61.539993,60.969994
186.230011,86.514999,61.539993,60.969994
186.230011,86.514999,61.539993,60.969994
186.230011,86.514999,61.539993,60.969994
186.230011,86.514999,61.539993,60.969994
186.230011,86.514999,61.539993,60.969994
186.230011,86.514999,61.539993,60.969994
186.230011,86.514999,61.539993,60.969994
2
0
0
0
0
1
212.130005,50.849998,51.100006,51.200005
212.130005,50.849998,51.100006,51.200005
212.130005,50.849998,51.100006,51.200005
212.130005,50.849998,51.100006,51.200005
212.130005,50.849998,51.100006,51.200005
212.130005,50.849998,51.100006,51.200005
212.130005,50.849998,51.100006,51.200005
212.130005,50.849998,51.100006,51.200005
212.130005,50.849998,51.100006,51.200005
212.130005,50.849998,51.100006,51.200005
222.449997,70.399994,51.100006,51.200005
222.449997,70.399994,51.100006,51.200005
222.449997,70.399994,51.100006,51.200005
2
0
0
0
0
1
141.360001,38.430000,45.399994,47.589996
141.360001,38.430000,45.399994,47.589996
141.360001,38.430000,45.399994,47.589996
141.360001,38.430000,45.399994,47.589996
2
0
0
0
0
1
62.000000,48.000000,38.000000,44.000000
62.000000,48.000000,38.000000,44.000000
62.000000,48.000000,38.000000,44.000000
58.000000,80.000000,38.000000,44.000000
58.000000,80.000000,38.000000,44.000000
58.000000,80.000000,38.000000,44.000000
58.000000,80.000000,38.000000,44.000000
58.000000,80.000000,38.000000,44.000000
58.000000,80.000000,38.000000,44.000000
2
0
0
0
0
1
98.000000,124.000000,44.000000,58.000000
98.000000,124.000000,44.000000,58.000000
98.000000,124.000000,44.000000,58.000000
98.000000,124.000000,44.000000,58.000000
98.000000,124.000000,44.000000,58.000000
98.000000,124.000000,44.000000,58.000000
98.000000,124.000000,44.000000,58.000000
98.000000,124.000000,44.000000,58.000000
98.000000,124.000000,44.000000,58.000000
98.000000,124.000000,44.000000,58.000000
98.000000,124.000000,44.000000,58.000000
98.000000,124.000000,44.000000,58.000000
114.000000,121.000000,44.000000,58.000000
114.000000,121.000000,44.000000,58.000000
114.000000,121.000000,44.000000,58.000000
114.000000,121.000000,44.000000,58.000000
114.000000,121.000000,44.000000,58.000000
114.000000,121.000000,44.000000,58.000000
133.000000,110.000000,44.000000,58.000000
133.000000,110.000000,44.000000,58.000000
133.000000,110.000000,44.000000,58.000000
133.000000,110.000000,44.000000,58.000000
133.000000,110.000000,44.000000,58.000000
133.000000,110.000000,44.000000,58.000000
159.000000,108.000000,44.000000,58.000000
159.000000,108.000000,44.000000,58.000000
159.000000,108.000000,44.000000,58.000000
159.000000,108.000000,44.000000,58.000000
159.000000,108.000000,44.000000,58.000000
184.000000,108.000000,44.000000,58.000000
2
0
0
0
0
1
99.000000,69.000000,50.000000,58.000000
99.000000,69.000000,50.000000,58.000000
99.000000,69.000000,50.000000,58.000000
99.000000,69.000000,50.000000,58.000000
99.000000,69.000000,50.000000,58.000000
99.000000,69.000000,50.000000,58.000000
99.000000,69.000000,50.000000,58.000000
99.000000,69.000000,50.000000,58.000000
99.000000,69.000000,50.000000,58.000000
99.000000,69.000000,50.000000,58.000000
99.000000,69.000000,50.000000,58.000000
