1
150.000000,69.000000,47.000000,53.000000
150.000000,69.000000,47.000000,53.000000
150.000000,69.000000,47.000000,53.000000
150.000000,69.000000,47.000000,53.000000
150.000000,69.000000,47.000000,53.000000
150.000000,69.000000,47.000000,53.000000
150.000000,69.000000,47.000000,53.000000
150.000000,69.000000,47.000000,53.000000
150.000000,69.000000,47.000000,53.000000
150.000000,69.000000,47.000000,53.000000
150.000000,69.000000,47.000000,53.000000
150.000000,69.000000,47.000000,53.000000
150.000000,69.000000,47.000000,53.000000
150.000000,69.000000,47.000000,53.000000
150.000000,69.000000,47.000000,53.000000
150.000000,69.000000,47.000000,53.000000
195.500000,71.500000,47.000000,53.000000
195.500000,71.500000,47.000000,53.000000
176.500000,71.500000,47.000000,53.000000
176.500000,71.500000,47.000000,53.000000
176.500000,71.500000,47.000000,53.000000
176.500000,71.500000,47.000000,53.000000
176.500000,71.500000,47.000000,53.000000
176.500000,71.500000,47.000000,53.000000
176.500000,71.500000,47.000000,53.000000
170.500000,89.500000,47.000000,53.000000
170.500000,89.500000,47.000000,53.000000
170.500000,89.500000,47.000000,53.000000
170.500000,89.500000,47.000000,53.000000
2
0
0
0
0
1
212.899994,99.000000,55.660004,50.119995
212.899994,99.000000,55.660004,50.119995
195.169998,73.940002,55.660004,50.119995
195.169998,73.940002,55.660004,50.119995
195.169998,73.940002,55.660004,50.119995
168.169998,68.940002,55.660004,50.119995
168.169998,68.940002,55.660004,50.119995
168.169998,68.940002,55.660004,50.119995
168.169998,68.940002,55.660004,50.119995
168.169998,68.940002,55.660004,50.119995
168.169998,68.940002,55.660004,50.119995
2
0
0
0
0
1
85.000000,39.000000,40.000000,44.000000
85.000000,39.000000,40.000000,44.000000
85.000000,39.000000,40.000000,44.000000
85.000000,39.000000,40.000000,44.000000
85.000000,39.000000,40.000000,44.000000
85.000000,39.000000,40.000000,44.000000
59.000000,64.000000,40.000000,44.000000
59.000000,64.000000,40.000000,44.000000
44.000000,57.000000,40.000000,44.000000
44.000000,57.000000,40.000000,44.000000
44.000000,57.000000,40.000000,44.000000
44.000000,57.000000,40.000000,44.000000
2
0
0
0
0
1
171.000000,66.000000,38.000000,72.000000
171.000000,66.000000,38.000000,72.000000
171.000000,66.000000,38.000000,72.000000
2
0
0
0
0
1
190.380005,72.430000,58.239990,77.140007
190.380005,72.430000,58.239990,77.140007
190.380005,72.430000,58.239990,77.140007
190.380005,72.430000,58.239990,77.140007
190.380005,72.430000,58.239990,77.140007
164.880005,97.430000,58.239990,77.140007
164.880005,97.430000,58.239990,77.140007
164.880005,97.430000,58.239990,77.140007
2
0
0
0
0
1
95.040001,26.209999,67.019997,74.559998
95.040001,26.209999,67.019997,74.559998
95.040001,26.209999,67.019997,74.559998
95.040001,26.209999,67.019997,74.559998
2
0
0
0
0
1
187.169998,74.339996,62.869995,66.900009
187.169998,74.339996,62.869995,66.900009
187.169998,74.339996,62.869995,66.900009
187.169998,74.339996,62.869995,66.900009
187.169998,74.339996,62.869995,66.900009
187.169998,74.339996,62.869995,66.900009
187.169998,74.339996,62.869995,66.900009
187.169998,74.339996,62.869995,66.900009
187.169998,74.339996,62.869995,66.900009
187.169998,74.339996,62.869995,66.900009
187.169998,74.339996,62.869995,66.900009
187.169998,74.339996,62.869995,66.900009
187.169998,74.339996,62.869995,66.900009
187.169998,74.339996,62.869995,66.900009
187.169998,74.339996,62.869995,66.900009
187.169998,74.339996,62.869995,66.900009
187.169998,74.339996,62.869995,66.900009
187.169998,74.339996,62.869995,66.900009
187.169998,74.339996,62.869995,66.900009
187.169998,74.339996,62.869995,66.900009
187.169998,74.339996,62.869995,66.900009
187.169998,74.339996,62.869995,66.900009
187.169998,74.339996,62.869995,66.900009
187.169998,74.339996,62.869995,66.900009
187.169998,74.339996,62.869995,66.900009
187.169998,74.339996,62.869995,66.900009
2
0
0
0
0
1
97.339996,51.419998,48.860001,62.580002
97.339996,51.419998,48.860001,62.580002
97.339996,51.419998,48.860001,62.580002
97.339996,51.419998,48.860001,62.580002
97.339996,51.419998,48.860001,62.580002
97.339996,51.419998,48.860001,62.580002
97.339996,51.419998,48.860001,62.580002
2
0
0
0
0
1
211.729996,109.570000,61.539993,60.969994
211.729996,109.570000,61.539993,60.969994
211.729996,109.570000,61.539993,60.969994
211.729996,109.570000,61.539993,60.969994
211.729996,109.570000,61.539993,60.969994
211.729996,109.570000,61.539993,60.969994
211.729996,109.570000,61.539993,60.969994
211.729996,109.570000,61.539993,60.969994
211.729996,109.570000,61.539993,60.969994
211.729996,109.570000,61.539993,60.969994
211.729996,109.570000,61.539993,60.969994
211.729996,109.570000,61.539993,60.969994
211.729996,109.570000,61.539993,60.969994
211.729996,109.570000,61.539993,60.969994
2
0
0
0
0
1
168.589996,45.099998,48.240005,50.270004
168.589996,45.099998,48.240005,50.270004
168.589996,45.099998,48.240005,50.270004
168.589996,45.099998,48.240005,50.270004
168.589996,45.099998,48.240005,50.270004
168.589996,45.099998,48.240005,50.270004
168.589996,45.099998,48.240005,50.270004
209.880005,69.864998,48.240005,50.270004
209.880005,69.864998,48.240005,50.270004
209.880005,69.864998,48.240005,50.270004
209.880005,69.864998,48.240005,50.270004
209.880005,69.864998,48.240005,50.270004
209.880005,69.864998,48.240005,50.270004
209.880005,69.864998,48.240005,50.270004
209.880005,69.864998,48.240005,50.270004
209.880005,69.864998,48.240005,50.270004
209.880005,69.864998,48.240005,50.270004
209.880005,69.864998,48.240005,50.270004
209.880005,69.864998,48.240005,50.270004
209.880005,69.864998,48.240005,50.270004
209.880005,69.864998,48.240005,50.270004
209.880005,69.864998,48.240005,50.270004
2
0
0
0
0
1
122.050003,39.119999,42.979996,45.730000
122.050003,39.119999,42.979996,45.730000
103.510002,41.134998,42.979996,45.730000
103.510002,41.134998,42.979996,45.730000
103.510002,41.134998,42.979996,45.730000
103.510002,41.134998,42.979996,45.730000
2
0
0
0
0
1
68.000000,74.000000,39.000000,48.000000
68.000000,74.000000,39.000000,48.000000
83.500000,96.000000,39.000000,48.000000
83.500000,96.000000,39.000000,48.000000
73.500000,123.000000,39.000000,48.000000
73.500000,123.000000,39.000000,48.000000
2
0
0
0
0
1
101.000000,121.000000,44.000000,60.000000
101.000000,121.000000,44.000000,60.000000
101.000000,121.000000,44.000000,60.000000
101.000000,121.000000,44.000000,60.000000
101.000000,121.000000,44.000000,60.000000
101.000000,121.000000,44.000000,60.000000
101.000000,121.000000,44.000000,60.000000
101.000000,121.000000,44.000000,60.000000
101.000000,121.000000,44.000000,60.000000
101.000000,121.000000,44.000000,60.000000
101.000000,121.000000,44.000000,60.000000
101.000000,121.000000,44.000000,60.000000
101.000000,121.000000,44.000000,60.000000
125.000000,111.000000,44.000000,60.000000
125.000000,111.000000,44.000000,60.000000
125.000000,111.000000,44.000000,60.000000
125.000000,111.000000,44.000000,60.000000
125.000000,111.000000,44.000000,60.000000
125.000000,111.000000,44.000000,60.000000
125.000000,111.000000,44.000000,60.000000
152.000000,101.000000,44.000000,60.000000
152.000000,101.000000,44.000000,60.000000
152.000000,101.000000,44.000000,60.000000
152.000000,101.000000,44.000000,60.000000
152.000000,101.000000,44.000000,60.000000
152.000000,101.000000,44.000000,60.000000
152.000000,101.000000,44.000000,60.000000
152.000000,101.000000,44.000000,60.000000
152.000000,101.000000,44.000000,60.000000
152.000000,101.000000,44.000000,60.000000
152.000000,101.000000,44.000000,60.000000
152.000000,101.000000,44.000000,60.000000
152.000000,101.000000,44.000000,60.000000
152.000000,101.000000,44.000000,60.000000
2
0
0
0
0
1
99.000000,69.000000,50.000000,57.000000
99.000000,69.000000,50.000000,57.000000
99.000000,69.000000,50.000000,57.000000
99.000000,69.000000,50.000000,57.000000
99.000000,69.000000,50.000000,57.000000
99.000000,69.000000,50.000000,57.000000
