1
150.000000,69.000000,47.000000,53.000000
150.000000,69.000000,47.000000,53.000000
150.000000,69.000000,47.000000,53.000000
150.000000,69.000000,47.000000,53.000000
150.000000,69.000000,47.000000,53.000000
150.000000,69.000000,47.000000,53.000000
150.000000,69.000000,47.000000,53.000000
150.000000,69.000000,47.000000,53.000000
150.000000,69.000000,47.000000,53.000000
150.000000,69.000000,47.000000,53.000000
150.000000,69.000000,47.000000,53.000000
150.000000,69.000000,47.000000,53.000000
150.000000,69.000000,47.000000,53.000000
150.000000,69.000000,47.000000,53.000000
150.000000,69.000000,47.000000,53.000000
150.000000,69.000000,47.000000,53.000000
166.500000,42.500000,47.000000,53.000000
166.500000,42.500000,47.000000,53.000000
166.500000,42.500000,47.000000,53.000000
166.500000,42.500000,47.000000,53.000000
166.500000,42.500000,47.000000,53.000000
2
0
0
0
0
1
203.190002,75.370003,64.950012,60.930000
203.190002,75.370003,64.950012,60.930000
203.190002,75.370003,64.950012,60.930000
203.190002,75.370003,64.950012,60.930000
203.190002,75.370003,64.950012,60.930000
203.190002,75.370003,64.950012,60.930000
203.190002,75.370003,64.950012,60.930000
203.190002,75.370003,64.950012,60.930000
203.190002,75.370003,64.950012,60.930000
203.190002,75.370003,64.950012,60.930000
208.524994,100.535004,64.950012,60.930000
208.524994,100.535004,64.950012,60.930000
208.524994,100.535004,64.950012,60.930000
2
0
0
0
0
1
132.000000,52.000000,40.000000,41.000000
132.000000,52.000000,40.000000,41.000000
132.000000,52.000000,40.000000,41.000000
132.000000,52.000000,40.000000,41.000000
2
0
0
0
0
1
58.000000,36.000000,49.000000,55.000000
58.000000,36.000000,49.000000,55.000000
58.000000,36.000000,49.000000,55.000000
58.000000,36.000000,49.000000,55.000000
58.000000,36.000000,49.000000,55.000000
58.000000,36.000000,49.000000,55.000000
58.000000,36.000000,49.000000,55.000000
58.000000,36.000000,49.000000,55.000000
58.000000,36.000000,49.000000,55.000000
2
0
0
0
0
1
181.000000,68.000000,37.000000,71.000000
181.000000,68.000000,37.000000,71.000000
181.000000,68.000000,37.000000,71.000000
204.500000,75.500000,37.000000,71.000000
204.500000,75.500000,37.000000,71.000000
204.500000,75.500000,37.000000,71.000000
204.500000,75.500000,37.000000,71.000000
204.500000,75.500000,37.000000,71.000000
204.500000,75.500000,37.000000,71.000000
204.500000,75.500000,37.000000,71.000000
191.500000,83.500000,37.000000,71.000000
191.500000,83.500000,37.000000,71.000000
2
0
0
0
0
1
114.629997,35.220001,68.400002,76.779999
114.629997,35.220001,68.400002,76.779999
114.629997,35.220001,68.400002,76.779999
114.629997,35.220001,68.400002,76.779999
114.629997,35.220001,68.400002,76.779999
114.629997,35.220001,68.400002,76.779999
114.629997,35.220001,68.400002,76.779999
114.629997,35.220001,68.400002,76.779999
114.629997,35.220001,68.400002,76.779999
114.629997,35.220001,68.400002,76.779999
2
0
0
0
0
1
203.169998,84.190002,59.900009,61.319992
203.169998,84.190002,59.900009,61.319992
203.169998,84.190002,59.900009,61.319992
203.169998,84.190002,59.900009,61.319992
203.169998,84.190002,59.900009,61.319992
203.169998,84.190002,59.900009,61.319992
203.169998,84.190002,59.900009,61.319992
203.169998,84.190002,59.900009,61.319992
203.169998,84.190002,59.900009,61.319992
203.169998,84.190002,59.900009,61.319992
203.169998,84.190002,59.900009,61.319992
203.169998,84.190002,59.900009,61.319992
203.169998,84.190002,59.900009,61.319992
203.169998,84.190002,59.900009,61.319992
203.169998,84.190002,59.900009,61.319992
203.169998,84.190002,59.900009,61.319992
203.169998,84.190002,59.900009,61.319992
203.169998,84.190002,59.900009,61.319992
203.169998,84.190002,59.900009,61.319992
203.169998,84.190002,59.900009,61.319992
203.169998,84.190002,59.900009,61.319992
203.169998,84.190002,59.900009,61.319992
2
0
0
0
0
1
106.629997,48.970001,55.360008,66.330002
106.629997,48.970001,55.360008,66.330002
106.629997,48.970001,55.360008,66.330002
106.629997,48.970001,55.360008,66.330002
106.629997,48.970001,55.360008,66.330002
106.629997,48.970001,55.360008,66.330002
106.629997,48.970001,55.360008,66.330002
106.629997,48.970001,55.360008,66.330002
106.629997,48.970001,55.360008,66.330002
2
0
0
0
0
1
211.729996,109.570000,61.539993,60.969994
211.729996,109.570000,61.539993,60.969994
211.729996,109.570000,61.539993,60.969994
211.729996,109.570000,61.539993,60.969994
211.729996,109.570000,61.539993,60.969994
211.729996,109.570000,61.539993,60.969994
211.729996,109.570000,61.539993,60.969994
211.729996,109.570000,61.539993,60.969994
211.729996,109.570000,61.539993,60.969994
211.729996,109.570000,61.539993,60.969994
211.729996,109.570000,61.539993,60.969994
211.729996,109.570000,61.539993,60.969994
211.729996,109.570000,61.539993,60.969994
196.230011,91.514999,61.539993,60.969994
196.230011,91.514999,61.539993,60.969994
196.230011,91.514999,61.539993,60.969994
2
0
0
0
0
1
174.490005,36.369999,48.250000,49.910000
174.490005,36.369999,48.250000,49.910000
174.490005,36.369999,48.250000,49.910000
174.490005,36.369999,48.250000,49.910000
174.490005,36.369999,48.250000,49.910000
174.490005,36.369999,48.250000,49.910000
2
0
0
0
0
1
230.679993,60.540001,49.240021,49.370003
230.679993,60.540001,49.240021,49.370003
230.679993,60.540001,49.240021,49.370003
230.679993,60.540001,49.240021,49.370003
230.679993,60.540001,49.240021,49.370003
215.379990,50.314999,49.240021,49.370003
215.379990,50.314999,49.240021,49.370003
215.379990,50.314999,49.240021,49.370003
215.379990,50.314999,49.240021,49.370003
2
0
0
0
0
1
112.470001,39.529999,41.619995,44.669998
112.470001,39.529999,41.619995,44.669998
112.470001,39.529999,41.619995,44.669998
112.470001,39.529999,41.619995,44.669998
2
0
0
0
0
1
63.000000,64.000000,38.000000,47.000000
63.000000,64.000000,38.000000,47.000000
63.000000,64.000000,38.000000,47.000000
63.000000,64.000000,38.000000,47.000000
63.000000,64.000000,38.000000,47.000000
2
0
0
0
0
1
95.000000,127.000000,44.000000,56.000000
95.000000,127.000000,44.000000,56.000000
95.000000,127.000000,44.000000,56.000000
95.000000,127.000000,44.000000,56.000000
95.000000,127.000000,44.000000,56.000000
95.000000,127.000000,44.000000,56.000000
95.000000,127.000000,44.000000,56.000000
95.000000,127.000000,44.000000,56.000000
95.000000,127.000000,44.000000,56.000000
95.000000,127.000000,44.000000,56.000000
95.000000,127.000000,44.000000,56.000000
95.000000,127.000000,44.000000,56.000000
111.000000,121.000000,44.000000,56.000000
111.000000,121.000000,44.000000,56.000000
111.000000,121.000000,44.000000,56.000000
111.000000,121.000000,44.000000,56.000000
111.000000,121.000000,44.000000,56.000000
111.000000,121.000000,44.000000,56.000000
111.000000,121.000000,44.000000,56.000000
145.000000,107.000000,44.000000,56.000000
145.000000,107.000000,44.000000,56.000000
145.000000,107.000000,44.000000,56.000000
145.000000,107.000000,44.000000,56.000000
145.000000,107.000000,44.000000,56.000000
145.000000,107.000000,44.000000,56.000000
178.000000,104.000000,44.000000,56.000000
161.000000,106.000000,44.000000,56.000000
161.000000,106.000000,44.000000,56.000000
161.000000,106.000000,44.000000,56.000000
161.000000,106.000000,44.000000,56.000000
188.000000,109.000000,44.000000,56.000000
2
0
0
0
0
1
99.000000,69.000000,50.000000,58.000000
99.000000,69.000000,50.000000,58.000000
99.000000,69.000000,50.000000,58.000000
99.000000,69.000000,50.000000,58.000000
99.000000,69.000000,50.000000,58.000000
99.000000,69.000000,50.000000,58.000000
99.000000,69.000000,50.000000,58.000000
99.000000,69.000000,50.000000,58.000000
99.000000,69.000000,50.000000,58.000000
99.000000,69.000000,50.000000,58.000000
99.000000,69.000000,50.000000,58.000000
