1
150.000000,69.000000,47.000000,53.000000
150.000000,69.000000,47.000000,53.000000
150.000000,69.000000,47.000000,53.000000
150.000000,69.000000,47.000000,53.000000
150.000000,69.000000,47.000000,53.000000
150.000000,69.000000,47.000000,53.000000
150.000000,69.000000,47.000000,53.000000
150.000000,69.000000,47.000000,53.000000
150.000000,69.000000,47.000000,53.000000
150.000000,69.000000,47.000000,53.000000
150.000000,69.000000,47.000000,53.000000
150.000000,69.000000,47.000000,53.000000
150.000000,69.000000,47.000000,53.000000
150.000000,69.000000,47.000000,53.000000
150.000000,69.000000,47.000000,53.000000
150.000000,69.000000,47.000000,53.000000
150.000000,69.000000,47.000000,53.000000
150.000000,69.000000,47.000000,53.000000
150.000000,69.000000,47.000000,53.000000
150.000000,69.000000,47.000000,53.000000
150.000000,69.000000,47.000000,53.000000
150.000000,69.000000,47.000000,53.000000
150.000000,69.000000,47.000000,53.000000
150.000000,69.000000,47.000000,53.000000
149.500000,68.500000,47.000000,53.000000
2
0
0
0
0
1
223.289993,92.769997,56.419998,48.459999
223.289993,92.769997,56.419998,48.459999
223.289993,92.769997,56.419998,48.459999
223.289993,92.769997,56.419998,48.459999
223.289993,92.769997,56.419998,48.459999
223.289993,92.769997,56.419998,48.459999
223.289993,92.769997,56.419998,48.459999
223.289993,92.769997,56.419998,48.459999
223.289993,92.769997,56.419998,48.459999
2
0
0
0
0
1
132.000000,52.000000,40.000000,41.000000
132.000000,52.000000,40.000000,41.000000
132.000000,52.000000,40.000000,41.000000
132.000000,52.000000,40.000000,41.000000
2
0
0
0
0
1
58.000000,36.000000,49.000000,55.000000
58.000000,36.000000,49.000000,55.000000
58.000000,36.000000,49.000000,55.000000
58.000000,36.000000,49.000000,55.000000
58.000000,36.000000,49.000000,55.000000
58.000000,36.000000,49.000000,55.000000
58.000000,36.000000,49.000000,55.000000
58.000000,36.000000,49.000000,55.000000
58.000000,36.000000,49.000000,55.000000
2
0
0
0
0
1
181.000000,68.000000,37.000000,71.000000
181.000000,68.000000,37.000000,71.000000
181.000000,68.000000,37.000000,71.000000
194.500000,75.500000,37.000000,71.000000
194.500000,75.500000,37.000000,71.000000
194.500000,75.500000,37.000000,71.000000
194.500000,75.500000,37.000000,71.000000
194.500000,75.500000,37.000000,71.000000
194.500000,75.500000,37.000000,71.000000
194.500000,75.500000,37.000000,71.000000
194.500000,75.500000,37.000000,71.000000
182.500000,82.500000,37.000000,71.000000
182.500000,82.500000,37.000000,71.000000
182.500000,82.500000,37.000000,71.000000
2
0
0
0
0
1
101.690002,31.870001,67.069992,74.279999
101.690002,31.870001,67.069992,74.279999
101.690002,31.870001,67.069992,74.279999
101.690002,31.870001,67.069992,74.279999
101.690002,31.870001,67.069992,74.279999
101.690002,31.870001,67.069992,74.279999
101.690002,31.870001,67.069992,74.279999
2
0
0
0
0
1
195.149994,79.230003,61.429993,64.180000
195.149994,79.230003,61.429993,64.180000
195.149994,79.230003,61.429993,64.180000
195.149994,79.230003,61.429993,64.180000
195.149994,79.230003,61.429993,64.180000
195.149994,79.230003,61.429993,64.180000
195.149994,79.230003,61.429993,64.180000
222.285004,74.910004,61.429993,64.180000
222.285004,74.910004,61.429993,64.180000
222.285004,74.910004,61.429993,64.180000
222.285004,74.910004,61.429993,64.180000
222.285004,74.910004,61.429993,64.180000
222.285004,74.910004,61.429993,64.180000
222.285004,74.910004,61.429993,64.180000
200.285004,80.910004,61.429993,64.180000
200.285004,80.910004,61.429993,64.180000
183.285004,66.910004,61.429993,64.180000
2
0
0
0
0
1
145.229996,63.240002,64.850006,66.619995
145.229996,63.240002,64.850006,66.619995
145.229996,63.240002,64.850006,66.619995
145.229996,63.240002,64.850006,66.619995
145.229996,63.240002,64.850006,66.619995
145.229996,63.240002,64.850006,66.619995
2
0
0
0
0
1
111.000000,64.000000,41.000000,66.000000
111.000000,64.000000,41.000000,66.000000
111.000000,64.000000,41.000000,66.000000
2
0
0
0
0
1
211.729996,109.570000,61.539993,60.969994
211.729996,109.570000,61.539993,60.969994
211.729996,109.570000,61.539993,60.969994
211.729996,109.570000,61.539993,60.969994
211.729996,109.570000,61.539993,60.969994
211.729996,109.570000,61.539993,60.969994
211.729996,109.570000,61.539993,60.969994
211.729996,109.570000,61.539993,60.969994
211.729996,109.570000,61.539993,60.969994
211.729996,109.570000,61.539993,60.969994
211.729996,109.570000,61.539993,60.969994
211.729996,109.570000,61.539993,60.969994
211.729996,109.570000,61.539993,60.969994
211.729996,109.570000,61.539993,60.969994
2
0
0
0
0
1
168.589996,45.099998,48.240005,50.270004
168.589996,45.099998,48.240005,50.270004
168.589996,45.099998,48.240005,50.270004
168.589996,45.099998,48.240005,50.270004
168.589996,45.099998,48.240005,50.270004
168.589996,45.099998,48.240005,50.270004
168.589996,45.099998,48.240005,50.270004
204.880005,59.864998,48.240005,50.270004
204.880005,59.864998,48.240005,50.270004
204.880005,59.864998,48.240005,50.270004
204.880005,59.864998,48.240005,50.270004
204.880005,59.864998,48.240005,50.270004
204.880005,59.864998,48.240005,50.270004
204.880005,59.864998,48.240005,50.270004
204.880005,59.864998,48.240005,50.270004
204.880005,59.864998,48.240005,50.270004
204.880005,59.864998,48.240005,50.270004
204.880005,59.864998,48.240005,50.270004
204.880005,59.864998,48.240005,50.270004
204.880005,59.864998,48.240005,50.270004
204.880005,59.864998,48.240005,50.270004
204.880005,59.864998,48.240005,50.270004
2
0
0
0
0
1
122.050003,39.119999,42.979996,45.730000
122.050003,39.119999,42.979996,45.730000
103.510002,41.134998,42.979996,45.730000
103.510002,41.134998,42.979996,45.730000
89.510002,38.134998,42.979996,45.730000
89.510002,38.134998,42.979996,45.730000
89.510002,38.134998,42.979996,45.730000
89.510002,38.134998,42.979996,45.730000
89.510002,38.134998,42.979996,45.730000
89.510002,38.134998,42.979996,45.730000
89.510002,38.134998,42.979996,45.730000
89.510002,38.134998,42.979996,45.730000
89.510002,38.134998,42.979996,45.730000
2
0
0
0
0
1
96.000000,127.000000,40.000000,50.000000
96.000000,127.000000,40.000000,50.000000
96.000000,127.000000,40.000000,50.000000
96.000000,127.000000,40.000000,50.000000
96.000000,127.000000,40.000000,50.000000
96.000000,127.000000,40.000000,50.000000
96.000000,127.000000,40.000000,50.000000
96.000000,127.000000,40.000000,50.000000
96.000000,127.000000,40.000000,50.000000
96.000000,127.000000,40.000000,50.000000
96.000000,127.000000,40.000000,50.000000
96.000000,127.000000,40.000000,50.000000
96.000000,127.000000,40.000000,50.000000
136.000000,137.000000,40.000000,50.000000
136.000000,137.000000,40.000000,50.000000
106.000000,132.000000,40.000000,50.000000
106.000000,132.000000,40.000000,50.000000
106.000000,132.000000,40.000000,50.000000
106.000000,132.000000,40.000000,50.000000
106.000000,132.000000,40.000000,50.000000
121.000000,117.000000,40.000000,50.000000
121.000000,117.000000,40.000000,50.000000
121.000000,117.000000,40.000000,50.000000
121.000000,117.000000,40.000000,50.000000
121.000000,117.000000,40.000000,50.000000
121.000000,117.000000,40.000000,50.000000
121.000000,117.000000,40.000000,50.000000
121.000000,117.000000,40.000000,50.000000
121.000000,117.000000,40.000000,50.000000
121.000000,117.000000,40.000000,50.000000
121.000000,117.000000,40.000000,50.000000
121.000000,117.000000,40.000000,50.000000
121.000000,117.000000,40.000000,50.000000
121.000000,117.000000,40.000000,50.000000
121.000000,117.000000,40.000000,50.000000
121.000000,117.000000,40.000000,50.000000
121.000000,117.000000,40.000000,50.000000
121.000000,117.000000,40.000000,50.000000
121.000000,117.000000,40.000000,50.000000
121.000000,117.000000,40.000000,50.000000
121.000000,117.000000,40.000000,50.000000
121.000000,117.000000,40.000000,50.000000
121.000000,117.000000,40.000000,50.000000
121.000000,117.000000,40.000000,50.000000
121.000000,117.000000,40.000000,50.000000
121.000000,117.000000,40.000000,50.000000
121.000000,117.000000,40.000000,50.000000
121.000000,117.000000,40.000000,50.000000
121.000000,117.000000,40.000000,50.000000
121.000000,117.000000,40.000000,50.000000
121.000000,117.000000,40.000000,50.000000
