1
150.000000,69.000000,47.000000,53.000000
150.000000,69.000000,47.000000,53.000000
150.000000,69.000000,47.000000,53.000000
150.000000,69.000000,47.000000,53.000000
150.000000,69.000000,47.000000,53.000000
150.000000,69.000000,47.000000,53.000000
150.000000,69.000000,47.000000,53.000000
150.000000,69.000000,47.000000,53.000000
150.000000,69.000000,47.000000,53.000000
150.000000,69.000000,47.000000,53.000000
150.000000,69.000000,47.000000,53.000000
150.000000,69.000000,47.000000,53.000000
150.000000,69.000000,47.000000,53.000000
150.000000,69.000000,47.000000,53.000000
150.000000,69.000000,47.000000,53.000000
150.000000,69.000000,47.000000,53.000000
150.000000,69.000000,47.000000,53.000000
150.000000,69.000000,47.000000,53.000000
150.000000,69.000000,47.000000,53.000000
150.000000,69.000000,47.000000,53.000000
150.000000,69.000000,47.000000,53.000000
150.000000,69.000000,47.000000,53.000000
150.000000,69.000000,47.000000,53.000000
150.000000,69.000000,47.000000,53.000000
149.500000,68.500000,47.000000,53.000000
2
0
0
0
0
1
223.289993,92.769997,56.419998,48.459999
223.289993,92.769997,56.419998,48.459999
223.289993,92.769997,56.419998,48.459999
223.289993,92.769997,56.419998,48.459999
223.289993,92.769997,56.419998,48.459999
223.289993,92.769997,56.419998,48.459999
223.289993,92.769997,56.419998,48.459999
223.289993,92.769997,56.419998,48.459999
223.289993,92.769997,56.419998,48.459999
2
0
0
0
0
1
132.000000,52.000000,40.000000,41.000000
132.000000,52.000000,40.000000,41.000000
132.000000,52.000000,40.000000,41.000000
132.000000,52.000000,40.000000,41.000000
2
0
0
0
0
1
58.000000,36.000000,49.000000,55.000000
58.000000,36.000000,49.000000,55.000000
58.000000,36.000000,49.000000,55.000000
58.000000,36.000000,49.000000,55.000000
58.000000,36.000000,49.000000,55.000000
58.000000,36.000000,49.000000,55.000000
58.000000,36.000000,49.000000,55.000000
58.000000,36.000000,49.000000,55.000000
58.000000,36.000000,49.000000,55.000000
2
0
0
0
0
1
181.000000,68.000000,37.000000,71.000000
181.000000,68.000000,37.000000,71.000000
198.500000,71.500000,37.000000,71.000000
198.500000,71.500000,37.000000,71.000000
198.500000,71.500000,37.000000,71.000000
198.500000,71.500000,37.000000,71.000000
198.500000,71.500000,37.000000,71.000000
198.500000,71.500000,37.000000,71.000000
198.500000,71.500000,37.000000,71.000000
198.500000,71.500000,37.000000,71.000000
198.500000,71.500000,37.000000,71.000000
182.500000,82.500000,37.000000,71.000000
182.500000,82.500000,37.000000,71.000000
182.500000,82.500000,37.000000,71.000000
2
0
0
0
0
1
101.690002,31.870001,67.069992,74.279999
101.690002,31.870001,67.069992,74.279999
101.690002,31.870001,67.069992,74.279999
101.690002,31.870001,67.069992,74.279999
101.690002,31.870001,67.069992,74.279999
101.690002,31.870001,67.069992,74.279999
101.690002,31.870001,67.069992,74.279999
2
0
0
0
0
1
195.149994,79.230003,61.429993,64.180000
195.149994,79.230003,61.429993,64.180000
195.149994,79.230003,61.429993,64.180000
195.149994,79.230003,61.429993,64.180000
195.149994,79.230003,61.429993,64.180000
195.149994,79.230003,61.429993,64.180000
195.149994,79.230003,61.429993,64.180000
195.149994,79.230003,61.429993,64.180000
195.149994,79.230003,61.429993,64.180000
195.149994,79.230003,61.429993,64.180000
195.149994,79.230003,61.429993,64.180000
195.149994,79.230003,61.429993,64.180000
195.149994,79.230003,61.429993,64.180000
195.149994,79.230003,61.429993,64.180000
195.149994,79.230003,61.429993,64.180000
195.149994,79.230003,61.429993,64.180000
195.149994,79.230003,61.429993,64.180000
195.149994,79.230003,61.429993,64.180000
195.149994,79.230003,61.429993,64.180000
195.149994,79.230003,61.429993,64.180000
195.149994,79.230003,61.429993,64.180000
195.149994,79.230003,61.429993,64.180000
195.149994,79.230003,61.429993,64.180000
195.149994,79.230003,61.429993,64.180000
2
0
0
0
0
1
101.879997,50.080002,52.320000,64.689995
101.879997,50.080002,52.320000,64.689995
101.879997,50.080002,52.320000,64.689995
101.879997,50.080002,52.320000,64.689995
101.879997,50.080002,52.320000,64.689995
101.879997,50.080002,52.320000,64.689995
101.879997,50.080002,52.320000,64.689995
101.879997,50.080002,52.320000,64.689995
2
0
0
0
0
1
211.729996,109.570000,61.539993,60.969994
211.729996,109.570000,61.539993,60.969994
211.729996,109.570000,61.539993,60.969994
211.729996,109.570000,61.539993,60.969994
211.729996,109.570000,61.539993,60.969994
211.729996,109.570000,61.539993,60.969994
211.729996,109.570000,61.539993,60.969994
211.729996,109.570000,61.539993,60.969994
211.729996,109.570000,61.539993,60.969994
211.729996,109.570000,61.539993,60.969994
211.729996,109.570000,61.539993,60.969994
211.729996,109.570000,61.539993,60.969994
211.729996,109.570000,61.539993,60.969994
191.230011,86.514999,61.539993,60.969994
191.230011,86.514999,61.539993,60.969994
191.230011,86.514999,61.539993,60.969994
191.230011,86.514999,61.539993,60.969994
168.230011,67.514999,61.539993,60.969994
168.230011,67.514999,61.539993,60.969994
168.230011,67.514999,61.539993,60.969994
168.230011,67.514999,61.539993,60.969994
168.230011,67.514999,61.539993,60.969994
168.230011,67.514999,61.539993,60.969994
168.230011,67.514999,61.539993,60.969994
168.230011,67.514999,61.539993,60.969994
168.230011,67.514999,61.539993,60.969994
168.230011,67.514999,61.539993,60.969994
168.230011,67.514999,61.539993,60.969994
168.230011,67.514999,61.539993,60.969994
2
0
0
0
0
1
226.970001,57.709999,49.750000,50.239998
226.970001,57.709999,49.750000,50.239998
226.970001,57.709999,49.750000,50.239998
226.970001,57.709999,49.750000,50.239998
226.970001,57.709999,49.750000,50.239998
226.970001,57.709999,49.750000,50.239998
2
0
0
0
0
1
131.679993,38.750000,44.240005,46.709999
131.679993,38.750000,44.240005,46.709999
131.679993,38.750000,44.240005,46.709999
105.879997,36.645000,44.240005,46.709999
105.879997,36.645000,44.240005,46.709999
91.879997,38.645000,44.240005,46.709999
91.879997,38.645000,44.240005,46.709999
91.879997,38.645000,44.240005,46.709999
70.879997,46.645000,44.240005,46.709999
70.879997,46.645000,44.240005,46.709999
70.879997,46.645000,44.240005,46.709999
70.879997,46.645000,44.240005,46.709999
70.879997,46.645000,44.240005,46.709999
70.879997,46.645000,44.240005,46.709999
2
0
0
0
0
1
96.000000,127.000000,40.000000,50.000000
96.000000,127.000000,40.000000,50.000000
96.000000,127.000000,40.000000,50.000000
96.000000,127.000000,40.000000,50.000000
96.000000,127.000000,40.000000,50.000000
96.000000,127.000000,40.000000,50.000000
96.000000,127.000000,40.000000,50.000000
96.000000,127.000000,40.000000,50.000000
96.000000,127.000000,40.000000,50.000000
96.000000,127.000000,40.000000,50.000000
96.000000,127.000000,40.000000,50.000000
96.000000,127.000000,40.000000,50.000000
96.000000,127.000000,40.000000,50.000000
131.000000,132.000000,40.000000,50.000000
131.000000,132.000000,40.000000,50.000000
106.000000,122.000000,40.000000,50.000000
106.000000,122.000000,40.000000,50.000000
106.000000,122.000000,40.000000,50.000000
106.000000,122.000000,40.000000,50.000000
121.000000,112.000000,40.000000,50.000000
121.000000,112.000000,40.000000,50.000000
121.000000,112.000000,40.000000,50.000000
121.000000,112.000000,40.000000,50.000000
146.000000,107.000000,40.000000,50.000000
146.000000,107.000000,40.000000,50.000000
146.000000,107.000000,40.000000,50.000000
146.000000,107.000000,40.000000,50.000000
146.000000,107.000000,40.000000,50.000000
146.000000,107.000000,40.000000,50.000000
146.000000,107.000000,40.000000,50.000000
146.000000,107.000000,40.000000,50.000000
146.000000,107.000000,40.000000,50.000000
185.000000,78.000000,40.000000,50.000000
185.000000,78.000000,40.000000,50.000000
2
0
0
0
0
1
99.000000,69.000000,50.000000,58.000000
99.000000,69.000000,50.000000,58.000000
99.000000,69.000000,50.000000,58.000000
99.000000,69.000000,50.000000,58.000000
99.000000,69.000000,50.000000,58.000000
99.000000,69.000000,50.000000,58.000000
99.000000,69.000000,50.000000,58.000000
99.000000,69.000000,50.000000,58.000000
99.000000,69.000000,50.000000,58.000000
99.000000,69.000000,50.000000,58.000000
99.000000,69.000000,50.000000,58.000000
