1
150.000000,69.000000,47.000000,53.000000
150.000000,69.000000,47.000000,53.000000
150.000000,69.000000,47.000000,53.000000
150.000000,69.000000,47.000000,53.000000
150.000000,69.000000,47.000000,53.000000
150.000000,69.000000,47.000000,53.000000
150.000000,69.000000,47.000000,53.000000
150.000000,69.000000,47.000000,53.000000
150.000000,69.000000,47.000000,53.000000
150.000000,69.000000,47.000000,53.000000
150.000000,69.000000,47.000000,53.000000
150.000000,69.000000,47.000000,53.000000
150.000000,69.000000,47.000000,53.000000
150.000000,69.000000,47.000000,53.000000
150.000000,69.000000,47.000000,53.000000
150.000000,69.000000,47.000000,53.000000
150.000000,69.000000,47.000000,53.000000
177.500000,45.500000,47.000000,53.000000
177.500000,45.500000,47.000000,53.000000
177.500000,45.500000,47.000000,53.000000
177.500000,45.500000,47.000000,53.000000
177.500000,45.500000,47.000000,53.000000
177.500000,45.500000,47.000000,53.000000
177.500000,45.500000,47.000000,53.000000
177.500000,45.500000,47.000000,53.000000
2
0
0
0
0
1
223.289993,92.769997,56.419998,48.459999
223.289993,92.769997,56.419998,48.459999
223.289993,92.769997,56.419998,48.459999
223.289993,92.769997,56.419998,48.459999
223.289993,92.769997,56.419998,48.459999
223.289993,92.769997,56.419998,48.459999
223.289993,92.769997,56.419998,48.459999
223.289993,92.769997,56.419998,48.459999
223.289993,92.769997,56.419998,48.459999
2
0
0
0
0
1
132.000000,52.000000,40.000000,41.000000
132.000000,52.000000,40.000000,41.000000
132.000000,52.000000,40.000000,41.000000
132.000000,52.000000,40.000000,41.000000
2
0
0
0
0
1
58.000000,36.000000,49.000000,55.000000
58.000000,36.000000,49.000000,55.000000
58.000000,36.000000,49.000000,55.000000
58.000000,36.000000,49.000000,55.000000
58.000000,36.000000,49.000000,55.000000
58.000000,36.000000,49.000000,55.000000
58.000000,36.000000,49.000000,55.000000
58.000000,36.000000,49.000000,55.000000
58.000000,36.000000,49.000000,55.000000
2
0
0
0
0
1
181.000000,68.000000,37.000000,71.000000
181.000000,68.000000,37.000000,71.000000
181.000000,68.000000,37.000000,71.000000
199.500000,70.500000,37.000000,71.000000
199.500000,70.500000,37.000000,71.000000
199.500000,70.500000,37.000000,71.000000
199.500000,70.500000,37.000000,71.000000
199.500000,70.500000,37.000000,71.000000
199.500000,70.500000,37.000000,71.000000
199.500000,70.500000,37.000000,71.000000
199.500000,70.500000,37.000000,71.000000
182.500000,82.500000,37.000000,71.000000
182.500000,82.500000,37.000000,71.000000
182.500000,82.500000,37.000000,71.000000
2
0
0
0
0
1
101.690002,31.870001,67.069992,74.279999
101.690002,31.870001,67.069992,74.279999
101.690002,31.870001,67.069992,74.279999
101.690002,31.870001,67.069992,74.279999
101.690002,31.870001,67.069992,74.279999
101.690002,31.870001,67.069992,74.279999
101.690002,31.870001,67.069992,74.279999
2
0
0
0
0
1
195.149994,79.230003,61.429993,64.180000
195.149994,79.230003,61.429993,64.180000
195.149994,79.230003,61.429993,64.180000
195.149994,79.230003,61.429993,64.180000
195.149994,79.230003,61.429993,64.180000
195.149994,79.230003,61.429993,64.180000
195.149994,79.230003,61.429993,64.180000
195.149994,79.230003,61.429993,64.180000
195.149994,79.230003,61.429993,64.180000
195.149994,79.230003,61.429993,64.180000
195.149994,79.230003,61.429993,64.180000
195.149994,79.230003,61.429993,64.180000
227.285004,109.910004,61.429993,64.180000
196.285004,97.910004,61.429993,64.180000
196.285004,97.910004,61.429993,64.180000
196.285004,97.910004,61.429993,64.180000
196.285004,97.910004,61.429993,64.180000
196.285004,97.910004,61.429993,64.180000
196.285004,97.910004,61.429993,64.180000
196.285004,97.910004,61.429993,64.180000
196.285004,97.910004,61.429993,64.180000
2
0
0
0
0
1
116.739998,47.439999,60.220009,68.240005
116.739998,47.439999,60.220009,68.240005
116.739998,47.439999,60.220009,68.240005
116.739998,47.439999,60.220009,68.240005
116.739998,47.439999,60.220009,68.240005
116.739998,47.439999,60.220009,68.240005
116.739998,47.439999,60.220009,68.240005
116.739998,47.439999,60.220009,68.240005
116.739998,47.439999,60.220009,68.240005
116.739998,47.439999,60.220009,68.240005
116.739998,47.439999,60.220009,68.240005
116.739998,47.439999,60.220009,68.240005
2
0
0
0
0
1
213.039993,111.540001,60.919998,59.139992
213.039993,111.540001,60.919998,59.139992
213.039993,111.540001,60.919998,59.139992
213.039993,111.540001,60.919998,59.139992
213.039993,111.540001,60.919998,59.139992
213.039993,111.540001,60.919998,59.139992
213.039993,111.540001,60.919998,59.139992
213.039993,111.540001,60.919998,59.139992
213.039993,111.540001,60.919998,59.139992
213.039993,111.540001,60.919998,59.139992
213.039993,111.540001,60.919998,59.139992
213.039993,111.540001,60.919998,59.139992
213.039993,111.540001,60.919998,59.139992
2
0
0
0
0
1
168.589996,45.099998,48.240005,50.270004
168.589996,45.099998,48.240005,50.270004
168.589996,45.099998,48.240005,50.270004
168.589996,45.099998,48.240005,50.270004
168.589996,45.099998,48.240005,50.270004
168.589996,45.099998,48.240005,50.270004
168.589996,45.099998,48.240005,50.270004
204.880005,59.864998,48.240005,50.270004
204.880005,59.864998,48.240005,50.270004
204.880005,59.864998,48.240005,50.270004
204.880005,59.864998,48.240005,50.270004
204.880005,59.864998,48.240005,50.270004
204.880005,59.864998,48.240005,50.270004
204.880005,59.864998,48.240005,50.270004
204.880005,59.864998,48.240005,50.270004
204.880005,59.864998,48.240005,50.270004
204.880005,59.864998,48.240005,50.270004
204.880005,59.864998,48.240005,50.270004
204.880005,59.864998,48.240005,50.270004
204.880005,59.864998,48.240005,50.270004
204.880005,59.864998,48.240005,50.270004
204.880005,59.864998,48.240005,50.270004
2
0
0
0
0
1
122.050003,39.119999,42.979996,45.730000
122.050003,39.119999,42.979996,45.730000
122.050003,39.119999,42.979996,45.730000
91.510002,47.134998,42.979996,45.730000
91.510002,47.134998,42.979996,45.730000
91.510002,47.134998,42.979996,45.730000
91.510002,47.134998,42.979996,45.730000
91.510002,47.134998,42.979996,45.730000
91.510002,47.134998,42.979996,45.730000
91.510002,47.134998,42.979996,45.730000
91.510002,47.134998,42.979996,45.730000
91.510002,47.134998,42.979996,45.730000
91.510002,47.134998,42.979996,45.730000
2
0
0
0
0
1
96.000000,127.000000,40.000000,50.000000
96.000000,127.000000,40.000000,50.000000
96.000000,127.000000,40.000000,50.000000
96.000000,127.000000,40.000000,50.000000
96.000000,127.000000,40.000000,50.000000
96.000000,127.000000,40.000000,50.000000
96.000000,127.000000,40.000000,50.000000
96.000000,127.000000,40.000000,50.000000
96.000000,127.000000,40.000000,50.000000
96.000000,127.000000,40.000000,50.000000
96.000000,127.000000,40.000000,50.000000
96.000000,127.000000,40.000000,50.000000
96.000000,127.000000,40.000000,50.000000
96.000000,127.000000,40.000000,50.000000
96.000000,127.000000,40.000000,50.000000
96.000000,127.000000,40.000000,50.000000
96.000000,127.000000,40.000000,50.000000
96.000000,127.000000,40.000000,50.000000
96.000000,127.000000,40.000000,50.000000
111.000000,112.000000,40.000000,50.000000
111.000000,112.000000,40.000000,50.000000
111.000000,112.000000,40.000000,50.000000
111.000000,112.000000,40.000000,50.000000
111.000000,112.000000,40.000000,50.000000
111.000000,112.000000,40.000000,50.000000
111.000000,112.000000,40.000000,50.000000
156.000000,112.000000,40.000000,50.000000
156.000000,112.000000,40.000000,50.000000
156.000000,112.000000,40.000000,50.000000
156.000000,112.000000,40.000000,50.000000
156.000000,112.000000,40.000000,50.000000
156.000000,112.000000,40.000000,50.000000
156.000000,112.000000,40.000000,50.000000
156.000000,112.000000,40.000000,50.000000
156.000000,112.000000,40.000000,50.000000
156.000000,112.000000,40.000000,50.000000
156.000000,112.000000,40.000000,50.000000
156.000000,112.000000,40.000000,50.000000
2
0
0
0
0
1
97.000000,70.000000,50.000000,57.000000
97.000000,70.000000,50.000000,57.000000
97.000000,70.000000,50.000000,57.000000
97.000000,70.000000,50.000000,57.000000
97.000000,70.000000,50.000000,57.000000
97.000000,70.000000,50.000000,57.000000
97.000000,70.000000,50.000000,57.000000
