1
397.480011,131.270004,99.889984,101.229996
397.480011,131.270004,99.889984,101.229996
397.480011,131.270004,99.889984,101.229996
397.480011,131.270004,99.889984,101.229996
397.480011,131.270004,99.889984,101.229996
397.480011,131.270004,99.889984,101.229996
397.480011,131.270004,99.889984,101.229996
397.480011,131.270004,99.889984,101.229996
397.480011,131.270004,99.889984,101.229996
397.480011,131.270004,99.889984,101.229996
397.480011,131.270004,99.889984,101.229996
397.480011,131.270004,99.889984,101.229996
397.480011,131.270004,99.889984,101.229996
397.480011,131.270004,99.889984,101.229996
397.480011,131.270004,99.889984,101.229996
397.480011,131.270004,99.889984,101.229996
397.480011,131.270004,99.889984,101.229996
397.480011,131.270004,99.889984,101.229996
397.480011,131.270004,99.889984,101.229996
397.480011,131.270004,99.889984,101.229996
397.480011,131.270004,99.889984,101.229996
397.480011,131.270004,99.889984,101.229996
397.480011,131.270004,99.889984,101.229996
397.480011,131.270004,99.889984,101.229996
397.480011,131.270004,99.889984,101.229996
397.480011,131.270004,99.889984,101.229996
397.480011,131.270004,99.889984,101.229996
397.480011,131.270004,99.889984,101.229996
397.480011,131.270004,99.889984,101.229996
397.480011,131.270004,99.889984,101.229996
397.480011,131.270004,99.889984,101.229996
397.480011,131.270004,99.889984,101.229996
397.480011,131.270004,99.889984,101.229996
397.480011,131.270004,99.889984,101.229996
397.480011,131.270004,99.889984,101.229996
397.480011,131.270004,99.889984,101.229996
397.480011,131.270004,99.889984,101.229996
397.480011,131.270004,99.889984,101.229996
397.480011,131.270004,99.889984,101.229996
397.480011,131.270004,99.889984,101.229996
397.480011,131.270004,99.889984,101.229996
397.480011,131.270004,99.889984,101.229996
397.480011,131.270004,99.889984,101.229996
397.480011,131.270004,99.889984,101.229996
2
0
0
0
0
1
284.649994,77.680000,111.490021,68.310005
284.649994,77.680000,111.490021,68.310005
284.649994,77.680000,111.490021,68.310005
284.649994,77.680000,111.490021,68.310005
284.649994,77.680000,111.490021,68.310005
284.649994,77.680000,111.490021,68.310005
284.649994,77.680000,111.490021,68.310005
284.649994,77.680000,111.490021,68.310005
284.649994,77.680000,111.490021,68.310005
284.649994,77.680000,111.490021,68.310005
284.649994,77.680000,111.490021,68.310005
284.649994,77.680000,111.490021,68.310005
284.649994,77.680000,111.490021,68.310005
284.649994,77.680000,111.490021,68.310005
284.649994,77.680000,111.490021,68.310005
284.649994,77.680000,111.490021,68.310005
284.649994,77.680000,111.490021,68.310005
284.649994,77.680000,111.490021,68.310005
284.649994,77.680000,111.490021,68.310005
284.649994,77.680000,111.490021,68.310005
284.649994,77.680000,111.490021,68.310005
284.649994,77.680000,111.490021,68.310005
284.649994,77.680000,111.490021,68.310005
284.649994,77.680000,111.490021,68.310005
284.649994,77.680000,111.490021,68.310005
284.649994,77.680000,111.490021,68.310005
284.649994,77.680000,111.490021,68.310005
284.649994,77.680000,111.490021,68.310005
284.649994,77.680000,111.490021,68.310005
284.649994,77.680000,111.490021,68.310005
284.649994,77.680000,111.490021,68.310005
284.649994,77.680000,111.490021,68.310005
342.254974,69.845001,111.490021,68.310005
342.254974,69.845001,111.490021,68.310005
342.254974,69.845001,111.490021,68.310005
342.254974,69.845001,111.490021,68.310005
342.254974,69.845001,111.490021,68.310005
342.254974,69.845001,111.490021,68.310005
342.254974,69.845001,111.490021,68.310005
290.254974,81.845001,111.490021,68.310005
290.254974,81.845001,111.490021,68.310005
290.254974,81.845001,111.490021,68.310005
288.254974,63.844997,111.490021,68.310005
288.254974,63.844997,111.490021,68.310005
288.254974,63.844997,111.490021,68.310005
288.254974,63.844997,111.490021,68.310005
288.254974,63.844997,111.490021,68.310005
288.254974,63.844997,111.490021,68.310005
288.254974,63.844997,111.490021,68.310005
288.254974,63.844997,111.490021,68.310005
345.254974,71.845001,111.490021,68.310005
345.254974,71.845001,111.490021,68.310005
345.254974,71.845001,111.490021,68.310005
345.254974,71.845001,111.490021,68.310005
345.254974,71.845001,111.490021,68.310005
295.254974,71.845001,111.490021,68.310005
264.254974,72.845001,111.490021,68.310005
264.254974,72.845001,111.490021,68.310005
264.254974,72.845001,111.490021,68.310005
264.254974,72.845001,111.490021,68.310005
264.254974,72.845001,111.490021,68.310005
264.254974,72.845001,111.490021,68.310005
264.254974,72.845001,111.490021,68.310005
264.254974,72.845001,111.490021,68.310005
264.254974,72.845001,111.490021,68.310005
340.254974,96.845001,111.490021,68.310005
340.254974,96.845001,111.490021,68.310005
303.254974,78.845001,111.490021,68.310005
303.254974,78.845001,111.490021,68.310005
303.254974,78.845001,111.490021,68.310005
303.254974,78.845001,111.490021,68.310005
303.254974,78.845001,111.490021,68.310005
303.254974,78.845001,111.490021,68.310005
303.254974,78.845001,111.490021,68.310005
303.254974,78.845001,111.490021,68.310005
303.254974,78.845001,111.490021,68.310005
303.254974,78.845001,111.490021,68.310005
303.254974,78.845001,111.490021,68.310005
303.254974,78.845001,111.490021,68.310005
303.254974,78.845001,111.490021,68.310005
303.254974,78.845001,111.490021,68.310005
303.254974,78.845001,111.490021,68.310005
303.254974,78.845001,111.490021,68.310005
303.254974,78.845001,111.490021,68.310005
303.254974,78.845001,111.490021,68.310005
303.254974,78.845001,111.490021,68.310005
303.254974,78.845001,111.490021,68.310005
303.254974,78.845001,111.490021,68.310005
303.254974,78.845001,111.490021,68.310005
342.254974,84.845001,111.490021,68.310005
342.254974,84.845001,111.490021,68.310005
342.254974,84.845001,111.490021,68.310005
342.254974,84.845001,111.490021,68.310005
342.254974,84.845001,111.490021,68.310005
342.254974,84.845001,111.490021,68.310005
342.254974,84.845001,111.490021,68.310005
342.254974,84.845001,111.490021,68.310005
342.254974,84.845001,111.490021,68.310005
342.254974,84.845001,111.490021,68.310005
282.254974,64.845001,111.490021,68.310005
282.254974,64.845001,111.490021,68.310005
282.254974,64.845001,111.490021,68.310005
282.254974,64.845001,111.490021,68.310005
282.254974,64.845001,111.490021,68.310005
282.254974,64.845001,111.490021,68.310005
246.254990,85.845001,111.490021,68.310005
246.254990,85.845001,111.490021,68.310005
246.254990,85.845001,111.490021,68.310005
246.254990,85.845001,111.490021,68.310005
246.254990,85.845001,111.490021,68.310005
246.254990,85.845001,111.490021,68.310005
246.254990,85.845001,111.490021,68.310005
246.254990,85.845001,111.490021,68.310005
246.254990,85.845001,111.490021,68.310005
246.254990,85.845001,111.490021,68.310005
246.254990,85.845001,111.490021,68.310005
246.254990,85.845001,111.490021,68.310005
246.254990,85.845001,111.490021,68.310005
246.254990,85.845001,111.490021,68.310005
246.254990,85.845001,111.490021,68.310005
246.254990,85.845001,111.490021,68.310005
246.254990,85.845001,111.490021,68.310005
246.254990,85.845001,111.490021,68.310005
246.254990,85.845001,111.490021,68.310005
246.254990,85.845001,111.490021,68.310005
246.254990,85.845001,111.490021,68.310005
246.254990,85.845001,111.490021,68.310005
246.254990,85.845001,111.490021,68.310005
246.254990,85.845001,111.490021,68.310005
246.254990,85.845001,111.490021,68.310005
276.254974,120.845001,111.490021,68.310005
260.254974,91.845001,111.490021,68.310005
260.254974,91.845001,111.490021,68.310005
260.254974,91.845001,111.490021,68.310005
260.254974,91.845001,111.490021,68.310005
260.254974,91.845001,111.490021,68.310005
260.254974,91.845001,111.490021,68.310005
260.254974,91.845001,111.490021,68.310005
260.254974,91.845001,111.490021,68.310005
312.254974,79.845001,111.490021,68.310005
312.254974,79.845001,111.490021,68.310005
312.254974,79.845001,111.490021,68.310005
312.254974,79.845001,111.490021,68.310005
312.254974,79.845001,111.490021,68.310005
372.254974,74.845001,111.490021,68.310005
372.254974,74.845001,111.490021,68.310005
372.254974,74.845001,111.490021,68.310005
374.254974,102.845001,111.490021,68.310005
374.254974,102.845001,111.490021,68.310005
374.254974,102.845001,111.490021,68.310005
374.254974,102.845001,111.490021,68.310005
374.254974,102.845001,111.490021,68.310005
374.254974,102.845001,111.490021,68.310005
374.254974,102.845001,111.490021,68.310005
374.254974,102.845001,111.490021,68.310005
374.254974,102.845001,111.490021,68.310005
374.254974,102.845001,111.490021,68.310005
374.254974,102.845001,111.490021,68.310005
374.254974,102.845001,111.490021,68.310005
374.254974,102.845001,111.490021,68.310005
374.254974,102.845001,111.490021,68.310005
374.254974,102.845001,111.490021,68.310005
374.254974,102.845001,111.490021,68.310005
374.254974,102.845001,111.490021,68.310005
374.254974,102.845001,111.490021,68.310005
374.254974,102.845001,111.490021,68.310005
374.254974,102.845001,111.490021,68.310005
374.254974,102.845001,111.490021,68.310005
374.254974,102.845001,111.490021,68.310005
374.254974,102.845001,111.490021,68.310005
374.254974,102.845001,111.490021,68.310005
374.254974,102.845001,111.490021,68.310005
374.254974,102.845001,111.490021,68.310005
374.254974,102.845001,111.490021,68.310005
374.254974,102.845001,111.490021,68.310005
374.254974,102.845001,111.490021,68.310005
374.254974,102.845001,111.490021,68.310005
374.254974,102.845001,111.490021,68.310005
374.254974,102.845001,111.490021,68.310005
2
0
0
0
0
1
251.399994,145.520004,131.720001,128.449997
251.399994,145.520004,131.720001,128.449997
251.399994,145.520004,131.720001,128.449997
251.399994,145.520004,131.720001,128.449997
251.399994,145.520004,131.720001,128.449997
251.399994,145.520004,131.720001,128.449997
251.399994,145.520004,131.720001,128.449997
251.399994,145.520004,131.720001,128.449997
251.399994,145.520004,131.720001,128.449997
251.399994,145.520004,131.720001,128.449997
251.399994,145.520004,131.720001,128.449997
251.399994,145.520004,131.720001,128.449997
251.399994,145.520004,131.720001,128.449997
251.399994,145.520004,131.720001,128.449997
251.399994,145.520004,131.720001,128.449997
251.399994,145.520004,131.720001,128.449997
251.399994,145.520004,131.720001,128.449997
251.399994,145.520004,131.720001,128.449997
251.399994,145.520004,131.720001,128.449997
251.399994,145.520004,131.720001,128.449997
251.399994,145.520004,131.720001,128.449997
251.399994,145.520004,131.720001,128.449997
251.399994,145.520004,131.720001,128.449997
251.399994,145.520004,131.720001,128.449997
251.399994,145.520004,131.720001,128.449997
251.399994,145.520004,131.720001,128.449997
251.399994,145.520004,131.720001,128.449997
251.399994,145.520004,131.720001,128.449997
251.399994,145.520004,131.720001,128.449997
251.399994,145.520004,131.720001,128.449997
251.399994,145.520004,131.720001,128.449997
251.399994,145.520004,131.720001,128.449997
251.139999,144.774994,131.720001,128.449997
251.139999,144.774994,131.720001,128.449997
251.139999,144.774994,131.720001,128.449997
251.139999,144.774994,131.720001,128.449997
251.139999,144.774994,131.720001,128.449997
251.139999,144.774994,131.720001,128.449997
251.139999,144.774994,131.720001,128.449997
251.139999,144.774994,131.720001,128.449997
251.139999,144.774994,131.720001,128.449997
251.139999,144.774994,131.720001,128.449997
251.139999,144.774994,131.720001,128.449997
251.139999,144.774994,131.720001,128.449997
251.139999,144.774994,131.720001,128.449997
181.139999,174.774994,131.720001,128.449997
181.139999,174.774994,131.720001,128.449997
181.139999,174.774994,131.720001,128.449997
181.139999,174.774994,131.720001,128.449997
181.139999,174.774994,131.720001,128.449997
181.139999,174.774994,131.720001,128.449997
181.139999,174.774994,131.720001,128.449997
181.139999,174.774994,131.720001,128.449997
181.139999,174.774994,131.720001,128.449997
181.139999,174.774994,131.720001,128.449997
181.139999,174.774994,131.720001,128.449997
225.139999,185.774994,131.720001,128.449997
225.139999,185.774994,131.720001,128.449997
225.139999,185.774994,131.720001,128.449997
225.139999,185.774994,131.720001,128.449997
225.139999,185.774994,131.720001,128.449997
225.139999,185.774994,131.720001,128.449997
225.139999,185.774994,131.720001,128.449997
225.139999,185.774994,131.720001,128.449997
225.139999,185.774994,131.720001,128.449997
225.139999,185.774994,131.720001,128.449997
225.139999,185.774994,131.720001,128.449997
225.139999,185.774994,131.720001,128.449997
225.139999,185.774994,131.720001,128.449997
225.139999,185.774994,131.720001,128.449997
225.139999,185.774994,131.720001,128.449997
225.139999,185.774994,131.720001,128.449997
225.139999,185.774994,131.720001,128.449997
225.139999,185.774994,131.720001,128.449997
225.139999,185.774994,131.720001,128.449997
225.139999,185.774994,131.720001,128.449997
225.139999,185.774994,131.720001,128.449997
225.139999,185.774994,131.720001,128.449997
225.139999,185.774994,131.720001,128.449997
225.139999,185.774994,131.720001,128.449997
225.139999,185.774994,131.720001,128.449997
225.139999,185.774994,131.720001,128.449997
225.139999,185.774994,131.720001,128.449997
225.139999,185.774994,131.720001,128.449997
225.139999,185.774994,131.720001,128.449997
225.139999,185.774994,131.720001,128.449997
225.139999,185.774994,131.720001,128.449997
225.139999,185.774994,131.720001,128.449997
225.139999,185.774994,131.720001,128.449997
225.139999,185.774994,131.720001,128.449997
225.139999,185.774994,131.720001,128.449997
225.139999,185.774994,131.720001,128.449997
269.140015,144.774994,131.720001,128.449997
269.140015,144.774994,131.720001,128.449997
269.140015,144.774994,131.720001,128.449997
269.140015,144.774994,131.720001,128.449997
269.140015,144.774994,131.720001,128.449997
269.140015,144.774994,131.720001,128.449997
269.140015,144.774994,131.720001,128.449997
269.140015,144.774994,131.720001,128.449997
269.140015,144.774994,131.720001,128.449997
269.140015,144.774994,131.720001,128.449997
269.140015,144.774994,131.720001,128.449997
269.140015,144.774994,131.720001,128.449997
269.140015,144.774994,131.720001,128.449997
200.139999,168.774994,131.720001,128.449997
200.139999,168.774994,131.720001,128.449997
200.139999,168.774994,131.720001,128.449997
200.139999,168.774994,131.720001,128.449997
200.139999,168.774994,131.720001,128.449997
200.139999,168.774994,131.720001,128.449997
200.139999,168.774994,131.720001,128.449997
200.139999,168.774994,131.720001,128.449997
248.139999,164.774994,131.720001,128.449997
248.139999,164.774994,131.720001,128.449997
248.139999,164.774994,131.720001,128.449997
248.139999,164.774994,131.720001,128.449997
248.139999,164.774994,131.720001,128.449997
248.139999,164.774994,131.720001,128.449997
248.139999,164.774994,131.720001,128.449997
248.139999,164.774994,131.720001,128.449997
248.139999,164.774994,131.720001,128.449997
248.139999,164.774994,131.720001,128.449997
248.139999,164.774994,131.720001,128.449997
248.139999,164.774994,131.720001,128.449997
183.139999,184.774994,131.720001,128.449997
183.139999,184.774994,131.720001,128.449997
183.139999,184.774994,131.720001,128.449997
183.139999,184.774994,131.720001,128.449997
250.139999,138.774994,131.720001,128.449997
250.139999,138.774994,131.720001,128.449997
296.140015,165.774994,131.720001,128.449997
244.139999,151.774994,131.720001,128.449997
202.139999,172.774994,131.720001,128.449997
202.139999,172.774994,131.720001,128.449997
202.139999,172.774994,131.720001,128.449997
202.139999,172.774994,131.720001,128.449997
202.139999,172.774994,131.720001,128.449997
202.139999,172.774994,131.720001,128.449997
202.139999,172.774994,131.720001,128.449997
202.139999,172.774994,131.720001,128.449997
202.139999,172.774994,131.720001,128.449997
202.139999,172.774994,131.720001,128.449997
202.139999,172.774994,131.720001,128.449997
202.139999,172.774994,131.720001,128.449997
202.139999,172.774994,131.720001,128.449997
202.139999,172.774994,131.720001,128.449997
202.139999,172.774994,131.720001,128.449997
202.139999,172.774994,131.720001,128.449997
202.139999,172.774994,131.720001,128.449997
202.139999,172.774994,131.720001,128.449997
202.139999,172.774994,131.720001,128.449997
202.139999,172.774994,131.720001,128.449997
202.139999,172.774994,131.720001,128.449997
251.139999,160.774994,131.720001,128.449997
251.139999,160.774994,131.720001,128.449997
182.139999,182.774994,131.720001,128.449997
230.139999,163.774994,131.720001,128.449997
230.139999,163.774994,131.720001,128.449997
230.139999,163.774994,131.720001,128.449997
230.139999,163.774994,131.720001,128.449997
230.139999,163.774994,131.720001,128.449997
230.139999,163.774994,131.720001,128.449997
230.139999,163.774994,131.720001,128.449997
230.139999,163.774994,131.720001,128.449997
230.139999,163.774994,131.720001,128.449997
230.139999,163.774994,131.720001,128.449997
230.139999,163.774994,131.720001,128.449997
230.139999,163.774994,131.720001,128.449997
230.139999,163.774994,131.720001,128.449997
194.139999,186.774994,131.720001,128.449997
194.139999,186.774994,131.720001,128.449997
265.140015,158.774994,131.720001,128.449997
265.140015,158.774994,131.720001,128.449997
216.139999,170.774994,131.720001,128.449997
216.139999,170.774994,131.720001,128.449997
216.139999,170.774994,131.720001,128.449997
216.139999,170.774994,131.720001,128.449997
216.139999,170.774994,131.720001,128.449997
216.139999,170.774994,131.720001,128.449997
216.139999,170.774994,131.720001,128.449997
216.139999,170.774994,131.720001,128.449997
216.139999,170.774994,131.720001,128.449997
216.139999,170.774994,131.720001,128.449997
175.139999,198.774994,131.720001,128.449997
175.139999,198.774994,131.720001,128.449997
266.140015,195.774994,131.720001,128.449997
266.140015,195.774994,131.720001,128.449997
266.140015,195.774994,131.720001,128.449997
205.139999,188.774994,131.720001,128.449997
205.139999,188.774994,131.720001,128.449997
205.139999,188.774994,131.720001,128.449997
205.139999,188.774994,131.720001,128.449997
258.140015,169.774994,131.720001,128.449997
191.139999,190.774994,131.720001,128.449997
191.139999,190.774994,131.720001,128.449997
191.139999,190.774994,131.720001,128.449997
275.140015,168.774994,131.720001,128.449997
213.139999,184.774994,131.720001,128.449997
213.139999,184.774994,131.720001,128.449997
264.140015,186.774994,131.720001,128.449997
264.140015,186.774994,131.720001,128.449997
264.140015,186.774994,131.720001,128.449997
264.140015,186.774994,131.720001,128.449997
196.139999,185.774994,131.720001,128.449997
196.139999,185.774994,131.720001,128.449997
196.139999,185.774994,131.720001,128.449997
196.139999,185.774994,131.720001,128.449997
196.139999,185.774994,131.720001,128.449997
254.139999,191.774994,131.720001,128.449997
254.139999,191.774994,131.720001,128.449997
254.139999,191.774994,131.720001,128.449997
208.139999,184.774994,131.720001,128.449997
208.139999,184.774994,131.720001,128.449997
208.139999,184.774994,131.720001,128.449997
208.139999,184.774994,131.720001,128.449997
208.139999,184.774994,131.720001,128.449997
208.139999,184.774994,131.720001,128.449997
208.139999,184.774994,131.720001,128.449997
208.139999,184.774994,131.720001,128.449997
208.139999,184.774994,131.720001,128.449997
170.139999,188.774994,131.720001,128.449997
170.139999,188.774994,131.720001,128.449997
170.139999,188.774994,131.720001,128.449997
170.139999,188.774994,131.720001,128.449997
170.139999,188.774994,131.720001,128.449997
170.139999,188.774994,131.720001,128.449997
170.139999,188.774994,131.720001,128.449997
170.139999,188.774994,131.720001,128.449997
170.139999,188.774994,131.720001,128.449997
170.139999,188.774994,131.720001,128.449997
235.139999,193.774994,131.720001,128.449997
235.139999,193.774994,131.720001,128.449997
235.139999,193.774994,131.720001,128.449997
235.139999,193.774994,131.720001,128.449997
235.139999,193.774994,131.720001,128.449997
235.139999,193.774994,131.720001,128.449997
235.139999,193.774994,131.720001,128.449997
196.139999,175.774994,131.720001,128.449997
196.139999,175.774994,131.720001,128.449997
196.139999,175.774994,131.720001,128.449997
196.139999,175.774994,131.720001,128.449997
196.139999,175.774994,131.720001,128.449997
196.139999,175.774994,131.720001,128.449997
196.139999,175.774994,131.720001,128.449997
196.139999,175.774994,131.720001,128.449997
196.139999,175.774994,131.720001,128.449997
196.139999,175.774994,131.720001,128.449997
196.139999,175.774994,131.720001,128.449997
196.139999,175.774994,131.720001,128.449997
196.139999,175.774994,131.720001,128.449997
196.139999,175.774994,131.720001,128.449997
196.139999,175.774994,131.720001,128.449997
196.139999,175.774994,131.720001,128.449997
196.139999,175.774994,131.720001,128.449997
196.139999,175.774994,131.720001,128.449997
196.139999,175.774994,131.720001,128.449997
196.139999,175.774994,131.720001,128.449997
196.139999,175.774994,131.720001,128.449997
196.139999,175.774994,131.720001,128.449997
196.139999,175.774994,131.720001,128.449997
196.139999,175.774994,131.720001,128.449997
196.139999,175.774994,131.720001,128.449997
196.139999,175.774994,131.720001,128.449997
196.139999,175.774994,131.720001,128.449997
196.139999,175.774994,131.720001,128.449997
196.139999,175.774994,131.720001,128.449997
196.139999,175.774994,131.720001,128.449997
196.139999,175.774994,131.720001,128.449997
196.139999,175.774994,131.720001,128.449997
196.139999,175.774994,131.720001,128.449997
196.139999,175.774994,131.720001,128.449997
196.139999,175.774994,131.720001,128.449997
196.139999,175.774994,131.720001,128.449997
196.139999,175.774994,131.720001,128.449997
196.139999,175.774994,131.720001,128.449997
196.139999,175.774994,131.720001,128.449997
196.139999,175.774994,131.720001,128.449997
196.139999,175.774994,131.720001,128.449997
196.139999,175.774994,131.720001,128.449997
196.139999,175.774994,131.720001,128.449997
196.139999,175.774994,131.720001,128.449997
196.139999,175.774994,131.720001,128.449997
196.139999,175.774994,131.720001,128.449997
196.139999,175.774994,131.720001,128.449997
196.139999,175.774994,131.720001,128.449997
196.139999,175.774994,131.720001,128.449997
196.139999,175.774994,131.720001,128.449997
196.139999,175.774994,131.720001,128.449997
196.139999,175.774994,131.720001,128.449997
196.139999,175.774994,131.720001,128.449997
196.139999,175.774994,131.720001,128.449997
196.139999,175.774994,131.720001,128.449997
196.139999,175.774994,131.720001,128.449997
196.139999,175.774994,131.720001,128.449997
196.139999,175.774994,131.720001,128.449997
196.139999,175.774994,131.720001,128.449997
196.139999,175.774994,131.720001,128.449997
196.139999,175.774994,131.720001,128.449997
196.139999,175.774994,131.720001,128.449997
196.139999,175.774994,131.720001,128.449997
196.139999,175.774994,131.720001,128.449997
196.139999,175.774994,131.720001,128.449997
196.139999,175.774994,131.720001,128.449997
196.139999,175.774994,131.720001,128.449997
196.139999,175.774994,131.720001,128.449997
196.139999,175.774994,131.720001,128.449997
196.139999,175.774994,131.720001,128.449997
196.139999,175.774994,131.720001,128.449997
196.139999,175.774994,131.720001,128.449997
196.139999,175.774994,131.720001,128.449997
196.139999,175.774994,131.720001,128.449997
196.139999,175.774994,131.720001,128.449997
196.139999,175.774994,131.720001,128.449997
196.139999,175.774994,131.720001,128.449997
196.139999,175.774994,131.720001,128.449997
196.139999,175.774994,131.720001,128.449997
241.139999,157.774994,131.720001,128.449997
241.139999,157.774994,131.720001,128.449997
241.139999,157.774994,131.720001,128.449997
241.139999,157.774994,131.720001,128.449997
241.139999,157.774994,131.720001,128.449997
241.139999,157.774994,131.720001,128.449997
241.139999,157.774994,131.720001,128.449997
241.139999,157.774994,131.720001,128.449997
241.139999,157.774994,131.720001,128.449997
241.139999,157.774994,131.720001,128.449997
241.139999,157.774994,131.720001,128.449997
241.139999,157.774994,131.720001,128.449997
241.139999,157.774994,131.720001,128.449997
241.139999,157.774994,131.720001,128.449997
241.139999,157.774994,131.720001,128.449997
241.139999,157.774994,131.720001,128.449997
241.139999,157.774994,131.720001,128.449997
241.139999,157.774994,131.720001,128.449997
241.139999,157.774994,131.720001,128.449997
241.139999,157.774994,131.720001,128.449997
241.139999,157.774994,131.720001,128.449997
241.139999,157.774994,131.720001,128.449997
316.140015,191.774994,131.720001,128.449997
316.140015,191.774994,131.720001,128.449997
271.140015,170.774994,131.720001,128.449997
271.140015,170.774994,131.720001,128.449997
271.140015,170.774994,131.720001,128.449997
271.140015,170.774994,131.720001,128.449997
271.140015,170.774994,131.720001,128.449997
271.140015,170.774994,131.720001,128.449997
271.140015,170.774994,131.720001,128.449997
271.140015,170.774994,131.720001,128.449997
271.140015,170.774994,131.720001,128.449997
316.140015,148.774994,131.720001,128.449997
316.140015,148.774994,131.720001,128.449997
216.139999,157.774994,131.720001,128.449997
266.140015,174.774994,131.720001,128.449997
266.140015,174.774994,131.720001,128.449997
266.140015,174.774994,131.720001,128.449997
226.139999,155.774994,131.720001,128.449997
226.139999,155.774994,131.720001,128.449997
226.139999,155.774994,131.720001,128.449997
226.139999,155.774994,131.720001,128.449997
226.139999,155.774994,131.720001,128.449997
226.139999,155.774994,131.720001,128.449997
226.139999,155.774994,131.720001,128.449997
226.139999,155.774994,131.720001,128.449997
226.139999,155.774994,131.720001,128.449997
291.140015,153.774994,131.720001,128.449997
291.140015,153.774994,131.720001,128.449997
291.140015,153.774994,131.720001,128.449997
291.140015,153.774994,131.720001,128.449997
291.140015,153.774994,131.720001,128.449997
291.140015,153.774994,131.720001,128.449997
221.139999,165.774994,131.720001,128.449997
276.140015,167.774994,131.720001,128.449997
276.140015,167.774994,131.720001,128.449997
276.140015,167.774994,131.720001,128.449997
276.140015,167.774994,131.720001,128.449997
276.140015,167.774994,131.720001,128.449997
276.140015,167.774994,131.720001,128.449997
276.140015,167.774994,131.720001,128.449997
276.140015,167.774994,131.720001,128.449997
276.140015,167.774994,131.720001,128.449997
276.140015,167.774994,131.720001,128.449997
276.140015,167.774994,131.720001,128.449997
276.140015,167.774994,131.720001,128.449997
276.140015,167.774994,131.720001,128.449997
276.140015,167.774994,131.720001,128.449997
276.140015,167.774994,131.720001,128.449997
276.140015,167.774994,131.720001,128.449997
276.140015,167.774994,131.720001,128.449997
276.140015,167.774994,131.720001,128.449997
276.140015,167.774994,131.720001,128.449997
276.140015,167.774994,131.720001,128.449997
276.140015,167.774994,131.720001,128.449997
276.140015,167.774994,131.720001,128.449997
276.140015,167.774994,131.720001,128.449997
276.140015,167.774994,131.720001,128.449997
276.140015,167.774994,131.720001,128.449997
276.140015,167.774994,131.720001,128.449997
276.140015,167.774994,131.720001,128.449997
276.140015,167.774994,131.720001,128.449997
276.140015,167.774994,131.720001,128.449997
276.140015,167.774994,131.720001,128.449997
276.140015,167.774994,131.720001,128.449997
276.140015,167.774994,131.720001,128.449997
276.140015,167.774994,131.720001,128.449997
276.140015,167.774994,131.720001,128.449997
276.140015,167.774994,131.720001,128.449997
276.140015,167.774994,131.720001,128.449997
276.140015,167.774994,131.720001,128.449997
276.140015,167.774994,131.720001,128.449997
276.140015,167.774994,131.720001,128.449997
276.140015,167.774994,131.720001,128.449997
276.140015,167.774994,131.720001,128.449997
276.140015,167.774994,131.720001,128.449997
276.140015,167.774994,131.720001,128.449997
276.140015,167.774994,131.720001,128.449997
276.140015,167.774994,131.720001,128.449997
276.140015,167.774994,131.720001,128.449997
276.140015,167.774994,131.720001,128.449997
276.140015,167.774994,131.720001,128.449997
276.140015,167.774994,131.720001,128.449997
276.140015,167.774994,131.720001,128.449997
276.140015,167.774994,131.720001,128.449997
276.140015,167.774994,131.720001,128.449997
276.140015,167.774994,131.720001,128.449997
276.140015,167.774994,131.720001,128.449997
276.140015,167.774994,131.720001,128.449997
276.140015,167.774994,131.720001,128.449997
276.140015,167.774994,131.720001,128.449997
276.140015,167.774994,131.720001,128.449997
276.140015,167.774994,131.720001,128.449997
276.140015,167.774994,131.720001,128.449997
276.140015,167.774994,131.720001,128.449997
276.140015,167.774994,131.720001,128.449997
276.140015,167.774994,131.720001,128.449997
276.140015,167.774994,131.720001,128.449997
276.140015,167.774994,131.720001,128.449997
276.140015,167.774994,131.720001,128.449997
276.140015,167.774994,131.720001,128.449997
276.140015,167.774994,131.720001,128.449997
276.140015,167.774994,131.720001,128.449997
276.140015,167.774994,131.720001,128.449997
276.140015,167.774994,131.720001,128.449997
276.140015,167.774994,131.720001,128.449997
276.140015,167.774994,131.720001,128.449997
276.140015,167.774994,131.720001,128.449997
276.140015,167.774994,131.720001,128.449997
276.140015,167.774994,131.720001,128.449997
276.140015,167.774994,131.720001,128.449997
276.140015,167.774994,131.720001,128.449997
276.140015,167.774994,131.720001,128.449997
276.140015,167.774994,131.720001,128.449997
231.139999,152.774994,131.720001,128.449997
231.139999,152.774994,131.720001,128.449997
231.139999,152.774994,131.720001,128.449997
231.139999,152.774994,131.720001,128.449997
276.140015,150.774994,131.720001,128.449997
276.140015,150.774994,131.720001,128.449997
276.140015,150.774994,131.720001,128.449997
276.140015,150.774994,131.720001,128.449997
276.140015,150.774994,131.720001,128.449997
276.140015,150.774994,131.720001,128.449997
276.140015,150.774994,131.720001,128.449997
276.140015,150.774994,131.720001,128.449997
276.140015,150.774994,131.720001,128.449997
276.140015,150.774994,131.720001,128.449997
276.140015,150.774994,131.720001,128.449997
276.140015,150.774994,131.720001,128.449997
276.140015,150.774994,131.720001,128.449997
276.140015,150.774994,131.720001,128.449997
276.140015,150.774994,131.720001,128.449997
276.140015,150.774994,131.720001,128.449997
276.140015,150.774994,131.720001,128.449997
276.140015,150.774994,131.720001,128.449997
276.140015,150.774994,131.720001,128.449997
276.140015,150.774994,131.720001,128.449997
276.140015,150.774994,131.720001,128.449997
276.140015,150.774994,131.720001,128.449997
276.140015,150.774994,131.720001,128.449997
276.140015,150.774994,131.720001,128.449997
276.140015,150.774994,131.720001,128.449997
276.140015,150.774994,131.720001,128.449997
276.140015,150.774994,131.720001,128.449997
276.140015,150.774994,131.720001,128.449997
2
0
0
0
0
1
256.640015,196.100006,142.109985,113.350006
256.640015,196.100006,142.109985,113.350006
256.640015,196.100006,142.109985,113.350006
256.640015,196.100006,142.109985,113.350006
256.640015,196.100006,142.109985,113.350006
256.640015,196.100006,142.109985,113.350006
256.640015,196.100006,142.109985,113.350006
256.640015,196.100006,142.109985,113.350006
256.640015,196.100006,142.109985,113.350006
256.640015,196.100006,142.109985,113.350006
256.640015,196.100006,142.109985,113.350006
256.640015,196.100006,142.109985,113.350006
256.640015,196.100006,142.109985,113.350006
256.640015,196.100006,142.109985,113.350006
256.640015,196.100006,142.109985,113.350006
256.640015,196.100006,142.109985,113.350006
256.640015,196.100006,142.109985,113.350006
256.640015,196.100006,142.109985,113.350006
256.640015,196.100006,142.109985,113.350006
256.640015,196.100006,142.109985,113.350006
256.640015,196.100006,142.109985,113.350006
256.640015,196.100006,142.109985,113.350006
256.640015,196.100006,142.109985,113.350006
256.640015,196.100006,142.109985,113.350006
256.640015,196.100006,142.109985,113.350006
256.640015,196.100006,142.109985,113.350006
256.640015,196.100006,142.109985,113.350006
256.640015,196.100006,142.109985,113.350006
256.640015,196.100006,142.109985,113.350006
256.640015,196.100006,142.109985,113.350006
256.640015,196.100006,142.109985,113.350006
256.640015,196.100006,142.109985,113.350006
256.640015,196.100006,142.109985,113.350006
256.640015,196.100006,142.109985,113.350006
256.640015,196.100006,142.109985,113.350006
256.640015,196.100006,142.109985,113.350006
256.640015,196.100006,142.109985,113.350006
256.640015,196.100006,142.109985,113.350006
256.640015,196.100006,142.109985,113.350006
256.640015,196.100006,142.109985,113.350006
256.640015,196.100006,142.109985,113.350006
256.640015,196.100006,142.109985,113.350006
256.640015,196.100006,142.109985,113.350006
256.640015,196.100006,142.109985,113.350006
256.640015,196.100006,142.109985,113.350006
256.640015,196.100006,142.109985,113.350006
256.640015,196.100006,142.109985,113.350006
256.640015,196.100006,142.109985,113.350006
256.640015,196.100006,142.109985,113.350006
256.640015,196.100006,142.109985,113.350006
256.640015,196.100006,142.109985,113.350006
256.640015,196.100006,142.109985,113.350006
256.640015,196.100006,142.109985,113.350006
256.640015,196.100006,142.109985,113.350006
256.640015,196.100006,142.109985,113.350006
256.640015,196.100006,142.109985,113.350006
256.640015,196.100006,142.109985,113.350006
256.640015,196.100006,142.109985,113.350006
256.640015,196.100006,142.109985,113.350006
256.640015,196.100006,142.109985,113.350006
256.640015,196.100006,142.109985,113.350006
256.640015,196.100006,142.109985,113.350006
256.640015,196.100006,142.109985,113.350006
256.640015,196.100006,142.109985,113.350006
256.640015,196.100006,142.109985,113.350006
256.640015,196.100006,142.109985,113.350006
256.640015,196.100006,142.109985,113.350006
256.640015,196.100006,142.109985,113.350006
256.640015,196.100006,142.109985,113.350006
256.640015,196.100006,142.109985,113.350006
256.640015,196.100006,142.109985,113.350006
256.640015,196.100006,142.109985,113.350006
256.640015,196.100006,142.109985,113.350006
256.640015,196.100006,142.109985,113.350006
256.640015,196.100006,142.109985,113.350006
256.640015,196.100006,142.109985,113.350006
256.640015,196.100006,142.109985,113.350006
256.640015,196.100006,142.109985,113.350006
256.640015,196.100006,142.109985,113.350006
256.640015,196.100006,142.109985,113.350006
256.640015,196.100006,142.109985,113.350006
256.640015,196.100006,142.109985,113.350006
256.640015,196.100006,142.109985,113.350006
256.640015,196.100006,142.109985,113.350006
256.640015,196.100006,142.109985,113.350006
256.640015,196.100006,142.109985,113.350006
256.640015,196.100006,142.109985,113.350006
256.640015,196.100006,142.109985,113.350006
256.640015,196.100006,142.109985,113.350006
256.640015,196.100006,142.109985,113.350006
256.640015,196.100006,142.109985,113.350006
256.640015,196.100006,142.109985,113.350006
256.640015,196.100006,142.109985,113.350006
256.640015,196.100006,142.109985,113.350006
256.640015,196.100006,142.109985,113.350006
256.640015,196.100006,142.109985,113.350006
256.640015,196.100006,142.109985,113.350006
256.640015,196.100006,142.109985,113.350006
256.640015,196.100006,142.109985,113.350006
256.640015,196.100006,142.109985,113.350006
256.640015,196.100006,142.109985,113.350006
256.640015,196.100006,142.109985,113.350006
256.640015,196.100006,142.109985,113.350006
256.640015,196.100006,142.109985,113.350006
256.640015,196.100006,142.109985,113.350006
256.640015,196.100006,142.109985,113.350006
256.640015,196.100006,142.109985,113.350006
256.640015,196.100006,142.109985,113.350006
256.640015,196.100006,142.109985,113.350006
256.640015,196.100006,142.109985,113.350006
256.640015,196.100006,142.109985,113.350006
256.640015,196.100006,142.109985,113.350006
256.640015,196.100006,142.109985,113.350006
256.640015,196.100006,142.109985,113.350006
256.640015,196.100006,142.109985,113.350006
256.640015,196.100006,142.109985,113.350006
256.640015,196.100006,142.109985,113.350006
256.640015,196.100006,142.109985,113.350006
256.640015,196.100006,142.109985,113.350006
256.640015,196.100006,142.109985,113.350006
256.640015,196.100006,142.109985,113.350006
256.640015,196.100006,142.109985,113.350006
256.640015,196.100006,142.109985,113.350006
256.640015,196.100006,142.109985,113.350006
256.640015,196.100006,142.109985,113.350006
256.640015,196.100006,142.109985,113.350006
256.640015,196.100006,142.109985,113.350006
256.640015,196.100006,142.109985,113.350006
256.640015,196.100006,142.109985,113.350006
256.640015,196.100006,142.109985,113.350006
256.640015,196.100006,142.109985,113.350006
256.640015,196.100006,142.109985,113.350006
256.640015,196.100006,142.109985,113.350006
256.640015,196.100006,142.109985,113.350006
256.640015,196.100006,142.109985,113.350006
256.640015,196.100006,142.109985,113.350006
256.640015,196.100006,142.109985,113.350006
256.640015,196.100006,142.109985,113.350006
256.640015,196.100006,142.109985,113.350006
256.640015,196.100006,142.109985,113.350006
256.640015,196.100006,142.109985,113.350006
256.640015,196.100006,142.109985,113.350006
256.640015,196.100006,142.109985,113.350006
256.640015,196.100006,142.109985,113.350006
256.640015,196.100006,142.109985,113.350006
256.640015,196.100006,142.109985,113.350006
256.640015,196.100006,142.109985,113.350006
256.640015,196.100006,142.109985,113.350006
256.640015,196.100006,142.109985,113.350006
256.640015,196.100006,142.109985,113.350006
256.640015,196.100006,142.109985,113.350006
256.640015,196.100006,142.109985,113.350006
256.640015,196.100006,142.109985,113.350006
256.640015,196.100006,142.109985,113.350006
256.640015,196.100006,142.109985,113.350006
256.640015,196.100006,142.109985,113.350006
256.640015,196.100006,142.109985,113.350006
256.640015,196.100006,142.109985,113.350006
256.640015,196.100006,142.109985,113.350006
256.640015,196.100006,142.109985,113.350006
256.640015,196.100006,142.109985,113.350006
256.640015,196.100006,142.109985,113.350006
256.640015,196.100006,142.109985,113.350006
256.640015,196.100006,142.109985,113.350006
256.640015,196.100006,142.109985,113.350006
256.640015,196.100006,142.109985,113.350006
256.640015,196.100006,142.109985,113.350006
256.640015,196.100006,142.109985,113.350006
255.945007,195.324997,142.109985,113.350006
255.945007,195.324997,142.109985,113.350006
255.945007,195.324997,142.109985,113.350006
255.945007,195.324997,142.109985,113.350006
255.945007,195.324997,142.109985,113.350006
255.945007,195.324997,142.109985,113.350006
255.945007,195.324997,142.109985,113.350006
255.945007,195.324997,142.109985,113.350006
255.945007,195.324997,142.109985,113.350006
255.945007,195.324997,142.109985,113.350006
255.945007,195.324997,142.109985,113.350006
255.945007,195.324997,142.109985,113.350006
255.945007,195.324997,142.109985,113.350006
255.945007,195.324997,142.109985,113.350006
255.945007,195.324997,142.109985,113.350006
255.945007,195.324997,142.109985,113.350006
255.945007,195.324997,142.109985,113.350006
255.945007,195.324997,142.109985,113.350006
255.945007,195.324997,142.109985,113.350006
255.945007,195.324997,142.109985,113.350006
255.945007,195.324997,142.109985,113.350006
255.945007,195.324997,142.109985,113.350006
255.945007,195.324997,142.109985,113.350006
255.945007,195.324997,142.109985,113.350006
255.945007,195.324997,142.109985,113.350006
255.945007,195.324997,142.109985,113.350006
255.945007,195.324997,142.109985,113.350006
255.945007,195.324997,142.109985,113.350006
255.945007,195.324997,142.109985,113.350006
255.945007,195.324997,142.109985,113.350006
255.945007,195.324997,142.109985,113.350006
255.945007,195.324997,142.109985,113.350006
255.945007,195.324997,142.109985,113.350006
255.945007,195.324997,142.109985,113.350006
255.945007,195.324997,142.109985,113.350006
255.945007,195.324997,142.109985,113.350006
255.945007,195.324997,142.109985,113.350006
255.945007,195.324997,142.109985,113.350006
255.945007,195.324997,142.109985,113.350006
255.945007,195.324997,142.109985,113.350006
255.945007,195.324997,142.109985,113.350006
255.945007,195.324997,142.109985,113.350006
255.945007,195.324997,142.109985,113.350006
255.945007,195.324997,142.109985,113.350006
255.945007,195.324997,142.109985,113.350006
255.945007,195.324997,142.109985,113.350006
255.945007,195.324997,142.109985,113.350006
255.945007,195.324997,142.109985,113.350006
255.945007,195.324997,142.109985,113.350006
255.945007,195.324997,142.109985,113.350006
255.945007,195.324997,142.109985,113.350006
255.945007,195.324997,142.109985,113.350006
255.945007,195.324997,142.109985,113.350006
255.945007,195.324997,142.109985,113.350006
255.945007,195.324997,142.109985,113.350006
255.945007,195.324997,142.109985,113.350006
255.945007,195.324997,142.109985,113.350006
255.945007,195.324997,142.109985,113.350006
255.945007,195.324997,142.109985,113.350006
255.945007,195.324997,142.109985,113.350006
255.945007,195.324997,142.109985,113.350006
255.945007,195.324997,142.109985,113.350006
255.945007,195.324997,142.109985,113.350006
255.945007,195.324997,142.109985,113.350006
255.945007,195.324997,142.109985,113.350006
255.945007,195.324997,142.109985,113.350006
255.945007,195.324997,142.109985,113.350006
255.945007,195.324997,142.109985,113.350006
255.945007,195.324997,142.109985,113.350006
255.945007,195.324997,142.109985,113.350006
255.945007,195.324997,142.109985,113.350006
255.945007,195.324997,142.109985,113.350006
255.945007,195.324997,142.109985,113.350006
255.945007,195.324997,142.109985,113.350006
255.945007,195.324997,142.109985,113.350006
255.945007,195.324997,142.109985,113.350006
255.945007,195.324997,142.109985,113.350006
255.945007,195.324997,142.109985,113.350006
255.945007,195.324997,142.109985,113.350006
255.945007,195.324997,142.109985,113.350006
255.945007,195.324997,142.109985,113.350006
255.945007,195.324997,142.109985,113.350006
255.945007,195.324997,142.109985,113.350006
255.945007,195.324997,142.109985,113.350006
255.945007,195.324997,142.109985,113.350006
255.945007,195.324997,142.109985,113.350006
255.945007,195.324997,142.109985,113.350006
255.945007,195.324997,142.109985,113.350006
255.945007,195.324997,142.109985,113.350006
255.945007,195.324997,142.109985,113.350006
255.945007,195.324997,142.109985,113.350006
255.945007,195.324997,142.109985,113.350006
255.945007,195.324997,142.109985,113.350006
255.945007,195.324997,142.109985,113.350006
255.945007,195.324997,142.109985,113.350006
255.945007,195.324997,142.109985,113.350006
255.945007,195.324997,142.109985,113.350006
255.945007,195.324997,142.109985,113.350006
255.945007,195.324997,142.109985,113.350006
255.945007,195.324997,142.109985,113.350006
255.945007,195.324997,142.109985,113.350006
255.945007,195.324997,142.109985,113.350006
255.945007,195.324997,142.109985,113.350006
255.945007,195.324997,142.109985,113.350006
255.945007,195.324997,142.109985,113.350006
255.945007,195.324997,142.109985,113.350006
255.945007,195.324997,142.109985,113.350006
255.945007,195.324997,142.109985,113.350006
255.945007,195.324997,142.109985,113.350006
255.945007,195.324997,142.109985,113.350006
255.945007,195.324997,142.109985,113.350006
255.945007,195.324997,142.109985,113.350006
255.945007,195.324997,142.109985,113.350006
255.945007,195.324997,142.109985,113.350006
255.945007,195.324997,142.109985,113.350006
255.945007,195.324997,142.109985,113.350006
255.945007,195.324997,142.109985,113.350006
255.945007,195.324997,142.109985,113.350006
255.945007,195.324997,142.109985,113.350006
255.945007,195.324997,142.109985,113.350006
255.945007,195.324997,142.109985,113.350006
255.945007,195.324997,142.109985,113.350006
255.945007,195.324997,142.109985,113.350006
255.945007,195.324997,142.109985,113.350006
255.945007,195.324997,142.109985,113.350006
255.945007,195.324997,142.109985,113.350006
255.945007,195.324997,142.109985,113.350006
255.945007,195.324997,142.109985,113.350006
255.945007,195.324997,142.109985,113.350006
255.945007,195.324997,142.109985,113.350006
255.945007,195.324997,142.109985,113.350006
255.945007,195.324997,142.109985,113.350006
255.945007,195.324997,142.109985,113.350006
255.945007,195.324997,142.109985,113.350006
255.945007,195.324997,142.109985,113.350006
255.945007,195.324997,142.109985,113.350006
255.945007,195.324997,142.109985,113.350006
255.945007,195.324997,142.109985,113.350006
255.945007,195.324997,142.109985,113.350006
255.945007,195.324997,142.109985,113.350006
255.945007,195.324997,142.109985,113.350006
255.945007,195.324997,142.109985,113.350006
255.945007,195.324997,142.109985,113.350006
255.945007,195.324997,142.109985,113.350006
255.945007,195.324997,142.109985,113.350006
255.945007,195.324997,142.109985,113.350006
255.945007,195.324997,142.109985,113.350006
255.945007,195.324997,142.109985,113.350006
255.945007,195.324997,142.109985,113.350006
255.945007,195.324997,142.109985,113.350006
255.945007,195.324997,142.109985,113.350006
255.945007,195.324997,142.109985,113.350006
255.945007,195.324997,142.109985,113.350006
255.945007,195.324997,142.109985,113.350006
255.945007,195.324997,142.109985,113.350006
219.945007,208.324997,142.109985,113.350006
219.945007,208.324997,142.109985,113.350006
219.945007,208.324997,142.109985,113.350006
219.945007,208.324997,142.109985,113.350006
219.945007,208.324997,142.109985,113.350006
219.945007,208.324997,142.109985,113.350006
219.945007,208.324997,142.109985,113.350006
219.945007,208.324997,142.109985,113.350006
219.945007,208.324997,142.109985,113.350006
219.945007,208.324997,142.109985,113.350006
219.945007,208.324997,142.109985,113.350006
219.945007,208.324997,142.109985,113.350006
219.945007,208.324997,142.109985,113.350006
219.945007,208.324997,142.109985,113.350006
219.945007,208.324997,142.109985,113.350006
219.945007,208.324997,142.109985,113.350006
219.945007,208.324997,142.109985,113.350006
219.945007,208.324997,142.109985,113.350006
219.945007,208.324997,142.109985,113.350006
219.945007,208.324997,142.109985,113.350006
219.945007,208.324997,142.109985,113.350006
219.945007,208.324997,142.109985,113.350006
219.945007,208.324997,142.109985,113.350006
219.945007,208.324997,142.109985,113.350006
219.945007,208.324997,142.109985,113.350006
219.945007,208.324997,142.109985,113.350006
219.945007,208.324997,142.109985,113.350006
219.945007,208.324997,142.109985,113.350006
219.945007,208.324997,142.109985,113.350006
219.945007,208.324997,142.109985,113.350006
219.945007,208.324997,142.109985,113.350006
219.945007,208.324997,142.109985,113.350006
219.945007,208.324997,142.109985,113.350006
219.945007,208.324997,142.109985,113.350006
219.945007,208.324997,142.109985,113.350006
219.945007,208.324997,142.109985,113.350006
219.945007,208.324997,142.109985,113.350006
219.945007,208.324997,142.109985,113.350006
219.945007,208.324997,142.109985,113.350006
219.945007,208.324997,142.109985,113.350006
219.945007,208.324997,142.109985,113.350006
219.945007,208.324997,142.109985,113.350006
219.945007,208.324997,142.109985,113.350006
219.945007,208.324997,142.109985,113.350006
219.945007,208.324997,142.109985,113.350006
219.945007,208.324997,142.109985,113.350006
219.945007,208.324997,142.109985,113.350006
219.945007,208.324997,142.109985,113.350006
219.945007,208.324997,142.109985,113.350006
219.945007,208.324997,142.109985,113.350006
219.945007,208.324997,142.109985,113.350006
182.945007,194.324997,142.109985,113.350006
182.945007,194.324997,142.109985,113.350006
182.945007,194.324997,142.109985,113.350006
182.945007,194.324997,142.109985,113.350006
182.945007,194.324997,142.109985,113.350006
182.945007,194.324997,142.109985,113.350006
182.945007,194.324997,142.109985,113.350006
182.945007,194.324997,142.109985,113.350006
182.945007,194.324997,142.109985,113.350006
182.945007,194.324997,142.109985,113.350006
182.945007,194.324997,142.109985,113.350006
182.945007,194.324997,142.109985,113.350006
182.945007,194.324997,142.109985,113.350006
182.945007,194.324997,142.109985,113.350006
182.945007,194.324997,142.109985,113.350006
182.945007,194.324997,142.109985,113.350006
182.945007,194.324997,142.109985,113.350006
182.945007,194.324997,142.109985,113.350006
182.945007,194.324997,142.109985,113.350006
146.945007,207.324997,142.109985,113.350006
146.945007,207.324997,142.109985,113.350006
146.945007,207.324997,142.109985,113.350006
146.945007,207.324997,142.109985,113.350006
146.945007,207.324997,142.109985,113.350006
146.945007,207.324997,142.109985,113.350006
146.945007,207.324997,142.109985,113.350006
146.945007,207.324997,142.109985,113.350006
146.945007,207.324997,142.109985,113.350006
146.945007,207.324997,142.109985,113.350006
146.945007,207.324997,142.109985,113.350006
207.945007,214.324997,142.109985,113.350006
156.945007,202.324997,142.109985,113.350006
156.945007,202.324997,142.109985,113.350006
234.945007,218.324997,142.109985,113.350006
234.945007,218.324997,142.109985,113.350006
234.945007,218.324997,142.109985,113.350006
234.945007,218.324997,142.109985,113.350006
234.945007,218.324997,142.109985,113.350006
234.945007,218.324997,142.109985,113.350006
179.945007,198.324997,142.109985,113.350006
179.945007,198.324997,142.109985,113.350006
179.945007,198.324997,142.109985,113.350006
179.945007,198.324997,142.109985,113.350006
179.945007,198.324997,142.109985,113.350006
179.945007,198.324997,142.109985,113.350006
179.945007,198.324997,142.109985,113.350006
179.945007,198.324997,142.109985,113.350006
179.945007,198.324997,142.109985,113.350006
179.945007,198.324997,142.109985,113.350006
134.945007,198.324997,142.109985,113.350006
134.945007,198.324997,142.109985,113.350006
134.945007,198.324997,142.109985,113.350006
201.945007,192.324997,142.109985,113.350006
201.945007,192.324997,142.109985,113.350006
201.945007,192.324997,142.109985,113.350006
201.945007,192.324997,142.109985,113.350006
201.945007,192.324997,142.109985,113.350006
201.945007,192.324997,142.109985,113.350006
201.945007,192.324997,142.109985,113.350006
201.945007,192.324997,142.109985,113.350006
201.945007,192.324997,142.109985,113.350006
201.945007,192.324997,142.109985,113.350006
201.945007,192.324997,142.109985,113.350006
201.945007,192.324997,142.109985,113.350006
201.945007,192.324997,142.109985,113.350006
201.945007,192.324997,142.109985,113.350006
201.945007,192.324997,142.109985,113.350006
201.945007,192.324997,142.109985,113.350006
201.945007,192.324997,142.109985,113.350006
148.945007,196.324997,142.109985,113.350006
148.945007,196.324997,142.109985,113.350006
148.945007,196.324997,142.109985,113.350006
148.945007,196.324997,142.109985,113.350006
148.945007,196.324997,142.109985,113.350006
148.945007,196.324997,142.109985,113.350006
148.945007,196.324997,142.109985,113.350006
148.945007,196.324997,142.109985,113.350006
148.945007,196.324997,142.109985,113.350006
148.945007,196.324997,142.109985,113.350006
203.945007,211.324997,142.109985,113.350006
203.945007,211.324997,142.109985,113.350006
203.945007,211.324997,142.109985,113.350006
203.945007,211.324997,142.109985,113.350006
203.945007,211.324997,142.109985,113.350006
203.945007,211.324997,142.109985,113.350006
203.945007,211.324997,142.109985,113.350006
203.945007,211.324997,142.109985,113.350006
203.945007,211.324997,142.109985,113.350006
203.945007,211.324997,142.109985,113.350006
203.945007,211.324997,142.109985,113.350006
203.945007,211.324997,142.109985,113.350006
203.945007,211.324997,142.109985,113.350006
203.945007,211.324997,142.109985,113.350006
203.945007,211.324997,142.109985,113.350006
203.945007,211.324997,142.109985,113.350006
203.945007,211.324997,142.109985,113.350006
203.945007,211.324997,142.109985,113.350006
203.945007,211.324997,142.109985,113.350006
203.945007,211.324997,142.109985,113.350006
203.945007,211.324997,142.109985,113.350006
203.945007,211.324997,142.109985,113.350006
203.945007,211.324997,142.109985,113.350006
203.945007,211.324997,142.109985,113.350006
203.945007,211.324997,142.109985,113.350006
203.945007,211.324997,142.109985,113.350006
203.945007,211.324997,142.109985,113.350006
203.945007,211.324997,142.109985,113.350006
203.945007,211.324997,142.109985,113.350006
203.945007,211.324997,142.109985,113.350006
203.945007,211.324997,142.109985,113.350006
