1
381.220001,143.440002,107.809998,94.789993
381.220001,143.440002,107.809998,94.789993
381.220001,143.440002,107.809998,94.789993
381.220001,143.440002,107.809998,94.789993
381.220001,143.440002,107.809998,94.789993
381.220001,143.440002,107.809998,94.789993
381.220001,143.440002,107.809998,94.789993
381.220001,143.440002,107.809998,94.789993
381.220001,143.440002,107.809998,94.789993
381.220001,143.440002,107.809998,94.789993
381.220001,143.440002,107.809998,94.789993
381.220001,143.440002,107.809998,94.789993
381.220001,143.440002,107.809998,94.789993
381.220001,143.440002,107.809998,94.789993
381.220001,143.440002,107.809998,94.789993
381.220001,143.440002,107.809998,94.789993
381.220001,143.440002,107.809998,94.789993
381.220001,143.440002,107.809998,94.789993
381.220001,143.440002,107.809998,94.789993
381.220001,143.440002,107.809998,94.789993
381.220001,143.440002,107.809998,94.789993
381.220001,143.440002,107.809998,94.789993
381.220001,143.440002,107.809998,94.789993
381.220001,143.440002,107.809998,94.789993
381.220001,143.440002,107.809998,94.789993
381.220001,143.440002,107.809998,94.789993
381.220001,143.440002,107.809998,94.789993
381.220001,143.440002,107.809998,94.789993
381.220001,143.440002,107.809998,94.789993
381.220001,143.440002,107.809998,94.789993
381.220001,143.440002,107.809998,94.789993
381.220001,143.440002,107.809998,94.789993
381.220001,143.440002,107.809998,94.789993
381.220001,143.440002,107.809998,94.789993
381.220001,143.440002,107.809998,94.789993
381.220001,143.440002,107.809998,94.789993
381.220001,143.440002,107.809998,94.789993
381.220001,143.440002,107.809998,94.789993
381.220001,143.440002,107.809998,94.789993
381.220001,143.440002,107.809998,94.789993
381.220001,143.440002,107.809998,94.789993
381.220001,143.440002,107.809998,94.789993
381.220001,143.440002,107.809998,94.789993
381.220001,143.440002,107.809998,94.789993
381.220001,143.440002,107.809998,94.789993
381.220001,143.440002,107.809998,94.789993
381.220001,143.440002,107.809998,94.789993
2
0
0
0
0
1
261.899994,84.730003,111.450012,59.059990
261.899994,84.730003,111.450012,59.059990
261.899994,84.730003,111.450012,59.059990
261.899994,84.730003,111.450012,59.059990
261.899994,84.730003,111.450012,59.059990
261.899994,84.730003,111.450012,59.059990
261.899994,84.730003,111.450012,59.059990
259.274994,64.470001,111.450012,59.059990
259.274994,64.470001,111.450012,59.059990
259.274994,64.470001,111.450012,59.059990
259.274994,64.470001,111.450012,59.059990
259.274994,64.470001,111.450012,59.059990
259.274994,64.470001,111.450012,59.059990
259.274994,64.470001,111.450012,59.059990
259.274994,64.470001,111.450012,59.059990
259.274994,64.470001,111.450012,59.059990
259.274994,64.470001,111.450012,59.059990
259.274994,64.470001,111.450012,59.059990
298.274994,74.470001,111.450012,59.059990
298.274994,74.470001,111.450012,59.059990
298.274994,74.470001,111.450012,59.059990
298.274994,74.470001,111.450012,59.059990
298.274994,74.470001,111.450012,59.059990
298.274994,74.470001,111.450012,59.059990
298.274994,74.470001,111.450012,59.059990
298.274994,74.470001,111.450012,59.059990
298.274994,74.470001,111.450012,59.059990
298.274994,74.470001,111.450012,59.059990
298.274994,74.470001,111.450012,59.059990
298.274994,74.470001,111.450012,59.059990
298.274994,74.470001,111.450012,59.059990
298.274994,74.470001,111.450012,59.059990
298.274994,74.470001,111.450012,59.059990
298.274994,74.470001,111.450012,59.059990
298.274994,74.470001,111.450012,59.059990
298.274994,74.470001,111.450012,59.059990
298.274994,74.470001,111.450012,59.059990
298.274994,74.470001,111.450012,59.059990
298.274994,74.470001,111.450012,59.059990
298.274994,74.470001,111.450012,59.059990
298.274994,74.470001,111.450012,59.059990
298.274994,74.470001,111.450012,59.059990
298.274994,74.470001,111.450012,59.059990
298.274994,74.470001,111.450012,59.059990
298.274994,74.470001,111.450012,59.059990
298.274994,74.470001,111.450012,59.059990
298.274994,74.470001,111.450012,59.059990
298.274994,74.470001,111.450012,59.059990
298.274994,74.470001,111.450012,59.059990
298.274994,74.470001,111.450012,59.059990
298.274994,74.470001,111.450012,59.059990
298.274994,74.470001,111.450012,59.059990
298.274994,74.470001,111.450012,59.059990
298.274994,74.470001,111.450012,59.059990
298.274994,74.470001,111.450012,59.059990
298.274994,74.470001,111.450012,59.059990
298.274994,74.470001,111.450012,59.059990
339.274994,84.470001,111.450012,59.059990
339.274994,84.470001,111.450012,59.059990
339.274994,84.470001,111.450012,59.059990
306.274994,79.470001,111.450012,59.059990
306.274994,79.470001,111.450012,59.059990
306.274994,79.470001,111.450012,59.059990
306.274994,79.470001,111.450012,59.059990
306.274994,79.470001,111.450012,59.059990
306.274994,79.470001,111.450012,59.059990
275.274994,89.470001,111.450012,59.059990
275.274994,89.470001,111.450012,59.059990
275.274994,89.470001,111.450012,59.059990
275.274994,89.470001,111.450012,59.059990
275.274994,89.470001,111.450012,59.059990
275.274994,89.470001,111.450012,59.059990
275.274994,89.470001,111.450012,59.059990
275.274994,89.470001,111.450012,59.059990
275.274994,89.470001,111.450012,59.059990
275.274994,89.470001,111.450012,59.059990
275.274994,89.470001,111.450012,59.059990
275.274994,89.470001,111.450012,59.059990
275.274994,89.470001,111.450012,59.059990
275.274994,89.470001,111.450012,59.059990
275.274994,89.470001,111.450012,59.059990
325.274994,79.470001,111.450012,59.059990
325.274994,79.470001,111.450012,59.059990
325.274994,79.470001,111.450012,59.059990
325.274994,79.470001,111.450012,59.059990
325.274994,79.470001,111.450012,59.059990
325.274994,79.470001,111.450012,59.059990
325.274994,79.470001,111.450012,59.059990
325.274994,79.470001,111.450012,59.059990
325.274994,79.470001,111.450012,59.059990
325.274994,79.470001,111.450012,59.059990
325.274994,79.470001,111.450012,59.059990
325.274994,79.470001,111.450012,59.059990
383.274994,84.470001,111.450012,59.059990
383.274994,84.470001,111.450012,59.059990
383.274994,84.470001,111.450012,59.059990
383.274994,84.470001,111.450012,59.059990
383.274994,84.470001,111.450012,59.059990
383.274994,84.470001,111.450012,59.059990
312.274994,74.470001,111.450012,59.059990
256.274994,69.470001,111.450012,59.059990
256.274994,69.470001,111.450012,59.059990
256.274994,69.470001,111.450012,59.059990
298.274994,94.470001,111.450012,59.059990
298.274994,94.470001,111.450012,59.059990
347.274994,94.470001,111.450012,59.059990
347.274994,94.470001,111.450012,59.059990
347.274994,94.470001,111.450012,59.059990
347.274994,94.470001,111.450012,59.059990
347.274994,94.470001,111.450012,59.059990
347.274994,94.470001,111.450012,59.059990
347.274994,94.470001,111.450012,59.059990
347.274994,94.470001,111.450012,59.059990
347.274994,94.470001,111.450012,59.059990
347.274994,94.470001,111.450012,59.059990
347.274994,94.470001,111.450012,59.059990
391.274994,94.470001,111.450012,59.059990
391.274994,94.470001,111.450012,59.059990
391.274994,94.470001,111.450012,59.059990
391.274994,94.470001,111.450012,59.059990
391.274994,94.470001,111.450012,59.059990
266.274994,89.470001,111.450012,59.059990
266.274994,89.470001,111.450012,59.059990
266.274994,89.470001,111.450012,59.059990
266.274994,89.470001,111.450012,59.059990
266.274994,89.470001,111.450012,59.059990
266.274994,89.470001,111.450012,59.059990
266.274994,89.470001,111.450012,59.059990
266.274994,89.470001,111.450012,59.059990
266.274994,89.470001,111.450012,59.059990
266.274994,89.470001,111.450012,59.059990
266.274994,89.470001,111.450012,59.059990
280.274994,69.470001,111.450012,59.059990
280.274994,69.470001,111.450012,59.059990
353.274994,104.470001,111.450012,59.059990
392.274994,104.470001,111.450012,59.059990
392.274994,104.470001,111.450012,59.059990
392.274994,104.470001,111.450012,59.059990
392.274994,104.470001,111.450012,59.059990
392.274994,104.470001,111.450012,59.059990
392.274994,104.470001,111.450012,59.059990
391.274994,84.470001,111.450012,59.059990
391.274994,84.470001,111.450012,59.059990
391.274994,84.470001,111.450012,59.059990
391.274994,84.470001,111.450012,59.059990
391.274994,84.470001,111.450012,59.059990
391.274994,84.470001,111.450012,59.059990
391.274994,84.470001,111.450012,59.059990
391.274994,84.470001,111.450012,59.059990
391.274994,84.470001,111.450012,59.059990
391.274994,84.470001,111.450012,59.059990
391.274994,84.470001,111.450012,59.059990
391.274994,84.470001,111.450012,59.059990
391.274994,84.470001,111.450012,59.059990
391.274994,84.470001,111.450012,59.059990
391.274994,84.470001,111.450012,59.059990
391.274994,84.470001,111.450012,59.059990
391.274994,84.470001,111.450012,59.059990
391.274994,84.470001,111.450012,59.059990
391.274994,84.470001,111.450012,59.059990
391.274994,84.470001,111.450012,59.059990
391.274994,84.470001,111.450012,59.059990
391.274994,84.470001,111.450012,59.059990
391.274994,84.470001,111.450012,59.059990
391.274994,84.470001,111.450012,59.059990
2
0
0
0
0
1
271.760010,138.889999,115.160004,118.050003
271.760010,138.889999,115.160004,118.050003
271.760010,138.889999,115.160004,118.050003
271.760010,138.889999,115.160004,118.050003
271.760010,138.889999,115.160004,118.050003
271.760010,138.889999,115.160004,118.050003
271.760010,138.889999,115.160004,118.050003
271.760010,138.889999,115.160004,118.050003
271.760010,138.889999,115.160004,118.050003
271.760010,138.889999,115.160004,118.050003
271.760010,138.889999,115.160004,118.050003
271.760010,138.889999,115.160004,118.050003
271.760010,138.889999,115.160004,118.050003
271.760010,138.889999,115.160004,118.050003
271.760010,138.889999,115.160004,118.050003
271.760010,138.889999,115.160004,118.050003
271.760010,138.889999,115.160004,118.050003
271.760010,138.889999,115.160004,118.050003
271.760010,138.889999,115.160004,118.050003
271.760010,138.889999,115.160004,118.050003
271.760010,138.889999,115.160004,118.050003
271.760010,138.889999,115.160004,118.050003
271.760010,138.889999,115.160004,118.050003
271.760010,138.889999,115.160004,118.050003
271.760010,138.889999,115.160004,118.050003
271.760010,138.889999,115.160004,118.050003
271.760010,138.889999,115.160004,118.050003
271.760010,138.889999,115.160004,118.050003
271.760010,138.889999,115.160004,118.050003
271.760010,138.889999,115.160004,118.050003
271.760010,138.889999,115.160004,118.050003
271.760010,138.889999,115.160004,118.050003
271.419983,137.975006,115.160004,118.050003
271.419983,137.975006,115.160004,118.050003
271.419983,137.975006,115.160004,118.050003
271.419983,137.975006,115.160004,118.050003
271.419983,137.975006,115.160004,118.050003
271.419983,137.975006,115.160004,118.050003
271.419983,137.975006,115.160004,118.050003
271.419983,137.975006,115.160004,118.050003
271.419983,137.975006,115.160004,118.050003
271.419983,137.975006,115.160004,118.050003
271.419983,137.975006,115.160004,118.050003
271.419983,137.975006,115.160004,118.050003
271.419983,137.975006,115.160004,118.050003
271.419983,137.975006,115.160004,118.050003
271.419983,137.975006,115.160004,118.050003
271.419983,137.975006,115.160004,118.050003
271.419983,137.975006,115.160004,118.050003
271.419983,137.975006,115.160004,118.050003
271.419983,137.975006,115.160004,118.050003
271.419983,137.975006,115.160004,118.050003
271.419983,137.975006,115.160004,118.050003
271.419983,137.975006,115.160004,118.050003
271.419983,137.975006,115.160004,118.050003
271.419983,137.975006,115.160004,118.050003
271.419983,137.975006,115.160004,118.050003
271.419983,137.975006,115.160004,118.050003
271.419983,137.975006,115.160004,118.050003
271.419983,137.975006,115.160004,118.050003
271.419983,137.975006,115.160004,118.050003
271.419983,137.975006,115.160004,118.050003
271.419983,137.975006,115.160004,118.050003
271.419983,137.975006,115.160004,118.050003
271.419983,137.975006,115.160004,118.050003
271.419983,137.975006,115.160004,118.050003
271.419983,137.975006,115.160004,118.050003
271.419983,137.975006,115.160004,118.050003
271.419983,137.975006,115.160004,118.050003
271.419983,137.975006,115.160004,118.050003
271.419983,137.975006,115.160004,118.050003
271.419983,137.975006,115.160004,118.050003
271.419983,137.975006,115.160004,118.050003
271.419983,137.975006,115.160004,118.050003
271.419983,137.975006,115.160004,118.050003
271.419983,137.975006,115.160004,118.050003
271.419983,137.975006,115.160004,118.050003
271.419983,137.975006,115.160004,118.050003
271.419983,137.975006,115.160004,118.050003
271.419983,137.975006,115.160004,118.050003
271.419983,137.975006,115.160004,118.050003
271.419983,137.975006,115.160004,118.050003
271.419983,137.975006,115.160004,118.050003
271.419983,137.975006,115.160004,118.050003
271.419983,137.975006,115.160004,118.050003
271.419983,137.975006,115.160004,118.050003
271.419983,137.975006,115.160004,118.050003
271.419983,137.975006,115.160004,118.050003
271.419983,137.975006,115.160004,118.050003
271.419983,137.975006,115.160004,118.050003
271.419983,137.975006,115.160004,118.050003
271.419983,137.975006,115.160004,118.050003
271.419983,137.975006,115.160004,118.050003
271.419983,137.975006,115.160004,118.050003
271.419983,137.975006,115.160004,118.050003
271.419983,137.975006,115.160004,118.050003
271.419983,137.975006,115.160004,118.050003
271.419983,137.975006,115.160004,118.050003
271.419983,137.975006,115.160004,118.050003
271.419983,137.975006,115.160004,118.050003
271.419983,137.975006,115.160004,118.050003
271.419983,137.975006,115.160004,118.050003
271.419983,137.975006,115.160004,118.050003
271.419983,137.975006,115.160004,118.050003
271.419983,137.975006,115.160004,118.050003
271.419983,137.975006,115.160004,118.050003
271.419983,137.975006,115.160004,118.050003
271.419983,137.975006,115.160004,118.050003
271.419983,137.975006,115.160004,118.050003
271.419983,137.975006,115.160004,118.050003
271.419983,137.975006,115.160004,118.050003
271.419983,137.975006,115.160004,118.050003
271.419983,137.975006,115.160004,118.050003
271.419983,137.975006,115.160004,118.050003
271.419983,137.975006,115.160004,118.050003
271.419983,137.975006,115.160004,118.050003
271.419983,137.975006,115.160004,118.050003
271.419983,137.975006,115.160004,118.050003
271.419983,137.975006,115.160004,118.050003
271.419983,137.975006,115.160004,118.050003
271.419983,137.975006,115.160004,118.050003
271.419983,137.975006,115.160004,118.050003
271.419983,137.975006,115.160004,118.050003
271.419983,137.975006,115.160004,118.050003
271.419983,137.975006,115.160004,118.050003
271.419983,137.975006,115.160004,118.050003
271.419983,137.975006,115.160004,118.050003
271.419983,137.975006,115.160004,118.050003
271.419983,137.975006,115.160004,118.050003
271.419983,137.975006,115.160004,118.050003
271.419983,137.975006,115.160004,118.050003
271.419983,137.975006,115.160004,118.050003
271.419983,137.975006,115.160004,118.050003
271.419983,137.975006,115.160004,118.050003
271.419983,137.975006,115.160004,118.050003
271.419983,137.975006,115.160004,118.050003
271.419983,137.975006,115.160004,118.050003
271.419983,137.975006,115.160004,118.050003
271.419983,137.975006,115.160004,118.050003
271.419983,137.975006,115.160004,118.050003
271.419983,137.975006,115.160004,118.050003
271.419983,137.975006,115.160004,118.050003
271.419983,137.975006,115.160004,118.050003
271.419983,137.975006,115.160004,118.050003
271.419983,137.975006,115.160004,118.050003
271.419983,137.975006,115.160004,118.050003
271.419983,137.975006,115.160004,118.050003
271.419983,137.975006,115.160004,118.050003
271.419983,137.975006,115.160004,118.050003
271.419983,137.975006,115.160004,118.050003
271.419983,137.975006,115.160004,118.050003
271.419983,137.975006,115.160004,118.050003
271.419983,137.975006,115.160004,118.050003
271.419983,137.975006,115.160004,118.050003
271.419983,137.975006,115.160004,118.050003
271.419983,137.975006,115.160004,118.050003
271.419983,137.975006,115.160004,118.050003
271.419983,137.975006,115.160004,118.050003
271.419983,137.975006,115.160004,118.050003
271.419983,137.975006,115.160004,118.050003
271.419983,137.975006,115.160004,118.050003
271.419983,137.975006,115.160004,118.050003
271.419983,137.975006,115.160004,118.050003
271.419983,137.975006,115.160004,118.050003
271.419983,137.975006,115.160004,118.050003
271.419983,137.975006,115.160004,118.050003
271.419983,137.975006,115.160004,118.050003
271.419983,137.975006,115.160004,118.050003
271.419983,137.975006,115.160004,118.050003
271.419983,137.975006,115.160004,118.050003
271.419983,137.975006,115.160004,118.050003
271.419983,137.975006,115.160004,118.050003
271.419983,137.975006,115.160004,118.050003
271.419983,137.975006,115.160004,118.050003
271.419983,137.975006,115.160004,118.050003
271.419983,137.975006,115.160004,118.050003
271.419983,137.975006,115.160004,118.050003
271.419983,137.975006,115.160004,118.050003
271.419983,137.975006,115.160004,118.050003
271.419983,137.975006,115.160004,118.050003
271.419983,137.975006,115.160004,118.050003
271.419983,137.975006,115.160004,118.050003
271.419983,137.975006,115.160004,118.050003
271.419983,137.975006,115.160004,118.050003
271.419983,137.975006,115.160004,118.050003
271.419983,137.975006,115.160004,118.050003
271.419983,137.975006,115.160004,118.050003
271.419983,137.975006,115.160004,118.050003
271.419983,137.975006,115.160004,118.050003
271.419983,137.975006,115.160004,118.050003
271.419983,137.975006,115.160004,118.050003
271.419983,137.975006,115.160004,118.050003
271.419983,137.975006,115.160004,118.050003
271.419983,137.975006,115.160004,118.050003
271.419983,137.975006,115.160004,118.050003
271.419983,137.975006,115.160004,118.050003
271.419983,137.975006,115.160004,118.050003
271.419983,137.975006,115.160004,118.050003
271.419983,137.975006,115.160004,118.050003
271.419983,137.975006,115.160004,118.050003
271.419983,137.975006,115.160004,118.050003
271.419983,137.975006,115.160004,118.050003
271.419983,137.975006,115.160004,118.050003
271.419983,137.975006,115.160004,118.050003
271.419983,137.975006,115.160004,118.050003
271.419983,137.975006,115.160004,118.050003
271.419983,137.975006,115.160004,118.050003
271.419983,137.975006,115.160004,118.050003
271.419983,137.975006,115.160004,118.050003
271.419983,137.975006,115.160004,118.050003
271.419983,137.975006,115.160004,118.050003
271.419983,137.975006,115.160004,118.050003
271.419983,137.975006,115.160004,118.050003
271.419983,137.975006,115.160004,118.050003
271.419983,137.975006,115.160004,118.050003
271.419983,137.975006,115.160004,118.050003
271.419983,137.975006,115.160004,118.050003
271.419983,137.975006,115.160004,118.050003
271.419983,137.975006,115.160004,118.050003
271.419983,137.975006,115.160004,118.050003
271.419983,137.975006,115.160004,118.050003
271.419983,137.975006,115.160004,118.050003
271.419983,137.975006,115.160004,118.050003
271.419983,137.975006,115.160004,118.050003
271.419983,137.975006,115.160004,118.050003
271.419983,137.975006,115.160004,118.050003
274.419983,195.975006,115.160004,118.050003
274.419983,195.975006,115.160004,118.050003
274.419983,195.975006,115.160004,118.050003
274.419983,195.975006,115.160004,118.050003
274.419983,195.975006,115.160004,118.050003
274.419983,195.975006,115.160004,118.050003
274.419983,195.975006,115.160004,118.050003
274.419983,195.975006,115.160004,118.050003
274.419983,195.975006,115.160004,118.050003
274.419983,195.975006,115.160004,118.050003
274.419983,195.975006,115.160004,118.050003
274.419983,195.975006,115.160004,118.050003
274.419983,195.975006,115.160004,118.050003
274.419983,195.975006,115.160004,118.050003
274.419983,195.975006,115.160004,118.050003
274.419983,195.975006,115.160004,118.050003
274.419983,195.975006,115.160004,118.050003
274.419983,195.975006,115.160004,118.050003
274.419983,195.975006,115.160004,118.050003
274.419983,195.975006,115.160004,118.050003
274.419983,195.975006,115.160004,118.050003
274.419983,195.975006,115.160004,118.050003
274.419983,195.975006,115.160004,118.050003
274.419983,195.975006,115.160004,118.050003
274.419983,195.975006,115.160004,118.050003
274.419983,195.975006,115.160004,118.050003
274.419983,195.975006,115.160004,118.050003
274.419983,195.975006,115.160004,118.050003
274.419983,195.975006,115.160004,118.050003
274.419983,195.975006,115.160004,118.050003
274.419983,195.975006,115.160004,118.050003
274.419983,195.975006,115.160004,118.050003
274.419983,195.975006,115.160004,118.050003
274.419983,195.975006,115.160004,118.050003
274.419983,195.975006,115.160004,118.050003
274.419983,195.975006,115.160004,118.050003
274.419983,195.975006,115.160004,118.050003
274.419983,195.975006,115.160004,118.050003
274.419983,195.975006,115.160004,118.050003
274.419983,195.975006,115.160004,118.050003
274.419983,195.975006,115.160004,118.050003
274.419983,195.975006,115.160004,118.050003
274.419983,195.975006,115.160004,118.050003
274.419983,195.975006,115.160004,118.050003
274.419983,195.975006,115.160004,118.050003
274.419983,195.975006,115.160004,118.050003
274.419983,195.975006,115.160004,118.050003
274.419983,195.975006,115.160004,118.050003
274.419983,195.975006,115.160004,118.050003
274.419983,195.975006,115.160004,118.050003
274.419983,195.975006,115.160004,118.050003
274.419983,195.975006,115.160004,118.050003
274.419983,195.975006,115.160004,118.050003
274.419983,195.975006,115.160004,118.050003
274.419983,195.975006,115.160004,118.050003
274.419983,195.975006,115.160004,118.050003
274.419983,195.975006,115.160004,118.050003
274.419983,195.975006,115.160004,118.050003
274.419983,195.975006,115.160004,118.050003
274.419983,195.975006,115.160004,118.050003
274.419983,195.975006,115.160004,118.050003
274.419983,195.975006,115.160004,118.050003
274.419983,195.975006,115.160004,118.050003
274.419983,195.975006,115.160004,118.050003
274.419983,195.975006,115.160004,118.050003
274.419983,195.975006,115.160004,118.050003
274.419983,195.975006,115.160004,118.050003
274.419983,195.975006,115.160004,118.050003
274.419983,195.975006,115.160004,118.050003
274.419983,195.975006,115.160004,118.050003
274.419983,195.975006,115.160004,118.050003
274.419983,195.975006,115.160004,118.050003
274.419983,195.975006,115.160004,118.050003
274.419983,195.975006,115.160004,118.050003
274.419983,195.975006,115.160004,118.050003
274.419983,195.975006,115.160004,118.050003
274.419983,195.975006,115.160004,118.050003
274.419983,195.975006,115.160004,118.050003
274.419983,195.975006,115.160004,118.050003
274.419983,195.975006,115.160004,118.050003
274.419983,195.975006,115.160004,118.050003
274.419983,195.975006,115.160004,118.050003
274.419983,195.975006,115.160004,118.050003
274.419983,195.975006,115.160004,118.050003
274.419983,195.975006,115.160004,118.050003
274.419983,195.975006,115.160004,118.050003
274.419983,195.975006,115.160004,118.050003
274.419983,195.975006,115.160004,118.050003
274.419983,195.975006,115.160004,118.050003
274.419983,195.975006,115.160004,118.050003
274.419983,195.975006,115.160004,118.050003
274.419983,195.975006,115.160004,118.050003
274.419983,195.975006,115.160004,118.050003
274.419983,195.975006,115.160004,118.050003
274.419983,195.975006,115.160004,118.050003
274.419983,195.975006,115.160004,118.050003
274.419983,195.975006,115.160004,118.050003
274.419983,195.975006,115.160004,118.050003
274.419983,195.975006,115.160004,118.050003
274.419983,195.975006,115.160004,118.050003
274.419983,195.975006,115.160004,118.050003
274.419983,195.975006,115.160004,118.050003
274.419983,195.975006,115.160004,118.050003
274.419983,195.975006,115.160004,118.050003
274.419983,195.975006,115.160004,118.050003
274.419983,195.975006,115.160004,118.050003
274.419983,195.975006,115.160004,118.050003
274.419983,195.975006,115.160004,118.050003
274.419983,195.975006,115.160004,118.050003
274.419983,195.975006,115.160004,118.050003
274.419983,195.975006,115.160004,118.050003
274.419983,195.975006,115.160004,118.050003
274.419983,195.975006,115.160004,118.050003
274.419983,195.975006,115.160004,118.050003
274.419983,195.975006,115.160004,118.050003
274.419983,195.975006,115.160004,118.050003
274.419983,195.975006,115.160004,118.050003
274.419983,195.975006,115.160004,118.050003
274.419983,195.975006,115.160004,118.050003
274.419983,195.975006,115.160004,118.050003
274.419983,195.975006,115.160004,118.050003
274.419983,195.975006,115.160004,118.050003
274.419983,195.975006,115.160004,118.050003
274.419983,195.975006,115.160004,118.050003
274.419983,195.975006,115.160004,118.050003
274.419983,195.975006,115.160004,118.050003
274.419983,195.975006,115.160004,118.050003
274.419983,195.975006,115.160004,118.050003
274.419983,195.975006,115.160004,118.050003
274.419983,195.975006,115.160004,118.050003
328.419983,167.975006,115.160004,118.050003
328.419983,167.975006,115.160004,118.050003
328.419983,167.975006,115.160004,118.050003
328.419983,167.975006,115.160004,118.050003
328.419983,167.975006,115.160004,118.050003
328.419983,167.975006,115.160004,118.050003
328.419983,167.975006,115.160004,118.050003
328.419983,167.975006,115.160004,118.050003
328.419983,167.975006,115.160004,118.050003
328.419983,167.975006,115.160004,118.050003
328.419983,167.975006,115.160004,118.050003
328.419983,167.975006,115.160004,118.050003
328.419983,167.975006,115.160004,118.050003
328.419983,167.975006,115.160004,118.050003
328.419983,167.975006,115.160004,118.050003
328.419983,167.975006,115.160004,118.050003
328.419983,167.975006,115.160004,118.050003
328.419983,167.975006,115.160004,118.050003
328.419983,167.975006,115.160004,118.050003
328.419983,167.975006,115.160004,118.050003
328.419983,167.975006,115.160004,118.050003
328.419983,167.975006,115.160004,118.050003
328.419983,167.975006,115.160004,118.050003
328.419983,167.975006,115.160004,118.050003
328.419983,167.975006,115.160004,118.050003
328.419983,167.975006,115.160004,118.050003
328.419983,167.975006,115.160004,118.050003
328.419983,167.975006,115.160004,118.050003
328.419983,167.975006,115.160004,118.050003
328.419983,167.975006,115.160004,118.050003
328.419983,167.975006,115.160004,118.050003
328.419983,167.975006,115.160004,118.050003
328.419983,167.975006,115.160004,118.050003
328.419983,167.975006,115.160004,118.050003
328.419983,167.975006,115.160004,118.050003
328.419983,167.975006,115.160004,118.050003
328.419983,167.975006,115.160004,118.050003
328.419983,167.975006,115.160004,118.050003
328.419983,167.975006,115.160004,118.050003
328.419983,167.975006,115.160004,118.050003
328.419983,167.975006,115.160004,118.050003
328.419983,167.975006,115.160004,118.050003
328.419983,167.975006,115.160004,118.050003
328.419983,167.975006,115.160004,118.050003
328.419983,167.975006,115.160004,118.050003
328.419983,167.975006,115.160004,118.050003
328.419983,167.975006,115.160004,118.050003
328.419983,167.975006,115.160004,118.050003
328.419983,167.975006,115.160004,118.050003
328.419983,167.975006,115.160004,118.050003
328.419983,167.975006,115.160004,118.050003
328.419983,167.975006,115.160004,118.050003
328.419983,167.975006,115.160004,118.050003
328.419983,167.975006,115.160004,118.050003
328.419983,167.975006,115.160004,118.050003
328.419983,167.975006,115.160004,118.050003
328.419983,167.975006,115.160004,118.050003
328.419983,167.975006,115.160004,118.050003
328.419983,167.975006,115.160004,118.050003
328.419983,167.975006,115.160004,118.050003
328.419983,167.975006,115.160004,118.050003
328.419983,167.975006,115.160004,118.050003
328.419983,167.975006,115.160004,118.050003
328.419983,167.975006,115.160004,118.050003
328.419983,167.975006,115.160004,118.050003
328.419983,167.975006,115.160004,118.050003
328.419983,167.975006,115.160004,118.050003
328.419983,167.975006,115.160004,118.050003
328.419983,167.975006,115.160004,118.050003
328.419983,167.975006,115.160004,118.050003
328.419983,167.975006,115.160004,118.050003
328.419983,167.975006,115.160004,118.050003
328.419983,167.975006,115.160004,118.050003
328.419983,167.975006,115.160004,118.050003
328.419983,167.975006,115.160004,118.050003
328.419983,167.975006,115.160004,118.050003
328.419983,167.975006,115.160004,118.050003
328.419983,167.975006,115.160004,118.050003
328.419983,167.975006,115.160004,118.050003
328.419983,167.975006,115.160004,118.050003
328.419983,167.975006,115.160004,118.050003
328.419983,167.975006,115.160004,118.050003
328.419983,167.975006,115.160004,118.050003
328.419983,167.975006,115.160004,118.050003
328.419983,167.975006,115.160004,118.050003
328.419983,167.975006,115.160004,118.050003
328.419983,167.975006,115.160004,118.050003
328.419983,167.975006,115.160004,118.050003
328.419983,167.975006,115.160004,118.050003
328.419983,167.975006,115.160004,118.050003
328.419983,167.975006,115.160004,118.050003
328.419983,167.975006,115.160004,118.050003
328.419983,167.975006,115.160004,118.050003
328.419983,167.975006,115.160004,118.050003
328.419983,167.975006,115.160004,118.050003
328.419983,167.975006,115.160004,118.050003
328.419983,167.975006,115.160004,118.050003
328.419983,167.975006,115.160004,118.050003
328.419983,167.975006,115.160004,118.050003
328.419983,167.975006,115.160004,118.050003
328.419983,167.975006,115.160004,118.050003
328.419983,167.975006,115.160004,118.050003
328.419983,167.975006,115.160004,118.050003
328.419983,167.975006,115.160004,118.050003
328.419983,167.975006,115.160004,118.050003
328.419983,167.975006,115.160004,118.050003
328.419983,167.975006,115.160004,118.050003
328.419983,167.975006,115.160004,118.050003
328.419983,167.975006,115.160004,118.050003
328.419983,167.975006,115.160004,118.050003
328.419983,167.975006,115.160004,118.050003
328.419983,167.975006,115.160004,118.050003
328.419983,167.975006,115.160004,118.050003
328.419983,167.975006,115.160004,118.050003
328.419983,167.975006,115.160004,118.050003
328.419983,167.975006,115.160004,118.050003
328.419983,167.975006,115.160004,118.050003
328.419983,167.975006,115.160004,118.050003
328.419983,167.975006,115.160004,118.050003
328.419983,167.975006,115.160004,118.050003
328.419983,167.975006,115.160004,118.050003
328.419983,167.975006,115.160004,118.050003
328.419983,167.975006,115.160004,118.050003
328.419983,167.975006,115.160004,118.050003
328.419983,167.975006,115.160004,118.050003
328.419983,167.975006,115.160004,118.050003
328.419983,167.975006,115.160004,118.050003
328.419983,167.975006,115.160004,118.050003
328.419983,167.975006,115.160004,118.050003
328.419983,167.975006,115.160004,118.050003
328.419983,167.975006,115.160004,118.050003
328.419983,167.975006,115.160004,118.050003
328.419983,167.975006,115.160004,118.050003
328.419983,167.975006,115.160004,118.050003
328.419983,167.975006,115.160004,118.050003
328.419983,167.975006,115.160004,118.050003
328.419983,167.975006,115.160004,118.050003
328.419983,167.975006,115.160004,118.050003
328.419983,167.975006,115.160004,118.050003
328.419983,167.975006,115.160004,118.050003
328.419983,167.975006,115.160004,118.050003
328.419983,167.975006,115.160004,118.050003
328.419983,167.975006,115.160004,118.050003
328.419983,167.975006,115.160004,118.050003
328.419983,167.975006,115.160004,118.050003
328.419983,167.975006,115.160004,118.050003
328.419983,167.975006,115.160004,118.050003
294.419983,175.975006,115.160004,118.050003
294.419983,175.975006,115.160004,118.050003
294.419983,175.975006,115.160004,118.050003
294.419983,175.975006,115.160004,118.050003
294.419983,175.975006,115.160004,118.050003
294.419983,175.975006,115.160004,118.050003
294.419983,175.975006,115.160004,118.050003
294.419983,175.975006,115.160004,118.050003
294.419983,175.975006,115.160004,118.050003
294.419983,175.975006,115.160004,118.050003
334.419983,175.975006,115.160004,118.050003
334.419983,175.975006,115.160004,118.050003
334.419983,175.975006,115.160004,118.050003
334.419983,175.975006,115.160004,118.050003
334.419983,175.975006,115.160004,118.050003
334.419983,175.975006,115.160004,118.050003
334.419983,175.975006,115.160004,118.050003
334.419983,175.975006,115.160004,118.050003
334.419983,175.975006,115.160004,118.050003
334.419983,175.975006,115.160004,118.050003
334.419983,175.975006,115.160004,118.050003
334.419983,175.975006,115.160004,118.050003
334.419983,175.975006,115.160004,118.050003
334.419983,175.975006,115.160004,118.050003
334.419983,175.975006,115.160004,118.050003
334.419983,175.975006,115.160004,118.050003
334.419983,175.975006,115.160004,118.050003
334.419983,175.975006,115.160004,118.050003
334.419983,175.975006,115.160004,118.050003
334.419983,175.975006,115.160004,118.050003
334.419983,175.975006,115.160004,118.050003
334.419983,175.975006,115.160004,118.050003
334.419983,175.975006,115.160004,118.050003
334.419983,175.975006,115.160004,118.050003
334.419983,175.975006,115.160004,118.050003
334.419983,175.975006,115.160004,118.050003
334.419983,175.975006,115.160004,118.050003
334.419983,175.975006,115.160004,118.050003
334.419983,175.975006,115.160004,118.050003
334.419983,175.975006,115.160004,118.050003
334.419983,175.975006,115.160004,118.050003
334.419983,175.975006,115.160004,118.050003
334.419983,175.975006,115.160004,118.050003
334.419983,175.975006,115.160004,118.050003
334.419983,175.975006,115.160004,118.050003
334.419983,175.975006,115.160004,118.050003
334.419983,175.975006,115.160004,118.050003
334.419983,175.975006,115.160004,118.050003
334.419983,175.975006,115.160004,118.050003
334.419983,175.975006,115.160004,118.050003
334.419983,175.975006,115.160004,118.050003
334.419983,175.975006,115.160004,118.050003
334.419983,175.975006,115.160004,118.050003
334.419983,175.975006,115.160004,118.050003
334.419983,175.975006,115.160004,118.050003
334.419983,175.975006,115.160004,118.050003
334.419983,175.975006,115.160004,118.050003
334.419983,175.975006,115.160004,118.050003
334.419983,175.975006,115.160004,118.050003
334.419983,175.975006,115.160004,118.050003
334.419983,175.975006,115.160004,118.050003
334.419983,175.975006,115.160004,118.050003
334.419983,175.975006,115.160004,118.050003
334.419983,175.975006,115.160004,118.050003
334.419983,175.975006,115.160004,118.050003
334.419983,175.975006,115.160004,118.050003
334.419983,175.975006,115.160004,118.050003
334.419983,175.975006,115.160004,118.050003
334.419983,175.975006,115.160004,118.050003
334.419983,175.975006,115.160004,118.050003
334.419983,175.975006,115.160004,118.050003
334.419983,175.975006,115.160004,118.050003
334.419983,175.975006,115.160004,118.050003
334.419983,175.975006,115.160004,118.050003
334.419983,175.975006,115.160004,118.050003
334.419983,175.975006,115.160004,118.050003
334.419983,175.975006,115.160004,118.050003
334.419983,175.975006,115.160004,118.050003
334.419983,175.975006,115.160004,118.050003
334.419983,175.975006,115.160004,118.050003
334.419983,175.975006,115.160004,118.050003
334.419983,175.975006,115.160004,118.050003
334.419983,175.975006,115.160004,118.050003
334.419983,175.975006,115.160004,118.050003
334.419983,175.975006,115.160004,118.050003
334.419983,175.975006,115.160004,118.050003
334.419983,175.975006,115.160004,118.050003
334.419983,175.975006,115.160004,118.050003
334.419983,175.975006,115.160004,118.050003
334.419983,175.975006,115.160004,118.050003
334.419983,175.975006,115.160004,118.050003
334.419983,175.975006,115.160004,118.050003
334.419983,175.975006,115.160004,118.050003
334.419983,175.975006,115.160004,118.050003
334.419983,175.975006,115.160004,118.050003
334.419983,175.975006,115.160004,118.050003
334.419983,175.975006,115.160004,118.050003
334.419983,175.975006,115.160004,118.050003
334.419983,175.975006,115.160004,118.050003
334.419983,175.975006,115.160004,118.050003
334.419983,175.975006,115.160004,118.050003
334.419983,175.975006,115.160004,118.050003
334.419983,175.975006,115.160004,118.050003
334.419983,175.975006,115.160004,118.050003
334.419983,175.975006,115.160004,118.050003
334.419983,175.975006,115.160004,118.050003
334.419983,175.975006,115.160004,118.050003
334.419983,175.975006,115.160004,118.050003
334.419983,175.975006,115.160004,118.050003
334.419983,175.975006,115.160004,118.050003
334.419983,175.975006,115.160004,118.050003
334.419983,175.975006,115.160004,118.050003
334.419983,175.975006,115.160004,118.050003
334.419983,175.975006,115.160004,118.050003
334.419983,175.975006,115.160004,118.050003
334.419983,175.975006,115.160004,118.050003
334.419983,175.975006,115.160004,118.050003
334.419983,175.975006,115.160004,118.050003
334.419983,175.975006,115.160004,118.050003
334.419983,175.975006,115.160004,118.050003
334.419983,175.975006,115.160004,118.050003
334.419983,175.975006,115.160004,118.050003
334.419983,175.975006,115.160004,118.050003
334.419983,175.975006,115.160004,118.050003
334.419983,175.975006,115.160004,118.050003
334.419983,175.975006,115.160004,118.050003
334.419983,175.975006,115.160004,118.050003
334.419983,175.975006,115.160004,118.050003
334.419983,175.975006,115.160004,118.050003
334.419983,175.975006,115.160004,118.050003
334.419983,175.975006,115.160004,118.050003
334.419983,175.975006,115.160004,118.050003
334.419983,175.975006,115.160004,118.050003
334.419983,175.975006,115.160004,118.050003
334.419983,175.975006,115.160004,118.050003
334.419983,175.975006,115.160004,118.050003
334.419983,175.975006,115.160004,118.050003
2
0
0
0
0
1
2
0
0
0
0
1
2
0
0
0
0
1
2
0
0
0
0
1
2
0
0
0
0
1
2
0
0
0
0
1
2
0
0
0
0
1
2
0
0
0
0
1
252.229996,250.970001,252.910019,76.160004
252.229996,250.970001,252.910019,76.160004
252.229996,250.970001,252.910019,76.160004
252.229996,250.970001,252.910019,76.160004
252.229996,250.970001,252.910019,76.160004
252.229996,250.970001,252.910019,76.160004
252.229996,250.970001,252.910019,76.160004
252.229996,250.970001,252.910019,76.160004
252.229996,250.970001,252.910019,76.160004
252.229996,250.970001,252.910019,76.160004
252.229996,250.970001,252.910019,76.160004
252.229996,250.970001,252.910019,76.160004
252.229996,250.970001,252.910019,76.160004
252.229996,250.970001,252.910019,76.160004
252.229996,250.970001,252.910019,76.160004
252.229996,250.970001,252.910019,76.160004
252.229996,250.970001,252.910019,76.160004
252.229996,250.970001,252.910019,76.160004
252.229996,250.970001,252.910019,76.160004
252.229996,250.970001,252.910019,76.160004
252.229996,250.970001,252.910019,76.160004
252.229996,250.970001,252.910019,76.160004
252.229996,250.970001,252.910019,76.160004
252.229996,250.970001,252.910019,76.160004
252.229996,250.970001,252.910019,76.160004
252.229996,250.970001,252.910019,76.160004
252.229996,250.970001,252.910019,76.160004
252.229996,250.970001,252.910019,76.160004
252.229996,250.970001,252.910019,76.160004
252.229996,250.970001,252.910019,76.160004
252.229996,250.970001,252.910019,76.160004
252.229996,250.970001,252.910019,76.160004
252.229996,250.970001,252.910019,76.160004
252.229996,250.970001,252.910019,76.160004
252.229996,250.970001,252.910019,76.160004
252.229996,250.970001,252.910019,76.160004
252.229996,250.970001,252.910019,76.160004
252.229996,250.970001,252.910019,76.160004
252.229996,250.970001,252.910019,76.160004
252.229996,250.970001,252.910019,76.160004
252.229996,250.970001,252.910019,76.160004
252.229996,250.970001,252.910019,76.160004
252.229996,250.970001,252.910019,76.160004
252.229996,250.970001,252.910019,76.160004
252.229996,250.970001,252.910019,76.160004
252.229996,250.970001,252.910019,76.160004
252.229996,250.970001,252.910019,76.160004
252.229996,250.970001,252.910019,76.160004
252.229996,250.970001,252.910019,76.160004
252.229996,250.970001,252.910019,76.160004
252.229996,250.970001,252.910019,76.160004
252.229996,250.970001,252.910019,76.160004
252.229996,250.970001,252.910019,76.160004
252.229996,250.970001,252.910019,76.160004
252.229996,250.970001,252.910019,76.160004
252.229996,250.970001,252.910019,76.160004
252.229996,250.970001,252.910019,76.160004
252.229996,250.970001,252.910019,76.160004
252.229996,250.970001,252.910019,76.160004
252.229996,250.970001,252.910019,76.160004
252.229996,250.970001,252.910019,76.160004
252.229996,250.970001,252.910019,76.160004
252.229996,250.970001,252.910019,76.160004
252.229996,250.970001,252.910019,76.160004
252.229996,250.970001,252.910019,76.160004
252.229996,250.970001,252.910019,76.160004
252.229996,250.970001,252.910019,76.160004
252.229996,250.970001,252.910019,76.160004
252.229996,250.970001,252.910019,76.160004
252.229996,250.970001,252.910019,76.160004
252.229996,250.970001,252.910019,76.160004
252.229996,250.970001,252.910019,76.160004
252.229996,250.970001,252.910019,76.160004
252.229996,250.970001,252.910019,76.160004
252.229996,250.970001,252.910019,76.160004
252.229996,250.970001,252.910019,76.160004
252.229996,250.970001,252.910019,76.160004
252.229996,250.970001,252.910019,76.160004
252.229996,250.970001,252.910019,76.160004
252.229996,250.970001,252.910019,76.160004
252.229996,250.970001,252.910019,76.160004
252.229996,250.970001,252.910019,76.160004
252.229996,250.970001,252.910019,76.160004
252.229996,250.970001,252.910019,76.160004
252.229996,250.970001,252.910019,76.160004
252.229996,250.970001,252.910019,76.160004
252.229996,250.970001,252.910019,76.160004
252.229996,250.970001,252.910019,76.160004
252.229996,250.970001,252.910019,76.160004
252.229996,250.970001,252.910019,76.160004
252.229996,250.970001,252.910019,76.160004
252.229996,250.970001,252.910019,76.160004
252.229996,250.970001,252.910019,76.160004
252.229996,250.970001,252.910019,76.160004
252.229996,250.970001,252.910019,76.160004
252.229996,250.970001,252.910019,76.160004
252.229996,250.970001,252.910019,76.160004
252.229996,250.970001,252.910019,76.160004
252.229996,250.970001,252.910019,76.160004
252.229996,250.970001,252.910019,76.160004
252.229996,250.970001,252.910019,76.160004
252.229996,250.970001,252.910019,76.160004
252.229996,250.970001,252.910019,76.160004
252.229996,250.970001,252.910019,76.160004
252.229996,250.970001,252.910019,76.160004
252.229996,250.970001,252.910019,76.160004
252.229996,250.970001,252.910019,76.160004
252.229996,250.970001,252.910019,76.160004
252.229996,250.970001,252.910019,76.160004
252.229996,250.970001,252.910019,76.160004
182.544983,240.919998,252.910019,76.160004
182.544983,240.919998,252.910019,76.160004
182.544983,240.919998,252.910019,76.160004
182.544983,240.919998,252.910019,76.160004
182.544983,240.919998,252.910019,76.160004
182.544983,240.919998,252.910019,76.160004
182.544983,240.919998,252.910019,76.160004
182.544983,240.919998,252.910019,76.160004
182.544983,240.919998,252.910019,76.160004
182.544983,240.919998,252.910019,76.160004
182.544983,240.919998,252.910019,76.160004
182.544983,240.919998,252.910019,76.160004
182.544983,240.919998,252.910019,76.160004
182.544983,240.919998,252.910019,76.160004
182.544983,240.919998,252.910019,76.160004
182.544983,240.919998,252.910019,76.160004
182.544983,240.919998,252.910019,76.160004
182.544983,240.919998,252.910019,76.160004
182.544983,240.919998,252.910019,76.160004
182.544983,240.919998,252.910019,76.160004
182.544983,240.919998,252.910019,76.160004
182.544983,240.919998,252.910019,76.160004
182.544983,240.919998,252.910019,76.160004
182.544983,240.919998,252.910019,76.160004
182.544983,240.919998,252.910019,76.160004
182.544983,240.919998,252.910019,76.160004
182.544983,240.919998,252.910019,76.160004
248.544983,214.919998,252.910019,76.160004
248.544983,214.919998,252.910019,76.160004
248.544983,214.919998,252.910019,76.160004
248.544983,214.919998,252.910019,76.160004
248.544983,214.919998,252.910019,76.160004
248.544983,214.919998,252.910019,76.160004
248.544983,214.919998,252.910019,76.160004
248.544983,214.919998,252.910019,76.160004
248.544983,214.919998,252.910019,76.160004
175.544983,222.919998,252.910019,76.160004
175.544983,222.919998,252.910019,76.160004
175.544983,222.919998,252.910019,76.160004
175.544983,222.919998,252.910019,76.160004
175.544983,222.919998,252.910019,76.160004
175.544983,222.919998,252.910019,76.160004
175.544983,222.919998,252.910019,76.160004
175.544983,222.919998,252.910019,76.160004
175.544983,222.919998,252.910019,76.160004
175.544983,222.919998,252.910019,76.160004
175.544983,222.919998,252.910019,76.160004
175.544983,222.919998,252.910019,76.160004
175.544983,222.919998,252.910019,76.160004
175.544983,222.919998,252.910019,76.160004
175.544983,222.919998,252.910019,76.160004
175.544983,222.919998,252.910019,76.160004
175.544983,222.919998,252.910019,76.160004
175.544983,222.919998,252.910019,76.160004
175.544983,222.919998,252.910019,76.160004
175.544983,222.919998,252.910019,76.160004
175.544983,222.919998,252.910019,76.160004
175.544983,222.919998,252.910019,76.160004
175.544983,222.919998,252.910019,76.160004
175.544983,222.919998,252.910019,76.160004
175.544983,222.919998,252.910019,76.160004
175.544983,222.919998,252.910019,76.160004
175.544983,222.919998,252.910019,76.160004
175.544983,222.919998,252.910019,76.160004
175.544983,222.919998,252.910019,76.160004
175.544983,222.919998,252.910019,76.160004
175.544983,222.919998,252.910019,76.160004
175.544983,222.919998,252.910019,76.160004
175.544983,222.919998,252.910019,76.160004
175.544983,222.919998,252.910019,76.160004
175.544983,222.919998,252.910019,76.160004
175.544983,222.919998,252.910019,76.160004
175.544983,222.919998,252.910019,76.160004
175.544983,222.919998,252.910019,76.160004
175.544983,222.919998,252.910019,76.160004
175.544983,222.919998,252.910019,76.160004
175.544983,222.919998,252.910019,76.160004
175.544983,222.919998,252.910019,76.160004
175.544983,222.919998,252.910019,76.160004
175.544983,222.919998,252.910019,76.160004
175.544983,222.919998,252.910019,76.160004
175.544983,222.919998,252.910019,76.160004
175.544983,222.919998,252.910019,76.160004
175.544983,222.919998,252.910019,76.160004
175.544983,222.919998,252.910019,76.160004
175.544983,222.919998,252.910019,76.160004
175.544983,222.919998,252.910019,76.160004
224.544983,199.919998,252.910019,76.160004
224.544983,199.919998,252.910019,76.160004
224.544983,199.919998,252.910019,76.160004
224.544983,199.919998,252.910019,76.160004
224.544983,199.919998,252.910019,76.160004
114.544991,219.919998,252.910019,76.160004
239.544983,206.919998,252.910019,76.160004
117.544991,218.919998,252.910019,76.160004
117.544991,218.919998,252.910019,76.160004
244.544983,212.919998,252.910019,76.160004
244.544983,212.919998,252.910019,76.160004
99.544991,226.919998,252.910019,76.160004
99.544991,226.919998,252.910019,76.160004
99.544991,226.919998,252.910019,76.160004
214.544983,207.919998,252.910019,76.160004
214.544983,207.919998,252.910019,76.160004
214.544983,207.919998,252.910019,76.160004
214.544983,207.919998,252.910019,76.160004
91.544991,225.919998,252.910019,76.160004
91.544991,225.919998,252.910019,76.160004
91.544991,225.919998,252.910019,76.160004
91.544991,225.919998,252.910019,76.160004
91.544991,225.919998,252.910019,76.160004
91.544991,225.919998,252.910019,76.160004
4.544991,235.919998,252.910019,76.160004
94.544991,212.919998,252.910019,76.160004
94.544991,212.919998,252.910019,76.160004
224.544983,201.919998,252.910019,76.160004
122.544991,213.919998,252.910019,76.160004
234.544983,215.919998,252.910019,76.160004
234.544983,215.919998,252.910019,76.160004
234.544983,215.919998,252.910019,76.160004
234.544983,215.919998,252.910019,76.160004
116.544991,223.919998,252.910019,76.160004
116.544991,223.919998,252.910019,76.160004
116.544991,223.919998,252.910019,76.160004
242.544983,209.919998,252.910019,76.160004
115.544991,206.919998,252.910019,76.160004
115.544991,206.919998,252.910019,76.160004
234.544983,200.919998,252.910019,76.160004
234.544983,200.919998,252.910019,76.160004
234.544983,200.919998,252.910019,76.160004
234.544983,200.919998,252.910019,76.160004
234.544983,200.919998,252.910019,76.160004
234.544983,200.919998,252.910019,76.160004
234.544983,200.919998,252.910019,76.160004
234.544983,200.919998,252.910019,76.160004
234.544983,200.919998,252.910019,76.160004
234.544983,200.919998,252.910019,76.160004
234.544983,200.919998,252.910019,76.160004
234.544983,200.919998,252.910019,76.160004
234.544983,200.919998,252.910019,76.160004
234.544983,200.919998,252.910019,76.160004
234.544983,200.919998,252.910019,76.160004
234.544983,200.919998,252.910019,76.160004
234.544983,200.919998,252.910019,76.160004
234.544983,200.919998,252.910019,76.160004
234.544983,200.919998,252.910019,76.160004
101.544991,218.919998,252.910019,76.160004
101.544991,218.919998,252.910019,76.160004
239.544983,207.919998,252.910019,76.160004
142.544983,214.919998,252.910019,76.160004
142.544983,214.919998,252.910019,76.160004
142.544983,214.919998,252.910019,76.160004
142.544983,214.919998,252.910019,76.160004
232.544983,212.919998,252.910019,76.160004
232.544983,212.919998,252.910019,76.160004
232.544983,212.919998,252.910019,76.160004
232.544983,212.919998,252.910019,76.160004
232.544983,212.919998,252.910019,76.160004
232.544983,212.919998,252.910019,76.160004
232.544983,212.919998,252.910019,76.160004
232.544983,212.919998,252.910019,76.160004
251.544983,248.919998,252.910019,76.160004
251.544983,248.919998,252.910019,76.160004
251.544983,248.919998,252.910019,76.160004
160.544983,224.919998,252.910019,76.160004
160.544983,224.919998,252.910019,76.160004
251.544983,208.919998,252.910019,76.160004
251.544983,208.919998,252.910019,76.160004
251.544983,208.919998,252.910019,76.160004
251.544983,208.919998,252.910019,76.160004
251.544983,208.919998,252.910019,76.160004
251.544983,208.919998,252.910019,76.160004
251.544983,208.919998,252.910019,76.160004
251.544983,208.919998,252.910019,76.160004
251.544983,208.919998,252.910019,76.160004
251.544983,208.919998,252.910019,76.160004
129.544983,248.919998,252.910019,76.160004
129.544983,248.919998,252.910019,76.160004
129.544983,248.919998,252.910019,76.160004
129.544983,248.919998,252.910019,76.160004
129.544983,248.919998,252.910019,76.160004
129.544983,248.919998,252.910019,76.160004
248.544983,240.919998,252.910019,76.160004
248.544983,240.919998,252.910019,76.160004
169.544983,249.919998,252.910019,76.160004
169.544983,249.919998,252.910019,76.160004
169.544983,249.919998,252.910019,76.160004
169.544983,249.919998,252.910019,76.160004
