1
384.130005,135.630005,104.779999,100.229996
384.130005,135.630005,104.779999,100.229996
384.130005,135.630005,104.779999,100.229996
384.130005,135.630005,104.779999,100.229996
384.130005,135.630005,104.779999,100.229996
384.130005,135.630005,104.779999,100.229996
384.130005,135.630005,104.779999,100.229996
384.130005,135.630005,104.779999,100.229996
384.130005,135.630005,104.779999,100.229996
384.130005,135.630005,104.779999,100.229996
384.130005,135.630005,104.779999,100.229996
384.130005,135.630005,104.779999,100.229996
384.130005,135.630005,104.779999,100.229996
384.130005,135.630005,104.779999,100.229996
384.130005,135.630005,104.779999,100.229996
384.130005,135.630005,104.779999,100.229996
384.130005,135.630005,104.779999,100.229996
384.130005,135.630005,104.779999,100.229996
384.130005,135.630005,104.779999,100.229996
384.130005,135.630005,104.779999,100.229996
384.130005,135.630005,104.779999,100.229996
384.130005,135.630005,104.779999,100.229996
384.130005,135.630005,104.779999,100.229996
384.130005,135.630005,104.779999,100.229996
384.130005,135.630005,104.779999,100.229996
384.130005,135.630005,104.779999,100.229996
384.130005,135.630005,104.779999,100.229996
384.130005,135.630005,104.779999,100.229996
384.130005,135.630005,104.779999,100.229996
384.130005,135.630005,104.779999,100.229996
384.130005,135.630005,104.779999,100.229996
384.130005,135.630005,104.779999,100.229996
384.130005,135.630005,104.779999,100.229996
384.130005,135.630005,104.779999,100.229996
384.130005,135.630005,104.779999,100.229996
384.130005,135.630005,104.779999,100.229996
384.130005,135.630005,104.779999,100.229996
384.130005,135.630005,104.779999,100.229996
384.130005,135.630005,104.779999,100.229996
384.130005,135.630005,104.779999,100.229996
384.130005,135.630005,104.779999,100.229996
384.130005,135.630005,104.779999,100.229996
384.130005,135.630005,104.779999,100.229996
384.130005,135.630005,104.779999,100.229996
384.130005,135.630005,104.779999,100.229996
384.130005,135.630005,104.779999,100.229996
384.130005,135.630005,104.779999,100.229996
384.130005,135.630005,104.779999,100.229996
384.130005,135.630005,104.779999,100.229996
384.130005,135.630005,104.779999,100.229996
2
0
0
0
0
1
274.109985,74.639999,105.320007,63.160004
274.109985,74.639999,105.320007,63.160004
274.109985,74.639999,105.320007,63.160004
274.109985,74.639999,105.320007,63.160004
281.339996,101.419998,105.320007,63.160004
281.339996,101.419998,105.320007,63.160004
310.339996,62.419998,105.320007,63.160004
310.339996,62.419998,105.320007,63.160004
310.339996,62.419998,105.320007,63.160004
310.339996,62.419998,105.320007,63.160004
310.339996,62.419998,105.320007,63.160004
310.339996,62.419998,105.320007,63.160004
342.339996,85.419998,105.320007,63.160004
342.339996,85.419998,105.320007,63.160004
342.339996,85.419998,105.320007,63.160004
342.339996,85.419998,105.320007,63.160004
342.339996,85.419998,105.320007,63.160004
342.339996,85.419998,105.320007,63.160004
342.339996,85.419998,105.320007,63.160004
342.339996,85.419998,105.320007,63.160004
342.339996,85.419998,105.320007,63.160004
342.339996,85.419998,105.320007,63.160004
292.339996,85.419998,105.320007,63.160004
292.339996,85.419998,105.320007,63.160004
292.339996,85.419998,105.320007,63.160004
292.339996,85.419998,105.320007,63.160004
292.339996,85.419998,105.320007,63.160004
292.339996,85.419998,105.320007,63.160004
292.339996,85.419998,105.320007,63.160004
292.339996,85.419998,105.320007,63.160004
333.339996,59.419998,105.320007,63.160004
333.339996,59.419998,105.320007,63.160004
333.339996,59.419998,105.320007,63.160004
349.339996,88.419998,105.320007,63.160004
349.339996,88.419998,105.320007,63.160004
349.339996,88.419998,105.320007,63.160004
349.339996,88.419998,105.320007,63.160004
349.339996,88.419998,105.320007,63.160004
349.339996,88.419998,105.320007,63.160004
349.339996,88.419998,105.320007,63.160004
349.339996,88.419998,105.320007,63.160004
349.339996,88.419998,105.320007,63.160004
349.339996,88.419998,105.320007,63.160004
349.339996,88.419998,105.320007,63.160004
2
0
0
0
0
1
264.230011,73.050003,104.299988,60.229996
264.230011,73.050003,104.299988,60.229996
264.230011,73.050003,104.299988,60.229996
264.230011,73.050003,104.299988,60.229996
264.230011,73.050003,104.299988,60.229996
264.230011,73.050003,104.299988,60.229996
264.230011,73.050003,104.299988,60.229996
264.230011,73.050003,104.299988,60.229996
264.230011,73.050003,104.299988,60.229996
264.230011,73.050003,104.299988,60.229996
264.230011,73.050003,104.299988,60.229996
264.230011,73.050003,104.299988,60.229996
264.230011,73.050003,104.299988,60.229996
264.230011,73.050003,104.299988,60.229996
264.230011,73.050003,104.299988,60.229996
264.230011,73.050003,104.299988,60.229996
316.850006,82.885002,104.299988,60.229996
316.850006,82.885002,104.299988,60.229996
316.850006,82.885002,104.299988,60.229996
316.850006,82.885002,104.299988,60.229996
273.850006,87.885002,104.299988,60.229996
273.850006,87.885002,104.299988,60.229996
273.850006,87.885002,104.299988,60.229996
273.850006,87.885002,104.299988,60.229996
273.850006,87.885002,104.299988,60.229996
273.850006,87.885002,104.299988,60.229996
273.850006,87.885002,104.299988,60.229996
273.850006,87.885002,104.299988,60.229996
273.850006,87.885002,104.299988,60.229996
273.850006,87.885002,104.299988,60.229996
273.850006,87.885002,104.299988,60.229996
273.850006,87.885002,104.299988,60.229996
273.850006,87.885002,104.299988,60.229996
273.850006,87.885002,104.299988,60.229996
273.850006,87.885002,104.299988,60.229996
327.850006,72.885002,104.299988,60.229996
327.850006,72.885002,104.299988,60.229996
327.850006,72.885002,104.299988,60.229996
271.850006,67.885002,104.299988,60.229996
271.850006,67.885002,104.299988,60.229996
271.850006,67.885002,104.299988,60.229996
271.850006,67.885002,104.299988,60.229996
271.850006,67.885002,104.299988,60.229996
271.850006,67.885002,104.299988,60.229996
271.850006,67.885002,104.299988,60.229996
317.850006,92.885002,104.299988,60.229996
290.850006,92.885002,104.299988,60.229996
290.850006,92.885002,104.299988,60.229996
290.850006,92.885002,104.299988,60.229996
290.850006,92.885002,104.299988,60.229996
290.850006,92.885002,104.299988,60.229996
320.850006,72.885002,104.299988,60.229996
320.850006,72.885002,104.299988,60.229996
320.850006,72.885002,104.299988,60.229996
320.850006,72.885002,104.299988,60.229996
320.850006,72.885002,104.299988,60.229996
320.850006,72.885002,104.299988,60.229996
358.850006,92.885002,104.299988,60.229996
358.850006,92.885002,104.299988,60.229996
289.850006,87.885002,104.299988,60.229996
289.850006,87.885002,104.299988,60.229996
289.850006,87.885002,104.299988,60.229996
289.850006,87.885002,104.299988,60.229996
289.850006,87.885002,104.299988,60.229996
289.850006,87.885002,104.299988,60.229996
289.850006,87.885002,104.299988,60.229996
289.850006,87.885002,104.299988,60.229996
289.850006,87.885002,104.299988,60.229996
261.850006,87.885002,104.299988,60.229996
261.850006,87.885002,104.299988,60.229996
261.850006,87.885002,104.299988,60.229996
261.850006,87.885002,104.299988,60.229996
261.850006,87.885002,104.299988,60.229996
261.850006,87.885002,104.299988,60.229996
261.850006,87.885002,104.299988,60.229996
261.850006,87.885002,104.299988,60.229996
261.850006,87.885002,104.299988,60.229996
261.850006,87.885002,104.299988,60.229996
261.850006,87.885002,104.299988,60.229996
261.850006,87.885002,104.299988,60.229996
261.850006,87.885002,104.299988,60.229996
261.850006,87.885002,104.299988,60.229996
261.850006,87.885002,104.299988,60.229996
261.850006,87.885002,104.299988,60.229996
261.850006,87.885002,104.299988,60.229996
261.850006,87.885002,104.299988,60.229996
261.850006,87.885002,104.299988,60.229996
261.850006,87.885002,104.299988,60.229996
261.850006,87.885002,104.299988,60.229996
261.850006,87.885002,104.299988,60.229996
261.850006,87.885002,104.299988,60.229996
261.850006,87.885002,104.299988,60.229996
261.850006,87.885002,104.299988,60.229996
261.850006,87.885002,104.299988,60.229996
261.850006,87.885002,104.299988,60.229996
261.850006,87.885002,104.299988,60.229996
261.850006,87.885002,104.299988,60.229996
261.850006,87.885002,104.299988,60.229996
261.850006,87.885002,104.299988,60.229996
261.850006,87.885002,104.299988,60.229996
261.850006,87.885002,104.299988,60.229996
261.850006,87.885002,104.299988,60.229996
261.850006,87.885002,104.299988,60.229996
261.850006,87.885002,104.299988,60.229996
261.850006,87.885002,104.299988,60.229996
261.850006,87.885002,104.299988,60.229996
261.850006,87.885002,104.299988,60.229996
261.850006,87.885002,104.299988,60.229996
261.850006,87.885002,104.299988,60.229996
261.850006,87.885002,104.299988,60.229996
261.850006,87.885002,104.299988,60.229996
261.850006,87.885002,104.299988,60.229996
261.850006,87.885002,104.299988,60.229996
261.850006,87.885002,104.299988,60.229996
261.850006,87.885002,104.299988,60.229996
261.850006,87.885002,104.299988,60.229996
261.850006,87.885002,104.299988,60.229996
261.850006,87.885002,104.299988,60.229996
261.850006,87.885002,104.299988,60.229996
261.850006,87.885002,104.299988,60.229996
261.850006,87.885002,104.299988,60.229996
261.850006,87.885002,104.299988,60.229996
261.850006,87.885002,104.299988,60.229996
261.850006,87.885002,104.299988,60.229996
261.850006,87.885002,104.299988,60.229996
261.850006,87.885002,104.299988,60.229996
2
0
0
0
0
1
247.419998,154.070007,149.159988,156.350006
247.419998,154.070007,149.159988,156.350006
247.419998,154.070007,149.159988,156.350006
247.419998,154.070007,149.159988,156.350006
247.419998,154.070007,149.159988,156.350006
247.419998,154.070007,149.159988,156.350006
247.419998,154.070007,149.159988,156.350006
247.419998,154.070007,149.159988,156.350006
247.419998,154.070007,149.159988,156.350006
247.419998,154.070007,149.159988,156.350006
247.419998,154.070007,149.159988,156.350006
247.419998,154.070007,149.159988,156.350006
247.419998,154.070007,149.159988,156.350006
247.419998,154.070007,149.159988,156.350006
162.420013,171.824997,149.159988,156.350006
162.420013,171.824997,149.159988,156.350006
162.420013,171.824997,149.159988,156.350006
162.420013,171.824997,149.159988,156.350006
162.420013,171.824997,149.159988,156.350006
162.420013,171.824997,149.159988,156.350006
242.420013,173.824997,149.159988,156.350006
242.420013,173.824997,149.159988,156.350006
242.420013,173.824997,149.159988,156.350006
242.420013,173.824997,149.159988,156.350006
242.420013,173.824997,149.159988,156.350006
242.420013,173.824997,149.159988,156.350006
242.420013,173.824997,149.159988,156.350006
242.420013,173.824997,149.159988,156.350006
242.420013,173.824997,149.159988,156.350006
242.420013,173.824997,149.159988,156.350006
242.420013,173.824997,149.159988,156.350006
242.420013,173.824997,149.159988,156.350006
242.420013,173.824997,149.159988,156.350006
162.420013,176.824997,149.159988,156.350006
162.420013,176.824997,149.159988,156.350006
162.420013,176.824997,149.159988,156.350006
162.420013,176.824997,149.159988,156.350006
162.420013,176.824997,149.159988,156.350006
162.420013,176.824997,149.159988,156.350006
162.420013,176.824997,149.159988,156.350006
252.420013,155.824997,149.159988,156.350006
252.420013,155.824997,149.159988,156.350006
252.420013,155.824997,149.159988,156.350006
252.420013,155.824997,149.159988,156.350006
182.420013,168.824997,149.159988,156.350006
182.420013,168.824997,149.159988,156.350006
182.420013,168.824997,149.159988,156.350006
182.420013,168.824997,149.159988,156.350006
182.420013,168.824997,149.159988,156.350006
238.420013,174.824997,149.159988,156.350006
238.420013,174.824997,149.159988,156.350006
238.420013,174.824997,149.159988,156.350006
238.420013,174.824997,149.159988,156.350006
238.420013,174.824997,149.159988,156.350006
238.420013,174.824997,149.159988,156.350006
238.420013,174.824997,149.159988,156.350006
238.420013,174.824997,149.159988,156.350006
238.420013,174.824997,149.159988,156.350006
238.420013,174.824997,149.159988,156.350006
238.420013,174.824997,149.159988,156.350006
238.420013,174.824997,149.159988,156.350006
238.420013,174.824997,149.159988,156.350006
238.420013,174.824997,149.159988,156.350006
238.420013,174.824997,149.159988,156.350006
238.420013,174.824997,149.159988,156.350006
238.420013,174.824997,149.159988,156.350006
238.420013,174.824997,149.159988,156.350006
238.420013,174.824997,149.159988,156.350006
238.420013,174.824997,149.159988,156.350006
238.420013,174.824997,149.159988,156.350006
238.420013,174.824997,149.159988,156.350006
189.420013,164.824997,149.159988,156.350006
189.420013,164.824997,149.159988,156.350006
189.420013,164.824997,149.159988,156.350006
189.420013,164.824997,149.159988,156.350006
189.420013,164.824997,149.159988,156.350006
189.420013,164.824997,149.159988,156.350006
189.420013,164.824997,149.159988,156.350006
189.420013,164.824997,149.159988,156.350006
189.420013,164.824997,149.159988,156.350006
189.420013,164.824997,149.159988,156.350006
189.420013,164.824997,149.159988,156.350006
189.420013,164.824997,149.159988,156.350006
189.420013,164.824997,149.159988,156.350006
244.420013,135.824997,149.159988,156.350006
244.420013,135.824997,149.159988,156.350006
244.420013,135.824997,149.159988,156.350006
244.420013,135.824997,149.159988,156.350006
244.420013,135.824997,149.159988,156.350006
244.420013,135.824997,149.159988,156.350006
244.420013,135.824997,149.159988,156.350006
244.420013,135.824997,149.159988,156.350006
244.420013,135.824997,149.159988,156.350006
244.420013,135.824997,149.159988,156.350006
244.420013,135.824997,149.159988,156.350006
244.420013,135.824997,149.159988,156.350006
244.420013,135.824997,149.159988,156.350006
244.420013,135.824997,149.159988,156.350006
244.420013,135.824997,149.159988,156.350006
244.420013,135.824997,149.159988,156.350006
244.420013,135.824997,149.159988,156.350006
244.420013,135.824997,149.159988,156.350006
244.420013,135.824997,149.159988,156.350006
244.420013,135.824997,149.159988,156.350006
244.420013,135.824997,149.159988,156.350006
244.420013,135.824997,149.159988,156.350006
244.420013,135.824997,149.159988,156.350006
244.420013,135.824997,149.159988,156.350006
244.420013,135.824997,149.159988,156.350006
244.420013,135.824997,149.159988,156.350006
244.420013,135.824997,149.159988,156.350006
244.420013,135.824997,149.159988,156.350006
244.420013,135.824997,149.159988,156.350006
244.420013,135.824997,149.159988,156.350006
244.420013,135.824997,149.159988,156.350006
244.420013,135.824997,149.159988,156.350006
244.420013,135.824997,149.159988,156.350006
244.420013,135.824997,149.159988,156.350006
244.420013,135.824997,149.159988,156.350006
244.420013,135.824997,149.159988,156.350006
244.420013,135.824997,149.159988,156.350006
244.420013,135.824997,149.159988,156.350006
244.420013,135.824997,149.159988,156.350006
244.420013,135.824997,149.159988,156.350006
244.420013,135.824997,149.159988,156.350006
244.420013,135.824997,149.159988,156.350006
244.420013,135.824997,149.159988,156.350006
244.420013,135.824997,149.159988,156.350006
244.420013,135.824997,149.159988,156.350006
244.420013,135.824997,149.159988,156.350006
244.420013,135.824997,149.159988,156.350006
244.420013,135.824997,149.159988,156.350006
244.420013,135.824997,149.159988,156.350006
244.420013,135.824997,149.159988,156.350006
244.420013,135.824997,149.159988,156.350006
244.420013,135.824997,149.159988,156.350006
244.420013,135.824997,149.159988,156.350006
244.420013,135.824997,149.159988,156.350006
244.420013,135.824997,149.159988,156.350006
244.420013,135.824997,149.159988,156.350006
244.420013,135.824997,149.159988,156.350006
244.420013,135.824997,149.159988,156.350006
244.420013,135.824997,149.159988,156.350006
244.420013,135.824997,149.159988,156.350006
244.420013,135.824997,149.159988,156.350006
244.420013,135.824997,149.159988,156.350006
244.420013,135.824997,149.159988,156.350006
244.420013,135.824997,149.159988,156.350006
244.420013,135.824997,149.159988,156.350006
244.420013,135.824997,149.159988,156.350006
244.420013,135.824997,149.159988,156.350006
244.420013,135.824997,149.159988,156.350006
244.420013,135.824997,149.159988,156.350006
244.420013,135.824997,149.159988,156.350006
244.420013,135.824997,149.159988,156.350006
244.420013,135.824997,149.159988,156.350006
244.420013,135.824997,149.159988,156.350006
244.420013,135.824997,149.159988,156.350006
244.420013,135.824997,149.159988,156.350006
244.420013,135.824997,149.159988,156.350006
244.420013,135.824997,149.159988,156.350006
165.420013,154.824997,149.159988,156.350006
165.420013,154.824997,149.159988,156.350006
165.420013,154.824997,149.159988,156.350006
165.420013,154.824997,149.159988,156.350006
248.420013,150.824997,149.159988,156.350006
248.420013,150.824997,149.159988,156.350006
197.420013,158.824997,149.159988,156.350006
197.420013,158.824997,149.159988,156.350006
151.420013,171.824997,149.159988,156.350006
2
0
0
0
0
1
2
0
0
0
0
1
2
0
0
0
0
1
208.490005,196.470001,164.669998,132.720001
208.490005,196.470001,164.669998,132.720001
208.490005,196.470001,164.669998,132.720001
208.490005,196.470001,164.669998,132.720001
208.490005,196.470001,164.669998,132.720001
208.490005,196.470001,164.669998,132.720001
208.490005,196.470001,164.669998,132.720001
208.490005,196.470001,164.669998,132.720001
208.490005,196.470001,164.669998,132.720001
208.490005,196.470001,164.669998,132.720001
208.490005,196.470001,164.669998,132.720001
208.490005,196.470001,164.669998,132.720001
208.490005,196.470001,164.669998,132.720001
208.490005,196.470001,164.669998,132.720001
208.490005,196.470001,164.669998,132.720001
208.490005,196.470001,164.669998,132.720001
208.490005,196.470001,164.669998,132.720001
208.490005,196.470001,164.669998,132.720001
208.490005,196.470001,164.669998,132.720001
208.490005,196.470001,164.669998,132.720001
208.490005,196.470001,164.669998,132.720001
208.490005,196.470001,164.669998,132.720001
208.490005,196.470001,164.669998,132.720001
208.490005,196.470001,164.669998,132.720001
208.490005,196.470001,164.669998,132.720001
208.490005,196.470001,164.669998,132.720001
208.490005,196.470001,164.669998,132.720001
208.490005,196.470001,164.669998,132.720001
208.490005,196.470001,164.669998,132.720001
208.490005,196.470001,164.669998,132.720001
208.490005,196.470001,164.669998,132.720001
208.490005,196.470001,164.669998,132.720001
208.490005,196.470001,164.669998,132.720001
208.490005,196.470001,164.669998,132.720001
208.490005,196.470001,164.669998,132.720001
208.490005,196.470001,164.669998,132.720001
208.490005,196.470001,164.669998,132.720001
208.490005,196.470001,164.669998,132.720001
208.490005,196.470001,164.669998,132.720001
208.490005,196.470001,164.669998,132.720001
208.490005,196.470001,164.669998,132.720001
208.490005,196.470001,164.669998,132.720001
208.490005,196.470001,164.669998,132.720001
208.490005,196.470001,164.669998,132.720001
208.490005,196.470001,164.669998,132.720001
208.490005,196.470001,164.669998,132.720001
208.490005,196.470001,164.669998,132.720001
208.490005,196.470001,164.669998,132.720001
208.490005,196.470001,164.669998,132.720001
208.490005,196.470001,164.669998,132.720001
208.490005,196.470001,164.669998,132.720001
208.490005,196.470001,164.669998,132.720001
208.490005,196.470001,164.669998,132.720001
208.490005,196.470001,164.669998,132.720001
208.490005,196.470001,164.669998,132.720001
208.490005,196.470001,164.669998,132.720001
208.490005,196.470001,164.669998,132.720001
208.490005,196.470001,164.669998,132.720001
208.490005,196.470001,164.669998,132.720001
208.490005,196.470001,164.669998,132.720001
208.490005,196.470001,164.669998,132.720001
208.490005,196.470001,164.669998,132.720001
208.490005,196.470001,164.669998,132.720001
208.490005,196.470001,164.669998,132.720001
208.490005,196.470001,164.669998,132.720001
208.490005,196.470001,164.669998,132.720001
208.490005,196.470001,164.669998,132.720001
208.490005,196.470001,164.669998,132.720001
208.490005,196.470001,164.669998,132.720001
208.490005,196.470001,164.669998,132.720001
208.490005,196.470001,164.669998,132.720001
208.490005,196.470001,164.669998,132.720001
208.490005,196.470001,164.669998,132.720001
208.490005,196.470001,164.669998,132.720001
208.490005,196.470001,164.669998,132.720001
208.490005,196.470001,164.669998,132.720001
208.490005,196.470001,164.669998,132.720001
208.490005,196.470001,164.669998,132.720001
208.490005,196.470001,164.669998,132.720001
208.490005,196.470001,164.669998,132.720001
208.490005,196.470001,164.669998,132.720001
160.665009,199.639999,164.669998,132.720001
160.665009,199.639999,164.669998,132.720001
160.665009,199.639999,164.669998,132.720001
160.665009,199.639999,164.669998,132.720001
160.665009,199.639999,164.669998,132.720001
160.665009,199.639999,164.669998,132.720001
160.665009,199.639999,164.669998,132.720001
160.665009,199.639999,164.669998,132.720001
160.665009,199.639999,164.669998,132.720001
160.665009,199.639999,164.669998,132.720001
160.665009,199.639999,164.669998,132.720001
160.665009,199.639999,164.669998,132.720001
160.665009,199.639999,164.669998,132.720001
160.665009,199.639999,164.669998,132.720001
160.665009,199.639999,164.669998,132.720001
160.665009,199.639999,164.669998,132.720001
160.665009,199.639999,164.669998,132.720001
160.665009,199.639999,164.669998,132.720001
160.665009,199.639999,164.669998,132.720001
160.665009,199.639999,164.669998,132.720001
160.665009,199.639999,164.669998,132.720001
160.665009,199.639999,164.669998,132.720001
160.665009,199.639999,164.669998,132.720001
160.665009,199.639999,164.669998,132.720001
160.665009,199.639999,164.669998,132.720001
160.665009,199.639999,164.669998,132.720001
160.665009,199.639999,164.669998,132.720001
224.665009,195.639999,164.669998,132.720001
224.665009,195.639999,164.669998,132.720001
224.665009,195.639999,164.669998,132.720001
224.665009,195.639999,164.669998,132.720001
224.665009,195.639999,164.669998,132.720001
224.665009,195.639999,164.669998,132.720001
224.665009,195.639999,164.669998,132.720001
173.665009,201.639999,164.669998,132.720001
173.665009,201.639999,164.669998,132.720001
173.665009,201.639999,164.669998,132.720001
234.665009,190.639999,164.669998,132.720001
176.665009,198.639999,164.669998,132.720001
176.665009,198.639999,164.669998,132.720001
176.665009,198.639999,164.669998,132.720001
176.665009,198.639999,164.669998,132.720001
176.665009,198.639999,164.669998,132.720001
176.665009,198.639999,164.669998,132.720001
176.665009,198.639999,164.669998,132.720001
176.665009,198.639999,164.669998,132.720001
176.665009,198.639999,164.669998,132.720001
176.665009,198.639999,164.669998,132.720001
176.665009,198.639999,164.669998,132.720001
176.665009,198.639999,164.669998,132.720001
267.665009,137.639999,164.669998,132.720001
267.665009,137.639999,164.669998,132.720001
267.665009,137.639999,164.669998,132.720001
267.665009,137.639999,164.669998,132.720001
170.665009,169.639999,164.669998,132.720001
170.665009,169.639999,164.669998,132.720001
170.665009,169.639999,164.669998,132.720001
246.665009,158.639999,164.669998,132.720001
246.665009,158.639999,164.669998,132.720001
190.665009,164.639999,164.669998,132.720001
190.665009,164.639999,164.669998,132.720001
289.665009,185.639999,164.669998,132.720001
289.665009,185.639999,164.669998,132.720001
228.665009,181.639999,164.669998,132.720001
180.665009,199.639999,164.669998,132.720001
180.665009,199.639999,164.669998,132.720001
180.665009,199.639999,164.669998,132.720001
180.665009,199.639999,164.669998,132.720001
278.665009,181.639999,164.669998,132.720001
278.665009,181.639999,164.669998,132.720001
232.665009,172.639999,164.669998,132.720001
232.665009,172.639999,164.669998,132.720001
232.665009,172.639999,164.669998,132.720001
232.665009,172.639999,164.669998,132.720001
232.665009,172.639999,164.669998,132.720001
232.665009,172.639999,164.669998,132.720001
232.665009,172.639999,164.669998,132.720001
232.665009,172.639999,164.669998,132.720001
232.665009,172.639999,164.669998,132.720001
232.665009,172.639999,164.669998,132.720001
232.665009,172.639999,164.669998,132.720001
232.665009,172.639999,164.669998,132.720001
232.665009,172.639999,164.669998,132.720001
232.665009,172.639999,164.669998,132.720001
232.665009,172.639999,164.669998,132.720001
232.665009,172.639999,164.669998,132.720001
184.665009,185.639999,164.669998,132.720001
184.665009,185.639999,164.669998,132.720001
256.665009,158.639999,164.669998,132.720001
203.665009,171.639999,164.669998,132.720001
203.665009,171.639999,164.669998,132.720001
203.665009,171.639999,164.669998,132.720001
203.665009,171.639999,164.669998,132.720001
203.665009,171.639999,164.669998,132.720001
203.665009,171.639999,164.669998,132.720001
275.665009,164.639999,164.669998,132.720001
275.665009,164.639999,164.669998,132.720001
275.665009,164.639999,164.669998,132.720001
231.665009,163.639999,164.669998,132.720001
231.665009,163.639999,164.669998,132.720001
231.665009,163.639999,164.669998,132.720001
231.665009,163.639999,164.669998,132.720001
231.665009,163.639999,164.669998,132.720001
231.665009,163.639999,164.669998,132.720001
231.665009,163.639999,164.669998,132.720001
231.665009,163.639999,164.669998,132.720001
231.665009,163.639999,164.669998,132.720001
231.665009,163.639999,164.669998,132.720001
231.665009,163.639999,164.669998,132.720001
231.665009,163.639999,164.669998,132.720001
231.665009,163.639999,164.669998,132.720001
231.665009,163.639999,164.669998,132.720001
231.665009,163.639999,164.669998,132.720001
231.665009,163.639999,164.669998,132.720001
231.665009,163.639999,164.669998,132.720001
231.665009,163.639999,164.669998,132.720001
231.665009,163.639999,164.669998,132.720001
231.665009,163.639999,164.669998,132.720001
231.665009,163.639999,164.669998,132.720001
231.665009,163.639999,164.669998,132.720001
231.665009,163.639999,164.669998,132.720001
231.665009,163.639999,164.669998,132.720001
231.665009,163.639999,164.669998,132.720001
231.665009,163.639999,164.669998,132.720001
231.665009,163.639999,164.669998,132.720001
231.665009,163.639999,164.669998,132.720001
231.665009,163.639999,164.669998,132.720001
231.665009,163.639999,164.669998,132.720001
231.665009,163.639999,164.669998,132.720001
231.665009,163.639999,164.669998,132.720001
231.665009,163.639999,164.669998,132.720001
231.665009,163.639999,164.669998,132.720001
231.665009,163.639999,164.669998,132.720001
231.665009,163.639999,164.669998,132.720001
231.665009,163.639999,164.669998,132.720001
231.665009,163.639999,164.669998,132.720001
231.665009,163.639999,164.669998,132.720001
231.665009,163.639999,164.669998,132.720001
231.665009,163.639999,164.669998,132.720001
231.665009,163.639999,164.669998,132.720001
231.665009,163.639999,164.669998,132.720001
231.665009,163.639999,164.669998,132.720001
231.665009,163.639999,164.669998,132.720001
231.665009,163.639999,164.669998,132.720001
231.665009,163.639999,164.669998,132.720001
231.665009,163.639999,164.669998,132.720001
231.665009,163.639999,164.669998,132.720001
231.665009,163.639999,164.669998,132.720001
231.665009,163.639999,164.669998,132.720001
231.665009,163.639999,164.669998,132.720001
231.665009,163.639999,164.669998,132.720001
231.665009,163.639999,164.669998,132.720001
231.665009,163.639999,164.669998,132.720001
231.665009,163.639999,164.669998,132.720001
231.665009,163.639999,164.669998,132.720001
231.665009,163.639999,164.669998,132.720001
231.665009,163.639999,164.669998,132.720001
231.665009,163.639999,164.669998,132.720001
231.665009,163.639999,164.669998,132.720001
231.665009,163.639999,164.669998,132.720001
231.665009,163.639999,164.669998,132.720001
231.665009,163.639999,164.669998,132.720001
231.665009,163.639999,164.669998,132.720001
231.665009,163.639999,164.669998,132.720001
231.665009,163.639999,164.669998,132.720001
231.665009,163.639999,164.669998,132.720001
231.665009,163.639999,164.669998,132.720001
231.665009,163.639999,164.669998,132.720001
231.665009,163.639999,164.669998,132.720001
231.665009,163.639999,164.669998,132.720001
231.665009,163.639999,164.669998,132.720001
231.665009,163.639999,164.669998,132.720001
231.665009,163.639999,164.669998,132.720001
231.665009,163.639999,164.669998,132.720001
231.665009,163.639999,164.669998,132.720001
231.665009,163.639999,164.669998,132.720001
231.665009,163.639999,164.669998,132.720001
231.665009,163.639999,164.669998,132.720001
231.665009,163.639999,164.669998,132.720001
231.665009,163.639999,164.669998,132.720001
231.665009,163.639999,164.669998,132.720001
231.665009,163.639999,164.669998,132.720001
231.665009,163.639999,164.669998,132.720001
231.665009,163.639999,164.669998,132.720001
231.665009,163.639999,164.669998,132.720001
231.665009,163.639999,164.669998,132.720001
231.665009,163.639999,164.669998,132.720001
231.665009,163.639999,164.669998,132.720001
231.665009,163.639999,164.669998,132.720001
231.665009,163.639999,164.669998,132.720001
231.665009,163.639999,164.669998,132.720001
231.665009,163.639999,164.669998,132.720001
231.665009,163.639999,164.669998,132.720001
231.665009,163.639999,164.669998,132.720001
231.665009,163.639999,164.669998,132.720001
231.665009,163.639999,164.669998,132.720001
231.665009,163.639999,164.669998,132.720001
231.665009,163.639999,164.669998,132.720001
231.665009,163.639999,164.669998,132.720001
231.665009,163.639999,164.669998,132.720001
231.665009,163.639999,164.669998,132.720001
231.665009,163.639999,164.669998,132.720001
231.665009,163.639999,164.669998,132.720001
231.665009,163.639999,164.669998,132.720001
231.665009,163.639999,164.669998,132.720001
231.665009,163.639999,164.669998,132.720001
231.665009,163.639999,164.669998,132.720001
231.665009,163.639999,164.669998,132.720001
231.665009,163.639999,164.669998,132.720001
231.665009,163.639999,164.669998,132.720001
231.665009,163.639999,164.669998,132.720001
231.665009,163.639999,164.669998,132.720001
231.665009,163.639999,164.669998,132.720001
231.665009,163.639999,164.669998,132.720001
231.665009,163.639999,164.669998,132.720001
231.665009,163.639999,164.669998,132.720001
231.665009,163.639999,164.669998,132.720001
231.665009,163.639999,164.669998,132.720001
231.665009,163.639999,164.669998,132.720001
231.665009,163.639999,164.669998,132.720001
231.665009,163.639999,164.669998,132.720001
231.665009,163.639999,164.669998,132.720001
231.665009,163.639999,164.669998,132.720001
231.665009,163.639999,164.669998,132.720001
231.665009,163.639999,164.669998,132.720001
231.665009,163.639999,164.669998,132.720001
231.665009,163.639999,164.669998,132.720001
231.665009,163.639999,164.669998,132.720001
231.665009,163.639999,164.669998,132.720001
231.665009,163.639999,164.669998,132.720001
231.665009,163.639999,164.669998,132.720001
231.665009,163.639999,164.669998,132.720001
231.665009,163.639999,164.669998,132.720001
231.665009,163.639999,164.669998,132.720001
231.665009,163.639999,164.669998,132.720001
231.665009,163.639999,164.669998,132.720001
231.665009,163.639999,164.669998,132.720001
231.665009,163.639999,164.669998,132.720001
231.665009,163.639999,164.669998,132.720001
231.665009,163.639999,164.669998,132.720001
231.665009,163.639999,164.669998,132.720001
231.665009,163.639999,164.669998,132.720001
231.665009,163.639999,164.669998,132.720001
231.665009,163.639999,164.669998,132.720001
231.665009,163.639999,164.669998,132.720001
231.665009,163.639999,164.669998,132.720001
231.665009,163.639999,164.669998,132.720001
231.665009,163.639999,164.669998,132.720001
231.665009,163.639999,164.669998,132.720001
231.665009,163.639999,164.669998,132.720001
231.665009,163.639999,164.669998,132.720001
231.665009,163.639999,164.669998,132.720001
231.665009,163.639999,164.669998,132.720001
231.665009,163.639999,164.669998,132.720001
231.665009,163.639999,164.669998,132.720001
231.665009,163.639999,164.669998,132.720001
231.665009,163.639999,164.669998,132.720001
231.665009,163.639999,164.669998,132.720001
231.665009,163.639999,164.669998,132.720001
231.665009,163.639999,164.669998,132.720001
231.665009,163.639999,164.669998,132.720001
231.665009,163.639999,164.669998,132.720001
231.665009,163.639999,164.669998,132.720001
231.665009,163.639999,164.669998,132.720001
231.665009,163.639999,164.669998,132.720001
231.665009,163.639999,164.669998,132.720001
231.665009,163.639999,164.669998,132.720001
231.665009,163.639999,164.669998,132.720001
231.665009,163.639999,164.669998,132.720001
231.665009,163.639999,164.669998,132.720001
231.665009,163.639999,164.669998,132.720001
231.665009,163.639999,164.669998,132.720001
231.665009,163.639999,164.669998,132.720001
231.665009,163.639999,164.669998,132.720001
231.665009,163.639999,164.669998,132.720001
231.665009,163.639999,164.669998,132.720001
231.665009,163.639999,164.669998,132.720001
231.665009,163.639999,164.669998,132.720001
231.665009,163.639999,164.669998,132.720001
231.665009,163.639999,164.669998,132.720001
231.665009,163.639999,164.669998,132.720001
231.665009,163.639999,164.669998,132.720001
231.665009,163.639999,164.669998,132.720001
231.665009,163.639999,164.669998,132.720001
231.665009,163.639999,164.669998,132.720001
231.665009,163.639999,164.669998,132.720001
231.665009,163.639999,164.669998,132.720001
231.665009,163.639999,164.669998,132.720001
231.665009,163.639999,164.669998,132.720001
231.665009,163.639999,164.669998,132.720001
231.665009,163.639999,164.669998,132.720001
231.665009,163.639999,164.669998,132.720001
231.665009,163.639999,164.669998,132.720001
231.665009,163.639999,164.669998,132.720001
231.665009,163.639999,164.669998,132.720001
231.665009,163.639999,164.669998,132.720001
231.665009,163.639999,164.669998,132.720001
231.665009,163.639999,164.669998,132.720001
231.665009,163.639999,164.669998,132.720001
231.665009,163.639999,164.669998,132.720001
231.665009,163.639999,164.669998,132.720001
231.665009,163.639999,164.669998,132.720001
231.665009,163.639999,164.669998,132.720001
231.665009,163.639999,164.669998,132.720001
231.665009,163.639999,164.669998,132.720001
231.665009,163.639999,164.669998,132.720001
302.665009,187.639999,164.669998,132.720001
244.665009,190.639999,164.669998,132.720001
191.665009,198.639999,164.669998,132.720001
191.665009,198.639999,164.669998,132.720001
275.665009,184.639999,164.669998,132.720001
275.665009,184.639999,164.669998,132.720001
275.665009,184.639999,164.669998,132.720001
275.665009,184.639999,164.669998,132.720001
275.665009,184.639999,164.669998,132.720001
275.665009,184.639999,164.669998,132.720001
275.665009,184.639999,164.669998,132.720001
275.665009,184.639999,164.669998,132.720001
275.665009,184.639999,164.669998,132.720001
275.665009,184.639999,164.669998,132.720001
207.665009,192.639999,164.669998,132.720001
207.665009,192.639999,164.669998,132.720001
207.665009,192.639999,164.669998,132.720001
207.665009,192.639999,164.669998,132.720001
207.665009,192.639999,164.669998,132.720001
207.665009,192.639999,164.669998,132.720001
207.665009,192.639999,164.669998,132.720001
271.665009,173.639999,164.669998,132.720001
271.665009,173.639999,164.669998,132.720001
271.665009,173.639999,164.669998,132.720001
202.665009,187.639999,164.669998,132.720001
202.665009,187.639999,164.669998,132.720001
202.665009,187.639999,164.669998,132.720001
202.665009,187.639999,164.669998,132.720001
202.665009,187.639999,164.669998,132.720001
202.665009,187.639999,164.669998,132.720001
202.665009,187.639999,164.669998,132.720001
202.665009,187.639999,164.669998,132.720001
202.665009,187.639999,164.669998,132.720001
202.665009,187.639999,164.669998,132.720001
202.665009,187.639999,164.669998,132.720001
202.665009,187.639999,164.669998,132.720001
202.665009,187.639999,164.669998,132.720001
202.665009,187.639999,164.669998,132.720001
202.665009,187.639999,164.669998,132.720001
262.665009,192.639999,164.669998,132.720001
262.665009,192.639999,164.669998,132.720001
201.665009,188.639999,164.669998,132.720001
273.665009,201.639999,164.669998,132.720001
273.665009,201.639999,164.669998,132.720001
273.665009,201.639999,164.669998,132.720001
254.665009,95.639999,164.669998,132.720001
254.665009,95.639999,164.669998,132.720001
2
0
0
0
0
1
230.830002,228.779999,246.620010,103.000000
230.830002,228.779999,246.620010,103.000000
230.830002,228.779999,246.620010,103.000000
230.830002,228.779999,246.620010,103.000000
230.830002,228.779999,246.620010,103.000000
230.830002,228.779999,246.620010,103.000000
230.830002,228.779999,246.620010,103.000000
230.830002,228.779999,246.620010,103.000000
230.830002,228.779999,246.620010,103.000000
230.830002,228.779999,246.620010,103.000000
230.830002,228.779999,246.620010,103.000000
230.830002,228.779999,246.620010,103.000000
230.830002,228.779999,246.620010,103.000000
230.830002,228.779999,246.620010,103.000000
230.830002,228.779999,246.620010,103.000000
230.830002,228.779999,246.620010,103.000000
230.830002,228.779999,246.620010,103.000000
230.830002,228.779999,246.620010,103.000000
230.830002,228.779999,246.620010,103.000000
230.830002,228.779999,246.620010,103.000000
230.830002,228.779999,246.620010,103.000000
230.830002,228.779999,246.620010,103.000000
230.830002,228.779999,246.620010,103.000000
230.830002,228.779999,246.620010,103.000000
230.830002,228.779999,246.620010,103.000000
230.830002,228.779999,246.620010,103.000000
230.830002,228.779999,246.620010,103.000000
230.830002,228.779999,246.620010,103.000000
230.830002,228.779999,246.620010,103.000000
230.830002,228.779999,246.620010,103.000000
230.830002,228.779999,246.620010,103.000000
230.830002,228.779999,246.620010,103.000000
230.830002,228.779999,246.620010,103.000000
230.830002,228.779999,246.620010,103.000000
230.830002,228.779999,246.620010,103.000000
230.830002,228.779999,246.620010,103.000000
230.830002,228.779999,246.620010,103.000000
230.830002,228.779999,246.620010,103.000000
230.830002,228.779999,246.620010,103.000000
230.830002,228.779999,246.620010,103.000000
230.830002,228.779999,246.620010,103.000000
230.830002,228.779999,246.620010,103.000000
230.830002,228.779999,246.620010,103.000000
230.830002,228.779999,246.620010,103.000000
230.830002,228.779999,246.620010,103.000000
230.830002,228.779999,246.620010,103.000000
230.830002,228.779999,246.620010,103.000000
230.830002,228.779999,246.620010,103.000000
230.830002,228.779999,246.620010,103.000000
230.830002,228.779999,246.620010,103.000000
230.830002,228.779999,246.620010,103.000000
230.830002,228.779999,246.620010,103.000000
230.830002,228.779999,246.620010,103.000000
230.830002,228.779999,246.620010,103.000000
230.830002,228.779999,246.620010,103.000000
230.830002,228.779999,246.620010,103.000000
230.830002,228.779999,246.620010,103.000000
230.830002,228.779999,246.620010,103.000000
230.830002,228.779999,246.620010,103.000000
230.830002,228.779999,246.620010,103.000000
230.830002,228.779999,246.620010,103.000000
230.830002,228.779999,246.620010,103.000000
230.830002,228.779999,246.620010,103.000000
230.830002,228.779999,246.620010,103.000000
230.830002,228.779999,246.620010,103.000000
230.830002,228.779999,246.620010,103.000000
230.830002,228.779999,246.620010,103.000000
230.830002,228.779999,246.620010,103.000000
230.830002,228.779999,246.620010,103.000000
230.830002,228.779999,246.620010,103.000000
230.830002,228.779999,246.620010,103.000000
230.830002,228.779999,246.620010,103.000000
230.830002,228.779999,246.620010,103.000000
230.830002,228.779999,246.620010,103.000000
230.830002,228.779999,246.620010,103.000000
230.830002,228.779999,246.620010,103.000000
230.830002,228.779999,246.620010,103.000000
230.830002,228.779999,246.620010,103.000000
230.830002,228.779999,246.620010,103.000000
230.830002,228.779999,246.620010,103.000000
230.830002,228.779999,246.620010,103.000000
230.830002,228.779999,246.620010,103.000000
230.830002,228.779999,246.620010,103.000000
230.830002,228.779999,246.620010,103.000000
230.830002,228.779999,246.620010,103.000000
230.830002,228.779999,246.620010,103.000000
230.830002,228.779999,246.620010,103.000000
230.830002,228.779999,246.620010,103.000000
230.830002,228.779999,246.620010,103.000000
230.830002,228.779999,246.620010,103.000000
230.830002,228.779999,246.620010,103.000000
230.830002,228.779999,246.620010,103.000000
230.830002,228.779999,246.620010,103.000000
230.830002,228.779999,246.620010,103.000000
230.830002,228.779999,246.620010,103.000000
230.830002,228.779999,246.620010,103.000000
230.830002,228.779999,246.620010,103.000000
230.830002,228.779999,246.620010,103.000000
230.830002,228.779999,246.620010,103.000000
230.830002,228.779999,246.620010,103.000000
230.830002,228.779999,246.620010,103.000000
230.830002,228.779999,246.620010,103.000000
230.830002,228.779999,246.620010,103.000000
230.830002,228.779999,246.620010,103.000000
230.830002,228.779999,246.620010,103.000000
230.830002,228.779999,246.620010,103.000000
230.830002,228.779999,246.620010,103.000000
230.830002,228.779999,246.620010,103.000000
230.830002,228.779999,246.620010,103.000000
230.830002,228.779999,246.620010,103.000000
230.830002,228.779999,246.620010,103.000000
230.830002,228.779999,246.620010,103.000000
230.830002,228.779999,246.620010,103.000000
230.830002,228.779999,246.620010,103.000000
230.830002,228.779999,246.620010,103.000000
230.830002,228.779999,246.620010,103.000000
230.830002,228.779999,246.620010,103.000000
230.830002,228.779999,246.620010,103.000000
230.830002,228.779999,246.620010,103.000000
230.830002,228.779999,246.620010,103.000000
230.830002,228.779999,246.620010,103.000000
230.830002,228.779999,246.620010,103.000000
230.830002,228.779999,246.620010,103.000000
230.830002,228.779999,246.620010,103.000000
230.830002,228.779999,246.620010,103.000000
230.830002,228.779999,246.620010,103.000000
230.830002,228.779999,246.620010,103.000000
230.830002,228.779999,246.620010,103.000000
230.830002,228.779999,246.620010,103.000000
230.830002,228.779999,246.620010,103.000000
230.830002,228.779999,246.620010,103.000000
230.830002,228.779999,246.620010,103.000000
230.830002,228.779999,246.620010,103.000000
230.830002,228.779999,246.620010,103.000000
230.830002,228.779999,246.620010,103.000000
230.830002,228.779999,246.620010,103.000000
230.830002,228.779999,246.620010,103.000000
230.830002,228.779999,246.620010,103.000000
230.830002,228.779999,246.620010,103.000000
230.830002,228.779999,246.620010,103.000000
230.830002,228.779999,246.620010,103.000000
230.830002,228.779999,246.620010,103.000000
230.830002,228.779999,246.620010,103.000000
230.830002,228.779999,246.620010,103.000000
230.830002,228.779999,246.620010,103.000000
230.830002,228.779999,246.620010,103.000000
230.830002,228.779999,246.620010,103.000000
230.830002,228.779999,246.620010,103.000000
230.830002,228.779999,246.620010,103.000000
230.830002,228.779999,246.620010,103.000000
230.830002,228.779999,246.620010,103.000000
230.830002,228.779999,246.620010,103.000000
230.830002,228.779999,246.620010,103.000000
230.830002,228.779999,246.620010,103.000000
230.830002,228.779999,246.620010,103.000000
230.830002,228.779999,246.620010,103.000000
230.830002,228.779999,246.620010,103.000000
230.830002,228.779999,246.620010,103.000000
230.830002,228.779999,246.620010,103.000000
230.830002,228.779999,246.620010,103.000000
230.830002,228.779999,246.620010,103.000000
230.830002,228.779999,246.620010,103.000000
230.830002,228.779999,246.620010,103.000000
230.830002,228.779999,246.620010,103.000000
230.830002,228.779999,246.620010,103.000000
230.830002,228.779999,246.620010,103.000000
230.830002,228.779999,246.620010,103.000000
230.830002,228.779999,246.620010,103.000000
230.830002,228.779999,246.620010,103.000000
230.830002,228.779999,246.620010,103.000000
230.830002,228.779999,246.620010,103.000000
230.830002,228.779999,246.620010,103.000000
230.830002,228.779999,246.620010,103.000000
230.830002,228.779999,246.620010,103.000000
230.830002,228.779999,246.620010,103.000000
161.690002,228.500000,246.620010,103.000000
247.690002,191.500000,246.620010,103.000000
247.690002,191.500000,246.620010,103.000000
247.690002,191.500000,246.620010,103.000000
140.690002,230.500000,246.620010,103.000000
140.690002,230.500000,246.620010,103.000000
227.690002,226.500000,246.620010,103.000000
227.690002,226.500000,246.620010,103.000000
227.690002,226.500000,246.620010,103.000000
227.690002,226.500000,246.620010,103.000000
227.690002,226.500000,246.620010,103.000000
227.690002,226.500000,246.620010,103.000000
227.690002,226.500000,246.620010,103.000000
229.690002,197.500000,246.620010,103.000000
229.690002,197.500000,246.620010,103.000000
229.690002,197.500000,246.620010,103.000000
229.690002,197.500000,246.620010,103.000000
229.690002,197.500000,246.620010,103.000000
229.690002,197.500000,246.620010,103.000000
229.690002,197.500000,246.620010,103.000000
229.690002,197.500000,246.620010,103.000000
229.690002,197.500000,246.620010,103.000000
229.690002,197.500000,246.620010,103.000000
229.690002,197.500000,246.620010,103.000000
229.690002,197.500000,246.620010,103.000000
229.690002,197.500000,246.620010,103.000000
229.690002,197.500000,246.620010,103.000000
229.690002,197.500000,246.620010,103.000000
229.690002,197.500000,246.620010,103.000000
229.690002,197.500000,246.620010,103.000000
229.690002,197.500000,246.620010,103.000000
229.690002,197.500000,246.620010,103.000000
229.690002,197.500000,246.620010,103.000000
229.690002,197.500000,246.620010,103.000000
229.690002,197.500000,246.620010,103.000000
229.690002,197.500000,246.620010,103.000000
229.690002,197.500000,246.620010,103.000000
229.690002,197.500000,246.620010,103.000000
229.690002,197.500000,246.620010,103.000000
229.690002,197.500000,246.620010,103.000000
229.690002,197.500000,246.620010,103.000000
229.690002,197.500000,246.620010,103.000000
229.690002,197.500000,246.620010,103.000000
229.690002,197.500000,246.620010,103.000000
165.690002,230.500000,246.620010,103.000000
165.690002,230.500000,246.620010,103.000000
227.690002,181.500000,246.620010,103.000000
198.690002,219.500000,246.620010,103.000000
198.690002,219.500000,246.620010,103.000000
198.690002,219.500000,246.620010,103.000000
198.690002,219.500000,246.620010,103.000000
198.690002,219.500000,246.620010,103.000000
198.690002,219.500000,246.620010,103.000000
198.690002,219.500000,246.620010,103.000000
198.690002,219.500000,246.620010,103.000000
198.690002,219.500000,246.620010,103.000000
198.690002,219.500000,246.620010,103.000000
198.690002,219.500000,246.620010,103.000000
198.690002,219.500000,246.620010,103.000000
198.690002,219.500000,246.620010,103.000000
198.690002,219.500000,246.620010,103.000000
242.690002,191.500000,246.620010,103.000000
242.690002,191.500000,246.620010,103.000000
242.690002,191.500000,246.620010,103.000000
242.690002,191.500000,246.620010,103.000000
242.690002,191.500000,246.620010,103.000000
242.690002,191.500000,246.620010,103.000000
242.690002,191.500000,246.620010,103.000000
114.689995,222.500000,246.620010,103.000000
114.689995,222.500000,246.620010,103.000000
230.690002,173.500000,246.620010,103.000000
230.690002,173.500000,246.620010,103.000000
227.690002,214.500000,246.620010,103.000000
227.690002,214.500000,246.620010,103.000000
227.690002,214.500000,246.620010,103.000000
227.690002,214.500000,246.620010,103.000000
227.690002,214.500000,246.620010,103.000000
227.690002,214.500000,246.620010,103.000000
227.690002,214.500000,246.620010,103.000000
227.690002,214.500000,246.620010,103.000000
227.690002,214.500000,246.620010,103.000000
227.690002,214.500000,246.620010,103.000000
227.690002,214.500000,246.620010,103.000000
227.690002,214.500000,246.620010,103.000000
227.690002,214.500000,246.620010,103.000000
227.690002,214.500000,246.620010,103.000000
131.690002,206.500000,246.620010,103.000000
131.690002,206.500000,246.620010,103.000000
131.690002,206.500000,246.620010,103.000000
131.690002,206.500000,246.620010,103.000000
131.690002,206.500000,246.620010,103.000000
227.690002,216.500000,246.620010,103.000000
227.690002,216.500000,246.620010,103.000000
227.690002,216.500000,246.620010,103.000000
227.690002,216.500000,246.620010,103.000000
227.690002,216.500000,246.620010,103.000000
227.690002,216.500000,246.620010,103.000000
227.690002,216.500000,246.620010,103.000000
259.690002,187.500000,246.620010,103.000000
259.690002,187.500000,246.620010,103.000000
259.690002,187.500000,246.620010,103.000000
259.690002,187.500000,246.620010,103.000000
259.690002,187.500000,246.620010,103.000000
259.690002,187.500000,246.620010,103.000000
259.690002,187.500000,246.620010,103.000000
259.690002,187.500000,246.620010,103.000000
259.690002,187.500000,246.620010,103.000000
171.690002,193.500000,246.620010,103.000000
171.690002,193.500000,246.620010,103.000000
171.690002,193.500000,246.620010,103.000000
171.690002,193.500000,246.620010,103.000000
171.690002,193.500000,246.620010,103.000000
171.690002,193.500000,246.620010,103.000000
171.690002,193.500000,246.620010,103.000000
171.690002,193.500000,246.620010,103.000000
171.690002,193.500000,246.620010,103.000000
171.690002,193.500000,246.620010,103.000000
171.690002,193.500000,246.620010,103.000000
171.690002,193.500000,246.620010,103.000000
171.690002,193.500000,246.620010,103.000000
171.690002,193.500000,246.620010,103.000000
171.690002,193.500000,246.620010,103.000000
171.690002,193.500000,246.620010,103.000000
171.690002,193.500000,246.620010,103.000000
171.690002,193.500000,246.620010,103.000000
171.690002,193.500000,246.620010,103.000000
171.690002,193.500000,246.620010,103.000000
171.690002,193.500000,246.620010,103.000000
171.690002,193.500000,246.620010,103.000000
171.690002,193.500000,246.620010,103.000000
171.690002,193.500000,246.620010,103.000000
171.690002,193.500000,246.620010,103.000000
171.690002,193.500000,246.620010,103.000000
226.690002,231.500000,246.620010,103.000000
152.690002,214.500000,246.620010,103.000000
152.690002,214.500000,246.620010,103.000000
249.690002,200.500000,246.620010,103.000000
249.690002,200.500000,246.620010,103.000000
249.690002,200.500000,246.620010,103.000000
249.690002,200.500000,246.620010,103.000000
249.690002,200.500000,246.620010,103.000000
249.690002,200.500000,246.620010,103.000000
249.690002,200.500000,246.620010,103.000000
249.690002,200.500000,246.620010,103.000000
249.690002,200.500000,246.620010,103.000000
249.690002,200.500000,246.620010,103.000000
249.690002,200.500000,246.620010,103.000000
249.690002,200.500000,246.620010,103.000000
116.689995,231.500000,246.620010,103.000000
224.690002,224.500000,246.620010,103.000000
224.690002,224.500000,246.620010,103.000000
224.690002,224.500000,246.620010,103.000000
224.690002,224.500000,246.620010,103.000000
224.690002,224.500000,246.620010,103.000000
224.690002,224.500000,246.620010,103.000000
224.690002,224.500000,246.620010,103.000000
224.690002,224.500000,246.620010,103.000000
224.690002,224.500000,246.620010,103.000000
224.690002,224.500000,246.620010,103.000000
224.690002,224.500000,246.620010,103.000000
224.690002,224.500000,246.620010,103.000000
224.690002,224.500000,246.620010,103.000000
224.690002,224.500000,246.620010,103.000000
224.690002,224.500000,246.620010,103.000000
224.690002,224.500000,246.620010,103.000000
224.690002,224.500000,246.620010,103.000000
224.690002,224.500000,246.620010,103.000000
224.690002,224.500000,246.620010,103.000000
