1
387.480011,149.360001,112.329987,91.169998
387.480011,149.360001,112.329987,91.169998
387.480011,149.360001,112.329987,91.169998
387.480011,149.360001,112.329987,91.169998
387.480011,149.360001,112.329987,91.169998
387.480011,149.360001,112.329987,91.169998
387.480011,149.360001,112.329987,91.169998
387.480011,149.360001,112.329987,91.169998
387.480011,149.360001,112.329987,91.169998
387.480011,149.360001,112.329987,91.169998
387.480011,149.360001,112.329987,91.169998
387.480011,149.360001,112.329987,91.169998
387.480011,149.360001,112.329987,91.169998
387.480011,149.360001,112.329987,91.169998
387.480011,149.360001,112.329987,91.169998
387.480011,149.360001,112.329987,91.169998
387.480011,149.360001,112.329987,91.169998
387.480011,149.360001,112.329987,91.169998
387.480011,149.360001,112.329987,91.169998
387.480011,149.360001,112.329987,91.169998
387.480011,149.360001,112.329987,91.169998
387.480011,149.360001,112.329987,91.169998
387.480011,149.360001,112.329987,91.169998
387.480011,149.360001,112.329987,91.169998
387.480011,149.360001,112.329987,91.169998
387.480011,149.360001,112.329987,91.169998
387.480011,149.360001,112.329987,91.169998
387.480011,149.360001,112.329987,91.169998
387.480011,149.360001,112.329987,91.169998
387.480011,149.360001,112.329987,91.169998
387.480011,149.360001,112.329987,91.169998
387.480011,149.360001,112.329987,91.169998
387.480011,149.360001,112.329987,91.169998
387.480011,149.360001,112.329987,91.169998
387.480011,149.360001,112.329987,91.169998
387.480011,149.360001,112.329987,91.169998
387.480011,149.360001,112.329987,91.169998
387.480011,149.360001,112.329987,91.169998
387.480011,149.360001,112.329987,91.169998
387.480011,149.360001,112.329987,91.169998
386.834991,148.415009,112.329987,91.169998
386.834991,148.415009,112.329987,91.169998
386.834991,148.415009,112.329987,91.169998
2
0
0
0
0
1
279.720001,80.800003,109.420013,58.959991
279.720001,80.800003,109.420013,58.959991
299.290009,65.520004,109.420013,58.959991
299.290009,65.520004,109.420013,58.959991
299.290009,65.520004,109.420013,58.959991
299.290009,65.520004,109.420013,58.959991
249.289993,65.520004,109.420013,58.959991
249.289993,65.520004,109.420013,58.959991
249.289993,65.520004,109.420013,58.959991
249.289993,65.520004,109.420013,58.959991
249.289993,65.520004,109.420013,58.959991
239.289993,90.520004,109.420013,58.959991
239.289993,90.520004,109.420013,58.959991
239.289993,90.520004,109.420013,58.959991
239.289993,90.520004,109.420013,58.959991
239.289993,90.520004,109.420013,58.959991
239.289993,90.520004,109.420013,58.959991
239.289993,90.520004,109.420013,58.959991
239.289993,90.520004,109.420013,58.959991
239.289993,90.520004,109.420013,58.959991
239.289993,90.520004,109.420013,58.959991
239.289993,90.520004,109.420013,58.959991
239.289993,90.520004,109.420013,58.959991
239.289993,90.520004,109.420013,58.959991
239.289993,90.520004,109.420013,58.959991
239.289993,90.520004,109.420013,58.959991
239.289993,90.520004,109.420013,58.959991
299.290009,80.520004,109.420013,58.959991
299.290009,80.520004,109.420013,58.959991
299.290009,80.520004,109.420013,58.959991
299.290009,80.520004,109.420013,58.959991
299.290009,80.520004,109.420013,58.959991
299.290009,80.520004,109.420013,58.959991
299.290009,80.520004,109.420013,58.959991
299.290009,80.520004,109.420013,58.959991
299.290009,80.520004,109.420013,58.959991
299.290009,80.520004,109.420013,58.959991
299.290009,80.520004,109.420013,58.959991
299.290009,80.520004,109.420013,58.959991
299.290009,80.520004,109.420013,58.959991
299.290009,80.520004,109.420013,58.959991
299.290009,80.520004,109.420013,58.959991
299.290009,80.520004,109.420013,58.959991
299.290009,80.520004,109.420013,58.959991
299.290009,80.520004,109.420013,58.959991
299.290009,80.520004,109.420013,58.959991
299.290009,80.520004,109.420013,58.959991
299.290009,80.520004,109.420013,58.959991
299.290009,80.520004,109.420013,58.959991
299.290009,80.520004,109.420013,58.959991
299.290009,80.520004,109.420013,58.959991
299.290009,80.520004,109.420013,58.959991
259.290009,85.520004,109.420013,58.959991
259.290009,85.520004,109.420013,58.959991
259.290009,85.520004,109.420013,58.959991
259.290009,85.520004,109.420013,58.959991
259.290009,85.520004,109.420013,58.959991
259.290009,85.520004,109.420013,58.959991
259.290009,85.520004,109.420013,58.959991
259.290009,85.520004,109.420013,58.959991
259.290009,85.520004,109.420013,58.959991
259.290009,85.520004,109.420013,58.959991
259.290009,85.520004,109.420013,58.959991
259.290009,85.520004,109.420013,58.959991
259.290009,85.520004,109.420013,58.959991
259.290009,85.520004,109.420013,58.959991
259.290009,85.520004,109.420013,58.959991
259.290009,85.520004,109.420013,58.959991
259.290009,85.520004,109.420013,58.959991
259.290009,85.520004,109.420013,58.959991
2
0
0
0
0
1
272.480011,78.650002,116.339996,51.170006
272.480011,78.650002,116.339996,51.170006
272.480011,78.650002,116.339996,51.170006
272.480011,78.650002,116.339996,51.170006
272.480011,78.650002,116.339996,51.170006
272.480011,78.650002,116.339996,51.170006
272.480011,78.650002,116.339996,51.170006
272.480011,78.650002,116.339996,51.170006
272.480011,78.650002,116.339996,51.170006
314.830017,74.414993,116.339996,51.170006
314.830017,74.414993,116.339996,51.170006
314.830017,74.414993,116.339996,51.170006
270.830017,81.414993,116.339996,51.170006
270.830017,81.414993,116.339996,51.170006
270.830017,81.414993,116.339996,51.170006
270.830017,81.414993,116.339996,51.170006
270.830017,81.414993,116.339996,51.170006
270.830017,81.414993,116.339996,51.170006
270.830017,81.414993,116.339996,51.170006
270.830017,81.414993,116.339996,51.170006
270.830017,81.414993,116.339996,51.170006
270.830017,81.414993,116.339996,51.170006
270.830017,81.414993,116.339996,51.170006
270.830017,81.414993,116.339996,51.170006
270.830017,81.414993,116.339996,51.170006
270.830017,81.414993,116.339996,51.170006
270.830017,81.414993,116.339996,51.170006
270.830017,81.414993,116.339996,51.170006
367.830017,95.414993,116.339996,51.170006
367.830017,95.414993,116.339996,51.170006
367.830017,95.414993,116.339996,51.170006
367.830017,95.414993,116.339996,51.170006
310.830017,86.414993,116.339996,51.170006
352.830017,95.414993,116.339996,51.170006
352.830017,95.414993,116.339996,51.170006
352.830017,95.414993,116.339996,51.170006
352.830017,95.414993,116.339996,51.170006
352.830017,95.414993,116.339996,51.170006
352.830017,95.414993,116.339996,51.170006
352.830017,95.414993,116.339996,51.170006
352.830017,95.414993,116.339996,51.170006
352.830017,95.414993,116.339996,51.170006
352.830017,95.414993,116.339996,51.170006
292.830017,85.414993,116.339996,51.170006
292.830017,85.414993,116.339996,51.170006
292.830017,85.414993,116.339996,51.170006
292.830017,85.414993,116.339996,51.170006
292.830017,85.414993,116.339996,51.170006
292.830017,85.414993,116.339996,51.170006
292.830017,85.414993,116.339996,51.170006
292.830017,85.414993,116.339996,51.170006
292.830017,85.414993,116.339996,51.170006
265.830017,71.414993,116.339996,51.170006
312.830017,95.414993,116.339996,51.170006
312.830017,95.414993,116.339996,51.170006
312.830017,95.414993,116.339996,51.170006
312.830017,95.414993,116.339996,51.170006
312.830017,95.414993,116.339996,51.170006
312.830017,95.414993,116.339996,51.170006
294.830017,69.414993,116.339996,51.170006
294.830017,69.414993,116.339996,51.170006
318.830017,92.414993,116.339996,51.170006
375.830017,106.414993,116.339996,51.170006
375.830017,106.414993,116.339996,51.170006
375.830017,106.414993,116.339996,51.170006
375.830017,106.414993,116.339996,51.170006
318.830017,87.414993,116.339996,51.170006
375.830017,101.414993,116.339996,51.170006
375.830017,101.414993,116.339996,51.170006
375.830017,101.414993,116.339996,51.170006
375.830017,101.414993,116.339996,51.170006
375.830017,101.414993,116.339996,51.170006
375.830017,101.414993,116.339996,51.170006
375.830017,101.414993,116.339996,51.170006
375.830017,101.414993,116.339996,51.170006
375.830017,101.414993,116.339996,51.170006
375.830017,101.414993,116.339996,51.170006
375.830017,101.414993,116.339996,51.170006
375.830017,101.414993,116.339996,51.170006
375.830017,101.414993,116.339996,51.170006
375.830017,101.414993,116.339996,51.170006
375.830017,101.414993,116.339996,51.170006
375.830017,101.414993,116.339996,51.170006
375.830017,101.414993,116.339996,51.170006
375.830017,101.414993,116.339996,51.170006
375.830017,101.414993,116.339996,51.170006
375.830017,101.414993,116.339996,51.170006
375.830017,101.414993,116.339996,51.170006
375.830017,101.414993,116.339996,51.170006
375.830017,101.414993,116.339996,51.170006
375.830017,101.414993,116.339996,51.170006
375.830017,101.414993,116.339996,51.170006
335.830017,81.414993,116.339996,51.170006
387.830017,100.414993,116.339996,51.170006
387.830017,100.414993,116.339996,51.170006
387.830017,100.414993,116.339996,51.170006
387.830017,100.414993,116.339996,51.170006
2
0
0
0
0
1
268.760010,148.399994,109.079987,111.740021
268.760010,148.399994,109.079987,111.740021
268.760010,148.399994,109.079987,111.740021
268.760010,148.399994,109.079987,111.740021
268.760010,148.399994,109.079987,111.740021
268.760010,148.399994,109.079987,111.740021
268.760010,148.399994,109.079987,111.740021
268.760010,148.399994,109.079987,111.740021
268.760010,148.399994,109.079987,111.740021
268.760010,148.399994,109.079987,111.740021
268.760010,148.399994,109.079987,111.740021
268.760010,148.399994,109.079987,111.740021
268.760010,148.399994,109.079987,111.740021
268.760010,148.399994,109.079987,111.740021
268.760010,148.399994,109.079987,111.740021
268.760010,148.399994,109.079987,111.740021
268.459991,148.129990,109.079987,111.740021
268.459991,148.129990,109.079987,111.740021
268.459991,148.129990,109.079987,111.740021
268.459991,148.129990,109.079987,111.740021
268.459991,148.129990,109.079987,111.740021
268.459991,148.129990,109.079987,111.740021
268.459991,148.129990,109.079987,111.740021
268.459991,148.129990,109.079987,111.740021
268.459991,148.129990,109.079987,111.740021
268.459991,148.129990,109.079987,111.740021
268.459991,148.129990,109.079987,111.740021
268.459991,148.129990,109.079987,111.740021
268.459991,148.129990,109.079987,111.740021
268.459991,148.129990,109.079987,111.740021
268.459991,148.129990,109.079987,111.740021
268.459991,148.129990,109.079987,111.740021
268.459991,148.129990,109.079987,111.740021
268.459991,148.129990,109.079987,111.740021
268.459991,148.129990,109.079987,111.740021
268.459991,148.129990,109.079987,111.740021
259.459991,185.129990,109.079987,111.740021
259.459991,185.129990,109.079987,111.740021
216.460007,180.129990,109.079987,111.740021
262.459991,185.129990,109.079987,111.740021
262.459991,185.129990,109.079987,111.740021
262.459991,185.129990,109.079987,111.740021
262.459991,185.129990,109.079987,111.740021
262.459991,185.129990,109.079987,111.740021
262.459991,185.129990,109.079987,111.740021
262.459991,185.129990,109.079987,111.740021
262.459991,185.129990,109.079987,111.740021
262.459991,185.129990,109.079987,111.740021
262.459991,185.129990,109.079987,111.740021
227.460007,185.129990,109.079987,111.740021
227.460007,185.129990,109.079987,111.740021
227.460007,185.129990,109.079987,111.740021
227.460007,185.129990,109.079987,111.740021
227.460007,185.129990,109.079987,111.740021
227.460007,185.129990,109.079987,111.740021
227.460007,185.129990,109.079987,111.740021
227.460007,185.129990,109.079987,111.740021
227.460007,185.129990,109.079987,111.740021
227.460007,185.129990,109.079987,111.740021
227.460007,185.129990,109.079987,111.740021
227.460007,185.129990,109.079987,111.740021
227.460007,185.129990,109.079987,111.740021
227.460007,185.129990,109.079987,111.740021
227.460007,185.129990,109.079987,111.740021
227.460007,185.129990,109.079987,111.740021
227.460007,185.129990,109.079987,111.740021
227.460007,185.129990,109.079987,111.740021
227.460007,185.129990,109.079987,111.740021
227.460007,185.129990,109.079987,111.740021
227.460007,185.129990,109.079987,111.740021
227.460007,185.129990,109.079987,111.740021
227.460007,185.129990,109.079987,111.740021
227.460007,185.129990,109.079987,111.740021
227.460007,185.129990,109.079987,111.740021
227.460007,185.129990,109.079987,111.740021
227.460007,185.129990,109.079987,111.740021
227.460007,185.129990,109.079987,111.740021
227.460007,185.129990,109.079987,111.740021
227.460007,185.129990,109.079987,111.740021
227.460007,185.129990,109.079987,111.740021
227.460007,185.129990,109.079987,111.740021
227.460007,185.129990,109.079987,111.740021
227.460007,185.129990,109.079987,111.740021
227.460007,185.129990,109.079987,111.740021
267.459991,190.129990,109.079987,111.740021
267.459991,190.129990,109.079987,111.740021
267.459991,190.129990,109.079987,111.740021
267.459991,190.129990,109.079987,111.740021
267.459991,190.129990,109.079987,111.740021
267.459991,190.129990,109.079987,111.740021
267.459991,190.129990,109.079987,111.740021
229.460007,185.129990,109.079987,111.740021
229.460007,185.129990,109.079987,111.740021
229.460007,185.129990,109.079987,111.740021
229.460007,185.129990,109.079987,111.740021
229.460007,185.129990,109.079987,111.740021
229.460007,185.129990,109.079987,111.740021
229.460007,185.129990,109.079987,111.740021
241.460007,65.129990,109.079987,111.740021
241.460007,65.129990,109.079987,111.740021
241.460007,65.129990,109.079987,111.740021
241.460007,65.129990,109.079987,111.740021
241.460007,65.129990,109.079987,111.740021
241.460007,65.129990,109.079987,111.740021
241.460007,65.129990,109.079987,111.740021
241.460007,65.129990,109.079987,111.740021
241.460007,65.129990,109.079987,111.740021
241.460007,65.129990,109.079987,111.740021
241.460007,65.129990,109.079987,111.740021
241.460007,65.129990,109.079987,111.740021
241.460007,65.129990,109.079987,111.740021
241.460007,65.129990,109.079987,111.740021
241.460007,65.129990,109.079987,111.740021
241.460007,65.129990,109.079987,111.740021
241.460007,65.129990,109.079987,111.740021
241.460007,65.129990,109.079987,111.740021
241.460007,65.129990,109.079987,111.740021
241.460007,65.129990,109.079987,111.740021
241.460007,65.129990,109.079987,111.740021
197.460007,70.129990,109.079987,111.740021
197.460007,70.129990,109.079987,111.740021
197.460007,70.129990,109.079987,111.740021
197.460007,70.129990,109.079987,111.740021
197.460007,70.129990,109.079987,111.740021
197.460007,70.129990,109.079987,111.740021
266.459991,85.129990,109.079987,111.740021
266.459991,85.129990,109.079987,111.740021
2
0
0
0
0
1
197.970001,168.029999,175.920013,141.910004
197.970001,168.029999,175.920013,141.910004
197.970001,168.029999,175.920013,141.910004
197.970001,168.029999,175.920013,141.910004
197.970001,168.029999,175.920013,141.910004
197.970001,168.029999,175.920013,141.910004
197.970001,168.029999,175.920013,141.910004
197.970001,168.029999,175.920013,141.910004
197.970001,168.029999,175.920013,141.910004
197.970001,168.029999,175.920013,141.910004
197.970001,168.029999,175.920013,141.910004
197.970001,168.029999,175.920013,141.910004
197.970001,168.029999,175.920013,141.910004
197.970001,168.029999,175.920013,141.910004
197.970001,168.029999,175.920013,141.910004
197.970001,168.029999,175.920013,141.910004
197.970001,168.029999,175.920013,141.910004
197.970001,168.029999,175.920013,141.910004
197.970001,168.029999,175.920013,141.910004
197.970001,168.029999,175.920013,141.910004
197.970001,168.029999,175.920013,141.910004
197.970001,168.029999,175.920013,141.910004
197.970001,168.029999,175.920013,141.910004
197.970001,168.029999,175.920013,141.910004
197.970001,168.029999,175.920013,141.910004
197.970001,168.029999,175.920013,141.910004
197.970001,168.029999,175.920013,141.910004
197.970001,168.029999,175.920013,141.910004
197.970001,168.029999,175.920013,141.910004
197.970001,168.029999,175.920013,141.910004
197.970001,168.029999,175.920013,141.910004
197.970001,168.029999,175.920013,141.910004
197.970001,168.029999,175.920013,141.910004
197.970001,168.029999,175.920013,141.910004
197.970001,168.029999,175.920013,141.910004
197.970001,168.029999,175.920013,141.910004
197.970001,168.029999,175.920013,141.910004
197.970001,168.029999,175.920013,141.910004
197.970001,168.029999,175.920013,141.910004
197.970001,168.029999,175.920013,141.910004
197.970001,168.029999,175.920013,141.910004
197.970001,168.029999,175.920013,141.910004
197.970001,168.029999,175.920013,141.910004
197.970001,168.029999,175.920013,141.910004
197.970001,168.029999,175.920013,141.910004
197.970001,168.029999,175.920013,141.910004
197.970001,168.029999,175.920013,141.910004
197.970001,168.029999,175.920013,141.910004
197.970001,168.029999,175.920013,141.910004
197.970001,168.029999,175.920013,141.910004
197.970001,168.029999,175.920013,141.910004
197.970001,168.029999,175.920013,141.910004
197.970001,168.029999,175.920013,141.910004
197.970001,168.029999,175.920013,141.910004
197.970001,168.029999,175.920013,141.910004
197.970001,168.029999,175.920013,141.910004
197.970001,168.029999,175.920013,141.910004
197.970001,168.029999,175.920013,141.910004
197.970001,168.029999,175.920013,141.910004
197.970001,168.029999,175.920013,141.910004
197.970001,168.029999,175.920013,141.910004
197.970001,168.029999,175.920013,141.910004
197.970001,168.029999,175.920013,141.910004
197.970001,168.029999,175.920013,141.910004
197.970001,168.029999,175.920013,141.910004
197.970001,168.029999,175.920013,141.910004
197.970001,168.029999,175.920013,141.910004
197.970001,168.029999,175.920013,141.910004
197.970001,168.029999,175.920013,141.910004
197.970001,168.029999,175.920013,141.910004
197.970001,168.029999,175.920013,141.910004
139.039993,191.044998,175.920013,141.910004
139.039993,191.044998,175.920013,141.910004
211.039993,162.044998,175.920013,141.910004
211.039993,162.044998,175.920013,141.910004
153.039993,173.044998,175.920013,141.910004
214.039993,161.044998,175.920013,141.910004
150.039993,164.044998,175.920013,141.910004
150.039993,164.044998,175.920013,141.910004
212.039993,156.044998,175.920013,141.910004
148.039993,157.044998,175.920013,141.910004
148.039993,157.044998,175.920013,141.910004
148.039993,157.044998,175.920013,141.910004
148.039993,157.044998,175.920013,141.910004
148.039993,157.044998,175.920013,141.910004
148.039993,157.044998,175.920013,141.910004
148.039993,157.044998,175.920013,141.910004
148.039993,157.044998,175.920013,141.910004
148.039993,157.044998,175.920013,141.910004
148.039993,157.044998,175.920013,141.910004
148.039993,157.044998,175.920013,141.910004
148.039993,157.044998,175.920013,141.910004
148.039993,157.044998,175.920013,141.910004
148.039993,157.044998,175.920013,141.910004
148.039993,157.044998,175.920013,141.910004
148.039993,157.044998,175.920013,141.910004
148.039993,157.044998,175.920013,141.910004
148.039993,157.044998,175.920013,141.910004
215.039993,173.044998,175.920013,141.910004
215.039993,173.044998,175.920013,141.910004
215.039993,173.044998,175.920013,141.910004
215.039993,173.044998,175.920013,141.910004
215.039993,173.044998,175.920013,141.910004
215.039993,173.044998,175.920013,141.910004
215.039993,173.044998,175.920013,141.910004
215.039993,173.044998,175.920013,141.910004
215.039993,173.044998,175.920013,141.910004
163.039993,157.044998,175.920013,141.910004
163.039993,157.044998,175.920013,141.910004
163.039993,157.044998,175.920013,141.910004
163.039993,157.044998,175.920013,141.910004
163.039993,157.044998,175.920013,141.910004
163.039993,157.044998,175.920013,141.910004
163.039993,157.044998,175.920013,141.910004
163.039993,157.044998,175.920013,141.910004
163.039993,157.044998,175.920013,141.910004
163.039993,157.044998,175.920013,141.910004
163.039993,157.044998,175.920013,141.910004
163.039993,157.044998,175.920013,141.910004
163.039993,157.044998,175.920013,141.910004
163.039993,157.044998,175.920013,141.910004
163.039993,157.044998,175.920013,141.910004
163.039993,157.044998,175.920013,141.910004
163.039993,157.044998,175.920013,141.910004
163.039993,157.044998,175.920013,141.910004
163.039993,157.044998,175.920013,141.910004
222.039993,155.044998,175.920013,141.910004
222.039993,155.044998,175.920013,141.910004
222.039993,155.044998,175.920013,141.910004
222.039993,155.044998,175.920013,141.910004
166.039993,169.044998,175.920013,141.910004
166.039993,169.044998,175.920013,141.910004
166.039993,169.044998,175.920013,141.910004
166.039993,169.044998,175.920013,141.910004
166.039993,169.044998,175.920013,141.910004
166.039993,169.044998,175.920013,141.910004
107.039993,80.044998,175.920013,141.910004
107.039993,80.044998,175.920013,141.910004
107.039993,80.044998,175.920013,141.910004
107.039993,80.044998,175.920013,141.910004
107.039993,80.044998,175.920013,141.910004
107.039993,80.044998,175.920013,141.910004
107.039993,80.044998,175.920013,141.910004
107.039993,80.044998,175.920013,141.910004
107.039993,80.044998,175.920013,141.910004
107.039993,80.044998,175.920013,141.910004
107.039993,80.044998,175.920013,141.910004
192.039993,84.044998,175.920013,141.910004
192.039993,84.044998,175.920013,141.910004
192.039993,84.044998,175.920013,141.910004
192.039993,84.044998,175.920013,141.910004
192.039993,84.044998,175.920013,141.910004
192.039993,84.044998,175.920013,141.910004
192.039993,84.044998,175.920013,141.910004
192.039993,84.044998,175.920013,141.910004
192.039993,84.044998,175.920013,141.910004
192.039993,84.044998,175.920013,141.910004
192.039993,84.044998,175.920013,141.910004
192.039993,84.044998,175.920013,141.910004
192.039993,84.044998,175.920013,141.910004
192.039993,84.044998,175.920013,141.910004
192.039993,84.044998,175.920013,141.910004
192.039993,84.044998,175.920013,141.910004
192.039993,84.044998,175.920013,141.910004
192.039993,84.044998,175.920013,141.910004
192.039993,84.044998,175.920013,141.910004
192.039993,84.044998,175.920013,141.910004
192.039993,84.044998,175.920013,141.910004
192.039993,84.044998,175.920013,141.910004
192.039993,84.044998,175.920013,141.910004
192.039993,84.044998,175.920013,141.910004
192.039993,84.044998,175.920013,141.910004
192.039993,84.044998,175.920013,141.910004
192.039993,84.044998,175.920013,141.910004
192.039993,84.044998,175.920013,141.910004
192.039993,84.044998,175.920013,141.910004
192.039993,84.044998,175.920013,141.910004
192.039993,84.044998,175.920013,141.910004
192.039993,84.044998,175.920013,141.910004
192.039993,84.044998,175.920013,141.910004
192.039993,84.044998,175.920013,141.910004
192.039993,84.044998,175.920013,141.910004
192.039993,84.044998,175.920013,141.910004
192.039993,84.044998,175.920013,141.910004
192.039993,84.044998,175.920013,141.910004
192.039993,84.044998,175.920013,141.910004
192.039993,84.044998,175.920013,141.910004
192.039993,84.044998,175.920013,141.910004
192.039993,84.044998,175.920013,141.910004
192.039993,84.044998,175.920013,141.910004
192.039993,84.044998,175.920013,141.910004
180.039993,135.044998,175.920013,141.910004
180.039993,135.044998,175.920013,141.910004
180.039993,135.044998,175.920013,141.910004
180.039993,135.044998,175.920013,141.910004
188.039993,94.044998,175.920013,141.910004
114.039993,132.044998,175.920013,141.910004
114.039993,132.044998,175.920013,141.910004
114.039993,132.044998,175.920013,141.910004
114.039993,132.044998,175.920013,141.910004
114.039993,132.044998,175.920013,141.910004
114.039993,132.044998,175.920013,141.910004
114.039993,132.044998,175.920013,141.910004
114.039993,132.044998,175.920013,141.910004
114.039993,132.044998,175.920013,141.910004
114.039993,132.044998,175.920013,141.910004
114.039993,132.044998,175.920013,141.910004
114.039993,132.044998,175.920013,141.910004
114.039993,132.044998,175.920013,141.910004
114.039993,132.044998,175.920013,141.910004
114.039993,132.044998,175.920013,141.910004
114.039993,132.044998,175.920013,141.910004
114.039993,132.044998,175.920013,141.910004
114.039993,132.044998,175.920013,141.910004
114.039993,132.044998,175.920013,141.910004
114.039993,132.044998,175.920013,141.910004
114.039993,132.044998,175.920013,141.910004
114.039993,132.044998,175.920013,141.910004
114.039993,132.044998,175.920013,141.910004
114.039993,132.044998,175.920013,141.910004
114.039993,132.044998,175.920013,141.910004
114.039993,132.044998,175.920013,141.910004
114.039993,132.044998,175.920013,141.910004
114.039993,132.044998,175.920013,141.910004
114.039993,132.044998,175.920013,141.910004
114.039993,132.044998,175.920013,141.910004
114.039993,132.044998,175.920013,141.910004
114.039993,132.044998,175.920013,141.910004
114.039993,132.044998,175.920013,141.910004
114.039993,132.044998,175.920013,141.910004
114.039993,132.044998,175.920013,141.910004
114.039993,132.044998,175.920013,141.910004
114.039993,132.044998,175.920013,141.910004
114.039993,132.044998,175.920013,141.910004
114.039993,132.044998,175.920013,141.910004
114.039993,132.044998,175.920013,141.910004
114.039993,132.044998,175.920013,141.910004
114.039993,132.044998,175.920013,141.910004
114.039993,132.044998,175.920013,141.910004
114.039993,132.044998,175.920013,141.910004
114.039993,132.044998,175.920013,141.910004
114.039993,132.044998,175.920013,141.910004
114.039993,132.044998,175.920013,141.910004
114.039993,132.044998,175.920013,141.910004
114.039993,132.044998,175.920013,141.910004
114.039993,132.044998,175.920013,141.910004
114.039993,132.044998,175.920013,141.910004
114.039993,132.044998,175.920013,141.910004
114.039993,132.044998,175.920013,141.910004
114.039993,132.044998,175.920013,141.910004
114.039993,132.044998,175.920013,141.910004
114.039993,132.044998,175.920013,141.910004
114.039993,132.044998,175.920013,141.910004
114.039993,132.044998,175.920013,141.910004
114.039993,132.044998,175.920013,141.910004
114.039993,132.044998,175.920013,141.910004
114.039993,132.044998,175.920013,141.910004
114.039993,132.044998,175.920013,141.910004
114.039993,132.044998,175.920013,141.910004
114.039993,132.044998,175.920013,141.910004
114.039993,132.044998,175.920013,141.910004
114.039993,132.044998,175.920013,141.910004
114.039993,132.044998,175.920013,141.910004
114.039993,132.044998,175.920013,141.910004
114.039993,132.044998,175.920013,141.910004
114.039993,132.044998,175.920013,141.910004
114.039993,132.044998,175.920013,141.910004
114.039993,132.044998,175.920013,141.910004
114.039993,132.044998,175.920013,141.910004
114.039993,132.044998,175.920013,141.910004
114.039993,132.044998,175.920013,141.910004
114.039993,132.044998,175.920013,141.910004
114.039993,132.044998,175.920013,141.910004
114.039993,132.044998,175.920013,141.910004
114.039993,132.044998,175.920013,141.910004
114.039993,132.044998,175.920013,141.910004
114.039993,132.044998,175.920013,141.910004
114.039993,132.044998,175.920013,141.910004
114.039993,132.044998,175.920013,141.910004
114.039993,132.044998,175.920013,141.910004
114.039993,132.044998,175.920013,141.910004
114.039993,132.044998,175.920013,141.910004
114.039993,132.044998,175.920013,141.910004
114.039993,132.044998,175.920013,141.910004
114.039993,132.044998,175.920013,141.910004
114.039993,132.044998,175.920013,141.910004
114.039993,132.044998,175.920013,141.910004
114.039993,132.044998,175.920013,141.910004
114.039993,132.044998,175.920013,141.910004
114.039993,132.044998,175.920013,141.910004
114.039993,132.044998,175.920013,141.910004
114.039993,132.044998,175.920013,141.910004
114.039993,132.044998,175.920013,141.910004
114.039993,132.044998,175.920013,141.910004
114.039993,132.044998,175.920013,141.910004
114.039993,132.044998,175.920013,141.910004
114.039993,132.044998,175.920013,141.910004
114.039993,132.044998,175.920013,141.910004
114.039993,132.044998,175.920013,141.910004
122.039993,86.044998,175.920013,141.910004
122.039993,86.044998,175.920013,141.910004
122.039993,86.044998,175.920013,141.910004
122.039993,86.044998,175.920013,141.910004
122.039993,86.044998,175.920013,141.910004
122.039993,86.044998,175.920013,141.910004
122.039993,86.044998,175.920013,141.910004
122.039993,86.044998,175.920013,141.910004
122.039993,86.044998,175.920013,141.910004
122.039993,86.044998,175.920013,141.910004
122.039993,86.044998,175.920013,141.910004
122.039993,86.044998,175.920013,141.910004
122.039993,86.044998,175.920013,141.910004
122.039993,86.044998,175.920013,141.910004
122.039993,86.044998,175.920013,141.910004
122.039993,86.044998,175.920013,141.910004
122.039993,86.044998,175.920013,141.910004
122.039993,86.044998,175.920013,141.910004
122.039993,86.044998,175.920013,141.910004
122.039993,86.044998,175.920013,141.910004
122.039993,86.044998,175.920013,141.910004
122.039993,86.044998,175.920013,141.910004
122.039993,86.044998,175.920013,141.910004
122.039993,86.044998,175.920013,141.910004
122.039993,86.044998,175.920013,141.910004
122.039993,86.044998,175.920013,141.910004
122.039993,86.044998,175.920013,141.910004
122.039993,86.044998,175.920013,141.910004
122.039993,86.044998,175.920013,141.910004
122.039993,86.044998,175.920013,141.910004
122.039993,86.044998,175.920013,141.910004
122.039993,86.044998,175.920013,141.910004
122.039993,86.044998,175.920013,141.910004
122.039993,86.044998,175.920013,141.910004
122.039993,86.044998,175.920013,141.910004
122.039993,86.044998,175.920013,141.910004
122.039993,86.044998,175.920013,141.910004
122.039993,86.044998,175.920013,141.910004
122.039993,86.044998,175.920013,141.910004
122.039993,86.044998,175.920013,141.910004
122.039993,86.044998,175.920013,141.910004
122.039993,86.044998,175.920013,141.910004
122.039993,86.044998,175.920013,141.910004
122.039993,86.044998,175.920013,141.910004
122.039993,86.044998,175.920013,141.910004
122.039993,86.044998,175.920013,141.910004
122.039993,86.044998,175.920013,141.910004
122.039993,86.044998,175.920013,141.910004
122.039993,86.044998,175.920013,141.910004
122.039993,86.044998,175.920013,141.910004
122.039993,86.044998,175.920013,141.910004
122.039993,86.044998,175.920013,141.910004
122.039993,86.044998,175.920013,141.910004
122.039993,86.044998,175.920013,141.910004
122.039993,86.044998,175.920013,141.910004
122.039993,86.044998,175.920013,141.910004
122.039993,86.044998,175.920013,141.910004
122.039993,86.044998,175.920013,141.910004
122.039993,86.044998,175.920013,141.910004
122.039993,86.044998,175.920013,141.910004
122.039993,86.044998,175.920013,141.910004
122.039993,86.044998,175.920013,141.910004
122.039993,86.044998,175.920013,141.910004
122.039993,86.044998,175.920013,141.910004
122.039993,86.044998,175.920013,141.910004
122.039993,86.044998,175.920013,141.910004
122.039993,86.044998,175.920013,141.910004
122.039993,86.044998,175.920013,141.910004
122.039993,86.044998,175.920013,141.910004
122.039993,86.044998,175.920013,141.910004
122.039993,86.044998,175.920013,141.910004
122.039993,86.044998,175.920013,141.910004
122.039993,86.044998,175.920013,141.910004
122.039993,86.044998,175.920013,141.910004
122.039993,86.044998,175.920013,141.910004
122.039993,86.044998,175.920013,141.910004
122.039993,86.044998,175.920013,141.910004
122.039993,86.044998,175.920013,141.910004
122.039993,86.044998,175.920013,141.910004
122.039993,86.044998,175.920013,141.910004
122.039993,86.044998,175.920013,141.910004
122.039993,86.044998,175.920013,141.910004
122.039993,86.044998,175.920013,141.910004
122.039993,86.044998,175.920013,141.910004
122.039993,86.044998,175.920013,141.910004
122.039993,86.044998,175.920013,141.910004
122.039993,86.044998,175.920013,141.910004
122.039993,86.044998,175.920013,141.910004
122.039993,86.044998,175.920013,141.910004
122.039993,86.044998,175.920013,141.910004
122.039993,86.044998,175.920013,141.910004
122.039993,86.044998,175.920013,141.910004
122.039993,86.044998,175.920013,141.910004
122.039993,86.044998,175.920013,141.910004
122.039993,86.044998,175.920013,141.910004
122.039993,86.044998,175.920013,141.910004
122.039993,86.044998,175.920013,141.910004
122.039993,86.044998,175.920013,141.910004
122.039993,86.044998,175.920013,141.910004
122.039993,86.044998,175.920013,141.910004
122.039993,86.044998,175.920013,141.910004
122.039993,86.044998,175.920013,141.910004
122.039993,86.044998,175.920013,141.910004
122.039993,86.044998,175.920013,141.910004
122.039993,86.044998,175.920013,141.910004
122.039993,86.044998,175.920013,141.910004
122.039993,86.044998,175.920013,141.910004
122.039993,86.044998,175.920013,141.910004
122.039993,86.044998,175.920013,141.910004
122.039993,86.044998,175.920013,141.910004
122.039993,86.044998,175.920013,141.910004
122.039993,86.044998,175.920013,141.910004
122.039993,86.044998,175.920013,141.910004
122.039993,86.044998,175.920013,141.910004
122.039993,86.044998,175.920013,141.910004
122.039993,86.044998,175.920013,141.910004
122.039993,86.044998,175.920013,141.910004
122.039993,86.044998,175.920013,141.910004
122.039993,86.044998,175.920013,141.910004
122.039993,86.044998,175.920013,141.910004
122.039993,86.044998,175.920013,141.910004
122.039993,86.044998,175.920013,141.910004
122.039993,86.044998,175.920013,141.910004
122.039993,86.044998,175.920013,141.910004
122.039993,86.044998,175.920013,141.910004
122.039993,86.044998,175.920013,141.910004
122.039993,86.044998,175.920013,141.910004
122.039993,86.044998,175.920013,141.910004
122.039993,86.044998,175.920013,141.910004
122.039993,86.044998,175.920013,141.910004
122.039993,86.044998,175.920013,141.910004
122.039993,86.044998,175.920013,141.910004
122.039993,86.044998,175.920013,141.910004
122.039993,86.044998,175.920013,141.910004
122.039993,86.044998,175.920013,141.910004
122.039993,86.044998,175.920013,141.910004
122.039993,86.044998,175.920013,141.910004
122.039993,86.044998,175.920013,141.910004
122.039993,86.044998,175.920013,141.910004
122.039993,86.044998,175.920013,141.910004
122.039993,86.044998,175.920013,141.910004
122.039993,86.044998,175.920013,141.910004
122.039993,86.044998,175.920013,141.910004
122.039993,86.044998,175.920013,141.910004
122.039993,86.044998,175.920013,141.910004
122.039993,86.044998,175.920013,141.910004
122.039993,86.044998,175.920013,141.910004
122.039993,86.044998,175.920013,141.910004
122.039993,86.044998,175.920013,141.910004
122.039993,86.044998,175.920013,141.910004
122.039993,86.044998,175.920013,141.910004
122.039993,86.044998,175.920013,141.910004
122.039993,86.044998,175.920013,141.910004
122.039993,86.044998,175.920013,141.910004
122.039993,86.044998,175.920013,141.910004
122.039993,86.044998,175.920013,141.910004
122.039993,86.044998,175.920013,141.910004
122.039993,86.044998,175.920013,141.910004
122.039993,86.044998,175.920013,141.910004
122.039993,86.044998,175.920013,141.910004
122.039993,86.044998,175.920013,141.910004
122.039993,86.044998,175.920013,141.910004
122.039993,86.044998,175.920013,141.910004
122.039993,86.044998,175.920013,141.910004
122.039993,86.044998,175.920013,141.910004
122.039993,86.044998,175.920013,141.910004
122.039993,86.044998,175.920013,141.910004
122.039993,86.044998,175.920013,141.910004
122.039993,86.044998,175.920013,141.910004
122.039993,86.044998,175.920013,141.910004
122.039993,86.044998,175.920013,141.910004
122.039993,86.044998,175.920013,141.910004
122.039993,86.044998,175.920013,141.910004
122.039993,86.044998,175.920013,141.910004
122.039993,86.044998,175.920013,141.910004
122.039993,86.044998,175.920013,141.910004
122.039993,86.044998,175.920013,141.910004
122.039993,86.044998,175.920013,141.910004
122.039993,86.044998,175.920013,141.910004
122.039993,86.044998,175.920013,141.910004
122.039993,86.044998,175.920013,141.910004
122.039993,86.044998,175.920013,141.910004
122.039993,86.044998,175.920013,141.910004
122.039993,86.044998,175.920013,141.910004
122.039993,86.044998,175.920013,141.910004
122.039993,86.044998,175.920013,141.910004
122.039993,86.044998,175.920013,141.910004
122.039993,86.044998,175.920013,141.910004
122.039993,86.044998,175.920013,141.910004
122.039993,86.044998,175.920013,141.910004
122.039993,86.044998,175.920013,141.910004
122.039993,86.044998,175.920013,141.910004
122.039993,86.044998,175.920013,141.910004
122.039993,86.044998,175.920013,141.910004
122.039993,86.044998,175.920013,141.910004
122.039993,86.044998,175.920013,141.910004
122.039993,86.044998,175.920013,141.910004
122.039993,86.044998,175.920013,141.910004
122.039993,86.044998,175.920013,141.910004
122.039993,86.044998,175.920013,141.910004
2
0
0
0
0
1
2
0
0
0
0
1
2
0
0
0
0
1
2
0
0
0
0
1
2
0
0
0
0
1
2
0
0
0
0
1
2
0
0
0
0
1
2
0
0
0
0
1
229.190002,244.899994,267.510010,88.990021
229.190002,244.899994,267.510010,88.990021
229.190002,244.899994,267.510010,88.990021
229.190002,244.899994,267.510010,88.990021
229.190002,244.899994,267.510010,88.990021
229.190002,244.899994,267.510010,88.990021
229.190002,244.899994,267.510010,88.990021
229.190002,244.899994,267.510010,88.990021
229.190002,244.899994,267.510010,88.990021
229.190002,244.899994,267.510010,88.990021
229.190002,244.899994,267.510010,88.990021
229.190002,244.899994,267.510010,88.990021
229.190002,244.899994,267.510010,88.990021
229.190002,244.899994,267.510010,88.990021
229.190002,244.899994,267.510010,88.990021
229.190002,244.899994,267.510010,88.990021
229.190002,244.899994,267.510010,88.990021
229.190002,244.899994,267.510010,88.990021
229.190002,244.899994,267.510010,88.990021
229.190002,244.899994,267.510010,88.990021
229.190002,244.899994,267.510010,88.990021
229.190002,244.899994,267.510010,88.990021
229.190002,244.899994,267.510010,88.990021
229.190002,244.899994,267.510010,88.990021
229.190002,244.899994,267.510010,88.990021
229.190002,244.899994,267.510010,88.990021
229.190002,244.899994,267.510010,88.990021
229.190002,244.899994,267.510010,88.990021
229.190002,244.899994,267.510010,88.990021
229.190002,244.899994,267.510010,88.990021
229.190002,244.899994,267.510010,88.990021
229.190002,244.899994,267.510010,88.990021
229.190002,244.899994,267.510010,88.990021
229.190002,244.899994,267.510010,88.990021
229.190002,244.899994,267.510010,88.990021
229.190002,244.899994,267.510010,88.990021
229.190002,244.899994,267.510010,88.990021
229.190002,244.899994,267.510010,88.990021
229.190002,244.899994,267.510010,88.990021
229.190002,244.899994,267.510010,88.990021
229.190002,244.899994,267.510010,88.990021
229.190002,244.899994,267.510010,88.990021
229.190002,244.899994,267.510010,88.990021
229.190002,244.899994,267.510010,88.990021
229.190002,244.899994,267.510010,88.990021
229.190002,244.899994,267.510010,88.990021
229.190002,244.899994,267.510010,88.990021
229.190002,244.899994,267.510010,88.990021
229.190002,244.899994,267.510010,88.990021
229.190002,244.899994,267.510010,88.990021
229.190002,244.899994,267.510010,88.990021
229.190002,244.899994,267.510010,88.990021
229.190002,244.899994,267.510010,88.990021
229.190002,244.899994,267.510010,88.990021
229.190002,244.899994,267.510010,88.990021
229.190002,244.899994,267.510010,88.990021
229.190002,244.899994,267.510010,88.990021
229.190002,244.899994,267.510010,88.990021
229.190002,244.899994,267.510010,88.990021
229.190002,244.899994,267.510010,88.990021
229.190002,244.899994,267.510010,88.990021
229.190002,244.899994,267.510010,88.990021
229.190002,244.899994,267.510010,88.990021
229.190002,244.899994,267.510010,88.990021
229.190002,244.899994,267.510010,88.990021
229.190002,244.899994,267.510010,88.990021
229.190002,244.899994,267.510010,88.990021
229.190002,244.899994,267.510010,88.990021
229.190002,244.899994,267.510010,88.990021
229.190002,244.899994,267.510010,88.990021
229.190002,244.899994,267.510010,88.990021
229.190002,244.899994,267.510010,88.990021
229.190002,244.899994,267.510010,88.990021
229.190002,244.899994,267.510010,88.990021
229.190002,244.899994,267.510010,88.990021
229.190002,244.899994,267.510010,88.990021
229.190002,244.899994,267.510010,88.990021
229.190002,244.899994,267.510010,88.990021
229.190002,244.899994,267.510010,88.990021
229.190002,244.899994,267.510010,88.990021
229.190002,244.899994,267.510010,88.990021
229.190002,244.899994,267.510010,88.990021
229.190002,244.899994,267.510010,88.990021
229.190002,244.899994,267.510010,88.990021
229.190002,244.899994,267.510010,88.990021
229.190002,244.899994,267.510010,88.990021
229.190002,244.899994,267.510010,88.990021
229.190002,244.899994,267.510010,88.990021
229.190002,244.899994,267.510010,88.990021
229.190002,244.899994,267.510010,88.990021
229.190002,244.899994,267.510010,88.990021
229.190002,244.899994,267.510010,88.990021
229.190002,244.899994,267.510010,88.990021
229.190002,244.899994,267.510010,88.990021
229.190002,244.899994,267.510010,88.990021
229.190002,244.899994,267.510010,88.990021
229.190002,244.899994,267.510010,88.990021
229.190002,244.899994,267.510010,88.990021
229.190002,244.899994,267.510010,88.990021
229.190002,244.899994,267.510010,88.990021
229.190002,244.899994,267.510010,88.990021
229.190002,244.899994,267.510010,88.990021
229.190002,244.899994,267.510010,88.990021
229.190002,244.899994,267.510010,88.990021
149.244995,244.504990,267.510010,88.990021
149.244995,244.504990,267.510010,88.990021
149.244995,244.504990,267.510010,88.990021
149.244995,244.504990,267.510010,88.990021
149.244995,244.504990,267.510010,88.990021
149.244995,244.504990,267.510010,88.990021
149.244995,244.504990,267.510010,88.990021
149.244995,244.504990,267.510010,88.990021
149.244995,244.504990,267.510010,88.990021
149.244995,244.504990,267.510010,88.990021
149.244995,244.504990,267.510010,88.990021
149.244995,244.504990,267.510010,88.990021
149.244995,244.504990,267.510010,88.990021
149.244995,244.504990,267.510010,88.990021
149.244995,244.504990,267.510010,88.990021
149.244995,244.504990,267.510010,88.990021
149.244995,244.504990,267.510010,88.990021
149.244995,244.504990,267.510010,88.990021
149.244995,244.504990,267.510010,88.990021
149.244995,244.504990,267.510010,88.990021
149.244995,244.504990,267.510010,88.990021
149.244995,244.504990,267.510010,88.990021
149.244995,244.504990,267.510010,88.990021
149.244995,244.504990,267.510010,88.990021
149.244995,244.504990,267.510010,88.990021
149.244995,244.504990,267.510010,88.990021
149.244995,244.504990,267.510010,88.990021
189.244995,219.504990,267.510010,88.990021
189.244995,219.504990,267.510010,88.990021
189.244995,219.504990,267.510010,88.990021
89.244995,234.504990,267.510010,88.990021
89.244995,234.504990,267.510010,88.990021
89.244995,234.504990,267.510010,88.990021
89.244995,234.504990,267.510010,88.990021
89.244995,234.504990,267.510010,88.990021
89.244995,234.504990,267.510010,88.990021
89.244995,234.504990,267.510010,88.990021
89.244995,234.504990,267.510010,88.990021
89.244995,234.504990,267.510010,88.990021
89.244995,234.504990,267.510010,88.990021
234.244995,214.504990,267.510010,88.990021
144.244995,229.504990,267.510010,88.990021
144.244995,229.504990,267.510010,88.990021
144.244995,229.504990,267.510010,88.990021
144.244995,229.504990,267.510010,88.990021
209.244995,204.504990,267.510010,88.990021
209.244995,204.504990,267.510010,88.990021
209.244995,204.504990,267.510010,88.990021
209.244995,204.504990,267.510010,88.990021
209.244995,204.504990,267.510010,88.990021
134.244995,234.504990,267.510010,88.990021
134.244995,234.504990,267.510010,88.990021
134.244995,234.504990,267.510010,88.990021
134.244995,234.504990,267.510010,88.990021
134.244995,234.504990,267.510010,88.990021
134.244995,234.504990,267.510010,88.990021
134.244995,234.504990,267.510010,88.990021
134.244995,234.504990,267.510010,88.990021
134.244995,234.504990,267.510010,88.990021
134.244995,234.504990,267.510010,88.990021
134.244995,234.504990,267.510010,88.990021
239.244995,204.504990,267.510010,88.990021
154.244995,229.504990,267.510010,88.990021
154.244995,229.504990,267.510010,88.990021
224.244995,204.504990,267.510010,88.990021
224.244995,204.504990,267.510010,88.990021
224.244995,204.504990,267.510010,88.990021
134.244995,234.504990,267.510010,88.990021
134.244995,234.504990,267.510010,88.990021
134.244995,234.504990,267.510010,88.990021
134.244995,234.504990,267.510010,88.990021
134.244995,234.504990,267.510010,88.990021
134.244995,234.504990,267.510010,88.990021
134.244995,234.504990,267.510010,88.990021
134.244995,234.504990,267.510010,88.990021
134.244995,234.504990,267.510010,88.990021
134.244995,234.504990,267.510010,88.990021
134.244995,234.504990,267.510010,88.990021
134.244995,234.504990,267.510010,88.990021
134.244995,234.504990,267.510010,88.990021
134.244995,234.504990,267.510010,88.990021
134.244995,234.504990,267.510010,88.990021
134.244995,234.504990,267.510010,88.990021
134.244995,234.504990,267.510010,88.990021
59.244995,224.504990,267.510010,88.990021
59.244995,224.504990,267.510010,88.990021
59.244995,224.504990,267.510010,88.990021
59.244995,224.504990,267.510010,88.990021
234.244995,199.504990,267.510010,88.990021
104.244995,219.504990,267.510010,88.990021
104.244995,219.504990,267.510010,88.990021
104.244995,219.504990,267.510010,88.990021
104.244995,219.504990,267.510010,88.990021
104.244995,219.504990,267.510010,88.990021
239.244995,189.504990,267.510010,88.990021
129.244995,224.504990,267.510010,88.990021
129.244995,224.504990,267.510010,88.990021
129.244995,224.504990,267.510010,88.990021
239.244995,199.504990,267.510010,88.990021
239.244995,199.504990,267.510010,88.990021
139.244995,224.504990,267.510010,88.990021
139.244995,224.504990,267.510010,88.990021
139.244995,224.504990,267.510010,88.990021
234.244995,214.504990,267.510010,88.990021
234.244995,214.504990,267.510010,88.990021
104.244995,214.504990,267.510010,88.990021
104.244995,214.504990,267.510010,88.990021
104.244995,214.504990,267.510010,88.990021
0.000000,234.000000,266.000000,89.000000
0.000000,234.000000,266.000000,89.000000
0.000000,234.000000,266.000000,89.000000
219.244995,199.504990,267.510010,88.990021
219.244995,199.504990,267.510010,88.990021
219.244995,199.504990,267.510010,88.990021
99.244995,204.504990,267.510010,88.990021
99.244995,204.504990,267.510010,88.990021
99.244995,204.504990,267.510010,88.990021
99.244995,204.504990,267.510010,88.990021
99.244995,204.504990,267.510010,88.990021
99.244995,204.504990,267.510010,88.990021
9.244995,229.504990,267.510010,88.990021
94.244995,204.504990,267.510010,88.990021
94.244995,204.504990,267.510010,88.990021
104.244995,244.504990,267.510010,88.990021
224.244995,199.504990,267.510010,88.990021
114.244995,199.504990,267.510010,88.990021
234.244995,194.504990,267.510010,88.990021
109.244995,219.504990,267.510010,88.990021
109.244995,219.504990,267.510010,88.990021
234.244995,199.504990,267.510010,88.990021
104.244995,224.504990,267.510010,88.990021
84.244995,199.504990,267.510010,88.990021
84.244995,199.504990,267.510010,88.990021
84.244995,199.504990,267.510010,88.990021
214.244995,194.504990,267.510010,88.990021
214.244995,194.504990,267.510010,88.990021
214.244995,194.504990,267.510010,88.990021
214.244995,194.504990,267.510010,88.990021
214.244995,194.504990,267.510010,88.990021
214.244995,194.504990,267.510010,88.990021
214.244995,194.504990,267.510010,88.990021
214.244995,194.504990,267.510010,88.990021
214.244995,194.504990,267.510010,88.990021
214.244995,194.504990,267.510010,88.990021
214.244995,194.504990,267.510010,88.990021
214.244995,194.504990,267.510010,88.990021
89.244995,229.504990,267.510010,88.990021
89.244995,229.504990,267.510010,88.990021
89.244995,229.504990,267.510010,88.990021
189.244995,194.504990,267.510010,88.990021
189.244995,194.504990,267.510010,88.990021
189.244995,194.504990,267.510010,88.990021
189.244995,194.504990,267.510010,88.990021
189.244995,194.504990,267.510010,88.990021
189.244995,194.504990,267.510010,88.990021
99.244995,214.504990,267.510010,88.990021
99.244995,214.504990,267.510010,88.990021
99.244995,214.504990,267.510010,88.990021
99.244995,214.504990,267.510010,88.990021
99.244995,214.504990,267.510010,88.990021
99.244995,214.504990,267.510010,88.990021
99.244995,214.504990,267.510010,88.990021
99.244995,214.504990,267.510010,88.990021
99.244995,214.504990,267.510010,88.990021
234.244995,189.504990,267.510010,88.990021
144.244995,209.504990,267.510010,88.990021
144.244995,209.504990,267.510010,88.990021
144.244995,209.504990,267.510010,88.990021
239.244995,209.504990,267.510010,88.990021
239.244995,209.504990,267.510010,88.990021
239.244995,209.504990,267.510010,88.990021
169.244995,214.504990,267.510010,88.990021
169.244995,214.504990,267.510010,88.990021
169.244995,214.504990,267.510010,88.990021
169.244995,214.504990,267.510010,88.990021
169.244995,214.504990,267.510010,88.990021
169.244995,214.504990,267.510010,88.990021
169.244995,214.504990,267.510010,88.990021
169.244995,214.504990,267.510010,88.990021
169.244995,214.504990,267.510010,88.990021
169.244995,214.504990,267.510010,88.990021
169.244995,214.504990,267.510010,88.990021
169.244995,214.504990,267.510010,88.990021
169.244995,214.504990,267.510010,88.990021
169.244995,214.504990,267.510010,88.990021
169.244995,214.504990,267.510010,88.990021
99.244995,244.504990,267.510010,88.990021
99.244995,244.504990,267.510010,88.990021
99.244995,244.504990,267.510010,88.990021
99.244995,244.504990,267.510010,88.990021
199.244995,244.504990,267.510010,88.990021
199.244995,244.504990,267.510010,88.990021
199.244995,244.504990,267.510010,88.990021
199.244995,244.504990,267.510010,88.990021
199.244995,244.504990,267.510010,88.990021
199.244995,244.504990,267.510010,88.990021
199.244995,244.504990,267.510010,88.990021
