1
379.329987,140.529999,110.470001,103.500000
379.329987,140.529999,110.470001,103.500000
379.329987,140.529999,110.470001,103.500000
379.329987,140.529999,110.470001,103.500000
379.329987,140.529999,110.470001,103.500000
379.329987,140.529999,110.470001,103.500000
379.329987,140.529999,110.470001,103.500000
348.765015,111.250000,110.470001,103.500000
348.765015,111.250000,110.470001,103.500000
348.765015,111.250000,110.470001,103.500000
388.765015,130.250000,110.470001,103.500000
388.765015,130.250000,110.470001,103.500000
353.765015,81.250000,110.470001,103.500000
353.765015,81.250000,110.470001,103.500000
353.765015,81.250000,110.470001,103.500000
353.765015,81.250000,110.470001,103.500000
353.765015,81.250000,110.470001,103.500000
353.765015,81.250000,110.470001,103.500000
353.765015,81.250000,110.470001,103.500000
353.765015,81.250000,110.470001,103.500000
353.765015,81.250000,110.470001,103.500000
353.765015,81.250000,110.470001,103.500000
353.765015,81.250000,110.470001,103.500000
368.765015,119.250000,110.470001,103.500000
368.765015,119.250000,110.470001,103.500000
368.765015,119.250000,110.470001,103.500000
368.765015,119.250000,110.470001,103.500000
368.765015,119.250000,110.470001,103.500000
368.765015,119.250000,110.470001,103.500000
368.765015,119.250000,110.470001,103.500000
368.765015,119.250000,110.470001,103.500000
368.765015,119.250000,110.470001,103.500000
368.765015,119.250000,110.470001,103.500000
368.765015,119.250000,110.470001,103.500000
338.765015,105.250000,110.470001,103.500000
338.765015,105.250000,110.470001,103.500000
338.765015,105.250000,110.470001,103.500000
338.765015,105.250000,110.470001,103.500000
338.765015,105.250000,110.470001,103.500000
338.765015,105.250000,110.470001,103.500000
338.765015,105.250000,110.470001,103.500000
338.765015,105.250000,110.470001,103.500000
338.765015,105.250000,110.470001,103.500000
338.765015,105.250000,110.470001,103.500000
338.765015,105.250000,110.470001,103.500000
338.765015,105.250000,110.470001,103.500000
338.765015,105.250000,110.470001,103.500000
338.765015,105.250000,110.470001,103.500000
338.765015,105.250000,110.470001,103.500000
338.765015,105.250000,110.470001,103.500000
338.765015,105.250000,110.470001,103.500000
338.765015,105.250000,110.470001,103.500000
338.765015,105.250000,110.470001,103.500000
338.765015,105.250000,110.470001,103.500000
338.765015,105.250000,110.470001,103.500000
338.765015,105.250000,110.470001,103.500000
338.765015,105.250000,110.470001,103.500000
338.765015,105.250000,110.470001,103.500000
338.765015,105.250000,110.470001,103.500000
338.765015,105.250000,110.470001,103.500000
338.765015,105.250000,110.470001,103.500000
338.765015,105.250000,110.470001,103.500000
338.765015,105.250000,110.470001,103.500000
338.765015,105.250000,110.470001,103.500000
338.765015,105.250000,110.470001,103.500000
338.765015,105.250000,110.470001,103.500000
338.765015,105.250000,110.470001,103.500000
338.765015,105.250000,110.470001,103.500000
338.765015,105.250000,110.470001,103.500000
338.765015,105.250000,110.470001,103.500000
338.765015,105.250000,110.470001,103.500000
338.765015,105.250000,110.470001,103.500000
338.765015,105.250000,110.470001,103.500000
338.765015,105.250000,110.470001,103.500000
338.765015,105.250000,110.470001,103.500000
338.765015,105.250000,110.470001,103.500000
338.765015,105.250000,110.470001,103.500000
338.765015,105.250000,110.470001,103.500000
338.765015,105.250000,110.470001,103.500000
338.765015,105.250000,110.470001,103.500000
338.765015,105.250000,110.470001,103.500000
338.765015,105.250000,110.470001,103.500000
338.765015,105.250000,110.470001,103.500000
338.765015,105.250000,110.470001,103.500000
338.765015,105.250000,110.470001,103.500000
338.765015,105.250000,110.470001,103.500000
338.765015,53.250000,110.470001,103.500000
338.765015,53.250000,110.470001,103.500000
338.765015,53.250000,110.470001,103.500000
338.765015,53.250000,110.470001,103.500000
2
0
0
0
0
1
271.519989,77.220001,102.630005,55.160004
271.519989,77.220001,102.630005,55.160004
271.519989,77.220001,102.630005,55.160004
271.519989,77.220001,102.630005,55.160004
271.519989,77.220001,102.630005,55.160004
271.519989,77.220001,102.630005,55.160004
271.519989,77.220001,102.630005,55.160004
271.519989,77.220001,102.630005,55.160004
271.519989,77.220001,102.630005,55.160004
271.519989,77.220001,102.630005,55.160004
271.519989,77.220001,102.630005,55.160004
271.519989,77.220001,102.630005,55.160004
271.519989,77.220001,102.630005,55.160004
271.519989,77.220001,102.630005,55.160004
271.519989,77.220001,102.630005,55.160004
271.519989,77.220001,102.630005,55.160004
270.684998,76.419998,102.630005,55.160004
270.684998,76.419998,102.630005,55.160004
270.684998,76.419998,102.630005,55.160004
270.684998,76.419998,102.630005,55.160004
270.684998,76.419998,102.630005,55.160004
270.684998,76.419998,102.630005,55.160004
270.684998,76.419998,102.630005,55.160004
270.684998,76.419998,102.630005,55.160004
270.684998,76.419998,102.630005,55.160004
270.684998,76.419998,102.630005,55.160004
270.684998,76.419998,102.630005,55.160004
270.684998,76.419998,102.630005,55.160004
270.684998,76.419998,102.630005,55.160004
270.684998,76.419998,102.630005,55.160004
270.684998,76.419998,102.630005,55.160004
270.684998,76.419998,102.630005,55.160004
270.684998,76.419998,102.630005,55.160004
270.684998,76.419998,102.630005,55.160004
270.684998,76.419998,102.630005,55.160004
270.684998,76.419998,102.630005,55.160004
270.684998,76.419998,102.630005,55.160004
270.684998,76.419998,102.630005,55.160004
270.684998,76.419998,102.630005,55.160004
270.684998,76.419998,102.630005,55.160004
270.684998,76.419998,102.630005,55.160004
270.684998,76.419998,102.630005,55.160004
270.684998,76.419998,102.630005,55.160004
270.684998,76.419998,102.630005,55.160004
270.684998,76.419998,102.630005,55.160004
270.684998,76.419998,102.630005,55.160004
270.684998,76.419998,102.630005,55.160004
270.684998,76.419998,102.630005,55.160004
270.684998,76.419998,102.630005,55.160004
270.684998,76.419998,102.630005,55.160004
270.684998,76.419998,102.630005,55.160004
270.684998,76.419998,102.630005,55.160004
270.684998,76.419998,102.630005,55.160004
270.684998,76.419998,102.630005,55.160004
270.684998,76.419998,102.630005,55.160004
270.684998,76.419998,102.630005,55.160004
270.684998,76.419998,102.630005,55.160004
270.684998,76.419998,102.630005,55.160004
270.684998,76.419998,102.630005,55.160004
270.684998,76.419998,102.630005,55.160004
270.684998,76.419998,102.630005,55.160004
270.684998,76.419998,102.630005,55.160004
270.684998,76.419998,102.630005,55.160004
270.684998,76.419998,102.630005,55.160004
270.684998,76.419998,102.630005,55.160004
270.684998,76.419998,102.630005,55.160004
270.684998,76.419998,102.630005,55.160004
270.684998,76.419998,102.630005,55.160004
270.684998,76.419998,102.630005,55.160004
270.684998,76.419998,102.630005,55.160004
270.684998,76.419998,102.630005,55.160004
270.684998,76.419998,102.630005,55.160004
270.684998,76.419998,102.630005,55.160004
270.684998,76.419998,102.630005,55.160004
270.684998,76.419998,102.630005,55.160004
337.684998,59.419998,102.630005,55.160004
337.684998,59.419998,102.630005,55.160004
338.684998,98.419998,102.630005,55.160004
338.684998,98.419998,102.630005,55.160004
338.684998,98.419998,102.630005,55.160004
338.684998,98.419998,102.630005,55.160004
338.684998,98.419998,102.630005,55.160004
338.684998,98.419998,102.630005,55.160004
351.684998,65.419998,102.630005,55.160004
299.684998,77.419998,102.630005,55.160004
299.684998,77.419998,102.630005,55.160004
299.684998,77.419998,102.630005,55.160004
318.684998,98.419998,102.630005,55.160004
291.684998,80.419998,102.630005,55.160004
291.684998,80.419998,102.630005,55.160004
291.684998,80.419998,102.630005,55.160004
291.684998,80.419998,102.630005,55.160004
291.684998,80.419998,102.630005,55.160004
291.684998,80.419998,102.630005,55.160004
291.684998,80.419998,102.630005,55.160004
291.684998,80.419998,102.630005,55.160004
365.684998,71.419998,102.630005,55.160004
365.684998,71.419998,102.630005,55.160004
376.684998,90.419998,102.630005,55.160004
376.684998,90.419998,102.630005,55.160004
376.684998,90.419998,102.630005,55.160004
376.684998,90.419998,102.630005,55.160004
376.684998,90.419998,102.630005,55.160004
376.684998,90.419998,102.630005,55.160004
376.684998,90.419998,102.630005,55.160004
376.684998,90.419998,102.630005,55.160004
376.684998,90.419998,102.630005,55.160004
376.684998,90.419998,102.630005,55.160004
291.684998,80.419998,102.630005,55.160004
291.684998,80.419998,102.630005,55.160004
291.684998,80.419998,102.630005,55.160004
291.684998,80.419998,102.630005,55.160004
291.684998,80.419998,102.630005,55.160004
291.684998,80.419998,102.630005,55.160004
291.684998,80.419998,102.630005,55.160004
291.684998,80.419998,102.630005,55.160004
291.684998,80.419998,102.630005,55.160004
291.684998,80.419998,102.630005,55.160004
291.684998,80.419998,102.630005,55.160004
291.684998,80.419998,102.630005,55.160004
291.684998,80.419998,102.630005,55.160004
291.684998,80.419998,102.630005,55.160004
338.684998,83.419998,102.630005,55.160004
338.684998,83.419998,102.630005,55.160004
338.684998,83.419998,102.630005,55.160004
272.684998,79.419998,102.630005,55.160004
272.684998,79.419998,102.630005,55.160004
272.684998,79.419998,102.630005,55.160004
2
0
0
0
0
1
259.750000,137.899994,122.549988,128.170013
259.750000,137.899994,122.549988,128.170013
259.750000,137.899994,122.549988,128.170013
259.750000,137.899994,122.549988,128.170013
259.750000,137.899994,122.549988,128.170013
259.750000,137.899994,122.549988,128.170013
259.750000,137.899994,122.549988,128.170013
259.750000,137.899994,122.549988,128.170013
259.750000,137.899994,122.549988,128.170013
259.750000,137.899994,122.549988,128.170013
259.750000,137.899994,122.549988,128.170013
259.750000,137.899994,122.549988,128.170013
259.750000,137.899994,122.549988,128.170013
259.750000,137.899994,122.549988,128.170013
259.750000,137.899994,122.549988,128.170013
259.750000,137.899994,122.549988,128.170013
259.750000,137.899994,122.549988,128.170013
259.750000,137.899994,122.549988,128.170013
259.750000,137.899994,122.549988,128.170013
259.750000,137.899994,122.549988,128.170013
259.750000,137.899994,122.549988,128.170013
259.750000,137.899994,122.549988,128.170013
259.750000,137.899994,122.549988,128.170013
259.750000,137.899994,122.549988,128.170013
259.750000,137.899994,122.549988,128.170013
259.750000,137.899994,122.549988,128.170013
259.750000,137.899994,122.549988,128.170013
259.750000,137.899994,122.549988,128.170013
259.750000,137.899994,122.549988,128.170013
259.750000,137.899994,122.549988,128.170013
259.750000,137.899994,122.549988,128.170013
259.750000,137.899994,122.549988,128.170013
259.750000,137.899994,122.549988,128.170013
259.750000,137.899994,122.549988,128.170013
259.750000,137.899994,122.549988,128.170013
259.750000,137.899994,122.549988,128.170013
259.750000,137.899994,122.549988,128.170013
259.750000,137.899994,122.549988,128.170013
259.750000,137.899994,122.549988,128.170013
259.750000,137.899994,122.549988,128.170013
259.750000,137.899994,122.549988,128.170013
259.750000,137.899994,122.549988,128.170013
259.750000,137.899994,122.549988,128.170013
259.750000,137.899994,122.549988,128.170013
259.750000,137.899994,122.549988,128.170013
259.750000,137.899994,122.549988,128.170013
259.750000,137.899994,122.549988,128.170013
259.750000,137.899994,122.549988,128.170013
259.750000,137.899994,122.549988,128.170013
259.750000,137.899994,122.549988,128.170013
259.750000,137.899994,122.549988,128.170013
259.750000,137.899994,122.549988,128.170013
259.750000,137.899994,122.549988,128.170013
259.750000,137.899994,122.549988,128.170013
259.750000,137.899994,122.549988,128.170013
259.750000,137.899994,122.549988,128.170013
259.725006,136.914993,122.549988,128.170013
259.725006,136.914993,122.549988,128.170013
259.725006,136.914993,122.549988,128.170013
259.725006,136.914993,122.549988,128.170013
259.725006,136.914993,122.549988,128.170013
259.725006,136.914993,122.549988,128.170013
259.725006,136.914993,122.549988,128.170013
259.725006,136.914993,122.549988,128.170013
259.725006,136.914993,122.549988,128.170013
259.725006,136.914993,122.549988,128.170013
259.725006,136.914993,122.549988,128.170013
259.725006,136.914993,122.549988,128.170013
259.725006,136.914993,122.549988,128.170013
259.725006,136.914993,122.549988,128.170013
259.725006,136.914993,122.549988,128.170013
259.725006,136.914993,122.549988,128.170013
259.725006,136.914993,122.549988,128.170013
259.725006,136.914993,122.549988,128.170013
259.725006,136.914993,122.549988,128.170013
259.725006,136.914993,122.549988,128.170013
259.725006,136.914993,122.549988,128.170013
259.725006,136.914993,122.549988,128.170013
259.725006,136.914993,122.549988,128.170013
259.725006,136.914993,122.549988,128.170013
259.725006,136.914993,122.549988,128.170013
259.725006,136.914993,122.549988,128.170013
259.725006,136.914993,122.549988,128.170013
259.725006,136.914993,122.549988,128.170013
259.725006,136.914993,122.549988,128.170013
259.725006,136.914993,122.549988,128.170013
259.725006,136.914993,122.549988,128.170013
259.725006,136.914993,122.549988,128.170013
259.725006,136.914993,122.549988,128.170013
259.725006,136.914993,122.549988,128.170013
259.725006,136.914993,122.549988,128.170013
259.725006,136.914993,122.549988,128.170013
259.725006,136.914993,122.549988,128.170013
259.725006,136.914993,122.549988,128.170013
259.725006,136.914993,122.549988,128.170013
259.725006,136.914993,122.549988,128.170013
259.725006,136.914993,122.549988,128.170013
259.725006,136.914993,122.549988,128.170013
259.725006,136.914993,122.549988,128.170013
259.725006,136.914993,122.549988,128.170013
259.725006,136.914993,122.549988,128.170013
259.725006,136.914993,122.549988,128.170013
259.725006,136.914993,122.549988,128.170013
259.725006,136.914993,122.549988,128.170013
259.725006,136.914993,122.549988,128.170013
259.725006,136.914993,122.549988,128.170013
259.725006,136.914993,122.549988,128.170013
259.725006,136.914993,122.549988,128.170013
259.725006,136.914993,122.549988,128.170013
259.725006,136.914993,122.549988,128.170013
259.725006,136.914993,122.549988,128.170013
259.725006,136.914993,122.549988,128.170013
259.725006,136.914993,122.549988,128.170013
259.725006,136.914993,122.549988,128.170013
259.725006,136.914993,122.549988,128.170013
259.725006,136.914993,122.549988,128.170013
259.725006,136.914993,122.549988,128.170013
259.725006,136.914993,122.549988,128.170013
259.725006,136.914993,122.549988,128.170013
259.725006,136.914993,122.549988,128.170013
259.725006,136.914993,122.549988,128.170013
259.725006,136.914993,122.549988,128.170013
259.725006,136.914993,122.549988,128.170013
259.725006,136.914993,122.549988,128.170013
259.725006,136.914993,122.549988,128.170013
259.725006,136.914993,122.549988,128.170013
259.725006,136.914993,122.549988,128.170013
259.725006,136.914993,122.549988,128.170013
259.725006,136.914993,122.549988,128.170013
259.725006,136.914993,122.549988,128.170013
259.725006,136.914993,122.549988,128.170013
259.725006,136.914993,122.549988,128.170013
259.725006,136.914993,122.549988,128.170013
259.725006,136.914993,122.549988,128.170013
259.725006,136.914993,122.549988,128.170013
259.725006,136.914993,122.549988,128.170013
259.725006,136.914993,122.549988,128.170013
259.725006,136.914993,122.549988,128.170013
259.725006,136.914993,122.549988,128.170013
259.725006,136.914993,122.549988,128.170013
259.725006,136.914993,122.549988,128.170013
259.725006,136.914993,122.549988,128.170013
259.725006,136.914993,122.549988,128.170013
259.725006,136.914993,122.549988,128.170013
259.725006,136.914993,122.549988,128.170013
259.725006,136.914993,122.549988,128.170013
259.725006,136.914993,122.549988,128.170013
259.725006,136.914993,122.549988,128.170013
259.725006,136.914993,122.549988,128.170013
259.725006,136.914993,122.549988,128.170013
259.725006,136.914993,122.549988,128.170013
259.725006,136.914993,122.549988,128.170013
259.725006,136.914993,122.549988,128.170013
259.725006,136.914993,122.549988,128.170013
259.725006,136.914993,122.549988,128.170013
259.725006,136.914993,122.549988,128.170013
259.725006,136.914993,122.549988,128.170013
259.725006,136.914993,122.549988,128.170013
259.725006,136.914993,122.549988,128.170013
259.725006,136.914993,122.549988,128.170013
259.725006,136.914993,122.549988,128.170013
259.725006,136.914993,122.549988,128.170013
259.725006,136.914993,122.549988,128.170013
259.725006,136.914993,122.549988,128.170013
259.725006,136.914993,122.549988,128.170013
259.725006,136.914993,122.549988,128.170013
259.725006,136.914993,122.549988,128.170013
259.725006,136.914993,122.549988,128.170013
259.725006,136.914993,122.549988,128.170013
259.725006,136.914993,122.549988,128.170013
259.725006,136.914993,122.549988,128.170013
259.725006,136.914993,122.549988,128.170013
259.725006,136.914993,122.549988,128.170013
259.725006,136.914993,122.549988,128.170013
259.725006,136.914993,122.549988,128.170013
259.725006,136.914993,122.549988,128.170013
259.725006,136.914993,122.549988,128.170013
259.725006,136.914993,122.549988,128.170013
259.725006,136.914993,122.549988,128.170013
259.725006,136.914993,122.549988,128.170013
259.725006,136.914993,122.549988,128.170013
259.725006,136.914993,122.549988,128.170013
259.725006,136.914993,122.549988,128.170013
259.725006,136.914993,122.549988,128.170013
259.725006,136.914993,122.549988,128.170013
259.725006,136.914993,122.549988,128.170013
259.725006,136.914993,122.549988,128.170013
259.725006,136.914993,122.549988,128.170013
259.725006,136.914993,122.549988,128.170013
259.725006,136.914993,122.549988,128.170013
259.725006,136.914993,122.549988,128.170013
259.725006,136.914993,122.549988,128.170013
259.725006,136.914993,122.549988,128.170013
259.725006,136.914993,122.549988,128.170013
259.725006,136.914993,122.549988,128.170013
259.725006,136.914993,122.549988,128.170013
259.725006,136.914993,122.549988,128.170013
259.725006,136.914993,122.549988,128.170013
259.725006,136.914993,122.549988,128.170013
259.725006,136.914993,122.549988,128.170013
259.725006,136.914993,122.549988,128.170013
259.725006,136.914993,122.549988,128.170013
259.725006,136.914993,122.549988,128.170013
259.725006,136.914993,122.549988,128.170013
259.725006,136.914993,122.549988,128.170013
259.725006,136.914993,122.549988,128.170013
259.725006,136.914993,122.549988,128.170013
259.725006,136.914993,122.549988,128.170013
259.725006,136.914993,122.549988,128.170013
259.725006,136.914993,122.549988,128.170013
259.725006,136.914993,122.549988,128.170013
259.725006,136.914993,122.549988,128.170013
259.725006,136.914993,122.549988,128.170013
259.725006,136.914993,122.549988,128.170013
259.725006,136.914993,122.549988,128.170013
259.725006,136.914993,122.549988,128.170013
259.725006,136.914993,122.549988,128.170013
259.725006,136.914993,122.549988,128.170013
259.725006,136.914993,122.549988,128.170013
259.725006,136.914993,122.549988,128.170013
259.725006,136.914993,122.549988,128.170013
259.725006,136.914993,122.549988,128.170013
259.725006,136.914993,122.549988,128.170013
259.725006,136.914993,122.549988,128.170013
259.725006,136.914993,122.549988,128.170013
259.725006,136.914993,122.549988,128.170013
259.725006,136.914993,122.549988,128.170013
259.725006,136.914993,122.549988,128.170013
259.725006,136.914993,122.549988,128.170013
259.725006,136.914993,122.549988,128.170013
259.725006,136.914993,122.549988,128.170013
259.725006,136.914993,122.549988,128.170013
259.725006,136.914993,122.549988,128.170013
259.725006,136.914993,122.549988,128.170013
259.725006,136.914993,122.549988,128.170013
259.725006,136.914993,122.549988,128.170013
259.725006,136.914993,122.549988,128.170013
259.725006,136.914993,122.549988,128.170013
259.725006,136.914993,122.549988,128.170013
259.725006,136.914993,122.549988,128.170013
259.725006,136.914993,122.549988,128.170013
259.725006,136.914993,122.549988,128.170013
259.725006,136.914993,122.549988,128.170013
259.725006,136.914993,122.549988,128.170013
259.725006,136.914993,122.549988,128.170013
259.725006,136.914993,122.549988,128.170013
259.725006,136.914993,122.549988,128.170013
259.725006,136.914993,122.549988,128.170013
259.725006,136.914993,122.549988,128.170013
259.725006,136.914993,122.549988,128.170013
259.725006,136.914993,122.549988,128.170013
259.725006,136.914993,122.549988,128.170013
259.725006,136.914993,122.549988,128.170013
259.725006,136.914993,122.549988,128.170013
259.725006,136.914993,122.549988,128.170013
259.725006,136.914993,122.549988,128.170013
259.725006,136.914993,122.549988,128.170013
259.725006,136.914993,122.549988,128.170013
259.725006,136.914993,122.549988,128.170013
259.725006,136.914993,122.549988,128.170013
259.725006,136.914993,122.549988,128.170013
259.725006,136.914993,122.549988,128.170013
259.725006,136.914993,122.549988,128.170013
259.725006,136.914993,122.549988,128.170013
259.725006,136.914993,122.549988,128.170013
259.725006,136.914993,122.549988,128.170013
259.725006,136.914993,122.549988,128.170013
259.725006,136.914993,122.549988,128.170013
259.725006,136.914993,122.549988,128.170013
259.725006,136.914993,122.549988,128.170013
259.725006,136.914993,122.549988,128.170013
259.725006,136.914993,122.549988,128.170013
259.725006,136.914993,122.549988,128.170013
259.725006,136.914993,122.549988,128.170013
259.725006,136.914993,122.549988,128.170013
259.725006,136.914993,122.549988,128.170013
259.725006,136.914993,122.549988,128.170013
259.725006,136.914993,122.549988,128.170013
259.725006,136.914993,122.549988,128.170013
259.725006,136.914993,122.549988,128.170013
259.725006,136.914993,122.549988,128.170013
259.725006,136.914993,122.549988,128.170013
259.725006,136.914993,122.549988,128.170013
259.725006,136.914993,122.549988,128.170013
259.725006,136.914993,122.549988,128.170013
259.725006,136.914993,122.549988,128.170013
259.725006,136.914993,122.549988,128.170013
259.725006,136.914993,122.549988,128.170013
217.725006,187.914993,122.549988,128.170013
180.725006,198.914993,122.549988,128.170013
180.725006,198.914993,122.549988,128.170013
180.725006,198.914993,122.549988,128.170013
180.725006,198.914993,122.549988,128.170013
180.725006,198.914993,122.549988,128.170013
180.725006,198.914993,122.549988,128.170013
180.725006,198.914993,122.549988,128.170013
180.725006,198.914993,122.549988,128.170013
224.725006,191.914993,122.549988,128.170013
224.725006,191.914993,122.549988,128.170013
180.725006,198.914993,122.549988,128.170013
223.725006,189.914993,122.549988,128.170013
223.725006,189.914993,122.549988,128.170013
179.725006,186.914993,122.549988,128.170013
179.725006,186.914993,122.549988,128.170013
225.725006,188.914993,122.549988,128.170013
225.725006,188.914993,122.549988,128.170013
225.725006,188.914993,122.549988,128.170013
225.725006,188.914993,122.549988,128.170013
225.725006,188.914993,122.549988,128.170013
225.725006,188.914993,122.549988,128.170013
225.725006,188.914993,122.549988,128.170013
225.725006,188.914993,122.549988,128.170013
225.725006,188.914993,122.549988,128.170013
225.725006,188.914993,122.549988,128.170013
225.725006,188.914993,122.549988,128.170013
225.725006,188.914993,122.549988,128.170013
225.725006,188.914993,122.549988,128.170013
225.725006,188.914993,122.549988,128.170013
225.725006,188.914993,122.549988,128.170013
225.725006,188.914993,122.549988,128.170013
225.725006,188.914993,122.549988,128.170013
225.725006,188.914993,122.549988,128.170013
225.725006,188.914993,122.549988,128.170013
254.725006,151.914993,122.549988,128.170013
217.725006,167.914993,122.549988,128.170013
217.725006,167.914993,122.549988,128.170013
217.725006,167.914993,122.549988,128.170013
217.725006,167.914993,122.549988,128.170013
217.725006,167.914993,122.549988,128.170013
217.725006,167.914993,122.549988,128.170013
217.725006,167.914993,122.549988,128.170013
217.725006,167.914993,122.549988,128.170013
217.725006,167.914993,122.549988,128.170013
217.725006,167.914993,122.549988,128.170013
217.725006,167.914993,122.549988,128.170013
217.725006,167.914993,122.549988,128.170013
217.725006,167.914993,122.549988,128.170013
217.725006,167.914993,122.549988,128.170013
217.725006,167.914993,122.549988,128.170013
217.725006,167.914993,122.549988,128.170013
217.725006,167.914993,122.549988,128.170013
217.725006,167.914993,122.549988,128.170013
217.725006,167.914993,122.549988,128.170013
217.725006,167.914993,122.549988,128.170013
217.725006,167.914993,122.549988,128.170013
218.725006,54.914993,122.549988,128.170013
218.725006,54.914993,122.549988,128.170013
218.725006,54.914993,122.549988,128.170013
218.725006,54.914993,122.549988,128.170013
218.725006,54.914993,122.549988,128.170013
218.725006,54.914993,122.549988,128.170013
218.725006,54.914993,122.549988,128.170013
218.725006,54.914993,122.549988,128.170013
218.725006,54.914993,122.549988,128.170013
218.725006,54.914993,122.549988,128.170013
218.725006,54.914993,122.549988,128.170013
218.725006,54.914993,122.549988,128.170013
218.725006,54.914993,122.549988,128.170013
218.725006,54.914993,122.549988,128.170013
218.725006,54.914993,122.549988,128.170013
218.725006,54.914993,122.549988,128.170013
218.725006,54.914993,122.549988,128.170013
218.725006,54.914993,122.549988,128.170013
218.725006,54.914993,122.549988,128.170013
218.725006,54.914993,122.549988,128.170013
218.725006,54.914993,122.549988,128.170013
218.725006,54.914993,122.549988,128.170013
218.725006,54.914993,122.549988,128.170013
218.725006,54.914993,122.549988,128.170013
218.725006,54.914993,122.549988,128.170013
218.725006,54.914993,122.549988,128.170013
218.725006,54.914993,122.549988,128.170013
218.725006,54.914993,122.549988,128.170013
218.725006,54.914993,122.549988,128.170013
218.725006,54.914993,122.549988,128.170013
218.725006,54.914993,122.549988,128.170013
218.725006,54.914993,122.549988,128.170013
218.725006,54.914993,122.549988,128.170013
218.725006,54.914993,122.549988,128.170013
218.725006,54.914993,122.549988,128.170013
218.725006,54.914993,122.549988,128.170013
218.725006,54.914993,122.549988,128.170013
218.725006,54.914993,122.549988,128.170013
218.725006,54.914993,122.549988,128.170013
2
0
0
0
0
1
277.450012,166.690002,120.940002,127.980011
277.450012,166.690002,120.940002,127.980011
277.450012,166.690002,120.940002,127.980011
277.450012,166.690002,120.940002,127.980011
277.450012,166.690002,120.940002,127.980011
277.450012,166.690002,120.940002,127.980011
277.450012,166.690002,120.940002,127.980011
277.450012,166.690002,120.940002,127.980011
277.450012,166.690002,120.940002,127.980011
277.450012,166.690002,120.940002,127.980011
277.450012,166.690002,120.940002,127.980011
277.450012,166.690002,120.940002,127.980011
277.450012,166.690002,120.940002,127.980011
277.450012,166.690002,120.940002,127.980011
277.450012,166.690002,120.940002,127.980011
277.450012,166.690002,120.940002,127.980011
277.450012,166.690002,120.940002,127.980011
277.450012,166.690002,120.940002,127.980011
277.450012,166.690002,120.940002,127.980011
277.450012,166.690002,120.940002,127.980011
277.450012,166.690002,120.940002,127.980011
277.450012,166.690002,120.940002,127.980011
277.450012,166.690002,120.940002,127.980011
277.450012,166.690002,120.940002,127.980011
277.450012,166.690002,120.940002,127.980011
277.450012,166.690002,120.940002,127.980011
277.450012,166.690002,120.940002,127.980011
277.450012,166.690002,120.940002,127.980011
277.450012,166.690002,120.940002,127.980011
277.450012,166.690002,120.940002,127.980011
277.450012,166.690002,120.940002,127.980011
277.450012,166.690002,120.940002,127.980011
277.450012,166.690002,120.940002,127.980011
277.450012,166.690002,120.940002,127.980011
277.450012,166.690002,120.940002,127.980011
277.450012,166.690002,120.940002,127.980011
277.450012,166.690002,120.940002,127.980011
277.450012,166.690002,120.940002,127.980011
277.450012,166.690002,120.940002,127.980011
277.450012,166.690002,120.940002,127.980011
277.450012,166.690002,120.940002,127.980011
277.450012,166.690002,120.940002,127.980011
277.450012,166.690002,120.940002,127.980011
277.450012,166.690002,120.940002,127.980011
277.450012,166.690002,120.940002,127.980011
277.450012,166.690002,120.940002,127.980011
277.450012,166.690002,120.940002,127.980011
277.450012,166.690002,120.940002,127.980011
277.450012,166.690002,120.940002,127.980011
277.450012,166.690002,120.940002,127.980011
277.450012,166.690002,120.940002,127.980011
277.450012,166.690002,120.940002,127.980011
277.450012,166.690002,120.940002,127.980011
277.450012,166.690002,120.940002,127.980011
277.450012,166.690002,120.940002,127.980011
277.450012,166.690002,120.940002,127.980011
277.450012,166.690002,120.940002,127.980011
277.450012,166.690002,120.940002,127.980011
277.450012,166.690002,120.940002,127.980011
277.450012,166.690002,120.940002,127.980011
277.450012,166.690002,120.940002,127.980011
277.450012,166.690002,120.940002,127.980011
277.450012,166.690002,120.940002,127.980011
277.450012,166.690002,120.940002,127.980011
277.450012,166.690002,120.940002,127.980011
277.450012,166.690002,120.940002,127.980011
277.450012,166.690002,120.940002,127.980011
277.450012,166.690002,120.940002,127.980011
277.450012,166.690002,120.940002,127.980011
277.450012,166.690002,120.940002,127.980011
277.450012,166.690002,120.940002,127.980011
277.450012,166.690002,120.940002,127.980011
277.450012,166.690002,120.940002,127.980011
277.450012,166.690002,120.940002,127.980011
277.450012,166.690002,120.940002,127.980011
277.450012,166.690002,120.940002,127.980011
277.450012,166.690002,120.940002,127.980011
277.450012,166.690002,120.940002,127.980011
277.450012,166.690002,120.940002,127.980011
277.450012,166.690002,120.940002,127.980011
277.450012,166.690002,120.940002,127.980011
277.450012,166.690002,120.940002,127.980011
277.450012,166.690002,120.940002,127.980011
277.450012,166.690002,120.940002,127.980011
277.450012,166.690002,120.940002,127.980011
277.450012,166.690002,120.940002,127.980011
277.450012,166.690002,120.940002,127.980011
277.450012,166.690002,120.940002,127.980011
277.450012,166.690002,120.940002,127.980011
277.450012,166.690002,120.940002,127.980011
277.450012,166.690002,120.940002,127.980011
277.450012,166.690002,120.940002,127.980011
277.450012,166.690002,120.940002,127.980011
277.450012,166.690002,120.940002,127.980011
277.450012,166.690002,120.940002,127.980011
277.450012,166.690002,120.940002,127.980011
277.450012,166.690002,120.940002,127.980011
277.450012,166.690002,120.940002,127.980011
277.450012,166.690002,120.940002,127.980011
277.450012,166.690002,120.940002,127.980011
277.450012,166.690002,120.940002,127.980011
277.450012,166.690002,120.940002,127.980011
277.450012,166.690002,120.940002,127.980011
277.450012,166.690002,120.940002,127.980011
277.450012,166.690002,120.940002,127.980011
277.450012,166.690002,120.940002,127.980011
277.450012,166.690002,120.940002,127.980011
277.450012,166.690002,120.940002,127.980011
277.450012,166.690002,120.940002,127.980011
277.450012,166.690002,120.940002,127.980011
277.450012,166.690002,120.940002,127.980011
277.450012,166.690002,120.940002,127.980011
277.450012,166.690002,120.940002,127.980011
277.450012,166.690002,120.940002,127.980011
277.450012,166.690002,120.940002,127.980011
277.450012,166.690002,120.940002,127.980011
277.450012,166.690002,120.940002,127.980011
277.450012,166.690002,120.940002,127.980011
277.450012,166.690002,120.940002,127.980011
277.450012,166.690002,120.940002,127.980011
277.450012,166.690002,120.940002,127.980011
277.450012,166.690002,120.940002,127.980011
277.450012,166.690002,120.940002,127.980011
277.450012,166.690002,120.940002,127.980011
277.450012,166.690002,120.940002,127.980011
277.450012,166.690002,120.940002,127.980011
277.450012,166.690002,120.940002,127.980011
277.450012,166.690002,120.940002,127.980011
277.450012,166.690002,120.940002,127.980011
277.450012,166.690002,120.940002,127.980011
277.450012,166.690002,120.940002,127.980011
277.450012,166.690002,120.940002,127.980011
277.450012,166.690002,120.940002,127.980011
277.450012,166.690002,120.940002,127.980011
277.450012,166.690002,120.940002,127.980011
277.450012,166.690002,120.940002,127.980011
277.450012,166.690002,120.940002,127.980011
277.450012,166.690002,120.940002,127.980011
277.450012,166.690002,120.940002,127.980011
277.450012,166.690002,120.940002,127.980011
277.450012,166.690002,120.940002,127.980011
277.450012,166.690002,120.940002,127.980011
277.450012,166.690002,120.940002,127.980011
277.450012,166.690002,120.940002,127.980011
277.450012,166.690002,120.940002,127.980011
277.450012,166.690002,120.940002,127.980011
277.450012,166.690002,120.940002,127.980011
277.450012,166.690002,120.940002,127.980011
277.450012,166.690002,120.940002,127.980011
277.450012,166.690002,120.940002,127.980011
277.450012,166.690002,120.940002,127.980011
277.450012,166.690002,120.940002,127.980011
277.450012,166.690002,120.940002,127.980011
277.450012,166.690002,120.940002,127.980011
277.450012,166.690002,120.940002,127.980011
277.450012,166.690002,120.940002,127.980011
277.450012,166.690002,120.940002,127.980011
277.450012,166.690002,120.940002,127.980011
277.450012,166.690002,120.940002,127.980011
277.450012,166.690002,120.940002,127.980011
277.450012,166.690002,120.940002,127.980011
277.450012,166.690002,120.940002,127.980011
277.450012,166.690002,120.940002,127.980011
277.450012,166.690002,120.940002,127.980011
277.450012,166.690002,120.940002,127.980011
277.450012,166.690002,120.940002,127.980011
277.450012,166.690002,120.940002,127.980011
277.450012,166.690002,120.940002,127.980011
277.450012,166.690002,120.940002,127.980011
277.450012,166.690002,120.940002,127.980011
277.450012,166.690002,120.940002,127.980011
277.450012,166.690002,120.940002,127.980011
277.450012,166.690002,120.940002,127.980011
277.450012,166.690002,120.940002,127.980011
277.450012,166.690002,120.940002,127.980011
277.450012,166.690002,120.940002,127.980011
277.450012,166.690002,120.940002,127.980011
277.450012,166.690002,120.940002,127.980011
277.450012,166.690002,120.940002,127.980011
277.450012,166.690002,120.940002,127.980011
277.450012,166.690002,120.940002,127.980011
277.450012,166.690002,120.940002,127.980011
277.450012,166.690002,120.940002,127.980011
277.450012,166.690002,120.940002,127.980011
277.450012,166.690002,120.940002,127.980011
277.450012,166.690002,120.940002,127.980011
277.450012,166.690002,120.940002,127.980011
277.450012,166.690002,120.940002,127.980011
277.450012,166.690002,120.940002,127.980011
277.450012,166.690002,120.940002,127.980011
277.450012,166.690002,120.940002,127.980011
277.450012,166.690002,120.940002,127.980011
277.450012,166.690002,120.940002,127.980011
277.450012,166.690002,120.940002,127.980011
277.450012,166.690002,120.940002,127.980011
277.450012,166.690002,120.940002,127.980011
277.450012,166.690002,120.940002,127.980011
277.450012,166.690002,120.940002,127.980011
277.450012,166.690002,120.940002,127.980011
277.450012,166.690002,120.940002,127.980011
277.450012,166.690002,120.940002,127.980011
277.450012,166.690002,120.940002,127.980011
277.450012,166.690002,120.940002,127.980011
277.450012,166.690002,120.940002,127.980011
277.450012,166.690002,120.940002,127.980011
277.450012,166.690002,120.940002,127.980011
277.450012,166.690002,120.940002,127.980011
277.450012,166.690002,120.940002,127.980011
277.450012,166.690002,120.940002,127.980011
277.450012,166.690002,120.940002,127.980011
277.450012,166.690002,120.940002,127.980011
2
0
0
0
0
1
2
0
0
0
0
1
217.190002,215.539993,218.669983,105.770004
217.190002,215.539993,218.669983,105.770004
217.190002,215.539993,218.669983,105.770004
217.190002,215.539993,218.669983,105.770004
217.190002,215.539993,218.669983,105.770004
217.190002,215.539993,218.669983,105.770004
217.190002,215.539993,218.669983,105.770004
217.190002,215.539993,218.669983,105.770004
217.190002,215.539993,218.669983,105.770004
217.190002,215.539993,218.669983,105.770004
217.190002,215.539993,218.669983,105.770004
217.190002,215.539993,218.669983,105.770004
217.190002,215.539993,218.669983,105.770004
217.190002,215.539993,218.669983,105.770004
217.190002,215.539993,218.669983,105.770004
217.190002,215.539993,218.669983,105.770004
217.190002,215.539993,218.669983,105.770004
217.190002,215.539993,218.669983,105.770004
217.190002,215.539993,218.669983,105.770004
217.190002,215.539993,218.669983,105.770004
217.190002,215.539993,218.669983,105.770004
217.190002,215.539993,218.669983,105.770004
217.190002,215.539993,218.669983,105.770004
217.190002,215.539993,218.669983,105.770004
217.190002,215.539993,218.669983,105.770004
217.190002,215.539993,218.669983,105.770004
217.190002,215.539993,218.669983,105.770004
217.190002,215.539993,218.669983,105.770004
217.190002,215.539993,218.669983,105.770004
217.190002,215.539993,218.669983,105.770004
217.190002,215.539993,218.669983,105.770004
217.190002,215.539993,218.669983,105.770004
217.190002,215.539993,218.669983,105.770004
217.190002,215.539993,218.669983,105.770004
217.190002,215.539993,218.669983,105.770004
217.190002,215.539993,218.669983,105.770004
217.190002,215.539993,218.669983,105.770004
217.190002,215.539993,218.669983,105.770004
217.190002,215.539993,218.669983,105.770004
217.190002,215.539993,218.669983,105.770004
217.190002,215.539993,218.669983,105.770004
217.190002,215.539993,218.669983,105.770004
217.190002,215.539993,218.669983,105.770004
217.190002,215.539993,218.669983,105.770004
217.190002,215.539993,218.669983,105.770004
217.190002,215.539993,218.669983,105.770004
217.190002,215.539993,218.669983,105.770004
217.190002,215.539993,218.669983,105.770004
217.190002,215.539993,218.669983,105.770004
217.190002,215.539993,218.669983,105.770004
217.190002,215.539993,218.669983,105.770004
217.190002,215.539993,218.669983,105.770004
217.190002,215.539993,218.669983,105.770004
217.190002,215.539993,218.669983,105.770004
217.190002,215.539993,218.669983,105.770004
217.190002,215.539993,218.669983,105.770004
217.190002,215.539993,218.669983,105.770004
217.190002,215.539993,218.669983,105.770004
217.190002,215.539993,218.669983,105.770004
217.190002,215.539993,218.669983,105.770004
217.190002,215.539993,218.669983,105.770004
217.190002,215.539993,218.669983,105.770004
217.190002,215.539993,218.669983,105.770004
217.190002,215.539993,218.669983,105.770004
217.190002,215.539993,218.669983,105.770004
217.190002,215.539993,218.669983,105.770004
217.190002,215.539993,218.669983,105.770004
217.190002,215.539993,218.669983,105.770004
217.190002,215.539993,218.669983,105.770004
217.190002,215.539993,218.669983,105.770004
217.190002,215.539993,218.669983,105.770004
217.190002,215.539993,218.669983,105.770004
217.190002,215.539993,218.669983,105.770004
217.190002,215.539993,218.669983,105.770004
217.190002,215.539993,218.669983,105.770004
217.190002,215.539993,218.669983,105.770004
217.190002,215.539993,218.669983,105.770004
217.190002,215.539993,218.669983,105.770004
217.190002,215.539993,218.669983,105.770004
217.190002,215.539993,218.669983,105.770004
217.190002,215.539993,218.669983,105.770004
217.190002,215.539993,218.669983,105.770004
217.190002,215.539993,218.669983,105.770004
217.190002,215.539993,218.669983,105.770004
217.190002,215.539993,218.669983,105.770004
217.190002,215.539993,218.669983,105.770004
217.190002,215.539993,218.669983,105.770004
217.190002,215.539993,218.669983,105.770004
217.190002,215.539993,218.669983,105.770004
217.190002,215.539993,218.669983,105.770004
217.190002,215.539993,218.669983,105.770004
217.190002,215.539993,218.669983,105.770004
217.190002,215.539993,218.669983,105.770004
217.190002,215.539993,218.669983,105.770004
217.190002,215.539993,218.669983,105.770004
217.190002,215.539993,218.669983,105.770004
217.190002,215.539993,218.669983,105.770004
217.190002,215.539993,218.669983,105.770004
217.190002,215.539993,218.669983,105.770004
217.190002,215.539993,218.669983,105.770004
217.190002,215.539993,218.669983,105.770004
217.190002,215.539993,218.669983,105.770004
217.190002,215.539993,218.669983,105.770004
217.190002,215.539993,218.669983,105.770004
217.190002,215.539993,218.669983,105.770004
217.190002,215.539993,218.669983,105.770004
217.190002,215.539993,218.669983,105.770004
217.190002,215.539993,218.669983,105.770004
217.190002,215.539993,218.669983,105.770004
217.190002,215.539993,218.669983,105.770004
217.190002,215.539993,218.669983,105.770004
217.190002,215.539993,218.669983,105.770004
217.190002,215.539993,218.669983,105.770004
217.190002,215.539993,218.669983,105.770004
217.190002,215.539993,218.669983,105.770004
217.190002,215.539993,218.669983,105.770004
217.190002,215.539993,218.669983,105.770004
217.190002,215.539993,218.669983,105.770004
217.190002,215.539993,218.669983,105.770004
217.190002,215.539993,218.669983,105.770004
217.190002,215.539993,218.669983,105.770004
217.190002,215.539993,218.669983,105.770004
217.190002,215.539993,218.669983,105.770004
217.190002,215.539993,218.669983,105.770004
217.190002,215.539993,218.669983,105.770004
217.190002,215.539993,218.669983,105.770004
217.190002,215.539993,218.669983,105.770004
217.190002,215.539993,218.669983,105.770004
217.190002,215.539993,218.669983,105.770004
217.190002,215.539993,218.669983,105.770004
217.190002,215.539993,218.669983,105.770004
217.190002,215.539993,218.669983,105.770004
217.190002,215.539993,218.669983,105.770004
217.190002,215.539993,218.669983,105.770004
217.190002,215.539993,218.669983,105.770004
217.190002,215.539993,218.669983,105.770004
217.190002,215.539993,218.669983,105.770004
217.190002,215.539993,218.669983,105.770004
217.190002,215.539993,218.669983,105.770004
217.190002,215.539993,218.669983,105.770004
217.190002,215.539993,218.669983,105.770004
217.190002,215.539993,218.669983,105.770004
217.190002,215.539993,218.669983,105.770004
217.190002,215.539993,218.669983,105.770004
217.190002,215.539993,218.669983,105.770004
217.190002,215.539993,218.669983,105.770004
217.190002,215.539993,218.669983,105.770004
217.190002,215.539993,218.669983,105.770004
217.190002,215.539993,218.669983,105.770004
217.190002,215.539993,218.669983,105.770004
217.190002,215.539993,218.669983,105.770004
217.190002,215.539993,218.669983,105.770004
217.190002,215.539993,218.669983,105.770004
217.190002,215.539993,218.669983,105.770004
217.190002,215.539993,218.669983,105.770004
217.190002,215.539993,218.669983,105.770004
217.190002,215.539993,218.669983,105.770004
217.190002,215.539993,218.669983,105.770004
217.190002,215.539993,218.669983,105.770004
217.190002,215.539993,218.669983,105.770004
217.190002,215.539993,218.669983,105.770004
217.190002,215.539993,218.669983,105.770004
217.190002,215.539993,218.669983,105.770004
217.190002,215.539993,218.669983,105.770004
217.190002,215.539993,218.669983,105.770004
217.190002,215.539993,218.669983,105.770004
217.190002,215.539993,218.669983,105.770004
217.190002,215.539993,218.669983,105.770004
217.190002,215.539993,218.669983,105.770004
217.190002,215.539993,218.669983,105.770004
139.665009,211.115005,218.669983,105.770004
139.665009,211.115005,218.669983,105.770004
139.665009,211.115005,218.669983,105.770004
139.665009,211.115005,218.669983,105.770004
139.665009,211.115005,218.669983,105.770004
239.665009,221.115005,218.669983,105.770004
159.665009,222.115005,218.669983,105.770004
159.665009,222.115005,218.669983,105.770004
159.665009,222.115005,218.669983,105.770004
159.665009,222.115005,218.669983,105.770004
249.665009,221.115005,218.669983,105.770004
249.665009,221.115005,218.669983,105.770004
179.665009,208.115005,218.669983,105.770004
179.665009,208.115005,218.669983,105.770004
179.665009,208.115005,218.669983,105.770004
179.665009,208.115005,218.669983,105.770004
179.665009,208.115005,218.669983,105.770004
179.665009,208.115005,218.669983,105.770004
179.665009,208.115005,218.669983,105.770004
179.665009,208.115005,218.669983,105.770004
179.665009,208.115005,218.669983,105.770004
179.665009,208.115005,218.669983,105.770004
179.665009,208.115005,218.669983,105.770004
179.665009,208.115005,218.669983,105.770004
179.665009,208.115005,218.669983,105.770004
179.665009,208.115005,218.669983,105.770004
179.665009,208.115005,218.669983,105.770004
274.665009,223.115005,218.669983,105.770004
214.665009,194.115005,218.669983,105.770004
214.665009,194.115005,218.669983,105.770004
214.665009,194.115005,218.669983,105.770004
214.665009,194.115005,218.669983,105.770004
214.665009,194.115005,218.669983,105.770004
214.665009,194.115005,218.669983,105.770004
214.665009,194.115005,218.669983,105.770004
214.665009,194.115005,218.669983,105.770004
214.665009,194.115005,218.669983,105.770004
214.665009,194.115005,218.669983,105.770004
214.665009,194.115005,218.669983,105.770004
214.665009,194.115005,218.669983,105.770004
214.665009,194.115005,218.669983,105.770004
214.665009,194.115005,218.669983,105.770004
214.665009,194.115005,218.669983,105.770004
214.665009,194.115005,218.669983,105.770004
214.665009,194.115005,218.669983,105.770004
214.665009,194.115005,218.669983,105.770004
214.665009,194.115005,218.669983,105.770004
214.665009,194.115005,218.669983,105.770004
214.665009,194.115005,218.669983,105.770004
104.665009,225.115005,218.669983,105.770004
194.665009,216.115005,218.669983,105.770004
194.665009,216.115005,218.669983,105.770004
194.665009,216.115005,218.669983,105.770004
94.665009,214.115005,218.669983,105.770004
94.665009,214.115005,218.669983,105.770004
94.665009,214.115005,218.669983,105.770004
219.665009,192.115005,218.669983,105.770004
219.665009,192.115005,218.669983,105.770004
219.665009,192.115005,218.669983,105.770004
219.665009,192.115005,218.669983,105.770004
219.665009,192.115005,218.669983,105.770004
219.665009,192.115005,218.669983,105.770004
219.665009,192.115005,218.669983,105.770004
219.665009,192.115005,218.669983,105.770004
219.665009,192.115005,218.669983,105.770004
219.665009,192.115005,218.669983,105.770004
219.665009,192.115005,218.669983,105.770004
219.665009,192.115005,218.669983,105.770004
219.665009,192.115005,218.669983,105.770004
219.665009,192.115005,218.669983,105.770004
219.665009,192.115005,218.669983,105.770004
219.665009,192.115005,218.669983,105.770004
219.665009,192.115005,218.669983,105.770004
219.665009,192.115005,218.669983,105.770004
219.665009,192.115005,218.669983,105.770004
219.665009,192.115005,218.669983,105.770004
219.665009,192.115005,218.669983,105.770004
219.665009,192.115005,218.669983,105.770004
219.665009,192.115005,218.669983,105.770004
219.665009,192.115005,218.669983,105.770004
219.665009,192.115005,218.669983,105.770004
219.665009,192.115005,218.669983,105.770004
219.665009,192.115005,218.669983,105.770004
219.665009,192.115005,218.669983,105.770004
219.665009,192.115005,218.669983,105.770004
219.665009,192.115005,218.669983,105.770004
219.665009,192.115005,218.669983,105.770004
219.665009,192.115005,218.669983,105.770004
219.665009,192.115005,218.669983,105.770004
219.665009,192.115005,218.669983,105.770004
219.665009,192.115005,218.669983,105.770004
219.665009,192.115005,218.669983,105.770004
219.665009,192.115005,218.669983,105.770004
219.665009,192.115005,218.669983,105.770004
219.665009,192.115005,218.669983,105.770004
219.665009,192.115005,218.669983,105.770004
219.665009,192.115005,218.669983,105.770004
219.665009,192.115005,218.669983,105.770004
219.665009,192.115005,218.669983,105.770004
219.665009,192.115005,218.669983,105.770004
219.665009,192.115005,218.669983,105.770004
219.665009,192.115005,218.669983,105.770004
219.665009,192.115005,218.669983,105.770004
219.665009,192.115005,218.669983,105.770004
219.665009,192.115005,218.669983,105.770004
219.665009,192.115005,218.669983,105.770004
219.665009,192.115005,218.669983,105.770004
219.665009,192.115005,218.669983,105.770004
219.665009,192.115005,218.669983,105.770004
219.665009,192.115005,218.669983,105.770004
219.665009,192.115005,218.669983,105.770004
219.665009,192.115005,218.669983,105.770004
219.665009,192.115005,218.669983,105.770004
219.665009,192.115005,218.669983,105.770004
219.665009,192.115005,218.669983,105.770004
219.665009,192.115005,218.669983,105.770004
219.665009,192.115005,218.669983,105.770004
219.665009,192.115005,218.669983,105.770004
219.665009,192.115005,218.669983,105.770004
219.665009,192.115005,218.669983,105.770004
219.665009,192.115005,218.669983,105.770004
219.665009,192.115005,218.669983,105.770004
219.665009,192.115005,218.669983,105.770004
219.665009,192.115005,218.669983,105.770004
219.665009,192.115005,218.669983,105.770004
219.665009,192.115005,218.669983,105.770004
219.665009,192.115005,218.669983,105.770004
219.665009,192.115005,218.669983,105.770004
219.665009,192.115005,218.669983,105.770004
219.665009,192.115005,218.669983,105.770004
219.665009,192.115005,218.669983,105.770004
219.665009,192.115005,218.669983,105.770004
219.665009,192.115005,218.669983,105.770004
219.665009,192.115005,218.669983,105.770004
219.665009,192.115005,218.669983,105.770004
219.665009,192.115005,218.669983,105.770004
219.665009,192.115005,218.669983,105.770004
219.665009,192.115005,218.669983,105.770004
219.665009,192.115005,218.669983,105.770004
219.665009,192.115005,218.669983,105.770004
219.665009,192.115005,218.669983,105.770004
219.665009,192.115005,218.669983,105.770004
219.665009,192.115005,218.669983,105.770004
219.665009,192.115005,218.669983,105.770004
219.665009,192.115005,218.669983,105.770004
219.665009,192.115005,218.669983,105.770004
219.665009,192.115005,218.669983,105.770004
219.665009,192.115005,218.669983,105.770004
219.665009,192.115005,218.669983,105.770004
219.665009,192.115005,218.669983,105.770004
219.665009,192.115005,218.669983,105.770004
219.665009,192.115005,218.669983,105.770004
219.665009,192.115005,218.669983,105.770004
219.665009,192.115005,218.669983,105.770004
219.665009,192.115005,218.669983,105.770004
219.665009,192.115005,218.669983,105.770004
94.665009,177.115005,218.669983,105.770004
94.665009,177.115005,218.669983,105.770004
94.665009,177.115005,218.669983,105.770004
94.665009,177.115005,218.669983,105.770004
94.665009,177.115005,218.669983,105.770004
0.000000,182.000000,218.000000,105.000000
0.000000,182.000000,218.000000,105.000000
104.665009,189.115005,218.669983,105.770004
104.665009,189.115005,218.669983,105.770004
104.665009,189.115005,218.669983,105.770004
24.665009,192.115005,218.669983,105.770004
24.665009,192.115005,218.669983,105.770004
24.665009,192.115005,218.669983,105.770004
149.665009,215.115005,218.669983,105.770004
149.665009,215.115005,218.669983,105.770004
149.665009,215.115005,218.669983,105.770004
149.665009,215.115005,218.669983,105.770004
149.665009,215.115005,218.669983,105.770004
149.665009,215.115005,218.669983,105.770004
149.665009,215.115005,218.669983,105.770004
2
0
0
0
0
1
2
0
0
0
0
1
2
0
0
0
0
1
2
0
