1
386.230011,144.830002,113.089996,95.410004
386.230011,144.830002,113.089996,95.410004
386.230011,144.830002,113.089996,95.410004
386.230011,144.830002,113.089996,95.410004
386.230011,144.830002,113.089996,95.410004
386.230011,144.830002,113.089996,95.410004
386.230011,144.830002,113.089996,95.410004
386.230011,144.830002,113.089996,95.410004
365.455017,120.294998,113.089996,95.410004
365.455017,120.294998,113.089996,95.410004
365.455017,120.294998,113.089996,95.410004
365.455017,120.294998,113.089996,95.410004
365.455017,120.294998,113.089996,95.410004
365.455017,120.294998,113.089996,95.410004
365.455017,120.294998,113.089996,95.410004
365.455017,120.294998,113.089996,95.410004
365.455017,120.294998,113.089996,95.410004
365.455017,120.294998,113.089996,95.410004
365.455017,120.294998,113.089996,95.410004
365.455017,120.294998,113.089996,95.410004
365.455017,120.294998,113.089996,95.410004
365.455017,120.294998,113.089996,95.410004
365.455017,120.294998,113.089996,95.410004
365.455017,120.294998,113.089996,95.410004
365.455017,120.294998,113.089996,95.410004
365.455017,120.294998,113.089996,95.410004
365.455017,120.294998,113.089996,95.410004
365.455017,120.294998,113.089996,95.410004
365.455017,120.294998,113.089996,95.410004
365.455017,120.294998,113.089996,95.410004
365.455017,120.294998,113.089996,95.410004
365.455017,120.294998,113.089996,95.410004
365.455017,120.294998,113.089996,95.410004
365.455017,120.294998,113.089996,95.410004
289.455017,71.294998,113.089996,95.410004
289.455017,71.294998,113.089996,95.410004
289.455017,71.294998,113.089996,95.410004
289.455017,71.294998,113.089996,95.410004
289.455017,71.294998,113.089996,95.410004
289.455017,71.294998,113.089996,95.410004
289.455017,71.294998,113.089996,95.410004
289.455017,71.294998,113.089996,95.410004
289.455017,71.294998,113.089996,95.410004
289.455017,71.294998,113.089996,95.410004
289.455017,71.294998,113.089996,95.410004
289.455017,71.294998,113.089996,95.410004
289.455017,71.294998,113.089996,95.410004
289.455017,71.294998,113.089996,95.410004
289.455017,71.294998,113.089996,95.410004
289.455017,71.294998,113.089996,95.410004
289.455017,71.294998,113.089996,95.410004
289.455017,71.294998,113.089996,95.410004
289.455017,71.294998,113.089996,95.410004
289.455017,71.294998,113.089996,95.410004
289.455017,71.294998,113.089996,95.410004
289.455017,71.294998,113.089996,95.410004
289.455017,71.294998,113.089996,95.410004
289.455017,71.294998,113.089996,95.410004
289.455017,71.294998,113.089996,95.410004
289.455017,71.294998,113.089996,95.410004
289.455017,71.294998,113.089996,95.410004
289.455017,71.294998,113.089996,95.410004
289.455017,71.294998,113.089996,95.410004
289.455017,71.294998,113.089996,95.410004
289.455017,71.294998,113.089996,95.410004
289.455017,71.294998,113.089996,95.410004
289.455017,71.294998,113.089996,95.410004
289.455017,71.294998,113.089996,95.410004
289.455017,71.294998,113.089996,95.410004
289.455017,71.294998,113.089996,95.410004
289.455017,71.294998,113.089996,95.410004
289.455017,71.294998,113.089996,95.410004
289.455017,71.294998,113.089996,95.410004
289.455017,71.294998,113.089996,95.410004
289.455017,71.294998,113.089996,95.410004
289.455017,71.294998,113.089996,95.410004
289.455017,71.294998,113.089996,95.410004
289.455017,71.294998,113.089996,95.410004
289.455017,71.294998,113.089996,95.410004
289.455017,71.294998,113.089996,95.410004
289.455017,71.294998,113.089996,95.410004
289.455017,71.294998,113.089996,95.410004
289.455017,71.294998,113.089996,95.410004
289.455017,71.294998,113.089996,95.410004
289.455017,71.294998,113.089996,95.410004
289.455017,71.294998,113.089996,95.410004
289.455017,71.294998,113.089996,95.410004
289.455017,71.294998,113.089996,95.410004
289.455017,71.294998,113.089996,95.410004
289.455017,71.294998,113.089996,95.410004
289.455017,71.294998,113.089996,95.410004
289.455017,71.294998,113.089996,95.410004
289.455017,71.294998,113.089996,95.410004
289.455017,71.294998,113.089996,95.410004
289.455017,71.294998,113.089996,95.410004
289.455017,71.294998,113.089996,95.410004
289.455017,71.294998,113.089996,95.410004
289.455017,71.294998,113.089996,95.410004
289.455017,71.294998,113.089996,95.410004
289.455017,71.294998,113.089996,95.410004
289.455017,71.294998,113.089996,95.410004
289.455017,71.294998,113.089996,95.410004
289.455017,71.294998,113.089996,95.410004
289.455017,71.294998,113.089996,95.410004
289.455017,71.294998,113.089996,95.410004
289.455017,71.294998,113.089996,95.410004
289.455017,71.294998,113.089996,95.410004
289.455017,71.294998,113.089996,95.410004
289.455017,71.294998,113.089996,95.410004
289.455017,71.294998,113.089996,95.410004
289.455017,71.294998,113.089996,95.410004
289.455017,71.294998,113.089996,95.410004
289.455017,71.294998,113.089996,95.410004
289.455017,71.294998,113.089996,95.410004
289.455017,71.294998,113.089996,95.410004
289.455017,71.294998,113.089996,95.410004
289.455017,71.294998,113.089996,95.410004
289.455017,71.294998,113.089996,95.410004
289.455017,71.294998,113.089996,95.410004
289.455017,71.294998,113.089996,95.410004
289.455017,71.294998,113.089996,95.410004
289.455017,71.294998,113.089996,95.410004
289.455017,71.294998,113.089996,95.410004
289.455017,71.294998,113.089996,95.410004
289.455017,71.294998,113.089996,95.410004
289.455017,71.294998,113.089996,95.410004
289.455017,71.294998,113.089996,95.410004
330.455017,70.294998,113.089996,95.410004
330.455017,70.294998,113.089996,95.410004
330.455017,70.294998,113.089996,95.410004
330.455017,70.294998,113.089996,95.410004
330.455017,70.294998,113.089996,95.410004
330.455017,70.294998,113.089996,95.410004
330.455017,70.294998,113.089996,95.410004
330.455017,70.294998,113.089996,95.410004
330.455017,70.294998,113.089996,95.410004
330.455017,70.294998,113.089996,95.410004
330.455017,70.294998,113.089996,95.410004
330.455017,70.294998,113.089996,95.410004
330.455017,70.294998,113.089996,95.410004
330.455017,70.294998,113.089996,95.410004
330.455017,70.294998,113.089996,95.410004
330.455017,70.294998,113.089996,95.410004
330.455017,70.294998,113.089996,95.410004
330.455017,70.294998,113.089996,95.410004
330.455017,70.294998,113.089996,95.410004
330.455017,70.294998,113.089996,95.410004
330.455017,70.294998,113.089996,95.410004
330.455017,70.294998,113.089996,95.410004
330.455017,70.294998,113.089996,95.410004
330.455017,70.294998,113.089996,95.410004
330.455017,70.294998,113.089996,95.410004
330.455017,70.294998,113.089996,95.410004
330.455017,70.294998,113.089996,95.410004
251.455002,64.294998,113.089996,95.410004
251.455002,64.294998,113.089996,95.410004
251.455002,64.294998,113.089996,95.410004
251.455002,64.294998,113.089996,95.410004
251.455002,64.294998,113.089996,95.410004
251.455002,64.294998,113.089996,95.410004
251.455002,64.294998,113.089996,95.410004
251.455002,64.294998,113.089996,95.410004
251.455002,64.294998,113.089996,95.410004
323.455017,87.294998,113.089996,95.410004
323.455017,87.294998,113.089996,95.410004
323.455017,87.294998,113.089996,95.410004
323.455017,87.294998,113.089996,95.410004
323.455017,87.294998,113.089996,95.410004
323.455017,87.294998,113.089996,95.410004
323.455017,87.294998,113.089996,95.410004
323.455017,87.294998,113.089996,95.410004
323.455017,87.294998,113.089996,95.410004
323.455017,87.294998,113.089996,95.410004
263.455017,77.294998,113.089996,95.410004
263.455017,77.294998,113.089996,95.410004
263.455017,77.294998,113.089996,95.410004
263.455017,77.294998,113.089996,95.410004
263.455017,77.294998,113.089996,95.410004
263.455017,77.294998,113.089996,95.410004
263.455017,77.294998,113.089996,95.410004
263.455017,77.294998,113.089996,95.410004
263.455017,77.294998,113.089996,95.410004
263.455017,77.294998,113.089996,95.410004
263.455017,77.294998,113.089996,95.410004
263.455017,77.294998,113.089996,95.410004
263.455017,77.294998,113.089996,95.410004
263.455017,77.294998,113.089996,95.410004
263.455017,77.294998,113.089996,95.410004
263.455017,77.294998,113.089996,95.410004
311.455017,99.294998,113.089996,95.410004
311.455017,99.294998,113.089996,95.410004
311.455017,99.294998,113.089996,95.410004
311.455017,99.294998,113.089996,95.410004
248.455002,67.294998,113.089996,95.410004
248.455002,67.294998,113.089996,95.410004
248.455002,67.294998,113.089996,95.410004
248.455002,67.294998,113.089996,95.410004
248.455002,67.294998,113.089996,95.410004
248.455002,67.294998,113.089996,95.410004
248.455002,67.294998,113.089996,95.410004
319.455017,101.294998,113.089996,95.410004
319.455017,101.294998,113.089996,95.410004
319.455017,101.294998,113.089996,95.410004
319.455017,101.294998,113.089996,95.410004
319.455017,101.294998,113.089996,95.410004
339.455017,66.294998,113.089996,95.410004
339.455017,66.294998,113.089996,95.410004
339.455017,66.294998,113.089996,95.410004
339.455017,66.294998,113.089996,95.410004
326.455017,99.294998,113.089996,95.410004
326.455017,99.294998,113.089996,95.410004
292.455017,123.294998,113.089996,95.410004
292.455017,123.294998,113.089996,95.410004
292.455017,123.294998,113.089996,95.410004
292.455017,123.294998,113.089996,95.410004
292.455017,123.294998,113.089996,95.410004
292.455017,123.294998,113.089996,95.410004
292.455017,123.294998,113.089996,95.410004
292.455017,123.294998,113.089996,95.410004
292.455017,123.294998,113.089996,95.410004
292.455017,123.294998,113.089996,95.410004
292.455017,123.294998,113.089996,95.410004
292.455017,123.294998,113.089996,95.410004
292.455017,123.294998,113.089996,95.410004
292.455017,123.294998,113.089996,95.410004
292.455017,123.294998,113.089996,95.410004
292.455017,123.294998,113.089996,95.410004
292.455017,123.294998,113.089996,95.410004
292.455017,123.294998,113.089996,95.410004
292.455017,123.294998,113.089996,95.410004
292.455017,123.294998,113.089996,95.410004
292.455017,123.294998,113.089996,95.410004
292.455017,123.294998,113.089996,95.410004
292.455017,123.294998,113.089996,95.410004
292.455017,123.294998,113.089996,95.410004
292.455017,123.294998,113.089996,95.410004
292.455017,123.294998,113.089996,95.410004
292.455017,123.294998,113.089996,95.410004
292.455017,123.294998,113.089996,95.410004
292.455017,123.294998,113.089996,95.410004
292.455017,123.294998,113.089996,95.410004
292.455017,123.294998,113.089996,95.410004
2
0
0
0
0
1
228.130005,168.990005,146.790009,155.119980
228.130005,168.990005,146.790009,155.119980
228.130005,168.990005,146.790009,155.119980
228.130005,168.990005,146.790009,155.119980
228.130005,168.990005,146.790009,155.119980
228.130005,168.990005,146.790009,155.119980
228.130005,168.990005,146.790009,155.119980
228.130005,168.990005,146.790009,155.119980
228.130005,168.990005,146.790009,155.119980
157.604996,166.440002,146.790009,155.119980
157.604996,166.440002,146.790009,155.119980
157.604996,166.440002,146.790009,155.119980
157.604996,166.440002,146.790009,155.119980
157.604996,166.440002,146.790009,155.119980
157.604996,166.440002,146.790009,155.119980
157.604996,166.440002,146.790009,155.119980
157.604996,166.440002,146.790009,155.119980
157.604996,166.440002,146.790009,155.119980
157.604996,166.440002,146.790009,155.119980
157.604996,166.440002,146.790009,155.119980
157.604996,166.440002,146.790009,155.119980
157.604996,166.440002,146.790009,155.119980
157.604996,166.440002,146.790009,155.119980
211.604996,164.440002,146.790009,155.119980
162.604996,176.440002,146.790009,155.119980
162.604996,176.440002,146.790009,155.119980
214.604996,160.440002,146.790009,155.119980
165.604996,172.440002,146.790009,155.119980
165.604996,172.440002,146.790009,155.119980
165.604996,172.440002,146.790009,155.119980
165.604996,172.440002,146.790009,155.119980
165.604996,172.440002,146.790009,155.119980
165.604996,172.440002,146.790009,155.119980
165.604996,172.440002,146.790009,155.119980
242.604996,51.440010,146.790009,155.119980
242.604996,51.440010,146.790009,155.119980
242.604996,51.440010,146.790009,155.119980
242.604996,51.440010,146.790009,155.119980
242.604996,51.440010,146.790009,155.119980
242.604996,51.440010,146.790009,155.119980
242.604996,51.440010,146.790009,155.119980
242.604996,51.440010,146.790009,155.119980
242.604996,51.440010,146.790009,155.119980
242.604996,51.440010,146.790009,155.119980
242.604996,51.440010,146.790009,155.119980
242.604996,51.440010,146.790009,155.119980
242.604996,51.440010,146.790009,155.119980
242.604996,51.440010,146.790009,155.119980
242.604996,51.440010,146.790009,155.119980
242.604996,51.440010,146.790009,155.119980
242.604996,51.440010,146.790009,155.119980
242.604996,51.440010,146.790009,155.119980
242.604996,51.440010,146.790009,155.119980
242.604996,51.440010,146.790009,155.119980
242.604996,51.440010,146.790009,155.119980
242.604996,51.440010,146.790009,155.119980
195.604996,39.440010,146.790009,155.119980
195.604996,39.440010,146.790009,155.119980
257.604980,59.440010,146.790009,155.119980
257.604980,59.440010,146.790009,155.119980
257.604980,59.440010,146.790009,155.119980
257.604980,59.440010,146.790009,155.119980
257.604980,59.440010,146.790009,155.119980
257.604980,59.440010,146.790009,155.119980
257.604980,59.440010,146.790009,155.119980
257.604980,59.440010,146.790009,155.119980
257.604980,59.440010,146.790009,155.119980
257.604980,59.440010,146.790009,155.119980
257.604980,59.440010,146.790009,155.119980
257.604980,59.440010,146.790009,155.119980
257.604980,59.440010,146.790009,155.119980
257.604980,59.440010,146.790009,155.119980
257.604980,59.440010,146.790009,155.119980
257.604980,59.440010,146.790009,155.119980
242.604996,124.440010,146.790009,155.119980
242.604996,124.440010,146.790009,155.119980
242.604996,124.440010,146.790009,155.119980
242.604996,124.440010,146.790009,155.119980
242.604996,124.440010,146.790009,155.119980
242.604996,124.440010,146.790009,155.119980
242.604996,124.440010,146.790009,155.119980
242.604996,124.440010,146.790009,155.119980
244.604996,59.440010,146.790009,155.119980
244.604996,59.440010,146.790009,155.119980
244.604996,59.440010,146.790009,155.119980
244.604996,59.440010,146.790009,155.119980
244.604996,59.440010,146.790009,155.119980
214.604996,141.440002,146.790009,155.119980
255.604996,98.440010,146.790009,155.119980
255.604996,98.440010,146.790009,155.119980
212.604996,44.440010,146.790009,155.119980
212.604996,44.440010,146.790009,155.119980
212.604996,44.440010,146.790009,155.119980
212.604996,44.440010,146.790009,155.119980
212.604996,44.440010,146.790009,155.119980
212.604996,44.440010,146.790009,155.119980
212.604996,44.440010,146.790009,155.119980
212.604996,44.440010,146.790009,155.119980
212.604996,44.440010,146.790009,155.119980
212.604996,44.440010,146.790009,155.119980
212.604996,44.440010,146.790009,155.119980
212.604996,44.440010,146.790009,155.119980
212.604996,44.440010,146.790009,155.119980
212.604996,44.440010,146.790009,155.119980
212.604996,43.440010,146.790009,155.119980
212.604996,43.440010,146.790009,155.119980
212.604996,43.440010,146.790009,155.119980
212.604996,43.440010,146.790009,155.119980
212.604996,43.440010,146.790009,155.119980
212.604996,43.440010,146.790009,155.119980
212.604996,43.440010,146.790009,155.119980
212.604996,43.440010,146.790009,155.119980
212.604996,43.440010,146.790009,155.119980
212.604996,43.440010,146.790009,155.119980
212.604996,43.440010,146.790009,155.119980
263.604980,59.440010,146.790009,155.119980
263.604980,59.440010,146.790009,155.119980
263.604980,59.440010,146.790009,155.119980
263.604980,59.440010,146.790009,155.119980
263.604980,59.440010,146.790009,155.119980
263.604980,59.440010,146.790009,155.119980
263.604980,59.440010,146.790009,155.119980
263.604980,59.440010,146.790009,155.119980
263.604980,59.440010,146.790009,155.119980
263.604980,59.440010,146.790009,155.119980
263.604980,59.440010,146.790009,155.119980
263.604980,59.440010,146.790009,155.119980
263.604980,59.440010,146.790009,155.119980
263.604980,59.440010,146.790009,155.119980
263.604980,59.440010,146.790009,155.119980
263.604980,59.440010,146.790009,155.119980
263.604980,59.440010,146.790009,155.119980
263.604980,59.440010,146.790009,155.119980
196.604996,39.440010,146.790009,155.119980
196.604996,39.440010,146.790009,155.119980
196.604996,39.440010,146.790009,155.119980
249.604996,54.440010,146.790009,155.119980
249.604996,54.440010,146.790009,155.119980
249.604996,54.440010,146.790009,155.119980
249.604996,54.440010,146.790009,155.119980
249.604996,54.440010,146.790009,155.119980
249.604996,54.440010,146.790009,155.119980
249.604996,54.440010,146.790009,155.119980
249.604996,54.440010,146.790009,155.119980
249.604996,54.440010,146.790009,155.119980
249.604996,54.440010,146.790009,155.119980
249.604996,54.440010,146.790009,155.119980
249.604996,54.440010,146.790009,155.119980
249.604996,54.440010,146.790009,155.119980
249.604996,54.440010,146.790009,155.119980
249.604996,54.440010,146.790009,155.119980
249.604996,54.440010,146.790009,155.119980
205.604996,54.440010,146.790009,155.119980
205.604996,54.440010,146.790009,155.119980
205.604996,54.440010,146.790009,155.119980
205.604996,54.440010,146.790009,155.119980
205.604996,54.440010,146.790009,155.119980
205.604996,54.440010,146.790009,155.119980
205.604996,54.440010,146.790009,155.119980
205.604996,54.440010,146.790009,155.119980
205.604996,54.440010,146.790009,155.119980
205.604996,54.440010,146.790009,155.119980
205.604996,54.440010,146.790009,155.119980
205.604996,54.440010,146.790009,155.119980
205.604996,54.440010,146.790009,155.119980
205.604996,54.440010,146.790009,155.119980
205.604996,54.440010,146.790009,155.119980
205.604996,54.440010,146.790009,155.119980
256.604980,59.440010,146.790009,155.119980
256.604980,59.440010,146.790009,155.119980
256.604980,59.440010,146.790009,155.119980
256.604980,59.440010,146.790009,155.119980
215.604996,49.440010,146.790009,155.119980
215.604996,49.440010,146.790009,155.119980
215.604996,49.440010,146.790009,155.119980
215.604996,49.440010,146.790009,155.119980
215.604996,49.440010,146.790009,155.119980
215.604996,49.440010,146.790009,155.119980
215.604996,49.440010,146.790009,155.119980
215.604996,49.440010,146.790009,155.119980
215.604996,49.440010,146.790009,155.119980
215.604996,49.440010,146.790009,155.119980
215.604996,49.440010,146.790009,155.119980
215.604996,49.440010,146.790009,155.119980
215.604996,49.440010,146.790009,155.119980
215.604996,49.440010,146.790009,155.119980
215.604996,49.440010,146.790009,155.119980
215.604996,49.440010,146.790009,155.119980
215.604996,49.440010,146.790009,155.119980
215.604996,49.440010,146.790009,155.119980
215.604996,49.440010,146.790009,155.119980
215.604996,49.440010,146.790009,155.119980
215.604996,49.440010,146.790009,155.119980
215.604996,49.440010,146.790009,155.119980
215.604996,49.440010,146.790009,155.119980
215.604996,49.440010,146.790009,155.119980
215.604996,49.440010,146.790009,155.119980
215.604996,49.440010,146.790009,155.119980
215.604996,49.440010,146.790009,155.119980
215.604996,49.440010,146.790009,155.119980
215.604996,49.440010,146.790009,155.119980
215.604996,49.440010,146.790009,155.119980
215.604996,49.440010,146.790009,155.119980
215.604996,49.440010,146.790009,155.119980
215.604996,49.440010,146.790009,155.119980
215.604996,49.440010,146.790009,155.119980
215.604996,49.440010,146.790009,155.119980
215.604996,49.440010,146.790009,155.119980
215.604996,49.440010,146.790009,155.119980
215.604996,49.440010,146.790009,155.119980
215.604996,49.440010,146.790009,155.119980
215.604996,49.440010,146.790009,155.119980
215.604996,49.440010,146.790009,155.119980
215.604996,49.440010,146.790009,155.119980
215.604996,49.440010,146.790009,155.119980
215.604996,49.440010,146.790009,155.119980
215.604996,49.440010,146.790009,155.119980
215.604996,49.440010,146.790009,155.119980
215.604996,49.440010,146.790009,155.119980
215.604996,49.440010,146.790009,155.119980
215.604996,49.440010,146.790009,155.119980
215.604996,49.440010,146.790009,155.119980
215.604996,49.440010,146.790009,155.119980
215.604996,49.440010,146.790009,155.119980
215.604996,49.440010,146.790009,155.119980
215.604996,49.440010,146.790009,155.119980
215.604996,49.440010,146.790009,155.119980
215.604996,49.440010,146.790009,155.119980
215.604996,49.440010,146.790009,155.119980
215.604996,49.440010,146.790009,155.119980
215.604996,49.440010,146.790009,155.119980
215.604996,49.440010,146.790009,155.119980
215.604996,49.440010,146.790009,155.119980
215.604996,49.440010,146.790009,155.119980
215.604996,49.440010,146.790009,155.119980
215.604996,49.440010,146.790009,155.119980
215.604996,49.440010,146.790009,155.119980
215.604996,49.440010,146.790009,155.119980
215.604996,49.440010,146.790009,155.119980
215.604996,49.440010,146.790009,155.119980
215.604996,49.440010,146.790009,155.119980
215.604996,49.440010,146.790009,155.119980
215.604996,49.440010,146.790009,155.119980
215.604996,49.440010,146.790009,155.119980
215.604996,49.440010,146.790009,155.119980
215.604996,49.440010,146.790009,155.119980
215.604996,49.440010,146.790009,155.119980
215.604996,49.440010,146.790009,155.119980
215.604996,49.440010,146.790009,155.119980
215.604996,49.440010,146.790009,155.119980
215.604996,49.440010,146.790009,155.119980
215.604996,49.440010,146.790009,155.119980
215.604996,49.440010,146.790009,155.119980
215.604996,49.440010,146.790009,155.119980
215.604996,49.440010,146.790009,155.119980
215.604996,49.440010,146.790009,155.119980
215.604996,49.440010,146.790009,155.119980
215.604996,49.440010,146.790009,155.119980
215.604996,49.440010,146.790009,155.119980
215.604996,49.440010,146.790009,155.119980
215.604996,49.440010,146.790009,155.119980
215.604996,49.440010,146.790009,155.119980
215.604996,49.440010,146.790009,155.119980
215.604996,49.440010,146.790009,155.119980
215.604996,49.440010,146.790009,155.119980
215.604996,49.440010,146.790009,155.119980
215.604996,49.440010,146.790009,155.119980
215.604996,49.440010,146.790009,155.119980
215.604996,49.440010,146.790009,155.119980
215.604996,49.440010,146.790009,155.119980
215.604996,49.440010,146.790009,155.119980
215.604996,49.440010,146.790009,155.119980
215.604996,49.440010,146.790009,155.119980
215.604996,49.440010,146.790009,155.119980
215.604996,49.440010,146.790009,155.119980
215.604996,49.440010,146.790009,155.119980
215.604996,49.440010,146.790009,155.119980
215.604996,49.440010,146.790009,155.119980
215.604996,49.440010,146.790009,155.119980
215.604996,49.440010,146.790009,155.119980
215.604996,49.440010,146.790009,155.119980
215.604996,49.440010,146.790009,155.119980
215.604996,49.440010,146.790009,155.119980
215.604996,49.440010,146.790009,155.119980
215.604996,49.440010,146.790009,155.119980
215.604996,49.440010,146.790009,155.119980
215.604996,49.440010,146.790009,155.119980
215.604996,49.440010,146.790009,155.119980
215.604996,49.440010,146.790009,155.119980
215.604996,49.440010,146.790009,155.119980
215.604996,49.440010,146.790009,155.119980
215.604996,49.440010,146.790009,155.119980
215.604996,49.440010,146.790009,155.119980
215.604996,49.440010,146.790009,155.119980
215.604996,49.440010,146.790009,155.119980
215.604996,49.440010,146.790009,155.119980
215.604996,49.440010,146.790009,155.119980
215.604996,49.440010,146.790009,155.119980
215.604996,49.440010,146.790009,155.119980
215.604996,49.440010,146.790009,155.119980
215.604996,49.440010,146.790009,155.119980
215.604996,49.440010,146.790009,155.119980
215.604996,49.440010,146.790009,155.119980
215.604996,49.440010,146.790009,155.119980
215.604996,49.440010,146.790009,155.119980
215.604996,49.440010,146.790009,155.119980
215.604996,49.440010,146.790009,155.119980
215.604996,49.440010,146.790009,155.119980
215.604996,49.440010,146.790009,155.119980
215.604996,49.440010,146.790009,155.119980
215.604996,49.440010,146.790009,155.119980
215.604996,49.440010,146.790009,155.119980
215.604996,49.440010,146.790009,155.119980
215.604996,49.440010,146.790009,155.119980
215.604996,49.440010,146.790009,155.119980
215.604996,49.440010,146.790009,155.119980
215.604996,49.440010,146.790009,155.119980
215.604996,49.440010,146.790009,155.119980
215.604996,49.440010,146.790009,155.119980
215.604996,49.440010,146.790009,155.119980
215.604996,49.440010,146.790009,155.119980
215.604996,49.440010,146.790009,155.119980
215.604996,49.440010,146.790009,155.119980
215.604996,49.440010,146.790009,155.119980
215.604996,49.440010,146.790009,155.119980
215.604996,49.440010,146.790009,155.119980
215.604996,49.440010,146.790009,155.119980
215.604996,49.440010,146.790009,155.119980
215.604996,49.440010,146.790009,155.119980
215.604996,49.440010,146.790009,155.119980
215.604996,49.440010,146.790009,155.119980
215.604996,49.440010,146.790009,155.119980
215.604996,49.440010,146.790009,155.119980
215.604996,49.440010,146.790009,155.119980
234.604996,119.440010,146.790009,155.119980
234.604996,119.440010,146.790009,155.119980
234.604996,119.440010,146.790009,155.119980
234.604996,119.440010,146.790009,155.119980
226.604996,63.440010,146.790009,155.119980
226.604996,63.440010,146.790009,155.119980
226.604996,63.440010,146.790009,155.119980
226.604996,63.440010,146.790009,155.119980
226.604996,63.440010,146.790009,155.119980
226.604996,63.440010,146.790009,155.119980
226.604996,63.440010,146.790009,155.119980
226.604996,63.440010,146.790009,155.119980
226.604996,63.440010,146.790009,155.119980
226.604996,63.440010,146.790009,155.119980
226.604996,63.440010,146.790009,155.119980
237.604996,129.440002,146.790009,155.119980
237.604996,129.440002,146.790009,155.119980
234.604996,63.440010,146.790009,155.119980
234.604996,63.440010,146.790009,155.119980
234.604996,63.440010,146.790009,155.119980
234.604996,63.440010,146.790009,155.119980
234.604996,63.440010,146.790009,155.119980
234.604996,63.440010,146.790009,155.119980
234.604996,63.440010,146.790009,155.119980
234.604996,63.440010,146.790009,155.119980
234.604996,63.440010,146.790009,155.119980
234.604996,63.440010,146.790009,155.119980
234.604996,63.440010,146.790009,155.119980
234.604996,63.440010,146.790009,155.119980
234.604996,63.440010,146.790009,155.119980
234.604996,63.440010,146.790009,155.119980
234.604996,63.440010,146.790009,155.119980
234.604996,63.440010,146.790009,155.119980
234.604996,63.440010,146.790009,155.119980
234.604996,63.440010,146.790009,155.119980
234.604996,63.440010,146.790009,155.119980
234.604996,63.440010,146.790009,155.119980
234.604996,63.440010,146.790009,155.119980
234.604996,63.440010,146.790009,155.119980
234.604996,63.440010,146.790009,155.119980
234.604996,63.440010,146.790009,155.119980
234.604996,63.440010,146.790009,155.119980
234.604996,63.440010,146.790009,155.119980
234.604996,63.440010,146.790009,155.119980
234.604996,63.440010,146.790009,155.119980
234.604996,63.440010,146.790009,155.119980
234.604996,63.440010,146.790009,155.119980
234.604996,63.440010,146.790009,155.119980
234.604996,63.440010,146.790009,155.119980
234.604996,63.440010,146.790009,155.119980
234.604996,63.440010,146.790009,155.119980
234.604996,63.440010,146.790009,155.119980
234.604996,63.440010,146.790009,155.119980
234.604996,63.440010,146.790009,155.119980
234.604996,63.440010,146.790009,155.119980
234.604996,63.440010,146.790009,155.119980
234.604996,63.440010,146.790009,155.119980
234.604996,63.440010,146.790009,155.119980
195.604996,44.440010,146.790009,155.119980
195.604996,44.440010,146.790009,155.119980
195.604996,44.440010,146.790009,155.119980
195.604996,44.440010,146.790009,155.119980
195.604996,44.440010,146.790009,155.119980
195.604996,44.440010,146.790009,155.119980
195.604996,44.440010,146.790009,155.119980
195.604996,44.440010,146.790009,155.119980
195.604996,44.440010,146.790009,155.119980
195.604996,44.440010,146.790009,155.119980
195.604996,44.440010,146.790009,155.119980
195.604996,44.440010,146.790009,155.119980
195.604996,44.440010,146.790009,155.119980
195.604996,44.440010,146.790009,155.119980
195.604996,44.440010,146.790009,155.119980
195.604996,44.440010,146.790009,155.119980
195.604996,44.440010,146.790009,155.119980
247.604996,49.440010,146.790009,155.119980
198.604996,39.440010,146.790009,155.119980
198.604996,39.440010,146.790009,155.119980
198.604996,39.440010,146.790009,155.119980
198.604996,39.440010,146.790009,155.119980
198.604996,39.440010,146.790009,155.119980
198.604996,39.440010,146.790009,155.119980
198.604996,39.440010,146.790009,155.119980
198.604996,39.440010,146.790009,155.119980
198.604996,39.440010,146.790009,155.119980
198.604996,39.440010,146.790009,155.119980
198.604996,39.440010,146.790009,155.119980
198.604996,39.440010,146.790009,155.119980
198.604996,39.440010,146.790009,155.119980
198.604996,39.440010,146.790009,155.119980
198.604996,39.440010,146.790009,155.119980
198.604996,39.440010,146.790009,155.119980
198.604996,39.440010,146.790009,155.119980
198.604996,39.440010,146.790009,155.119980
198.604996,39.440010,146.790009,155.119980
252.604996,49.440010,146.790009,155.119980
252.604996,49.440010,146.790009,155.119980
252.604996,49.440010,146.790009,155.119980
252.604996,49.440010,146.790009,155.119980
252.604996,49.440010,146.790009,155.119980
252.604996,49.440010,146.790009,155.119980
252.604996,49.440010,146.790009,155.119980
252.604996,49.440010,146.790009,155.119980
252.604996,49.440010,146.790009,155.119980
252.604996,49.440010,146.790009,155.119980
252.604996,49.440010,146.790009,155.119980
252.604996,49.440010,146.790009,155.119980
252.604996,49.440010,146.790009,155.119980
252.604996,49.440010,146.790009,155.119980
252.604996,49.440010,146.790009,155.119980
252.604996,49.440010,146.790009,155.119980
252.604996,49.440010,146.790009,155.119980
199.604996,49.440010,146.790009,155.119980
250.604996,49.440010,146.790009,155.119980
250.604996,49.440010,146.790009,155.119980
250.604996,49.440010,146.790009,155.119980
250.604996,49.440010,146.790009,155.119980
250.604996,49.440010,146.790009,155.119980
250.604996,49.440010,146.790009,155.119980
250.604996,49.440010,146.790009,155.119980
250.604996,49.440010,146.790009,155.119980
250.604996,49.440010,146.790009,155.119980
204.604996,39.440010,146.790009,155.119980
204.604996,39.440010,146.790009,155.119980
204.604996,39.440010,146.790009,155.119980
204.604996,39.440010,146.790009,155.119980
204.604996,39.440010,146.790009,155.119980
204.604996,39.440010,146.790009,155.119980
204.604996,39.440010,146.790009,155.119980
204.604996,39.440010,146.790009,155.119980
204.604996,39.440010,146.790009,155.119980
204.604996,39.440010,146.790009,155.119980
204.604996,39.440010,146.790009,155.119980
204.604996,39.440010,146.790009,155.119980
204.604996,39.440010,146.790009,155.119980
204.604996,39.440010,146.790009,155.119980
204.604996,39.440010,146.790009,155.119980
204.604996,39.440010,146.790009,155.119980
204.604996,39.440010,146.790009,155.119980
204.604996,39.440010,146.790009,155.119980
204.604996,39.440010,146.790009,155.119980
204.604996,39.440010,146.790009,155.119980
204.604996,39.440010,146.790009,155.119980
204.604996,39.440010,146.790009,155.119980
204.604996,39.440010,146.790009,155.119980
204.604996,39.440010,146.790009,155.119980
204.604996,39.440010,146.790009,155.119980
204.604996,39.440010,146.790009,155.119980
204.604996,39.440010,146.790009,155.119980
204.604996,39.440010,146.790009,155.119980
204.604996,39.440010,146.790009,155.119980
204.604996,39.440010,146.790009,155.119980
204.604996,39.440010,146.790009,155.119980
204.604996,39.440010,146.790009,155.119980
204.604996,39.440010,146.790009,155.119980
204.604996,39.440010,146.790009,155.119980
204.604996,39.440010,146.790009,155.119980
204.604996,39.440010,146.790009,155.119980
204.604996,39.440010,146.790009,155.119980
204.604996,39.440010,146.790009,155.119980
204.604996,39.440010,146.790009,155.119980
204.604996,39.440010,146.790009,155.119980
204.604996,39.440010,146.790009,155.119980
204.604996,39.440010,146.790009,155.119980
204.604996,39.440010,146.790009,155.119980
204.604996,39.440010,146.790009,155.119980
204.604996,39.440010,146.790009,155.119980
204.604996,39.440010,146.790009,155.119980
204.604996,39.440010,146.790009,155.119980
204.604996,39.440010,146.790009,155.119980
204.604996,39.440010,146.790009,155.119980
204.604996,39.440010,146.790009,155.119980
204.604996,39.440010,146.790009,155.119980
204.604996,39.440010,146.790009,155.119980
204.604996,39.440010,146.790009,155.119980
204.604996,39.440010,146.790009,155.119980
204.604996,39.440010,146.790009,155.119980
204.604996,39.440010,146.790009,155.119980
204.604996,39.440010,146.790009,155.119980
204.604996,39.440010,146.790009,155.119980
204.604996,39.440010,146.790009,155.119980
204.604996,39.440010,146.790009,155.119980
204.604996,39.440010,146.790009,155.119980
204.604996,39.440010,146.790009,155.119980
204.604996,39.440010,146.790009,155.119980
204.604996,39.440010,146.790009,155.119980
204.604996,39.440010,146.790009,155.119980
204.604996,39.440010,146.790009,155.119980
204.604996,39.440010,146.790009,155.119980
204.604996,39.440010,146.790009,155.119980
204.604996,39.440010,146.790009,155.119980
204.604996,39.440010,146.790009,155.119980
204.604996,39.440010,146.790009,155.119980
204.604996,39.440010,146.790009,155.119980
204.604996,39.440010,146.790009,155.119980
204.604996,39.440010,146.790009,155.119980
204.604996,39.440010,146.790009,155.119980
204.604996,39.440010,146.790009,155.119980
204.604996,39.440010,146.790009,155.119980
204.604996,39.440010,146.790009,155.119980
204.604996,39.440010,146.790009,155.119980
204.604996,39.440010,146.790009,155.119980
204.604996,39.440010,146.790009,155.119980
204.604996,39.440010,146.790009,155.119980
204.604996,39.440010,146.790009,155.119980
204.604996,39.440010,146.790009,155.119980
204.604996,39.440010,146.790009,155.119980
204.604996,39.440010,146.790009,155.119980
204.604996,39.440010,146.790009,155.119980
204.604996,39.440010,146.790009,155.119980
204.604996,39.440010,146.790009,155.119980
204.604996,39.440010,146.790009,155.119980
204.604996,39.440010,146.790009,155.119980
204.604996,39.440010,146.790009,155.119980
204.604996,39.440010,146.790009,155.119980
204.604996,39.440010,146.790009,155.119980
204.604996,39.440010,146.790009,155.119980
204.604996,39.440010,146.790009,155.119980
204.604996,39.440010,146.790009,155.119980
204.604996,39.440010,146.790009,155.119980
204.604996,39.440010,146.790009,155.119980
204.604996,39.440010,146.790009,155.119980
204.604996,39.440010,146.790009,155.119980
2
0
0
0
0
1
224.470001,197.179993,189.679993,116.890015
224.470001,197.179993,189.679993,116.890015
224.470001,197.179993,189.679993,116.890015
224.470001,197.179993,189.679993,116.890015
224.470001,197.179993,189.679993,116.890015
224.470001,197.179993,189.679993,116.890015
224.470001,197.179993,189.679993,116.890015
224.470001,197.179993,189.679993,116.890015
224.470001,197.179993,189.679993,116.890015
224.470001,197.179993,189.679993,116.890015
224.470001,197.179993,189.679993,116.890015
224.470001,197.179993,189.679993,116.890015
224.470001,197.179993,189.679993,116.890015
224.470001,197.179993,189.679993,116.890015
224.470001,197.179993,189.679993,116.890015
224.470001,197.179993,189.679993,116.890015
224.470001,197.179993,189.679993,116.890015
224.470001,197.179993,189.679993,116.890015
224.470001,197.179993,189.679993,116.890015
224.470001,197.179993,189.679993,116.890015
224.470001,197.179993,189.679993,116.890015
224.470001,197.179993,189.679993,116.890015
224.470001,197.179993,189.679993,116.890015
224.470001,197.179993,189.679993,116.890015
224.470001,197.179993,189.679993,116.890015
224.470001,197.179993,189.679993,116.890015
299.160004,213.554993,189.679993,116.890015
299.160004,213.554993,189.679993,116.890015
299.160004,213.554993,189.679993,116.890015
299.160004,213.554993,189.679993,116.890015
299.160004,213.554993,189.679993,116.890015
299.160004,213.554993,189.679993,116.890015
299.160004,213.554993,189.679993,116.890015
299.160004,213.554993,189.679993,116.890015
299.160004,213.554993,189.679993,116.890015
299.160004,213.554993,189.679993,116.890015
299.160004,213.554993,189.679993,116.890015
299.160004,213.554993,189.679993,116.890015
299.160004,213.554993,189.679993,116.890015
299.160004,213.554993,189.679993,116.890015
299.160004,213.554993,189.679993,116.890015
299.160004,213.554993,189.679993,116.890015
299.160004,213.554993,189.679993,116.890015
299.160004,213.554993,189.679993,116.890015
299.160004,213.554993,189.679993,116.890015
299.160004,213.554993,189.679993,116.890015
299.160004,213.554993,189.679993,116.890015
299.160004,213.554993,189.679993,116.890015
299.160004,213.554993,189.679993,116.890015
299.160004,213.554993,189.679993,116.890015
299.160004,213.554993,189.679993,116.890015
299.160004,213.554993,189.679993,116.890015
299.160004,213.554993,189.679993,116.890015
299.160004,213.554993,189.679993,116.890015
299.160004,213.554993,189.679993,116.890015
299.160004,213.554993,189.679993,116.890015
299.160004,213.554993,189.679993,116.890015
299.160004,213.554993,189.679993,116.890015
299.160004,213.554993,189.679993,116.890015
299.160004,213.554993,189.679993,116.890015
299.160004,213.554993,189.679993,116.890015
299.160004,213.554993,189.679993,116.890015
299.160004,213.554993,189.679993,116.890015
299.160004,213.554993,189.679993,116.890015
299.160004,213.554993,189.679993,116.890015
299.160004,213.554993,189.679993,116.890015
299.160004,213.554993,189.679993,116.890015
299.160004,213.554993,189.679993,116.890015
299.160004,213.554993,189.679993,116.890015
299.160004,213.554993,189.679993,116.890015
299.160004,213.554993,189.679993,116.890015
299.160004,213.554993,189.679993,116.890015
299.160004,213.554993,189.679993,116.890015
299.160004,213.554993,189.679993,116.890015
299.160004,213.554993,189.679993,116.890015
299.160004,213.554993,189.679993,116.890015
299.160004,213.554993,189.679993,116.890015
299.160004,213.554993,189.679993,116.890015
299.160004,213.554993,189.679993,116.890015
299.160004,213.554993,189.679993,116.890015
299.160004,213.554993,189.679993,116.890015
299.160004,213.554993,189.679993,116.890015
299.160004,213.554993,189.679993,116.890015
299.160004,213.554993,189.679993,116.890015
299.160004,213.554993,189.679993,116.890015
299.160004,213.554993,189.679993,116.890015
299.160004,213.554993,189.679993,116.890015
299.160004,213.554993,189.679993,116.890015
299.160004,213.554993,189.679993,116.890015
299.160004,213.554993,189.679993,116.890015
299.160004,213.554993,189.679993,116.890015
299.160004,213.554993,189.679993,116.890015
299.160004,213.554993,189.679993,116.890015
299.160004,213.554993,189.679993,116.890015
299.160004,213.554993,189.679993,116.890015
299.160004,213.554993,189.679993,116.890015
299.160004,213.554993,189.679993,116.890015
299.160004,213.554993,189.679993,116.890015
299.160004,213.554993,189.679993,116.890015
299.160004,213.554993,189.679993,116.890015
299.160004,213.554993,189.679993,116.890015
299.160004,213.554993,189.679993,116.890015
299.160004,213.554993,189.679993,116.890015
299.160004,213.554993,189.679993,116.890015
299.160004,213.554993,189.679993,116.890015
299.160004,213.554993,189.679993,116.890015
299.160004,213.554993,189.679993,116.890015
299.160004,213.554993,189.679993,116.890015
299.160004,213.554993,189.679993,116.890015
299.160004,213.554993,189.679993,116.890015
299.160004,213.554993,189.679993,116.890015
299.160004,213.554993,189.679993,116.890015
299.160004,213.554993,189.679993,116.890015
299.160004,213.554993,189.679993,116.890015
299.160004,213.554993,189.679993,116.890015
299.160004,213.554993,189.679993,116.890015
299.160004,213.554993,189.679993,116.890015
299.160004,213.554993,189.679993,116.890015
299.160004,213.554993,189.679993,116.890015
299.160004,213.554993,189.679993,116.890015
299.160004,213.554993,189.679993,116.890015
299.160004,213.554993,189.679993,116.890015
299.160004,213.554993,189.679993,116.890015
299.160004,213.554993,189.679993,116.890015
299.160004,213.554993,189.679993,116.890015
299.160004,213.554993,189.679993,116.890015
299.160004,213.554993,189.679993,116.890015
299.160004,213.554993,189.679993,116.890015
299.160004,213.554993,189.679993,116.890015
299.160004,213.554993,189.679993,116.890015
299.160004,213.554993,189.679993,116.890015
299.160004,213.554993,189.679993,116.890015
299.160004,213.554993,189.679993,116.890015
299.160004,213.554993,189.679993,116.890015
299.160004,213.554993,189.679993,116.890015
299.160004,213.554993,189.679993,116.890015
299.160004,213.554993,189.679993,116.890015
299.160004,213.554993,189.679993,116.890015
299.160004,213.554993,189.679993,116.890015
299.160004,213.554993,189.679993,116.890015
299.160004,213.554993,189.679993,116.890015
299.160004,213.554993,189.679993,116.890015
299.160004,213.554993,189.679993,116.890015
299.160004,213.554993,189.679993,116.890015
299.160004,213.554993,189.679993,116.890015
299.160004,213.554993,189.679993,116.890015
299.160004,213.554993,189.679993,116.890015
299.160004,213.554993,189.679993,116.890015
299.160004,213.554993,189.679993,116.890015
299.160004,213.554993,189.679993,116.890015
299.160004,213.554993,189.679993,116.890015
299.160004,213.554993,189.679993,116.890015
299.160004,213.554993,189.679993,116.890015
299.160004,213.554993,189.679993,116.890015
299.160004,213.554993,189.679993,116.890015
299.160004,213.554993,189.679993,116.890015
299.160004,213.554993,189.679993,116.890015
299.160004,213.554993,189.679993,116.890015
299.160004,213.554993,189.679993,116.890015
299.160004,213.554993,189.679993,116.890015
299.160004,213.554993,189.679993,116.890015
299.160004,213.554993,189.679993,116.890015
299.160004,213.554993,189.679993,116.890015
299.160004,213.554993,189.679993,116.890015
299.160004,213.554993,189.679993,116.890015
299.160004,213.554993,189.679993,116.890015
299.160004,213.554993,189.679993,116.890015
299.160004,213.554993,189.679993,116.890015
299.160004,213.554993,189.679993,116.890015
299.160004,213.554993,189.679993,116.890015
299.160004,213.554993,189.679993,116.890015
299.160004,213.554993,189.679993,116.890015
299.160004,213.554993,189.679993,116.890015
299.160004,213.554993,189.679993,116.890015
299.160004,213.554993,189.679993,116.890015
299.160004,213.554993,189.679993,116.890015
299.160004,213.554993,189.679993,116.890015
299.160004,213.554993,189.679993,116.890015
299.160004,213.554993,189.679993,116.890015
299.160004,213.554993,189.679993,116.890015
299.160004,213.554993,189.679993,116.890015
299.160004,213.554993,189.679993,116.890015
299.160004,213.554993,189.679993,116.890015
299.160004,213.554993,189.679993,116.890015
299.160004,213.554993,189.679993,116.890015
299.160004,213.554993,189.679993,116.890015
299.160004,213.554993,189.679993,116.890015
299.160004,213.554993,189.679993,116.890015
299.160004,213.554993,189.679993,116.890015
299.160004,213.554993,189.679993,116.890015
299.160004,213.554993,189.679993,116.890015
299.160004,213.554993,189.679993,116.890015
299.160004,213.554993,189.679993,116.890015
299.160004,213.554993,189.679993,116.890015
299.160004,213.554993,189.679993,116.890015
299.160004,213.554993,189.679993,116.890015
299.160004,213.554993,189.679993,116.890015
299.160004,213.554993,189.679993,116.890015
299.160004,213.554993,189.679993,116.890015
299.160004,213.554993,189.679993,116.890015
299.160004,213.554993,189.679993,116.890015
299.160004,213.554993,189.679993,116.890015
299.160004,213.554993,189.679993,116.890015
299.160004,213.554993,189.679993,116.890015
299.160004,213.554993,189.679993,116.890015
299.160004,213.554993,189.679993,116.890015
299.160004,213.554993,189.679993,116.890015
299.160004,213.554993,189.679993,116.890015
299.160004,213.554993,189.679993,116.890015
299.160004,213.554993,189.679993,116.890015
299.160004,213.554993,189.679993,116.890015
299.160004,213.554993,189.679993,116.890015
299.160004,213.554993,189.679993,116.890015
299.160004,213.554993,189.679993,116.890015
299.160004,213.554993,189.679993,116.890015
299.160004,213.554993,189.679993,116.890015
299.160004,213.554993,189.679993,116.890015
299.160004,213.554993,189.679993,116.890015
299.160004,213.554993,189.679993,116.890015
299.160004,213.554993,189.679993,116.890015
2
0
0
0
0
1
251.270004,239.360001,254.659988,95.379990
251.270004,239.360001,254.659988,95.379990
251.270004,239.360001,254.659988,95.379990
251.270004,239.360001,254.659988,95.379990
251.270004,239.360001,254.659988,95.379990
251.270004,239.360001,254.659988,95.379990
251.270004,239.360001,254.659988,95.379990
251.270004,239.360001,254.659988,95.379990
251.270004,239.360001,254.659988,95.379990
251.270004,239.360001,254.659988,95.379990
251.270004,239.360001,254.659988,95.379990
251.270004,239.360001,254.659988,95.379990
251.270004,239.360001,254.659988,95.379990
251.270004,239.360001,254.659988,95.379990
251.270004,239.360001,254.659988,95.379990
251.270004,239.360001,254.659988,95.379990
183.670013,226.309998,254.659988,95.379990
183.670013,226.309998,254.659988,95.379990
183.670013,226.309998,254.659988,95.379990
183.670013,226.309998,254.659988,95.379990
183.670013,226.309998,254.659988,95.379990
183.670013,226.309998,254.659988,95.379990
183.670013,226.309998,254.659988,95.379990
183.670013,226.309998,254.659988,95.379990
183.670013,226.309998,254.659988,95.379990
183.670013,226.309998,254.659988,95.379990
183.670013,226.309998,254.659988,95.379990
183.670013,226.309998,254.659988,95.379990
183.670013,226.309998,254.659988,95.379990
183.670013,226.309998,254.659988,95.379990
183.670013,226.309998,254.659988,95.379990
183.670013,226.309998,254.659988,95.379990
183.670013,226.309998,254.659988,95.379990
183.670013,226.309998,254.659988,95.379990
183.670013,226.309998,254.659988,95.379990
183.670013,226.309998,254.659988,95.379990
183.670013,226.309998,254.659988,95.379990
183.670013,226.309998,254.659988,95.379990
183.670013,226.309998,254.659988,95.379990
183.670013,226.309998,254.659988,95.379990
183.670013,226.309998,254.659988,95.379990
183.670013,226.309998,254.659988,95.379990
183.670013,226.309998,254.659988,95.379990
183.670013,226.309998,254.659988,95.379990
183.670013,226.309998,254.659988,95.379990
183.670013,226.309998,254.659988,95.379990
183.670013,226.309998,254.659988,95.379990
183.670013,226.309998,254.659988,95.379990
183.670013,226.309998,254.659988,95.379990
183.670013,226.309998,254.659988,95.379990
183.670013,226.309998,254.659988,95.379990
183.670013,226.309998,254.659988,95.379990
183.670013,226.309998,254.659988,95.379990
183.670013,226.309998,254.659988,95.379990
183.670013,226.309998,254.659988,95.379990
183.670013,226.309998,254.659988,95.379990
183.670013,226.309998,254.659988,95.379990
183.670013,226.309998,254.659988,95.379990
183.670013,226.309998,254.659988,95.379990
183.670013,226.309998,254.659988,95.379990
183.670013,226.309998,254.659988,95.379990
183.670013,226.309998,254.659988,95.379990
183.670013,226.309998,254.659988,95.379990
183.670013,226.309998,254.659988,95.379990
183.670013,226.309998,254.659988,95.379990
183.670013,226.309998,254.659988,95.379990
183.670013,226.309998,254.659988,95.379990
183.670013,226.309998,254.659988,95.379990
183.670013,226.309998,254.659988,95.379990
183.670013,226.309998,254.659988,95.379990
183.670013,226.309998,254.659988,95.379990
183.670013,226.309998,254.659988,95.379990
183.670013,226.309998,254.659988,95.379990
183.670013,226.309998,254.659988,95.379990
183.670013,226.309998,254.659988,95.379990
183.670013,226.309998,254.659988,95.379990
183.670013,226.309998,254.659988,95.379990
183.670013,226.309998,254.659988,95.379990
183.670013,226.309998,254.659988,95.379990
183.670013,226.309998,254.659988,95.379990
183.670013,226.309998,254.659988,95.379990
183.670013,226.309998,254.659988,95.379990
183.670013,226.309998,254.659988,95.379990
183.670013,226.309998,254.659988,95.379990
110.670006,232.309998,254.659988,95.379990
224.670013,219.309998,254.659988,95.379990
224.670013,219.309998,254.659988,95.379990
224.670013,219.309998,254.659988,95.379990
224.670013,219.309998,254.659988,95.379990
112.670006,222.309998,254.659988,95.379990
112.670006,222.309998,254.659988,95.379990
112.670006,222.309998,254.659988,95.379990
112.670006,222.309998,254.659988,95.379990
224.670013,215.309998,254.659988,95.379990
224.670013,215.309998,254.659988,95.379990
224.670013,215.309998,254.659988,95.379990
224.670013,215.309998,254.659988,95.379990
224.670013,215.309998,254.659988,95.379990
224.670013,215.309998,254.659988,95.379990
224.670013,215.309998,254.659988,95.379990
224.670013,215.309998,254.659988,95.379990
224.670013,215.309998,254.659988,95.379990
224.670013,215.309998,254.659988,95.379990
224.670013,215.309998,254.659988,95.379990
224.670013,215.309998,254.659988,95.379990
224.670013,215.309998,254.659988,95.379990
113.670006,219.309998,254.659988,95.379990
113.670006,219.309998,254.659988,95.379990
236.670013,213.309998,254.659988,95.379990
236.670013,213.309998,254.659988,95.379990
236.670013,213.309998,254.659988,95.379990
132.670013,214.309998,254.659988,95.379990
132.670013,214.309998,254.659988,95.379990
246.670013,213.309998,254.659988,95.379990
246.670013,213.309998,254.659988,95.379990
246.670013,213.309998,254.659988,95.379990
246.670013,213.309998,254.659988,95.379990
246.670013,213.309998,254.659988,95.379990
246.670013,213.309998,254.659988,95.379990
246.670013,213.309998,254.659988,95.379990
246.670013,213.309998,254.659988,95.379990
122.670006,234.309998,254.659988,95.379990
122.670006,234.309998,254.659988,95.379990
122.670006,234.309998,254.659988,95.379990
122.670006,234.309998,254.659988,95.379990
122.670006,234.309998,254.659988,95.379990
122.670006,234.309998,254.659988,95.379990
249.670013,211.309998,254.659988,95.379990
249.670013,211.309998,254.659988,95.379990
158.670013,225.309998,254.659988,95.379990
158.670013,225.309998,254.659988,95.379990
158.670013,225.309998,254.659988,95.379990
158.670013,225.309998,254.659988,95.379990
158.670013,225.309998,254.659988,95.379990
158.670013,225.309998,254.659988,95.379990
158.670013,225.309998,254.659988,95.379990
158.670013,225.309998,254.659988,95.379990
158.670013,225.309998,254.659988,95.379990
158.670013,225.309998,254.659988,95.379990
158.670013,225.309998,254.659988,95.379990
251.670013,218.309998,254.659988,95.379990
251.670013,218.309998,254.659988,95.379990
251.670013,218.309998,254.659988,95.379990
182.670013,229.309998,254.659988,95.379990
182.670013,229.309998,254.659988,95.379990
182.670013,229.309998,254.659988,95.379990
182.670013,229.309998,254.659988,95.379990
182.670013,229.309998,254.659988,95.379990
182.670013,229.309998,254.659988,95.379990
182.670013,229.309998,254.659988,95.379990
182.670013,229.309998,254.659988,95.379990
182.670013,229.309998,254.659988,95.379990
182.670013,229.309998,254.659988,95.379990
182.670013,229.309998,254.659988,95.379990
182.670013,229.309998,254.659988,95.379990
182.670013,229.309998,254.659988,95.379990
182.670013,229.309998,254.659988,95.379990
182.670013,229.309998,254.659988,95.379990
182.670013,229.309998,254.659988,95.379990
182.670013,229.309998,254.659988,95.379990
182.670013,229.309998,254.659988,95.379990
182.670013,229.309998,254.659988,95.379990
182.670013,229.309998,254.659988,95.379990
182.670013,229.309998,254.659988,95.379990
182.670013,229.309998,254.659988,95.379990
182.670013,229.309998,254.659988,95.379990
182.670013,229.309998,254.659988,95.379990
182.670013,229.309998,254.659988,95.379990
182.670013,229.309998,254.659988,95.379990
182.670013,229.309998,254.659988,95.379990
182.670013,229.309998,254.659988,95.379990
182.670013,229.309998,254.659988,95.379990
