1
395.929993,143.639999,96.670013,89.309998
395.929993,143.639999,96.670013,89.309998
395.929993,143.639999,96.670013,89.309998
395.929993,143.639999,96.670013,89.309998
395.929993,143.639999,96.670013,89.309998
395.929993,143.639999,96.670013,89.309998
395.929993,143.639999,96.670013,89.309998
395.929993,143.639999,96.670013,89.309998
395.929993,143.639999,96.670013,89.309998
395.929993,143.639999,96.670013,89.309998
395.929993,143.639999,96.670013,89.309998
395.929993,143.639999,96.670013,89.309998
395.929993,143.639999,96.670013,89.309998
395.929993,143.639999,96.670013,89.309998
395.929993,143.639999,96.670013,89.309998
395.929993,143.639999,96.670013,89.309998
395.929993,143.639999,96.670013,89.309998
395.929993,143.639999,96.670013,89.309998
395.929993,143.639999,96.670013,89.309998
395.929993,143.639999,96.670013,89.309998
376.665009,103.345001,96.670013,89.309998
357.665009,68.345001,96.670013,89.309998
357.665009,68.345001,96.670013,89.309998
357.665009,68.345001,96.670013,89.309998
357.665009,68.345001,96.670013,89.309998
357.665009,68.345001,96.670013,89.309998
357.665009,68.345001,96.670013,89.309998
357.665009,68.345001,96.670013,89.309998
404.665009,68.345001,96.670013,89.309998
360.665009,58.345001,96.670013,89.309998
360.665009,58.345001,96.670013,89.309998
360.665009,58.345001,96.670013,89.309998
398.665009,73.345001,96.670013,89.309998
359.665009,68.345001,96.670013,89.309998
359.665009,68.345001,96.670013,89.309998
359.665009,68.345001,96.670013,89.309998
359.665009,68.345001,96.670013,89.309998
359.665009,68.345001,96.670013,89.309998
359.665009,68.345001,96.670013,89.309998
359.665009,68.345001,96.670013,89.309998
359.665009,68.345001,96.670013,89.309998
359.665009,68.345001,96.670013,89.309998
359.665009,68.345001,96.670013,89.309998
359.665009,68.345001,96.670013,89.309998
359.665009,68.345001,96.670013,89.309998
359.665009,68.345001,96.670013,89.309998
359.665009,68.345001,96.670013,89.309998
359.665009,68.345001,96.670013,89.309998
359.665009,68.345001,96.670013,89.309998
359.665009,68.345001,96.670013,89.309998
359.665009,68.345001,96.670013,89.309998
359.665009,68.345001,96.670013,89.309998
359.665009,68.345001,96.670013,89.309998
309.665009,73.345001,96.670013,89.309998
309.665009,73.345001,96.670013,89.309998
309.665009,73.345001,96.670013,89.309998
309.665009,73.345001,96.670013,89.309998
283.665009,73.345001,96.670013,89.309998
324.665009,68.345001,96.670013,89.309998
324.665009,68.345001,96.670013,89.309998
324.665009,68.345001,96.670013,89.309998
324.665009,68.345001,96.670013,89.309998
324.665009,68.345001,96.670013,89.309998
324.665009,68.345001,96.670013,89.309998
324.665009,68.345001,96.670013,89.309998
324.665009,68.345001,96.670013,89.309998
324.665009,68.345001,96.670013,89.309998
324.665009,68.345001,96.670013,89.309998
324.665009,68.345001,96.670013,89.309998
359.665009,63.345001,96.670013,89.309998
359.665009,63.345001,96.670013,89.309998
359.665009,63.345001,96.670013,89.309998
359.665009,63.345001,96.670013,89.309998
359.665009,63.345001,96.670013,89.309998
359.665009,63.345001,96.670013,89.309998
2
0
0
0
0
1
264.470001,80.800003,114.790009,59.830002
264.470001,80.800003,114.790009,59.830002
264.470001,80.800003,114.790009,59.830002
264.470001,80.800003,114.790009,59.830002
264.470001,80.800003,114.790009,59.830002
264.470001,80.800003,114.790009,59.830002
264.470001,80.800003,114.790009,59.830002
264.470001,80.800003,114.790009,59.830002
264.470001,80.800003,114.790009,59.830002
264.470001,80.800003,114.790009,59.830002
339.604980,91.084999,114.790009,59.830002
339.604980,91.084999,114.790009,59.830002
339.604980,91.084999,114.790009,59.830002
339.604980,91.084999,114.790009,59.830002
339.604980,91.084999,114.790009,59.830002
339.604980,91.084999,114.790009,59.830002
339.604980,91.084999,114.790009,59.830002
339.604980,91.084999,114.790009,59.830002
339.604980,91.084999,114.790009,59.830002
339.604980,91.084999,114.790009,59.830002
339.604980,91.084999,114.790009,59.830002
339.604980,91.084999,114.790009,59.830002
339.604980,91.084999,114.790009,59.830002
339.604980,91.084999,114.790009,59.830002
267.604980,62.084999,114.790009,59.830002
267.604980,62.084999,114.790009,59.830002
267.604980,62.084999,114.790009,59.830002
267.604980,62.084999,114.790009,59.830002
270.604980,83.084999,114.790009,59.830002
270.604980,83.084999,114.790009,59.830002
314.604980,91.084999,114.790009,59.830002
314.604980,91.084999,114.790009,59.830002
288.604980,69.084999,114.790009,59.830002
288.604980,69.084999,114.790009,59.830002
288.604980,69.084999,114.790009,59.830002
288.604980,69.084999,114.790009,59.830002
288.604980,69.084999,114.790009,59.830002
288.604980,69.084999,114.790009,59.830002
288.604980,69.084999,114.790009,59.830002
288.604980,69.084999,114.790009,59.830002
288.604980,69.084999,114.790009,59.830002
288.604980,69.084999,114.790009,59.830002
252.604996,82.084999,114.790009,59.830002
252.604996,82.084999,114.790009,59.830002
252.604996,82.084999,114.790009,59.830002
252.604996,82.084999,114.790009,59.830002
252.604996,82.084999,114.790009,59.830002
252.604996,82.084999,114.790009,59.830002
252.604996,82.084999,114.790009,59.830002
252.604996,82.084999,114.790009,59.830002
252.604996,82.084999,114.790009,59.830002
283.604980,54.084999,114.790009,59.830002
283.604980,54.084999,114.790009,59.830002
283.604980,54.084999,114.790009,59.830002
283.604980,54.084999,114.790009,59.830002
283.604980,54.084999,114.790009,59.830002
283.604980,54.084999,114.790009,59.830002
283.604980,54.084999,114.790009,59.830002
283.604980,54.084999,114.790009,59.830002
283.604980,54.084999,114.790009,59.830002
283.604980,54.084999,114.790009,59.830002
273.604980,84.084999,114.790009,59.830002
273.604980,84.084999,114.790009,59.830002
267.604980,62.084999,114.790009,59.830002
267.604980,62.084999,114.790009,59.830002
316.604980,95.084999,114.790009,59.830002
273.604980,69.084999,114.790009,59.830002
330.604980,93.084999,114.790009,59.830002
277.604980,62.084999,114.790009,59.830002
277.604980,62.084999,114.790009,59.830002
277.604980,62.084999,114.790009,59.830002
277.604980,62.084999,114.790009,59.830002
277.604980,62.084999,114.790009,59.830002
277.604980,62.084999,114.790009,59.830002
277.604980,62.084999,114.790009,59.830002
303.604980,84.084999,114.790009,59.830002
303.604980,84.084999,114.790009,59.830002
303.604980,84.084999,114.790009,59.830002
324.604980,106.084999,114.790009,59.830002
324.604980,106.084999,114.790009,59.830002
324.604980,106.084999,114.790009,59.830002
365.604980,98.084999,114.790009,59.830002
365.604980,98.084999,114.790009,59.830002
334.604980,101.084999,114.790009,59.830002
334.604980,101.084999,114.790009,59.830002
333.604980,64.084999,114.790009,59.830002
330.604980,88.084999,114.790009,59.830002
297.604980,67.084999,114.790009,59.830002
349.604980,61.084999,114.790009,59.830002
291.604980,80.084999,114.790009,59.830002
291.604980,80.084999,114.790009,59.830002
340.604980,83.084999,114.790009,59.830002
282.604980,77.084999,114.790009,59.830002
282.604980,77.084999,114.790009,59.830002
331.604980,80.084999,114.790009,59.830002
331.604980,80.084999,114.790009,59.830002
331.604980,80.084999,114.790009,59.830002
272.604980,77.084999,114.790009,59.830002
272.604980,77.084999,114.790009,59.830002
336.604980,90.084999,114.790009,59.830002
278.604980,84.084999,114.790009,59.830002
278.604980,84.084999,114.790009,59.830002
278.604980,84.084999,114.790009,59.830002
278.604980,84.084999,114.790009,59.830002
278.604980,84.084999,114.790009,59.830002
278.604980,84.084999,114.790009,59.830002
275.604980,63.084999,114.790009,59.830002
327.604980,57.084999,114.790009,59.830002
327.604980,57.084999,114.790009,59.830002
327.604980,57.084999,114.790009,59.830002
327.604980,57.084999,114.790009,59.830002
327.604980,57.084999,114.790009,59.830002
327.604980,57.084999,114.790009,59.830002
327.604980,57.084999,114.790009,59.830002
327.604980,57.084999,114.790009,59.830002
327.604980,57.084999,114.790009,59.830002
275.604980,68.084999,114.790009,59.830002
275.604980,68.084999,114.790009,59.830002
275.604980,68.084999,114.790009,59.830002
275.604980,68.084999,114.790009,59.830002
275.604980,68.084999,114.790009,59.830002
275.604980,68.084999,114.790009,59.830002
275.604980,68.084999,114.790009,59.830002
275.604980,68.084999,114.790009,59.830002
275.604980,68.084999,114.790009,59.830002
298.604980,89.084999,114.790009,59.830002
298.604980,89.084999,114.790009,59.830002
298.604980,89.084999,114.790009,59.830002
298.604980,89.084999,114.790009,59.830002
298.604980,89.084999,114.790009,59.830002
273.604980,69.084999,114.790009,59.830002
273.604980,69.084999,114.790009,59.830002
273.604980,69.084999,114.790009,59.830002
273.604980,69.084999,114.790009,59.830002
273.604980,69.084999,114.790009,59.830002
273.604980,69.084999,114.790009,59.830002
273.604980,69.084999,114.790009,59.830002
273.604980,69.084999,114.790009,59.830002
273.604980,69.084999,114.790009,59.830002
2
0
0
0
0
1
279.869995,135.789993,122.209991,111.070007
279.869995,135.789993,122.209991,111.070007
279.869995,135.789993,122.209991,111.070007
279.869995,135.789993,122.209991,111.070007
279.869995,135.789993,122.209991,111.070007
279.869995,135.789993,122.209991,111.070007
279.869995,135.789993,122.209991,111.070007
279.869995,135.789993,122.209991,111.070007
279.869995,135.789993,122.209991,111.070007
279.869995,135.789993,122.209991,111.070007
279.869995,135.789993,122.209991,111.070007
279.869995,135.789993,122.209991,111.070007
279.869995,135.789993,122.209991,111.070007
279.869995,135.789993,122.209991,111.070007
279.869995,135.789993,122.209991,111.070007
279.869995,135.789993,122.209991,111.070007
279.869995,135.789993,122.209991,111.070007
279.869995,135.789993,122.209991,111.070007
279.869995,135.789993,122.209991,111.070007
279.869995,135.789993,122.209991,111.070007
279.869995,135.789993,122.209991,111.070007
279.869995,135.789993,122.209991,111.070007
279.869995,135.789993,122.209991,111.070007
279.869995,135.789993,122.209991,111.070007
279.869995,135.789993,122.209991,111.070007
279.869995,135.789993,122.209991,111.070007
279.869995,135.789993,122.209991,111.070007
279.869995,135.789993,122.209991,111.070007
279.869995,135.789993,122.209991,111.070007
279.869995,135.789993,122.209991,111.070007
279.869995,135.789993,122.209991,111.070007
279.869995,135.789993,122.209991,111.070007
279.869995,135.789993,122.209991,111.070007
279.869995,135.789993,122.209991,111.070007
279.869995,135.789993,122.209991,111.070007
279.869995,135.789993,122.209991,111.070007
279.869995,135.789993,122.209991,111.070007
279.869995,135.789993,122.209991,111.070007
279.869995,135.789993,122.209991,111.070007
279.869995,135.789993,122.209991,111.070007
279.869995,135.789993,122.209991,111.070007
279.869995,135.789993,122.209991,111.070007
279.869995,135.789993,122.209991,111.070007
279.869995,135.789993,122.209991,111.070007
279.869995,135.789993,122.209991,111.070007
279.869995,135.789993,122.209991,111.070007
279.869995,135.789993,122.209991,111.070007
279.869995,135.789993,122.209991,111.070007
279.869995,135.789993,122.209991,111.070007
279.869995,135.789993,122.209991,111.070007
279.869995,135.789993,122.209991,111.070007
279.869995,135.789993,122.209991,111.070007
279.869995,135.789993,122.209991,111.070007
279.869995,135.789993,122.209991,111.070007
279.869995,135.789993,122.209991,111.070007
279.869995,135.789993,122.209991,111.070007
279.869995,135.789993,122.209991,111.070007
279.869995,135.789993,122.209991,111.070007
279.869995,135.789993,122.209991,111.070007
279.869995,135.789993,122.209991,111.070007
279.869995,135.789993,122.209991,111.070007
279.869995,135.789993,122.209991,111.070007
279.869995,135.789993,122.209991,111.070007
279.869995,135.789993,122.209991,111.070007
279.869995,135.789993,122.209991,111.070007
279.869995,135.789993,122.209991,111.070007
279.869995,135.789993,122.209991,111.070007
279.869995,135.789993,122.209991,111.070007
279.869995,135.789993,122.209991,111.070007
279.869995,135.789993,122.209991,111.070007
279.869995,135.789993,122.209991,111.070007
279.869995,135.789993,122.209991,111.070007
279.869995,135.789993,122.209991,111.070007
279.869995,135.789993,122.209991,111.070007
279.869995,135.789993,122.209991,111.070007
279.869995,135.789993,122.209991,111.070007
279.869995,135.789993,122.209991,111.070007
279.869995,135.789993,122.209991,111.070007
279.869995,135.789993,122.209991,111.070007
279.869995,135.789993,122.209991,111.070007
279.869995,135.789993,122.209991,111.070007
279.869995,135.789993,122.209991,111.070007
279.869995,135.789993,122.209991,111.070007
279.869995,135.789993,122.209991,111.070007
279.869995,135.789993,122.209991,111.070007
279.869995,135.789993,122.209991,111.070007
279.869995,135.789993,122.209991,111.070007
279.869995,135.789993,122.209991,111.070007
279.869995,135.789993,122.209991,111.070007
279.869995,135.789993,122.209991,111.070007
279.869995,135.789993,122.209991,111.070007
279.869995,135.789993,122.209991,111.070007
279.869995,135.789993,122.209991,111.070007
279.869995,135.789993,122.209991,111.070007
279.869995,135.789993,122.209991,111.070007
279.869995,135.789993,122.209991,111.070007
278.895020,135.464996,122.209991,111.070007
278.895020,135.464996,122.209991,111.070007
278.895020,135.464996,122.209991,111.070007
278.895020,135.464996,122.209991,111.070007
278.895020,135.464996,122.209991,111.070007
278.895020,135.464996,122.209991,111.070007
278.895020,135.464996,122.209991,111.070007
278.895020,135.464996,122.209991,111.070007
278.895020,135.464996,122.209991,111.070007
278.895020,135.464996,122.209991,111.070007
278.895020,135.464996,122.209991,111.070007
278.895020,135.464996,122.209991,111.070007
278.895020,135.464996,122.209991,111.070007
278.895020,135.464996,122.209991,111.070007
278.895020,135.464996,122.209991,111.070007
248.895004,175.464996,122.209991,111.070007
248.895004,175.464996,122.209991,111.070007
248.895004,175.464996,122.209991,111.070007
248.895004,175.464996,122.209991,111.070007
248.895004,175.464996,122.209991,111.070007
248.895004,175.464996,122.209991,111.070007
248.895004,175.464996,122.209991,111.070007
248.895004,175.464996,122.209991,111.070007
248.895004,175.464996,122.209991,111.070007
248.895004,175.464996,122.209991,111.070007
248.895004,175.464996,122.209991,111.070007
248.895004,175.464996,122.209991,111.070007
248.895004,175.464996,122.209991,111.070007
248.895004,175.464996,122.209991,111.070007
248.895004,175.464996,122.209991,111.070007
248.895004,175.464996,122.209991,111.070007
248.895004,175.464996,122.209991,111.070007
248.895004,175.464996,122.209991,111.070007
248.895004,175.464996,122.209991,111.070007
248.895004,175.464996,122.209991,111.070007
248.895004,175.464996,122.209991,111.070007
248.895004,175.464996,122.209991,111.070007
248.895004,175.464996,122.209991,111.070007
248.895004,175.464996,122.209991,111.070007
248.895004,175.464996,122.209991,111.070007
248.895004,175.464996,122.209991,111.070007
248.895004,175.464996,122.209991,111.070007
248.895004,175.464996,122.209991,111.070007
248.895004,175.464996,122.209991,111.070007
248.895004,175.464996,122.209991,111.070007
248.895004,175.464996,122.209991,111.070007
248.895004,175.464996,122.209991,111.070007
248.895004,175.464996,122.209991,111.070007
248.895004,175.464996,122.209991,111.070007
248.895004,175.464996,122.209991,111.070007
248.895004,175.464996,122.209991,111.070007
248.895004,175.464996,122.209991,111.070007
248.895004,175.464996,122.209991,111.070007
248.895004,175.464996,122.209991,111.070007
248.895004,175.464996,122.209991,111.070007
248.895004,175.464996,122.209991,111.070007
248.895004,175.464996,122.209991,111.070007
248.895004,175.464996,122.209991,111.070007
248.895004,175.464996,122.209991,111.070007
248.895004,175.464996,122.209991,111.070007
248.895004,175.464996,122.209991,111.070007
248.895004,175.464996,122.209991,111.070007
248.895004,175.464996,122.209991,111.070007
248.895004,175.464996,122.209991,111.070007
248.895004,175.464996,122.209991,111.070007
248.895004,175.464996,122.209991,111.070007
248.895004,175.464996,122.209991,111.070007
248.895004,175.464996,122.209991,111.070007
248.895004,175.464996,122.209991,111.070007
248.895004,175.464996,122.209991,111.070007
248.895004,175.464996,122.209991,111.070007
248.895004,175.464996,122.209991,111.070007
248.895004,175.464996,122.209991,111.070007
248.895004,175.464996,122.209991,111.070007
248.895004,175.464996,122.209991,111.070007
248.895004,175.464996,122.209991,111.070007
248.895004,175.464996,122.209991,111.070007
248.895004,175.464996,122.209991,111.070007
248.895004,175.464996,122.209991,111.070007
248.895004,175.464996,122.209991,111.070007
248.895004,175.464996,122.209991,111.070007
248.895004,175.464996,122.209991,111.070007
248.895004,175.464996,122.209991,111.070007
248.895004,175.464996,122.209991,111.070007
248.895004,175.464996,122.209991,111.070007
248.895004,175.464996,122.209991,111.070007
248.895004,175.464996,122.209991,111.070007
248.895004,175.464996,122.209991,111.070007
248.895004,175.464996,122.209991,111.070007
248.895004,175.464996,122.209991,111.070007
248.895004,175.464996,122.209991,111.070007
214.895004,206.464996,122.209991,111.070007
214.895004,206.464996,122.209991,111.070007
214.895004,206.464996,122.209991,111.070007
214.895004,206.464996,122.209991,111.070007
214.895004,206.464996,122.209991,111.070007
214.895004,206.464996,122.209991,111.070007
214.895004,206.464996,122.209991,111.070007
214.895004,206.464996,122.209991,111.070007
214.895004,206.464996,122.209991,111.070007
214.895004,206.464996,122.209991,111.070007
214.895004,206.464996,122.209991,111.070007
214.895004,206.464996,122.209991,111.070007
214.895004,206.464996,122.209991,111.070007
214.895004,206.464996,122.209991,111.070007
214.895004,206.464996,122.209991,111.070007
214.895004,206.464996,122.209991,111.070007
214.895004,206.464996,122.209991,111.070007
214.895004,206.464996,122.209991,111.070007
214.895004,206.464996,122.209991,111.070007
214.895004,206.464996,122.209991,111.070007
214.895004,206.464996,122.209991,111.070007
214.895004,206.464996,122.209991,111.070007
214.895004,206.464996,122.209991,111.070007
214.895004,206.464996,122.209991,111.070007
214.895004,206.464996,122.209991,111.070007
214.895004,206.464996,122.209991,111.070007
214.895004,206.464996,122.209991,111.070007
214.895004,206.464996,122.209991,111.070007
214.895004,206.464996,122.209991,111.070007
214.895004,206.464996,122.209991,111.070007
214.895004,206.464996,122.209991,111.070007
214.895004,206.464996,122.209991,111.070007
214.895004,206.464996,122.209991,111.070007
214.895004,206.464996,122.209991,111.070007
214.895004,206.464996,122.209991,111.070007
214.895004,206.464996,122.209991,111.070007
214.895004,206.464996,122.209991,111.070007
214.895004,206.464996,122.209991,111.070007
214.895004,206.464996,122.209991,111.070007
214.895004,206.464996,122.209991,111.070007
171.895004,204.464996,122.209991,111.070007
171.895004,204.464996,122.209991,111.070007
171.895004,204.464996,122.209991,111.070007
171.895004,204.464996,122.209991,111.070007
171.895004,204.464996,122.209991,111.070007
171.895004,204.464996,122.209991,111.070007
225.895004,198.464996,122.209991,111.070007
184.895004,202.464996,122.209991,111.070007
184.895004,202.464996,122.209991,111.070007
227.895004,200.464996,122.209991,111.070007
227.895004,200.464996,122.209991,111.070007
227.895004,200.464996,122.209991,111.070007
227.895004,200.464996,122.209991,111.070007
227.895004,200.464996,122.209991,111.070007
227.895004,200.464996,122.209991,111.070007
227.895004,200.464996,122.209991,111.070007
227.895004,200.464996,122.209991,111.070007
227.895004,200.464996,122.209991,111.070007
227.895004,200.464996,122.209991,111.070007
227.895004,200.464996,122.209991,111.070007
227.895004,200.464996,122.209991,111.070007
227.895004,200.464996,122.209991,111.070007
227.895004,200.464996,122.209991,111.070007
189.895004,198.464996,122.209991,111.070007
189.895004,198.464996,122.209991,111.070007
189.895004,198.464996,122.209991,111.070007
189.895004,198.464996,122.209991,111.070007
189.895004,198.464996,122.209991,111.070007
189.895004,198.464996,122.209991,111.070007
229.895004,204.464996,122.209991,111.070007
229.895004,204.464996,122.209991,111.070007
229.895004,204.464996,122.209991,111.070007
229.895004,204.464996,122.209991,111.070007
229.895004,204.464996,122.209991,111.070007
229.895004,204.464996,122.209991,111.070007
229.895004,204.464996,122.209991,111.070007
229.895004,204.464996,122.209991,111.070007
229.895004,204.464996,122.209991,111.070007
229.895004,204.464996,122.209991,111.070007
229.895004,204.464996,122.209991,111.070007
229.895004,204.464996,122.209991,111.070007
229.895004,204.464996,122.209991,111.070007
229.895004,204.464996,122.209991,111.070007
229.895004,204.464996,122.209991,111.070007
229.895004,204.464996,122.209991,111.070007
229.895004,204.464996,122.209991,111.070007
229.895004,204.464996,122.209991,111.070007
229.895004,204.464996,122.209991,111.070007
229.895004,204.464996,122.209991,111.070007
229.895004,204.464996,122.209991,111.070007
229.895004,204.464996,122.209991,111.070007
229.895004,204.464996,122.209991,111.070007
229.895004,204.464996,122.209991,111.070007
229.895004,204.464996,122.209991,111.070007
229.895004,204.464996,122.209991,111.070007
229.895004,204.464996,122.209991,111.070007
229.895004,204.464996,122.209991,111.070007
229.895004,204.464996,122.209991,111.070007
229.895004,204.464996,122.209991,111.070007
229.895004,204.464996,122.209991,111.070007
229.895004,204.464996,122.209991,111.070007
186.895004,201.464996,122.209991,111.070007
186.895004,201.464996,122.209991,111.070007
186.895004,201.464996,122.209991,111.070007
186.895004,201.464996,122.209991,111.070007
186.895004,201.464996,122.209991,111.070007
186.895004,201.464996,122.209991,111.070007
186.895004,201.464996,122.209991,111.070007
186.895004,201.464996,122.209991,111.070007
186.895004,201.464996,122.209991,111.070007
186.895004,201.464996,122.209991,111.070007
186.895004,201.464996,122.209991,111.070007
186.895004,201.464996,122.209991,111.070007
186.895004,201.464996,122.209991,111.070007
238.895004,193.464996,122.209991,111.070007
238.895004,193.464996,122.209991,111.070007
238.895004,193.464996,122.209991,111.070007
238.895004,193.464996,122.209991,111.070007
198.895004,188.464996,122.209991,111.070007
198.895004,188.464996,122.209991,111.070007
198.895004,188.464996,122.209991,111.070007
198.895004,188.464996,122.209991,111.070007
198.895004,188.464996,122.209991,111.070007
198.895004,188.464996,122.209991,111.070007
198.895004,188.464996,122.209991,111.070007
198.895004,188.464996,122.209991,111.070007
238.895004,193.464996,122.209991,111.070007
238.895004,193.464996,122.209991,111.070007
198.895004,193.464996,122.209991,111.070007
198.895004,193.464996,122.209991,111.070007
243.895004,183.464996,122.209991,111.070007
243.895004,183.464996,122.209991,111.070007
243.895004,183.464996,122.209991,111.070007
243.895004,183.464996,122.209991,111.070007
243.895004,183.464996,122.209991,111.070007
243.895004,183.464996,122.209991,111.070007
243.895004,183.464996,122.209991,111.070007
243.895004,183.464996,122.209991,111.070007
153.895004,198.464996,122.209991,111.070007
153.895004,198.464996,122.209991,111.070007
153.895004,198.464996,122.209991,111.070007
153.895004,198.464996,122.209991,111.070007
228.895004,148.464996,122.209991,111.070007
228.895004,148.464996,122.209991,111.070007
228.895004,148.464996,122.209991,111.070007
263.895020,138.464996,122.209991,111.070007
263.895020,138.464996,122.209991,111.070007
263.895020,138.464996,122.209991,111.070007
263.895020,138.464996,122.209991,111.070007
263.895020,138.464996,122.209991,111.070007
263.895020,138.464996,122.209991,111.070007
263.895020,138.464996,122.209991,111.070007
263.895020,138.464996,122.209991,111.070007
263.895020,138.464996,122.209991,111.070007
263.895020,138.464996,122.209991,111.070007
263.895020,138.464996,122.209991,111.070007
263.895020,138.464996,122.209991,111.070007
218.895004,188.464996,122.209991,111.070007
218.895004,188.464996,122.209991,111.070007
218.895004,188.464996,122.209991,111.070007
218.895004,188.464996,122.209991,111.070007
218.895004,188.464996,122.209991,111.070007
313.895020,178.464996,122.209991,111.070007
313.895020,178.464996,122.209991,111.070007
313.895020,178.464996,122.209991,111.070007
313.895020,178.464996,122.209991,111.070007
313.895020,178.464996,122.209991,111.070007
313.895020,178.464996,122.209991,111.070007
313.895020,178.464996,122.209991,111.070007
313.895020,178.464996,122.209991,111.070007
313.895020,178.464996,122.209991,111.070007
273.895020,148.464996,122.209991,111.070007
273.895020,148.464996,122.209991,111.070007
218.895004,148.464996,122.209991,111.070007
218.895004,148.464996,122.209991,111.070007
218.895004,148.464996,122.209991,111.070007
218.895004,148.464996,122.209991,111.070007
218.895004,148.464996,122.209991,111.070007
218.895004,148.464996,122.209991,111.070007
218.895004,148.464996,122.209991,111.070007
268.895020,153.464996,122.209991,111.070007
268.895020,153.464996,122.209991,111.070007
268.895020,153.464996,122.209991,111.070007
268.895020,153.464996,122.209991,111.070007
268.895020,153.464996,122.209991,111.070007
268.895020,153.464996,122.209991,111.070007
268.895020,153.464996,122.209991,111.070007
268.895020,153.464996,122.209991,111.070007
268.895020,153.464996,122.209991,111.070007
268.895020,153.464996,122.209991,111.070007
268.895020,153.464996,122.209991,111.070007
268.895020,153.464996,122.209991,111.070007
268.895020,153.464996,122.209991,111.070007
268.895020,153.464996,122.209991,111.070007
268.895020,153.464996,122.209991,111.070007
268.895020,153.464996,122.209991,111.070007
268.895020,153.464996,122.209991,111.070007
268.895020,153.464996,122.209991,111.070007
268.895020,153.464996,122.209991,111.070007
268.895020,153.464996,122.209991,111.070007
265.895020,195.464996,122.209991,111.070007
265.895020,195.464996,122.209991,111.070007
265.895020,195.464996,122.209991,111.070007
265.895020,195.464996,122.209991,111.070007
265.895020,195.464996,122.209991,111.070007
265.895020,195.464996,122.209991,111.070007
265.895020,195.464996,122.209991,111.070007
265.895020,195.464996,122.209991,111.070007
265.895020,195.464996,122.209991,111.070007
265.895020,195.464996,122.209991,111.070007
265.895020,195.464996,122.209991,111.070007
265.895020,195.464996,122.209991,111.070007
265.895020,195.464996,122.209991,111.070007
265.895020,195.464996,122.209991,111.070007
265.895020,195.464996,122.209991,111.070007
265.895020,195.464996,122.209991,111.070007
265.895020,195.464996,122.209991,111.070007
265.895020,195.464996,122.209991,111.070007
265.895020,195.464996,122.209991,111.070007
265.895020,195.464996,122.209991,111.070007
265.895020,195.464996,122.209991,111.070007
265.895020,195.464996,122.209991,111.070007
265.895020,195.464996,122.209991,111.070007
265.895020,195.464996,122.209991,111.070007
265.895020,195.464996,122.209991,111.070007
265.895020,195.464996,122.209991,111.070007
265.895020,195.464996,122.209991,111.070007
265.895020,195.464996,122.209991,111.070007
265.895020,195.464996,122.209991,111.070007
265.895020,195.464996,122.209991,111.070007
265.895020,195.464996,122.209991,111.070007
265.895020,195.464996,122.209991,111.070007
265.895020,195.464996,122.209991,111.070007
265.895020,195.464996,122.209991,111.070007
265.895020,195.464996,122.209991,111.070007
265.895020,195.464996,122.209991,111.070007
265.895020,195.464996,122.209991,111.070007
265.895020,195.464996,122.209991,111.070007
265.895020,195.464996,122.209991,111.070007
265.895020,195.464996,122.209991,111.070007
265.895020,195.464996,122.209991,111.070007
265.895020,195.464996,122.209991,111.070007
265.895020,195.464996,122.209991,111.070007
265.895020,195.464996,122.209991,111.070007
265.895020,195.464996,122.209991,111.070007
265.895020,195.464996,122.209991,111.070007
309.895020,184.464996,122.209991,111.070007
309.895020,184.464996,122.209991,111.070007
309.895020,184.464996,122.209991,111.070007
271.895020,181.464996,122.209991,111.070007
271.895020,181.464996,122.209991,111.070007
271.895020,181.464996,122.209991,111.070007
271.895020,181.464996,122.209991,111.070007
271.895020,181.464996,122.209991,111.070007
271.895020,181.464996,122.209991,111.070007
271.895020,181.464996,122.209991,111.070007
271.895020,181.464996,122.209991,111.070007
271.895020,181.464996,122.209991,111.070007
271.895020,181.464996,122.209991,111.070007
271.895020,181.464996,122.209991,111.070007
271.895020,181.464996,122.209991,111.070007
271.895020,181.464996,122.209991,111.070007
271.895020,181.464996,122.209991,111.070007
271.895020,181.464996,122.209991,111.070007
271.895020,181.464996,122.209991,111.070007
271.895020,181.464996,122.209991,111.070007
271.895020,181.464996,122.209991,111.070007
271.895020,181.464996,122.209991,111.070007
271.895020,181.464996,122.209991,111.070007
271.895020,181.464996,122.209991,111.070007
271.895020,181.464996,122.209991,111.070007
271.895020,181.464996,122.209991,111.070007
271.895020,181.464996,122.209991,111.070007
271.895020,181.464996,122.209991,111.070007
271.895020,181.464996,122.209991,111.070007
271.895020,181.464996,122.209991,111.070007
271.895020,181.464996,122.209991,111.070007
271.895020,181.464996,122.209991,111.070007
271.895020,181.464996,122.209991,111.070007
271.895020,181.464996,122.209991,111.070007
271.895020,181.464996,122.209991,111.070007
271.895020,181.464996,122.209991,111.070007
271.895020,181.464996,122.209991,111.070007
271.895020,181.464996,122.209991,111.070007
271.895020,181.464996,122.209991,111.070007
271.895020,181.464996,122.209991,111.070007
271.895020,181.464996,122.209991,111.070007
271.895020,181.464996,122.209991,111.070007
271.895020,181.464996,122.209991,111.070007
271.895020,181.464996,122.209991,111.070007
271.895020,181.464996,122.209991,111.070007
271.895020,181.464996,122.209991,111.070007
271.895020,181.464996,122.209991,111.070007
271.895020,181.464996,122.209991,111.070007
271.895020,181.464996,122.209991,111.070007
271.895020,181.464996,122.209991,111.070007
271.895020,181.464996,122.209991,111.070007
271.895020,181.464996,122.209991,111.070007
271.895020,181.464996,122.209991,111.070007
271.895020,181.464996,122.209991,111.070007
271.895020,181.464996,122.209991,111.070007
271.895020,181.464996,122.209991,111.070007
271.895020,181.464996,122.209991,111.070007
271.895020,181.464996,122.209991,111.070007
271.895020,181.464996,122.209991,111.070007
271.895020,181.464996,122.209991,111.070007
271.895020,181.464996,122.209991,111.070007
271.895020,181.464996,122.209991,111.070007
271.895020,181.464996,122.209991,111.070007
321.895020,166.464996,122.209991,111.070007
321.895020,166.464996,122.209991,111.070007
321.895020,166.464996,122.209991,111.070007
321.895020,166.464996,122.209991,111.070007
321.895020,166.464996,122.209991,111.070007
321.895020,166.464996,122.209991,111.070007
321.895020,166.464996,122.209991,111.070007
321.895020,166.464996,122.209991,111.070007
321.895020,166.464996,122.209991,111.070007
321.895020,166.464996,122.209991,111.070007
261.895020,171.464996,122.209991,111.070007
261.895020,171.464996,122.209991,111.070007
261.895020,171.464996,122.209991,111.070007
261.895020,171.464996,122.209991,111.070007
261.895020,171.464996,122.209991,111.070007
261.895020,171.464996,122.209991,111.070007
261.895020,171.464996,122.209991,111.070007
261.895020,171.464996,122.209991,111.070007
261.895020,171.464996,122.209991,111.070007
261.895020,171.464996,122.209991,111.070007
261.895020,171.464996,122.209991,111.070007
261.895020,171.464996,122.209991,111.070007
261.895020,171.464996,122.209991,111.070007
261.895020,171.464996,122.209991,111.070007
261.895020,171.464996,122.209991,111.070007
261.895020,171.464996,122.209991,111.070007
261.895020,171.464996,122.209991,111.070007
261.895020,171.464996,122.209991,111.070007
261.895020,171.464996,122.209991,111.070007
261.895020,171.464996,122.209991,111.070007
261.895020,171.464996,122.209991,111.070007
261.895020,171.464996,122.209991,111.070007
261.895020,171.464996,122.209991,111.070007
261.895020,171.464996,122.209991,111.070007
261.895020,171.464996,122.209991,111.070007
261.895020,171.464996,122.209991,111.070007
261.895020,171.464996,122.209991,111.070007
261.895020,171.464996,122.209991,111.070007
261.895020,171.464996,122.209991,111.070007
261.895020,171.464996,122.209991,111.070007
261.895020,171.464996,122.209991,111.070007
261.895020,171.464996,122.209991,111.070007
261.895020,171.464996,122.209991,111.070007
261.895020,171.464996,122.209991,111.070007
261.895020,171.464996,122.209991,111.070007
261.895020,171.464996,122.209991,111.070007
261.895020,171.464996,122.209991,111.070007
261.895020,171.464996,122.209991,111.070007
261.895020,171.464996,122.209991,111.070007
261.895020,171.464996,122.209991,111.070007
261.895020,171.464996,122.209991,111.070007
261.895020,171.464996,122.209991,111.070007
261.895020,171.464996,122.209991,111.070007
261.895020,171.464996,122.209991,111.070007
261.895020,171.464996,122.209991,111.070007
261.895020,171.464996,122.209991,111.070007
261.895020,171.464996,122.209991,111.070007
261.895020,171.464996,122.209991,111.070007
261.895020,171.464996,122.209991,111.070007
261.895020,171.464996,122.209991,111.070007
309.895020,199.464996,122.209991,111.070007
309.895020,199.464996,122.209991,111.070007
309.895020,199.464996,122.209991,111.070007
309.895020,199.464996,122.209991,111.070007
309.895020,199.464996,122.209991,111.070007
309.895020,199.464996,122.209991,111.070007
309.895020,199.464996,122.209991,111.070007
272.895020,182.464996,122.209991,111.070007
272.895020,182.464996,122.209991,111.070007
272.895020,182.464996,122.209991,111.070007
272.895020,182.464996,122.209991,111.070007
272.895020,182.464996,122.209991,111.070007
272.895020,182.464996,122.209991,111.070007
272.895020,182.464996,122.209991,111.070007
272.895020,182.464996,122.209991,111.070007
272.895020,182.464996,122.209991,111.070007
272.895020,182.464996,122.209991,111.070007
272.895020,182.464996,122.209991,111.070007
272.895020,182.464996,122.209991,111.070007
272.895020,182.464996,122.209991,111.070007
272.895020,182.464996,122.209991,111.070007
272.895020,182.464996,122.209991,111.070007
272.895020,182.464996,122.209991,111.070007
272.895020,182.464996,122.209991,111.070007
272.895020,182.464996,122.209991,111.070007
272.895020,182.464996,122.209991,111.070007
272.895020,182.464996,122.209991,111.070007
272.895020,182.464996,122.209991,111.070007
272.895020,182.464996,122.209991,111.070007
272.895020,182.464996,122.209991,111.070007
272.895020,182.464996,122.209991,111.070007
272.895020,182.464996,122.209991,111.070007
272.895020,182.464996,122.209991,111.070007
272.895020,182.464996,122.209991,111.070007
272.895020,182.464996,122.209991,111.070007
272.895020,182.464996,122.209991,111.070007
272.895020,182.464996,122.209991,111.070007
272.895020,182.464996,122.209991,111.070007
272.895020,182.464996,122.209991,111.070007
272.895020,182.464996,122.209991,111.070007
272.895020,182.464996,122.209991,111.070007
272.895020,182.464996,122.209991,111.070007
272.895020,182.464996,122.209991,111.070007
272.895020,182.464996,122.209991,111.070007
272.895020,182.464996,122.209991,111.070007
272.895020,182.464996,122.209991,111.070007
272.895020,182.464996,122.209991,111.070007
272.895020,182.464996,122.209991,111.070007
272.895020,182.464996,122.209991,111.070007
272.895020,182.464996,122.209991,111.070007
272.895020,182.464996,122.209991,111.070007
272.895020,182.464996,122.209991,111.070007
272.895020,182.464996,122.209991,111.070007
272.895020,182.464996,122.209991,111.070007
272.895020,182.464996,122.209991,111.070007
272.895020,182.464996,122.209991,111.070007
272.895020,182.464996,122.209991,111.070007
242.895004,222.464996,122.209991,111.070007
242.895004,222.464996,122.209991,111.070007
242.895004,222.464996,122.209991,111.070007
242.895004,222.464996,122.209991,111.070007
242.895004,222.464996,122.209991,111.070007
242.895004,222.464996,122.209991,111.070007
242.895004,222.464996,122.209991,111.070007
242.895004,222.464996,122.209991,111.070007
242.895004,222.464996,122.209991,111.070007
242.895004,222.464996,122.209991,111.070007
242.895004,222.464996,122.209991,111.070007
242.895004,222.464996,122.209991,111.070007
242.895004,222.464996,122.209991,111.070007
242.895004,222.464996,122.209991,111.070007
242.895004,222.464996,122.209991,111.070007
242.895004,222.464996,122.209991,111.070007
242.895004,222.464996,122.209991,111.070007
242.895004,222.464996,122.209991,111.070007
242.895004,222.464996,122.209991,111.070007
304.895020,214.464996,122.209991,111.070007
304.895020,214.464996,122.209991,111.070007
304.895020,214.464996,122.209991,111.070007
304.895020,214.464996,122.209991,111.070007
304.895020,214.464996,122.209991,111.070007
304.895020,214.464996,122.209991,111.070007
304.895020,214.464996,122.209991,111.070007
304.895020,214.464996,122.209991,111.070007
304.895020,214.464996,122.209991,111.070007
304.895020,214.464996,122.209991,111.070007
304.895020,214.464996,122.209991,111.070007
304.895020,214.464996,122.209991,111.070007
304.895020,214.464996,122.209991,111.070007
304.895020,214.464996,122.209991,111.070007
304.895020,214.464996,122.209991,111.070007
304.895020,214.464996,122.209991,111.070007
304.895020,214.464996,122.209991,111.070007
304.895020,214.464996,122.209991,111.070007
304.895020,214.464996,122.209991,111.070007
304.895020,214.464996,122.209991,111.070007
304.895020,214.464996,122.209991,111.070007
304.895020,214.464996,122.209991,111.070007
304.895020,214.464996,122.209991,111.070007
304.895020,214.464996,122.209991,111.070007
304.895020,214.464996,122.209991,111.070007
304.895020,214.464996,122.209991,111.070007
304.895020,214.464996,122.209991,111.070007
304.895020,214.464996,122.209991,111.070007
304.895020,214.464996,122.209991,111.070007
304.895020,214.464996,122.209991,111.070007
304.895020,214.464996,122.209991,111.070007
304.895020,214.464996,122.209991,111.070007
304.895020,214.464996,122.209991,111.070007
304.895020,214.464996,122.209991,111.070007
304.895020,214.464996,122.209991,111.070007
304.895020,214.464996,122.209991,111.070007
304.895020,214.464996,122.209991,111.070007
304.895020,214.464996,122.209991,111.070007
304.895020,214.464996,122.209991,111.070007
304.895020,214.464996,122.209991,111.070007
304.895020,214.464996,122.209991,111.070007
304.895020,214.464996,122.209991,111.070007
304.895020,214.464996,122.209991,111.070007
304.895020,214.464996,122.209991,111.070007
304.895020,214.464996,122.209991,111.070007
304.895020,214.464996,122.209991,111.070007
304.895020,214.464996,122.209991,111.070007
304.895020,214.464996,122.209991,111.070007
304.895020,214.464996,122.209991,111.070007
304.895020,214.464996,122.209991,111.070007
304.895020,214.464996,122.209991,111.070007
304.895020,214.464996,122.209991,111.070007
304.895020,214.464996,122.209991,111.070007
304.895020,214.464996,122.209991,111.070007
304.895020,214.464996,122.209991,111.070007
304.895020,214.464996,122.209991,111.070007
304.895020,214.464996,122.209991,111.070007
304.895020,214.464996,122.209991,111.070007
304.895020,214.464996,122.209991,111.070007
304.895020,214.464996,122.209991,111.070007
304.895020,214.464996,122.209991,111.070007
304.895020,214.464996,122.209991,111.070007
304.895020,214.464996,122.209991,111.070007
304.895020,214.464996,122.209991,111.070007
304.895020,214.464996,122.209991,111.070007
304.895020,214.464996,122.209991,111.070007
304.895020,214.464996,122.209991,111.070007
304.895020,214.464996,122.209991,111.070007
304.895020,214.464996,122.209991,111.070007
304.895020,214.464996,122.209991,111.070007
304.895020,214.464996,122.209991,111.070007
304.895020,214.464996,122.209991,111.070007
304.895020,214.464996,122.209991,111.070007
304.895020,214.464996,122.209991,111.070007
304.895020,214.464996,122.209991,111.070007
304.895020,214.464996,122.209991,111.070007
304.895020,214.464996,122.209991,111.070007
304.895020,214.464996,122.209991,111.070007
304.895020,214.464996,122.209991,111.070007
304.895020,214.464996,122.209991,111.070007
304.895020,214.464996,122.209991,111.070007
304.895020,214.464996,122.209991,111.070007
304.895020,214.464996,122.209991,111.070007
304.895020,214.464996,122.209991,111.070007
304.895020,214.464996,122.209991,111.070007
304.895020,214.464996,122.209991,111.070007
304.895020,214.464996,122.209991,111.070007
304.895020,214.464996,122.209991,111.070007
304.895020,214.464996,122.209991,111.070007
304.895020,214.464996,122.209991,111.070007
304.895020,214.464996,122.209991,111.070007
304.895020,214.464996,122.209991,111.070007
304.895020,214.464996,122.209991,111.070007
304.895020,214.464996,122.209991,111.070007
304.895020,214.464996,122.209991,111.070007
304.895020,214.464996,122.209991,111.070007
304.895020,214.464996,122.209991,111.070007
304.895020,214.464996,122.209991,111.070007
304.895020,214.464996,122.209991,111.070007
304.895020,214.464996,122.209991,111.070007
304.895020,214.464996,122.209991,111.070007
304.895020,214.464996,122.209991,111.070007
304.895020,214.464996,122.209991,111.070007
304.895020,214.464996,122.209991,111.070007
304.895020,214.464996,122.209991,111.070007
304.895020,214.464996,122.209991,111.070007
304.895020,214.464996,122.209991,111.070007
304.895020,214.464996,122.209991,111.070007
304.895020,214.464996,122.209991,111.070007
304.895020,214.464996,122.209991,111.070007
304.895020,214.464996,122.209991,111.070007
304.895020,214.464996,122.209991,111.070007
304.895020,214.464996,122.209991,111.070007
304.895020,214.464996,122.209991,111.070007
304.895020,214.464996,122.209991,111.070007
304.895020,214.464996,122.209991,111.070007
304.895020,214.464996,122.209991,111.070007
304.895020,214.464996,122.209991,111.070007
304.895020,214.464996,122.209991,111.070007
304.895020,214.464996,122.209991,111.070007
304.895020,214.464996,122.209991,111.070007
304.895020,214.464996,122.209991,111.070007
304.895020,214.464996,122.209991,111.070007
304.895020,214.464996,122.209991,111.070007
304.895020,214.464996,122.209991,111.070007
304.895020,214.464996,122.209991,111.070007
304.895020,214.464996,122.209991,111.070007
304.895020,214.464996,122.209991,111.070007
304.895020,214.464996,122.209991,111.070007
304.895020,214.464996,122.209991,111.070007
304.895020,214.464996,122.209991,111.070007
304.895020,214.464996,122.209991,111.070007
304.895020,214.464996,122.209991,111.070007
304.895020,214.464996,122.209991,111.070007
304.895020,214.464996,122.209991,111.070007
304.895020,214.464996,122.209991,111.070007
304.895020,214.464996,122.209991,111.070007
304.895020,214.464996,122.209991,111.070007
304.895020,214.464996,122.209991,111.070007
304.895020,214.464996,122.209991,111.070007
304.895020,214.464996,122.209991,111.070007
304.895020,214.464996,122.209991,111.070007
304.895020,214.464996,122.209991,111.070007
304.895020,214.464996,122.209991,111.070007
304.895020,214.464996,122.209991,111.070007
304.895020,214.464996,122.209991,111.070007
304.895020,214.464996,122.209991,111.070007
304.895020,214.464996,122.209991,111.070007
304.895020,214.464996,122.209991,111.070007
304.895020,214.464996,122.209991,111.070007
304.895020,214.464996,122.209991,111.070007
304.895020,214.464996,122.209991,111.070007
304.895020,214.464996,122.209991,111.070007
304.895020,214.464996,122.209991,111.070007
352.895020,222.464996,122.209991,111.070007
352.895020,222.464996,122.209991,111.070007
352.895020,222.464996,122.209991,111.070007
352.895020,222.464996,122.209991,111.070007
352.895020,222.464996,122.209991,111.070007
352.895020,222.464996,122.209991,111.070007
352.895020,222.464996,122.209991,111.070007
352.895020,222.464996,122.209991,111.070007
352.895020,222.464996,122.209991,111.070007
352.895020,222.464996,122.209991,111.070007
317.895020,222.464996,122.209991,111.070007
281.895020,216.464996,122.209991,111.070007
281.895020,216.464996,122.209991,111.070007
281.895020,216.464996,122.209991,111.070007
281.895020,216.464996,122.209991,111.070007
281.895020,216.464996,122.209991,111.070007
281.895020,216.464996,122.209991,111.070007
281.895020,216.464996,122.209991,111.070007
281.895020,216.464996,122.209991,111.070007
281.895020,216.464996,122.209991,111.070007
281.895020,216.464996,122.209991,111.070007
281.895020,216.464996,122.209991,111.070007
281.895020,216.464996,122.209991,111.070007
281.895020,216.464996,122.209991,111.070007
281.895020,216.464996,122.209991,111.070007
281.895020,216.464996,122.209991,111.070007
281.895020,216.464996,122.209991,111.070007
281.895020,216.464996,122.209991,111.070007
281.895020,216.464996,122.209991,111.070007
281.895020,216.464996,122.209991,111.070007
278.895020,188.464996,122.209991,111.070007
278.895020,188.464996,122.209991,111.070007
278.895020,188.464996,122.209991,111.070007
278.895020,188.464996,122.209991,111.070007
234.895004,184.464996,122.209991,111.070007
234.895004,184.464996,122.209991,111.070007
234.895004,184.464996,122.209991,111.070007
234.895004,184.464996,122.209991,111.070007
234.895004,184.464996,122.209991,111.070007
234.895004,184.464996,122.209991,111.070007
234.895004,184.464996,122.209991,111.070007
301.895020,221.464996,122.209991,111.070007
301.895020,221.464996,122.209991,111.070007
269.895020,189.464996,122.209991,111.070007
318.895020,213.464996,122.209991,111.070007
318.895020,213.464996,122.209991,111.070007
318.895020,213.464996,122.209991,111.070007
318.895020,213.464996,122.209991,111.070007
318.895020,213.464996,122.209991,111.070007
318.895020,213.464996,122.209991,111.070007
318.895020,213.464996,122.209991,111.070007
216.895004,176.464996,122.209991,111.070007
216.895004,176.464996,122.209991,111.070007
216.895004,176.464996,122.209991,111.070007
216.895004,176.464996,122.209991,111.070007
216.895004,176.464996,122.209991,111.070007
216.895004,176.464996,122.209991,111.070007
216.895004,176.464996,122.209991,111.070007
289.895020,174.464996,122.209991,111.070007
258.895020,183.464996,122.209991,111.070007
258.895020,183.464996,122.209991,111.070007
258.895020,183.464996,122.209991,111.070007
258.895020,183.464996,122.209991,111.070007
258.895020,183.464996,122.209991,111.070007
258.895020,183.464996,122.209991,111.070007
258.895020,183.464996,122.209991,111.070007
258.895020,183.464996,122.209991,111.070007
258.895020,183.464996,122.209991,111.070007
258.895020,183.464996,122.209991,111.070007
258.895020,183.464996,122.209991,111.070007
258.895020,183.464996,122.209991,111.070007
258.895020,183.464996,122.209991,111.070007
258.895020,183.464996,122.209991,111.070007
258.895020,183.464996,122.209991,111.070007
258.895020,183.464996,122.209991,111.070007
258.895020,183.464996,122.209991,111.070007
258.895020,183.464996,122.209991,111.070007
258.895020,183.464996,122.209991,111.070007
258.895020,183.464996,122.209991,111.070007
258.895020,183.464996,122.209991,111.070007
258.895020,183.464996,122.209991,111.070007
258.895020,183.464996,122.209991,111.070007
258.895020,183.464996,122.209991,111.070007
224.895004,179.464996,122.209991,111.070007
224.895004,179.464996,122.209991,111.070007
224.895004,179.464996,122.209991,111.070007
186.895004,176.464996,122.209991,111.070007
186.895004,176.464996,122.209991,111.070007
186.895004,176.464996,122.209991,111.070007
186.895004,176.464996,122.209991,111.070007
267.895020,212.464996,122.209991,111.070007
267.895020,212.464996,122.209991,111.070007
267.895020,212.464996,122.209991,111.070007
267.895020,212.464996,122.209991,111.070007
258.895020,183.464996,122.209991,111.070007
258.895020,183.464996,122.209991,111.070007
258.895020,183.464996,122.209991,111.070007
258.895020,183.464996,122.209991,111.070007
199.895004,179.464996,122.209991,111.070007
199.895004,179.464996,122.209991,111.070007
199.895004,179.464996,122.209991,111.070007
166.895004,186.464996,122.209991,111.070007
166.895004,186.464996,122.209991,111.070007
166.895004,186.464996,122.209991,111.070007
213.895004,183.464996,122.209991,111.070007
213.895004,183.464996,122.209991,111.070007
213.895004,183.464996,122.209991,111.070007
213.895004,183.464996,122.209991,111.070007
213.895004,183.464996,122.209991,111.070007
213.895004,183.464996,122.209991,111.070007
167.895004,192.464996,122.209991,111.070007
167.895004,192.464996,122.209991,111.070007
167.895004,192.464996,122.209991,111.070007
167.895004,192.464996,122.209991,111.070007
193.895004,158.464996,122.209991,111.070007
193.895004,158.464996,122.209991,111.070007
193.895004,158.464996,122.209991,111.070007
193.895004,158.464996,122.209991,111.070007
193.895004,158.464996,122.209991,111.070007
193.895004,158.464996,122.209991,111.070007
193.895004,158.464996,122.209991,111.070007
193.895004,158.464996,122.209991,111.070007
193.895004,158.464996,122.209991,111.070007
193.895004,158.464996,122.209991,111.070007
193.895004,158.464996,122.209991,111.070007
193.895004,158.464996,122.209991,111.070007
193.895004,158.464996,122.209991,111.070007
260.895020,175.464996,122.209991,111.070007
260.895020,175.464996,122.209991,111.070007
260.895020,175.464996,122.209991,111.070007
260.895020,175.464996,122.209991,111.070007
260.895020,175.464996,122.209991,111.070007
260.895020,175.464996,122.209991,111.070007
260.895020,175.464996,122.209991,111.070007
260.895020,175.464996,122.209991,111.070007
260.895020,175.464996,122.209991,111.070007
260.895020,175.464996,122.209991,111.070007
260.895020,175.464996,122.209991,111.070007
260.895020,175.464996,122.209991,111.070007
198.895004,163.464996,122.209991,111.070007
198.895004,163.464996,122.209991,111.070007
281.895020,191.464996,122.209991,111.070007
281.895020,191.464996,122.209991,111.070007
250.895004,190.464996,122.209991,111.070007
250.895004,190.464996,122.209991,111.070007
250.895004,190.464996,122.209991,111.070007
250.895004,190.464996,122.209991,111.070007
250.895004,190.464996,122.209991,111.070007
250.895004,190.464996,122.209991,111.070007
250.895004,190.464996,122.209991,111.070007
250.895004,190.464996,122.209991,111.070007
250.895004,190.464996,122.209991,111.070007
250.895004,190.464996,122.209991,111.070007
250.895004,190.464996,122.209991,111.070007
250.895004,190.464996,122.209991,111.070007
183.895004,188.464996,122.209991,111.070007
183.895004,188.464996,122.209991,111.070007
183.895004,188.464996,122.209991,111.070007
183.895004,188.464996,122.209991,111.070007
183.895004,188.464996,122.209991,111.070007
183.895004,188.464996,122.209991,111.070007
183.895004,188.464996,122.209991,111.070007
183.895004,188.464996,122.209991,111.070007
183.895004,188.464996,122.209991,111.070007
183.895004,188.464996,122.209991,111.070007
243.895004,203.464996,122.209991,111.070007
243.895004,203.464996,122.209991,111.070007
243.895004,203.464996,122.209991,111.070007
243.895004,203.464996,122.209991,111.070007
243.895004,203.464996,122.209991,111.070007
243.895004,203.464996,122.209991,111.070007
243.895004,203.464996,122.209991,111.070007
243.895004,203.464996,122.209991,111.070007
243.895004,203.464996,122.209991,111.070007
243.895004,203.464996,122.209991,111.070007
183.895004,203.464996,122.209991,111.070007
183.895004,203.464996,122.209991,111.070007
183.895004,203.464996,122.209991,111.070007
183.895004,203.464996,122.209991,111.070007
183.895004,203.464996,122.209991,111.070007
183.895004,203.464996,122.209991,111.070007
183.895004,203.464996,122.209991,111.070007
183.895004,203.464996,122.209991,111.070007
183.895004,203.464996,122.209991,111.070007
183.895004,203.464996,122.209991,111.070007
183.895004,203.464996,122.209991,111.070007
252.895004,222.464996,122.209991,111.070007
252.895004,222.464996,122.209991,111.070007
252.895004,222.464996,122.209991,111.070007
252.895004,222.464996,122.209991,111.070007
252.895004,222.464996,122.209991,111.070007
252.895004,222.464996,122.209991,111.070007
252.895004,222.464996,122.209991,111.070007
252.895004,222.464996,122.209991,111.070007
252.895004,222.464996,122.209991,111.070007
252.895004,222.464996,122.209991,111.070007
252.895004,222.464996,122.209991,111.070007
