1
187.949997,212.550003,40.449997,120.809982
187.949997,212.550003,40.449997,120.809982
187.949997,212.550003,40.449997,120.809982
187.949997,212.550003,40.449997,120.809982
187.949997,212.550003,40.449997,120.809982
187.949997,212.550003,40.449997,120.809982
187.949997,212.550003,40.449997,120.809982
187.949997,212.550003,40.449997,120.809982
187.949997,212.550003,40.449997,120.809982
187.949997,212.550003,40.449997,120.809982
187.949997,212.550003,40.449997,120.809982
187.949997,212.550003,40.449997,120.809982
187.949997,212.550003,40.449997,120.809982
187.949997,212.550003,40.449997,120.809982
187.949997,212.550003,40.449997,120.809982
187.949997,212.550003,40.449997,120.809982
187.949997,212.550003,40.449997,120.809982
187.949997,212.550003,40.449997,120.809982
187.949997,212.550003,40.449997,120.809982
187.949997,212.550003,40.449997,120.809982
187.949997,212.550003,40.449997,120.809982
187.949997,212.550003,40.449997,120.809982
187.949997,212.550003,40.449997,120.809982
187.949997,212.550003,40.449997,120.809982
187.774994,211.595016,40.449997,120.809982
187.774994,211.595016,40.449997,120.809982
187.774994,211.595016,40.449997,120.809982
2
0
0
0
0
1
250.220001,219.960007,47.440002,110.029984
250.220001,219.960007,47.440002,110.029984
250.220001,219.960007,47.440002,110.029984
250.220001,219.960007,47.440002,110.029984
250.220001,219.960007,47.440002,110.029984
250.220001,219.960007,47.440002,110.029984
279.279999,224.985001,47.440002,110.029984
279.279999,224.985001,47.440002,110.029984
279.279999,224.985001,47.440002,110.029984
279.279999,224.985001,47.440002,110.029984
279.279999,224.985001,47.440002,110.029984
279.279999,224.985001,47.440002,110.029984
279.279999,224.985001,47.440002,110.029984
279.279999,224.985001,47.440002,110.029984
279.279999,224.985001,47.440002,110.029984
279.279999,224.985001,47.440002,110.029984
279.279999,224.985001,47.440002,110.029984
265.279999,224.985001,47.440002,110.029984
265.279999,224.985001,47.440002,110.029984
265.279999,224.985001,47.440002,110.029984
265.279999,224.985001,47.440002,110.029984
265.279999,224.985001,47.440002,110.029984
265.279999,224.985001,47.440002,110.029984
265.279999,224.985001,47.440002,110.029984
265.279999,224.985001,47.440002,110.029984
265.279999,224.985001,47.440002,110.029984
265.279999,224.985001,47.440002,110.029984
265.279999,224.985001,47.440002,110.029984
265.279999,224.985001,47.440002,110.029984
265.279999,224.985001,47.440002,110.029984
265.279999,224.985001,47.440002,110.029984
265.279999,224.985001,47.440002,110.029984
265.279999,224.985001,47.440002,110.029984
265.279999,224.985001,47.440002,110.029984
265.279999,224.985001,47.440002,110.029984
265.279999,224.985001,47.440002,110.029984
265.279999,224.985001,47.440002,110.029984
265.279999,224.985001,47.440002,110.029984
265.279999,224.985001,47.440002,110.029984
2
0
0
0
0
1
150.009995,223.720001,74.639999,109.079987
150.009995,223.720001,74.639999,109.079987
150.009995,223.720001,74.639999,109.079987
150.009995,223.720001,74.639999,109.079987
150.009995,223.720001,74.639999,109.079987
150.009995,223.720001,74.639999,109.079987
150.009995,223.720001,74.639999,109.079987
150.009995,223.720001,74.639999,109.079987
150.009995,223.720001,74.639999,109.079987
150.009995,223.720001,74.639999,109.079987
150.009995,223.720001,74.639999,109.079987
150.009995,223.720001,74.639999,109.079987
150.009995,223.720001,74.639999,109.079987
150.009995,223.720001,74.639999,109.079987
150.009995,223.720001,74.639999,109.079987
150.009995,223.720001,74.639999,109.079987
150.009995,223.720001,74.639999,109.079987
150.009995,223.720001,74.639999,109.079987
150.009995,223.720001,74.639999,109.079987
150.009995,223.720001,74.639999,109.079987
150.009995,223.720001,74.639999,109.079987
150.009995,223.720001,74.639999,109.079987
150.009995,223.720001,74.639999,109.079987
150.009995,223.720001,74.639999,109.079987
150.009995,223.720001,74.639999,109.079987
150.009995,223.720001,74.639999,109.079987
150.009995,223.720001,74.639999,109.079987
150.009995,223.720001,74.639999,109.079987
150.009995,223.720001,74.639999,109.079987
150.009995,223.720001,74.639999,109.079987
150.009995,223.720001,74.639999,109.079987
150.009995,223.720001,74.639999,109.079987
150.009995,223.720001,74.639999,109.079987
150.009995,223.720001,74.639999,109.079987
150.009995,223.720001,74.639999,109.079987
150.009995,223.720001,74.639999,109.079987
150.009995,223.720001,74.639999,109.079987
150.009995,223.720001,74.639999,109.079987
150.009995,223.720001,74.639999,109.079987
150.009995,223.720001,74.639999,109.079987
149.680008,223.460007,74.639999,109.079987
149.680008,223.460007,74.639999,109.079987
149.680008,223.460007,74.639999,109.079987
149.680008,223.460007,74.639999,109.079987
149.680008,223.460007,74.639999,109.079987
149.680008,223.460007,74.639999,109.079987
149.680008,223.460007,74.639999,109.079987
149.680008,223.460007,74.639999,109.079987
149.680008,223.460007,74.639999,109.079987
149.680008,223.460007,74.639999,109.079987
149.680008,223.460007,74.639999,109.079987
149.680008,223.460007,74.639999,109.079987
149.680008,223.460007,74.639999,109.079987
149.680008,223.460007,74.639999,109.079987
149.680008,223.460007,74.639999,109.079987
149.680008,223.460007,74.639999,109.079987
149.680008,223.460007,74.639999,109.079987
149.680008,223.460007,74.639999,109.079987
149.680008,223.460007,74.639999,109.079987
149.680008,223.460007,74.639999,109.079987
149.680008,223.460007,74.639999,109.079987
149.680008,223.460007,74.639999,109.079987
149.680008,223.460007,74.639999,109.079987
149.680008,223.460007,74.639999,109.079987
149.680008,223.460007,74.639999,109.079987
149.680008,223.460007,74.639999,109.079987
149.680008,223.460007,74.639999,109.079987
149.680008,223.460007,74.639999,109.079987
2
0
0
0
0
1
234.899994,163.279999,43.000000,100.610016
234.899994,163.279999,43.000000,100.610016
234.899994,163.279999,43.000000,100.610016
234.899994,163.279999,43.000000,100.610016
251.500000,164.694992,43.000000,100.610016
229.500000,163.694992,43.000000,100.610016
229.500000,163.694992,43.000000,100.610016
250.500000,186.694992,43.000000,100.610016
250.500000,186.694992,43.000000,100.610016
250.500000,186.694992,43.000000,100.610016
250.500000,186.694992,43.000000,100.610016
250.500000,186.694992,43.000000,100.610016
250.500000,186.694992,43.000000,100.610016
250.500000,186.694992,43.000000,100.610016
250.500000,186.694992,43.000000,100.610016
250.500000,186.694992,43.000000,100.610016
250.500000,186.694992,43.000000,100.610016
250.500000,186.694992,43.000000,100.610016
250.500000,186.694992,43.000000,100.610016
250.500000,186.694992,43.000000,100.610016
250.500000,186.694992,43.000000,100.610016
250.500000,186.694992,43.000000,100.610016
250.500000,186.694992,43.000000,100.610016
250.500000,186.694992,43.000000,100.610016
250.500000,186.694992,43.000000,100.610016
250.500000,186.694992,43.000000,100.610016
250.500000,186.694992,43.000000,100.610016
250.500000,186.694992,43.000000,100.610016
250.500000,186.694992,43.000000,100.610016
250.500000,186.694992,43.000000,100.610016
250.500000,186.694992,43.000000,100.610016
250.500000,186.694992,43.000000,100.610016
250.500000,186.694992,43.000000,100.610016
250.500000,186.694992,43.000000,100.610016
266.500000,131.694992,43.000000,100.610016
266.500000,131.694992,43.000000,100.610016
266.500000,131.694992,43.000000,100.610016
266.500000,131.694992,43.000000,100.610016
266.500000,131.694992,43.000000,100.610016
266.500000,131.694992,43.000000,100.610016
266.500000,131.694992,43.000000,100.610016
266.500000,131.694992,43.000000,100.610016
287.500000,124.694992,43.000000,100.610016
287.500000,124.694992,43.000000,100.610016
276.500000,116.694992,43.000000,100.610016
276.500000,116.694992,43.000000,100.610016
276.500000,116.694992,43.000000,100.610016
276.500000,116.694992,43.000000,100.610016
276.500000,116.694992,43.000000,100.610016
276.500000,116.694992,43.000000,100.610016
276.500000,116.694992,43.000000,100.610016
276.500000,116.694992,43.000000,100.610016
276.500000,116.694992,43.000000,100.610016
276.500000,116.694992,43.000000,100.610016
276.500000,116.694992,43.000000,100.610016
276.500000,116.694992,43.000000,100.610016
276.500000,116.694992,43.000000,100.610016
276.500000,116.694992,43.000000,100.610016
276.500000,116.694992,43.000000,100.610016
276.500000,116.694992,43.000000,100.610016
276.500000,116.694992,43.000000,100.610016
276.500000,116.694992,43.000000,100.610016
276.500000,116.694992,43.000000,100.610016
276.500000,116.694992,43.000000,100.610016
276.500000,116.694992,43.000000,100.610016
276.500000,116.694992,43.000000,100.610016
276.500000,116.694992,43.000000,100.610016
276.500000,116.694992,43.000000,100.610016
276.500000,116.694992,43.000000,100.610016
276.500000,116.694992,43.000000,100.610016
276.500000,116.694992,43.000000,100.610016
276.500000,116.694992,43.000000,100.610016
276.500000,116.694992,43.000000,100.610016
276.500000,116.694992,43.000000,100.610016
276.500000,116.694992,43.000000,100.610016
276.500000,116.694992,43.000000,100.610016
276.500000,116.694992,43.000000,100.610016
276.500000,116.694992,43.000000,100.610016
276.500000,116.694992,43.000000,100.610016
276.500000,116.694992,43.000000,100.610016
276.500000,116.694992,43.000000,100.610016
276.500000,116.694992,43.000000,100.610016
276.500000,116.694992,43.000000,100.610016
276.500000,116.694992,43.000000,100.610016
276.500000,116.694992,43.000000,100.610016
276.500000,116.694992,43.000000,100.610016
276.500000,116.694992,43.000000,100.610016
276.500000,116.694992,43.000000,100.610016
276.500000,116.694992,43.000000,100.610016
2
0
0
0
0
1
224.419998,189.919998,42.389999,112.389999
224.419998,189.919998,42.389999,112.389999
224.419998,189.919998,42.389999,112.389999
224.419998,189.919998,42.389999,112.389999
224.419998,189.919998,42.389999,112.389999
224.419998,189.919998,42.389999,112.389999
224.419998,189.919998,42.389999,112.389999
224.419998,189.919998,42.389999,112.389999
224.419998,189.919998,42.389999,112.389999
224.419998,189.919998,42.389999,112.389999
203.805008,204.805008,42.389999,112.389999
203.805008,204.805008,42.389999,112.389999
203.805008,204.805008,42.389999,112.389999
203.805008,204.805008,42.389999,112.389999
203.805008,204.805008,42.389999,112.389999
203.805008,204.805008,42.389999,112.389999
203.805008,204.805008,42.389999,112.389999
192.805008,228.805008,42.389999,112.389999
192.805008,228.805008,42.389999,112.389999
192.805008,228.805008,42.389999,112.389999
179.805008,180.805008,42.389999,112.389999
179.805008,180.805008,42.389999,112.389999
179.805008,180.805008,42.389999,112.389999
179.805008,180.805008,42.389999,112.389999
179.805008,180.805008,42.389999,112.389999
179.805008,180.805008,42.389999,112.389999
179.805008,180.805008,42.389999,112.389999
179.805008,180.805008,42.389999,112.389999
179.805008,180.805008,42.389999,112.389999
179.805008,180.805008,42.389999,112.389999
194.805008,210.805008,42.389999,112.389999
194.805008,210.805008,42.389999,112.389999
194.805008,210.805008,42.389999,112.389999
173.805008,179.805008,42.389999,112.389999
173.805008,179.805008,42.389999,112.389999
173.805008,179.805008,42.389999,112.389999
173.805008,179.805008,42.389999,112.389999
173.805008,179.805008,42.389999,112.389999
173.805008,179.805008,42.389999,112.389999
173.805008,179.805008,42.389999,112.389999
173.805008,179.805008,42.389999,112.389999
173.805008,179.805008,42.389999,112.389999
173.805008,179.805008,42.389999,112.389999
173.805008,179.805008,42.389999,112.389999
173.805008,179.805008,42.389999,112.389999
173.805008,179.805008,42.389999,112.389999
173.805008,179.805008,42.389999,112.389999
173.805008,179.805008,42.389999,112.389999
173.805008,179.805008,42.389999,112.389999
192.805008,188.805008,42.389999,112.389999
192.805008,188.805008,42.389999,112.389999
192.805008,188.805008,42.389999,112.389999
192.805008,188.805008,42.389999,112.389999
192.805008,188.805008,42.389999,112.389999
192.805008,188.805008,42.389999,112.389999
192.805008,188.805008,42.389999,112.389999
192.805008,188.805008,42.389999,112.389999
192.805008,188.805008,42.389999,112.389999
192.805008,188.805008,42.389999,112.389999
192.805008,188.805008,42.389999,112.389999
192.805008,188.805008,42.389999,112.389999
192.805008,188.805008,42.389999,112.389999
2
0
0
0
0
1
136.160004,198.369995,53.800003,150.390015
136.160004,198.369995,53.800003,150.390015
136.160004,198.369995,53.800003,150.390015
136.160004,198.369995,53.800003,150.390015
136.160004,198.369995,53.800003,150.390015
136.160004,198.369995,53.800003,150.390015
136.160004,198.369995,53.800003,150.390015
136.160004,198.369995,53.800003,150.390015
136.160004,198.369995,53.800003,150.390015
136.160004,198.369995,53.800003,150.390015
136.160004,198.369995,53.800003,150.390015
136.160004,198.369995,53.800003,150.390015
136.160004,198.369995,53.800003,150.390015
136.160004,198.369995,53.800003,150.390015
136.160004,198.369995,53.800003,150.390015
136.160004,198.369995,53.800003,150.390015
136.160004,198.369995,53.800003,150.390015
136.160004,198.369995,53.800003,150.390015
136.160004,198.369995,53.800003,150.390015
136.160004,198.369995,53.800003,150.390015
136.160004,198.369995,53.800003,150.390015
136.160004,198.369995,53.800003,150.390015
136.160004,198.369995,53.800003,150.390015
136.160004,198.369995,53.800003,150.390015
136.160004,198.369995,53.800003,150.390015
156.100006,202.804993,53.800003,150.390015
156.100006,202.804993,53.800003,150.390015
156.100006,202.804993,53.800003,150.390015
156.100006,202.804993,53.800003,150.390015
156.100006,202.804993,53.800003,150.390015
156.100006,202.804993,53.800003,150.390015
156.100006,202.804993,53.800003,150.390015
156.100006,202.804993,53.800003,150.390015
156.100006,202.804993,53.800003,150.390015
156.100006,202.804993,53.800003,150.390015
156.100006,202.804993,53.800003,150.390015
156.100006,202.804993,53.800003,150.390015
156.100006,202.804993,53.800003,150.390015
156.100006,202.804993,53.800003,150.390015
156.100006,202.804993,53.800003,150.390015
156.100006,202.804993,53.800003,150.390015
156.100006,202.804993,53.800003,150.390015
156.100006,202.804993,53.800003,150.390015
156.100006,202.804993,53.800003,150.390015
156.100006,202.804993,53.800003,150.390015
156.100006,202.804993,53.800003,150.390015
156.100006,202.804993,53.800003,150.390015
156.100006,202.804993,53.800003,150.390015
156.100006,202.804993,53.800003,150.390015
156.100006,202.804993,53.800003,150.390015
156.100006,202.804993,53.800003,150.390015
156.100006,202.804993,53.800003,150.390015
156.100006,202.804993,53.800003,150.390015
156.100006,202.804993,53.800003,150.390015
156.100006,202.804993,53.800003,150.390015
156.100006,202.804993,53.800003,150.390015
156.100006,202.804993,53.800003,150.390015
156.100006,202.804993,53.800003,150.390015
156.100006,202.804993,53.800003,150.390015
122.099998,252.804993,53.800003,150.390015
122.099998,252.804993,53.800003,150.390015
122.099998,252.804993,53.800003,150.390015
122.099998,252.804993,53.800003,150.390015
122.099998,252.804993,53.800003,150.390015
122.099998,252.804993,53.800003,150.390015
122.099998,252.804993,53.800003,150.390015
122.099998,252.804993,53.800003,150.390015
122.099998,252.804993,53.800003,150.390015
122.099998,252.804993,53.800003,150.390015
122.099998,252.804993,53.800003,150.390015
122.099998,252.804993,53.800003,150.390015
122.099998,252.804993,53.800003,150.390015
122.099998,252.804993,53.800003,150.390015
122.099998,252.804993,53.800003,150.390015
122.099998,252.804993,53.800003,150.390015
122.099998,252.804993,53.800003,150.390015
122.099998,252.804993,53.800003,150.390015
122.099998,252.804993,53.800003,150.390015
122.099998,252.804993,53.800003,150.390015
122.099998,252.804993,53.800003,150.390015
122.099998,252.804993,53.800003,150.390015
122.099998,252.804993,53.800003,150.390015
122.099998,252.804993,53.800003,150.390015
122.099998,252.804993,53.800003,150.390015
122.099998,252.804993,53.800003,150.390015
122.099998,252.804993,53.800003,150.390015
122.099998,252.804993,53.800003,150.390015
122.099998,252.804993,53.800003,150.390015
122.099998,252.804993,53.800003,150.390015
122.099998,252.804993,53.800003,150.390015
122.099998,252.804993,53.800003,150.390015
122.099998,252.804993,53.800003,150.390015
122.099998,252.804993,53.800003,150.390015
122.099998,252.804993,53.800003,150.390015
122.099998,252.804993,53.800003,150.390015
122.099998,252.804993,53.800003,150.390015
122.099998,252.804993,53.800003,150.390015
122.099998,252.804993,53.800003,150.390015
122.099998,252.804993,53.800003,150.390015
122.099998,252.804993,53.800003,150.390015
122.099998,252.804993,53.800003,150.390015
122.099998,252.804993,53.800003,150.390015
122.099998,252.804993,53.800003,150.390015
122.099998,252.804993,53.800003,150.390015
122.099998,252.804993,53.800003,150.390015
122.099998,252.804993,53.800003,150.390015
122.099998,252.804993,53.800003,150.390015
122.099998,252.804993,53.800003,150.390015
122.099998,252.804993,53.800003,150.390015
122.099998,252.804993,53.800003,150.390015
122.099998,252.804993,53.800003,150.390015
122.099998,252.804993,53.800003,150.390015
122.099998,252.804993,53.800003,150.390015
149.100006,187.804993,53.800003,150.390015
131.100006,147.804993,53.800003,150.390015
131.100006,147.804993,53.800003,150.390015
131.100006,147.804993,53.800003,150.390015
162.100006,172.804993,53.800003,150.390015
162.100006,172.804993,53.800003,150.390015
186.100006,207.804993,53.800003,150.390015
186.100006,207.804993,53.800003,150.390015
180.100006,157.804993,53.800003,150.390015
180.100006,157.804993,53.800003,150.390015
180.100006,157.804993,53.800003,150.390015
180.100006,157.804993,53.800003,150.390015
180.100006,157.804993,53.800003,150.390015
180.100006,157.804993,53.800003,150.390015
180.100006,157.804993,53.800003,150.390015
180.100006,157.804993,53.800003,150.390015
180.100006,157.804993,53.800003,150.390015
180.100006,157.804993,53.800003,150.390015
180.100006,157.804993,53.800003,150.390015
206.100006,169.804993,53.800003,150.390015
206.100006,169.804993,53.800003,150.390015
189.100006,166.804993,53.800003,150.390015
189.100006,166.804993,53.800003,150.390015
189.100006,166.804993,53.800003,150.390015
216.100006,181.804993,53.800003,150.390015
216.100006,181.804993,53.800003,150.390015
216.100006,181.804993,53.800003,150.390015
216.100006,181.804993,53.800003,150.390015
216.100006,181.804993,53.800003,150.390015
216.100006,181.804993,53.800003,150.390015
216.100006,181.804993,53.800003,150.390015
216.100006,181.804993,53.800003,150.390015
216.100006,181.804993,53.800003,150.390015
265.100006,201.804993,53.800003,150.390015
265.100006,201.804993,53.800003,150.390015
239.100006,206.804993,53.800003,150.390015
239.100006,206.804993,53.800003,150.390015
239.100006,206.804993,53.800003,150.390015
260.100006,166.804993,53.800003,150.390015
260.100006,166.804993,53.800003,150.390015
259.100006,121.804993,53.800003,150.390015
266.100006,81.804993,53.800003,150.390015
266.100006,81.804993,53.800003,150.390015
266.100006,81.804993,53.800003,150.390015
266.100006,81.804993,53.800003,150.390015
2
0
0
0
0
1
360.500000,219.850006,44.750000,108.329987
360.500000,219.850006,44.750000,108.329987
360.500000,219.850006,44.750000,108.329987
360.500000,219.850006,44.750000,108.329987
360.500000,219.850006,44.750000,108.329987
360.500000,219.850006,44.750000,108.329987
2
0
0
0
0
1
408.279999,206.139999,59.470001,126.229996
408.279999,206.139999,59.470001,126.229996
408.279999,206.139999,59.470001,126.229996
398.265015,156.884995,59.470001,126.229996
398.265015,156.884995,59.470001,126.229996
398.265015,156.884995,59.470001,126.229996
373.265015,152.884995,59.470001,126.229996
373.265015,152.884995,59.470001,126.229996
373.265015,152.884995,59.470001,126.229996
373.265015,152.884995,59.470001,126.229996
373.265015,152.884995,59.470001,126.229996
373.265015,152.884995,59.470001,126.229996
373.265015,152.884995,59.470001,126.229996
373.265015,152.884995,59.470001,126.229996
353.265015,153.884995,59.470001,126.229996
353.265015,153.884995,59.470001,126.229996
353.265015,153.884995,59.470001,126.229996
353.265015,153.884995,59.470001,126.229996
353.265015,153.884995,59.470001,126.229996
353.265015,153.884995,59.470001,126.229996
353.265015,153.884995,59.470001,126.229996
353.265015,153.884995,59.470001,126.229996
353.265015,153.884995,59.470001,126.229996
353.265015,153.884995,59.470001,126.229996
353.265015,153.884995,59.470001,126.229996
353.265015,153.884995,59.470001,126.229996
328.265015,142.884995,59.470001,126.229996
328.265015,142.884995,59.470001,126.229996
328.265015,142.884995,59.470001,126.229996
328.265015,142.884995,59.470001,126.229996
326.265015,201.884995,59.470001,126.229996
326.265015,201.884995,59.470001,126.229996
326.265015,201.884995,59.470001,126.229996
326.265015,201.884995,59.470001,126.229996
326.265015,201.884995,59.470001,126.229996
326.265015,201.884995,59.470001,126.229996
326.265015,201.884995,59.470001,126.229996
326.265015,201.884995,59.470001,126.229996
326.265015,201.884995,59.470001,126.229996
326.265015,201.884995,59.470001,126.229996
326.265015,201.884995,59.470001,126.229996
326.265015,201.884995,59.470001,126.229996
326.265015,201.884995,59.470001,126.229996
326.265015,201.884995,59.470001,126.229996
326.265015,201.884995,59.470001,126.229996
326.265015,201.884995,59.470001,126.229996
326.265015,201.884995,59.470001,126.229996
326.265015,201.884995,59.470001,126.229996
326.265015,201.884995,59.470001,126.229996
326.265015,201.884995,59.470001,126.229996
326.265015,201.884995,59.470001,126.229996
326.265015,201.884995,59.470001,126.229996
326.265015,201.884995,59.470001,126.229996
326.265015,201.884995,59.470001,126.229996
326.265015,201.884995,59.470001,126.229996
326.265015,201.884995,59.470001,126.229996
326.265015,201.884995,59.470001,126.229996
326.265015,201.884995,59.470001,126.229996
326.265015,201.884995,59.470001,126.229996
326.265015,201.884995,59.470001,126.229996
326.265015,201.884995,59.470001,126.229996
326.265015,201.884995,59.470001,126.229996
326.265015,201.884995,59.470001,126.229996
326.265015,201.884995,59.470001,126.229996
326.265015,201.884995,59.470001,126.229996
326.265015,201.884995,59.470001,126.229996
288.265015,155.884995,59.470001,126.229996
288.265015,155.884995,59.470001,126.229996
288.265015,155.884995,59.470001,126.229996
288.265015,155.884995,59.470001,126.229996
288.265015,155.884995,59.470001,126.229996
288.265015,155.884995,59.470001,126.229996
288.265015,155.884995,59.470001,126.229996
283.265015,212.884995,59.470001,126.229996
283.265015,212.884995,59.470001,126.229996
283.265015,212.884995,59.470001,126.229996
283.265015,212.884995,59.470001,126.229996
283.265015,212.884995,59.470001,126.229996
283.265015,157.884995,59.470001,126.229996
283.265015,157.884995,59.470001,126.229996
283.265015,157.884995,59.470001,126.229996
288.265015,204.884995,59.470001,126.229996
288.265015,204.884995,59.470001,126.229996
288.265015,204.884995,59.470001,126.229996
288.265015,204.884995,59.470001,126.229996
288.265015,204.884995,59.470001,126.229996
288.265015,204.884995,59.470001,126.229996
288.265015,204.884995,59.470001,126.229996
303.265015,158.884995,59.470001,126.229996
303.265015,158.884995,59.470001,126.229996
293.265015,207.884995,59.470001,126.229996
293.265015,207.884995,59.470001,126.229996
293.265015,207.884995,59.470001,126.229996
293.265015,207.884995,59.470001,126.229996
293.265015,207.884995,59.470001,126.229996
293.265015,207.884995,59.470001,126.229996
293.265015,207.884995,59.470001,126.229996
293.265015,207.884995,59.470001,126.229996
308.265015,133.884995,59.470001,126.229996
308.265015,133.884995,59.470001,126.229996
308.265015,133.884995,59.470001,126.229996
308.265015,133.884995,59.470001,126.229996
308.265015,133.884995,59.470001,126.229996
308.265015,133.884995,59.470001,126.229996
308.265015,133.884995,59.470001,126.229996
308.265015,133.884995,59.470001,126.229996
308.265015,133.884995,59.470001,126.229996
308.265015,133.884995,59.470001,126.229996
308.265015,133.884995,59.470001,126.229996
308.265015,133.884995,59.470001,126.229996
308.265015,133.884995,59.470001,126.229996
308.265015,133.884995,59.470001,126.229996
308.265015,133.884995,59.470001,126.229996
308.265015,133.884995,59.470001,126.229996
308.265015,133.884995,59.470001,126.229996
308.265015,133.884995,59.470001,126.229996
308.265015,133.884995,59.470001,126.229996
308.265015,133.884995,59.470001,126.229996
308.265015,133.884995,59.470001,126.229996
308.265015,133.884995,59.470001,126.229996
308.265015,133.884995,59.470001,126.229996
308.265015,133.884995,59.470001,126.229996
308.265015,133.884995,59.470001,126.229996
308.265015,133.884995,59.470001,126.229996
308.265015,133.884995,59.470001,126.229996
308.265015,133.884995,59.470001,126.229996
308.265015,133.884995,59.470001,126.229996
308.265015,133.884995,59.470001,126.229996
308.265015,133.884995,59.470001,126.229996
308.265015,133.884995,59.470001,126.229996
308.265015,133.884995,59.470001,126.229996
308.265015,133.884995,59.470001,126.229996
308.265015,133.884995,59.470001,126.229996
308.265015,133.884995,59.470001,126.229996
308.265015,133.884995,59.470001,126.229996
308.265015,133.884995,59.470001,126.229996
308.265015,133.884995,59.470001,126.229996
308.265015,133.884995,59.470001,126.229996
308.265015,133.884995,59.470001,126.229996
308.265015,133.884995,59.470001,126.229996
308.265015,133.884995,59.470001,126.229996
308.265015,133.884995,59.470001,126.229996
308.265015,133.884995,59.470001,126.229996
308.265015,133.884995,59.470001,126.229996
308.265015,133.884995,59.470001,126.229996
308.265015,133.884995,59.470001,126.229996
308.265015,133.884995,59.470001,126.229996
308.265015,133.884995,59.470001,126.229996
308.265015,133.884995,59.470001,126.229996
308.265015,133.884995,59.470001,126.229996
308.265015,133.884995,59.470001,126.229996
308.265015,133.884995,59.470001,126.229996
308.265015,133.884995,59.470001,126.229996
308.265015,133.884995,59.470001,126.229996
308.265015,133.884995,59.470001,126.229996
308.265015,133.884995,59.470001,126.229996
308.265015,133.884995,59.470001,126.229996
308.265015,133.884995,59.470001,126.229996
308.265015,133.884995,59.470001,126.229996
308.265015,133.884995,59.470001,126.229996
308.265015,133.884995,59.470001,126.229996
308.265015,133.884995,59.470001,126.229996
308.265015,133.884995,59.470001,126.229996
308.265015,133.884995,59.470001,126.229996
308.265015,133.884995,59.470001,126.229996
308.265015,133.884995,59.470001,126.229996
308.265015,133.884995,59.470001,126.229996
308.265015,133.884995,59.470001,126.229996
308.265015,133.884995,59.470001,126.229996
308.265015,133.884995,59.470001,126.229996
308.265015,133.884995,59.470001,126.229996
308.265015,133.884995,59.470001,126.229996
308.265015,133.884995,59.470001,126.229996
308.265015,133.884995,59.470001,126.229996
308.265015,133.884995,59.470001,126.229996
308.265015,133.884995,59.470001,126.229996
308.265015,133.884995,59.470001,126.229996
308.265015,133.884995,59.470001,126.229996
308.265015,133.884995,59.470001,126.229996
308.265015,133.884995,59.470001,126.229996
308.265015,133.884995,59.470001,126.229996
308.265015,133.884995,59.470001,126.229996
308.265015,133.884995,59.470001,126.229996
308.265015,133.884995,59.470001,126.229996
308.265015,133.884995,59.470001,126.229996
308.265015,133.884995,59.470001,126.229996
308.265015,133.884995,59.470001,126.229996
308.265015,133.884995,59.470001,126.229996
308.265015,133.884995,59.470001,126.229996
2
0
0
0
0
1
338.100006,209.000000,40.630005,120.299988
357.684998,203.850006,40.630005,120.299988
357.684998,203.850006,40.630005,120.299988
357.684998,203.850006,40.630005,120.299988
357.684998,203.850006,40.630005,120.299988
357.684998,203.850006,40.630005,120.299988
357.684998,203.850006,40.630005,120.299988
357.684998,203.850006,40.630005,120.299988
357.684998,203.850006,40.630005,120.299988
357.684998,203.850006,40.630005,120.299988
357.684998,203.850006,40.630005,120.299988
357.684998,203.850006,40.630005,120.299988
357.684998,203.850006,40.630005,120.299988
357.684998,203.850006,40.630005,120.299988
357.684998,203.850006,40.630005,120.299988
357.684998,203.850006,40.630005,120.299988
357.684998,203.850006,40.630005,120.299988
357.684998,203.850006,40.630005,120.299988
357.684998,203.850006,40.630005,120.299988
357.684998,203.850006,40.630005,120.299988
357.684998,203.850006,40.630005,120.299988
357.684998,203.850006,40.630005,120.299988
357.684998,203.850006,40.630005,120.299988
357.684998,203.850006,40.630005,120.299988
357.684998,203.850006,40.630005,120.299988
357.684998,203.850006,40.630005,120.299988
357.684998,203.850006,40.630005,120.299988
357.684998,203.850006,40.630005,120.299988
357.684998,203.850006,40.630005,120.299988
357.684998,203.850006,40.630005,120.299988
357.684998,203.850006,40.630005,120.299988
357.684998,203.850006,40.630005,120.299988
357.684998,203.850006,40.630005,120.299988
357.684998,203.850006,40.630005,120.299988
357.684998,203.850006,40.630005,120.299988
357.684998,203.850006,40.630005,120.299988
357.684998,203.850006,40.630005,120.299988
357.684998,203.850006,40.630005,120.299988
