1
181.970001,204.550003,50.660004,113.159988
181.970001,204.550003,50.660004,113.159988
181.970001,204.550003,50.660004,113.159988
181.970001,204.550003,50.660004,113.159988
181.970001,204.550003,50.660004,113.159988
181.970001,204.550003,50.660004,113.159988
181.970001,204.550003,50.660004,113.159988
181.970001,204.550003,50.660004,113.159988
181.970001,204.550003,50.660004,113.159988
163.669998,171.420013,50.660004,113.159988
163.669998,171.420013,50.660004,113.159988
163.669998,171.420013,50.660004,113.159988
163.669998,171.420013,50.660004,113.159988
163.669998,171.420013,50.660004,113.159988
163.669998,171.420013,50.660004,113.159988
163.669998,171.420013,50.660004,113.159988
163.669998,171.420013,50.660004,113.159988
183.669998,125.420006,50.660004,113.159988
183.669998,125.420006,50.660004,113.159988
183.669998,125.420006,50.660004,113.159988
183.669998,125.420006,50.660004,113.159988
183.669998,125.420006,50.660004,113.159988
183.669998,125.420006,50.660004,113.159988
183.669998,125.420006,50.660004,113.159988
183.669998,125.420006,50.660004,113.159988
183.669998,125.420006,50.660004,113.159988
183.669998,125.420006,50.660004,113.159988
183.669998,125.420006,50.660004,113.159988
2
0
0
0
0
1
250.639999,212.960007,59.430008,119.469986
250.639999,212.960007,59.430008,119.469986
250.639999,212.960007,59.430008,119.469986
250.639999,212.960007,59.430008,119.469986
250.639999,212.960007,59.430008,119.469986
275.285004,217.264999,59.430008,119.469986
275.285004,217.264999,59.430008,119.469986
275.285004,217.264999,59.430008,119.469986
275.285004,217.264999,59.430008,119.469986
275.285004,217.264999,59.430008,119.469986
275.285004,217.264999,59.430008,119.469986
275.285004,217.264999,59.430008,119.469986
275.285004,217.264999,59.430008,119.469986
275.285004,217.264999,59.430008,119.469986
275.285004,217.264999,59.430008,119.469986
275.285004,217.264999,59.430008,119.469986
275.285004,217.264999,59.430008,119.469986
275.285004,217.264999,59.430008,119.469986
275.285004,217.264999,59.430008,119.469986
275.285004,217.264999,59.430008,119.469986
275.285004,217.264999,59.430008,119.469986
275.285004,217.264999,59.430008,119.469986
275.285004,217.264999,59.430008,119.469986
275.285004,217.264999,59.430008,119.469986
275.285004,217.264999,59.430008,119.469986
275.285004,217.264999,59.430008,119.469986
275.285004,217.264999,59.430008,119.469986
275.285004,217.264999,59.430008,119.469986
275.285004,217.264999,59.430008,119.469986
275.285004,217.264999,59.430008,119.469986
275.285004,217.264999,59.430008,119.469986
275.285004,217.264999,59.430008,119.469986
275.285004,217.264999,59.430008,119.469986
275.285004,217.264999,59.430008,119.469986
275.285004,217.264999,59.430008,119.469986
275.285004,217.264999,59.430008,119.469986
2
0
0
0
0
1
158.020004,227.639999,79.479996,107.919998
158.020004,227.639999,79.479996,107.919998
158.020004,227.639999,79.479996,107.919998
158.020004,227.639999,79.479996,107.919998
158.020004,227.639999,79.479996,107.919998
158.020004,227.639999,79.479996,107.919998
158.020004,227.639999,79.479996,107.919998
158.020004,227.639999,79.479996,107.919998
158.020004,227.639999,79.479996,107.919998
158.020004,227.639999,79.479996,107.919998
158.020004,227.639999,79.479996,107.919998
158.020004,227.639999,79.479996,107.919998
158.020004,227.639999,79.479996,107.919998
158.020004,227.639999,79.479996,107.919998
158.020004,227.639999,79.479996,107.919998
158.020004,227.639999,79.479996,107.919998
158.020004,227.639999,79.479996,107.919998
158.020004,227.639999,79.479996,107.919998
158.020004,227.639999,79.479996,107.919998
158.020004,227.639999,79.479996,107.919998
158.020004,227.639999,79.479996,107.919998
158.020004,227.639999,79.479996,107.919998
158.020004,227.639999,79.479996,107.919998
158.020004,227.639999,79.479996,107.919998
158.020004,227.639999,79.479996,107.919998
158.020004,227.639999,79.479996,107.919998
158.020004,227.639999,79.479996,107.919998
158.020004,227.639999,79.479996,107.919998
158.020004,227.639999,79.479996,107.919998
158.020004,227.639999,79.479996,107.919998
158.020004,227.639999,79.479996,107.919998
158.020004,227.639999,79.479996,107.919998
158.020004,227.639999,79.479996,107.919998
158.020004,227.639999,79.479996,107.919998
158.020004,227.639999,79.479996,107.919998
158.020004,227.639999,79.479996,107.919998
158.020004,227.639999,79.479996,107.919998
158.020004,227.639999,79.479996,107.919998
158.020004,227.639999,79.479996,107.919998
158.020004,227.639999,79.479996,107.919998
158.020004,227.639999,79.479996,107.919998
158.020004,227.639999,79.479996,107.919998
158.020004,227.639999,79.479996,107.919998
158.020004,227.639999,79.479996,107.919998
158.020004,227.639999,79.479996,107.919998
158.020004,227.639999,79.479996,107.919998
158.020004,227.639999,79.479996,107.919998
158.020004,227.639999,79.479996,107.919998
158.020004,227.639999,79.479996,107.919998
158.020004,227.639999,79.479996,107.919998
158.020004,227.639999,79.479996,107.919998
158.020004,227.639999,79.479996,107.919998
158.020004,227.639999,79.479996,107.919998
158.020004,227.639999,79.479996,107.919998
158.020004,227.639999,79.479996,107.919998
158.020004,227.639999,79.479996,107.919998
158.020004,227.639999,79.479996,107.919998
158.020004,227.639999,79.479996,107.919998
158.020004,227.639999,79.479996,107.919998
158.020004,227.639999,79.479996,107.919998
158.020004,227.639999,79.479996,107.919998
158.020004,227.639999,79.479996,107.919998
158.020004,227.639999,79.479996,107.919998
158.020004,227.639999,79.479996,107.919998
157.259995,227.040009,79.479996,107.919998
157.259995,227.040009,79.479996,107.919998
157.259995,227.040009,79.479996,107.919998
157.259995,227.040009,79.479996,107.919998
157.259995,227.040009,79.479996,107.919998
157.259995,227.040009,79.479996,107.919998
157.259995,227.040009,79.479996,107.919998
157.259995,227.040009,79.479996,107.919998
157.259995,227.040009,79.479996,107.919998
157.259995,227.040009,79.479996,107.919998
157.259995,227.040009,79.479996,107.919998
157.259995,227.040009,79.479996,107.919998
157.259995,227.040009,79.479996,107.919998
2
0
0
0
0
1
240.369995,163.380005,46.700012,104.869995
240.369995,163.380005,46.700012,104.869995
240.369995,163.380005,46.700012,104.869995
240.369995,163.380005,46.700012,104.869995
240.369995,163.380005,46.700012,104.869995
240.369995,163.380005,46.700012,104.869995
256.649994,165.565002,46.700012,104.869995
256.649994,165.565002,46.700012,104.869995
256.649994,165.565002,46.700012,104.869995
274.649994,161.565002,46.700012,104.869995
274.649994,161.565002,46.700012,104.869995
274.649994,161.565002,46.700012,104.869995
274.649994,161.565002,46.700012,104.869995
259.649994,176.565002,46.700012,104.869995
259.649994,176.565002,46.700012,104.869995
259.649994,176.565002,46.700012,104.869995
259.649994,176.565002,46.700012,104.869995
280.649994,168.565002,46.700012,104.869995
280.649994,168.565002,46.700012,104.869995
280.649994,168.565002,46.700012,104.869995
280.649994,168.565002,46.700012,104.869995
280.649994,168.565002,46.700012,104.869995
280.649994,168.565002,46.700012,104.869995
294.649994,136.565002,46.700012,104.869995
278.649994,139.565002,46.700012,104.869995
278.649994,139.565002,46.700012,104.869995
278.649994,139.565002,46.700012,104.869995
278.649994,139.565002,46.700012,104.869995
278.649994,139.565002,46.700012,104.869995
278.649994,139.565002,46.700012,104.869995
278.649994,139.565002,46.700012,104.869995
278.649994,139.565002,46.700012,104.869995
278.649994,139.565002,46.700012,104.869995
278.649994,139.565002,46.700012,104.869995
278.649994,139.565002,46.700012,104.869995
278.649994,139.565002,46.700012,104.869995
278.649994,139.565002,46.700012,104.869995
278.649994,139.565002,46.700012,104.869995
278.649994,139.565002,46.700012,104.869995
278.649994,139.565002,46.700012,104.869995
278.649994,139.565002,46.700012,104.869995
278.649994,139.565002,46.700012,104.869995
278.649994,139.565002,46.700012,104.869995
278.649994,139.565002,46.700012,104.869995
278.649994,139.565002,46.700012,104.869995
278.649994,139.565002,46.700012,104.869995
278.649994,139.565002,46.700012,104.869995
278.649994,139.565002,46.700012,104.869995
278.649994,139.565002,46.700012,104.869995
278.649994,139.565002,46.700012,104.869995
278.649994,139.565002,46.700012,104.869995
278.649994,139.565002,46.700012,104.869995
278.649994,139.565002,46.700012,104.869995
278.649994,139.565002,46.700012,104.869995
278.649994,139.565002,46.700012,104.869995
278.649994,139.565002,46.700012,104.869995
278.649994,139.565002,46.700012,104.869995
278.649994,139.565002,46.700012,104.869995
278.649994,139.565002,46.700012,104.869995
278.649994,139.565002,46.700012,104.869995
278.649994,139.565002,46.700012,104.869995
278.649994,139.565002,46.700012,104.869995
278.649994,139.565002,46.700012,104.869995
278.649994,139.565002,46.700012,104.869995
278.649994,139.565002,46.700012,104.869995
278.649994,139.565002,46.700012,104.869995
278.649994,139.565002,46.700012,104.869995
278.649994,139.565002,46.700012,104.869995
278.649994,139.565002,46.700012,104.869995
278.649994,139.565002,46.700012,104.869995
278.649994,139.565002,46.700012,104.869995
278.649994,139.565002,46.700012,104.869995
278.649994,139.565002,46.700012,104.869995
278.649994,139.565002,46.700012,104.869995
278.649994,139.565002,46.700012,104.869995
278.649994,139.565002,46.700012,104.869995
278.649994,139.565002,46.700012,104.869995
278.649994,139.565002,46.700012,104.869995
278.649994,139.565002,46.700012,104.869995
278.649994,139.565002,46.700012,104.869995
278.649994,139.565002,46.700012,104.869995
2
0
0
0
0
1
231.800003,182.960007,35.620010,116.749985
231.800003,182.960007,35.620010,116.749985
231.800003,182.960007,35.620010,116.749985
231.800003,182.960007,35.620010,116.749985
231.800003,182.960007,35.620010,116.749985
231.800003,182.960007,35.620010,116.749985
231.800003,182.960007,35.620010,116.749985
231.800003,182.960007,35.620010,116.749985
231.800003,182.960007,35.620010,116.749985
231.800003,182.960007,35.620010,116.749985
231.800003,182.960007,35.620010,116.749985
231.800003,182.960007,35.620010,116.749985
231.800003,182.960007,35.620010,116.749985
231.800003,182.960007,35.620010,116.749985
231.800003,182.960007,35.620010,116.749985
231.800003,182.960007,35.620010,116.749985
231.190002,182.625000,35.620010,116.749985
231.190002,182.625000,35.620010,116.749985
231.190002,182.625000,35.620010,116.749985
231.190002,182.625000,35.620010,116.749985
231.190002,182.625000,35.620010,116.749985
231.190002,182.625000,35.620010,116.749985
231.190002,182.625000,35.620010,116.749985
231.190002,182.625000,35.620010,116.749985
231.190002,182.625000,35.620010,116.749985
231.190002,182.625000,35.620010,116.749985
231.190002,182.625000,35.620010,116.749985
231.190002,182.625000,35.620010,116.749985
231.190002,182.625000,35.620010,116.749985
231.190002,182.625000,35.620010,116.749985
231.190002,182.625000,35.620010,116.749985
231.190002,182.625000,35.620010,116.749985
231.190002,182.625000,35.620010,116.749985
2
0
0
0
0
1
178.570007,185.289993,51.189987,119.699997
178.570007,185.289993,51.189987,119.699997
178.570007,185.289993,51.189987,119.699997
178.570007,185.289993,51.189987,119.699997
178.570007,185.289993,51.189987,119.699997
178.570007,185.289993,51.189987,119.699997
178.570007,185.289993,51.189987,119.699997
178.570007,185.289993,51.189987,119.699997
178.570007,185.289993,51.189987,119.699997
178.570007,185.289993,51.189987,119.699997
178.570007,185.289993,51.189987,119.699997
178.570007,185.289993,51.189987,119.699997
178.570007,185.289993,51.189987,119.699997
178.570007,185.289993,51.189987,119.699997
178.570007,185.289993,51.189987,119.699997
178.570007,185.289993,51.189987,119.699997
178.570007,185.289993,51.189987,119.699997
178.570007,185.289993,51.189987,119.699997
165.405014,187.149994,51.189987,119.699997
165.405014,187.149994,51.189987,119.699997
165.405014,187.149994,51.189987,119.699997
165.405014,187.149994,51.189987,119.699997
165.405014,187.149994,51.189987,119.699997
165.405014,187.149994,51.189987,119.699997
165.405014,187.149994,51.189987,119.699997
165.405014,187.149994,51.189987,119.699997
165.405014,187.149994,51.189987,119.699997
165.405014,187.149994,51.189987,119.699997
165.405014,187.149994,51.189987,119.699997
165.405014,187.149994,51.189987,119.699997
165.405014,187.149994,51.189987,119.699997
165.405014,187.149994,51.189987,119.699997
165.405014,187.149994,51.189987,119.699997
165.405014,187.149994,51.189987,119.699997
165.405014,187.149994,51.189987,119.699997
165.405014,187.149994,51.189987,119.699997
165.405014,187.149994,51.189987,119.699997
165.405014,187.149994,51.189987,119.699997
165.405014,187.149994,51.189987,119.699997
165.405014,187.149994,51.189987,119.699997
165.405014,187.149994,51.189987,119.699997
165.405014,187.149994,51.189987,119.699997
165.405014,187.149994,51.189987,119.699997
165.405014,187.149994,51.189987,119.699997
165.405014,187.149994,51.189987,119.699997
165.405014,187.149994,51.189987,119.699997
165.405014,187.149994,51.189987,119.699997
165.405014,187.149994,51.189987,119.699997
165.405014,187.149994,51.189987,119.699997
165.405014,187.149994,51.189987,119.699997
165.405014,187.149994,51.189987,119.699997
165.405014,187.149994,51.189987,119.699997
165.405014,187.149994,51.189987,119.699997
165.405014,187.149994,51.189987,119.699997
165.405014,187.149994,51.189987,119.699997
165.405014,187.149994,51.189987,119.699997
165.405014,187.149994,51.189987,119.699997
165.405014,187.149994,51.189987,119.699997
165.405014,187.149994,51.189987,119.699997
165.405014,187.149994,51.189987,119.699997
165.405014,187.149994,51.189987,119.699997
165.405014,187.149994,51.189987,119.699997
165.405014,187.149994,51.189987,119.699997
165.405014,187.149994,51.189987,119.699997
165.405014,187.149994,51.189987,119.699997
165.405014,187.149994,51.189987,119.699997
165.405014,187.149994,51.189987,119.699997
165.405014,187.149994,51.189987,119.699997
165.405014,187.149994,51.189987,119.699997
165.405014,187.149994,51.189987,119.699997
165.405014,187.149994,51.189987,119.699997
165.405014,187.149994,51.189987,119.699997
165.405014,187.149994,51.189987,119.699997
165.405014,187.149994,51.189987,119.699997
165.405014,187.149994,51.189987,119.699997
165.405014,187.149994,51.189987,119.699997
165.405014,187.149994,51.189987,119.699997
165.405014,187.149994,51.189987,119.699997
165.405014,187.149994,51.189987,119.699997
165.405014,187.149994,51.189987,119.699997
165.405014,187.149994,51.189987,119.699997
165.405014,187.149994,51.189987,119.699997
165.405014,187.149994,51.189987,119.699997
165.405014,187.149994,51.189987,119.699997
165.405014,187.149994,51.189987,119.699997
165.405014,187.149994,51.189987,119.699997
165.405014,187.149994,51.189987,119.699997
165.405014,187.149994,51.189987,119.699997
165.405014,187.149994,51.189987,119.699997
165.405014,187.149994,51.189987,119.699997
165.405014,187.149994,51.189987,119.699997
165.405014,187.149994,51.189987,119.699997
165.405014,187.149994,51.189987,119.699997
165.405014,187.149994,51.189987,119.699997
165.405014,187.149994,51.189987,119.699997
165.405014,187.149994,51.189987,119.699997
165.405014,187.149994,51.189987,119.699997
165.405014,187.149994,51.189987,119.699997
165.405014,187.149994,51.189987,119.699997
165.405014,187.149994,51.189987,119.699997
165.405014,187.149994,51.189987,119.699997
165.405014,187.149994,51.189987,119.699997
165.405014,187.149994,51.189987,119.699997
165.405014,187.149994,51.189987,119.699997
165.405014,187.149994,51.189987,119.699997
165.405014,187.149994,51.189987,119.699997
165.405014,187.149994,51.189987,119.699997
165.405014,187.149994,51.189987,119.699997
165.405014,187.149994,51.189987,119.699997
165.405014,187.149994,51.189987,119.699997
165.405014,187.149994,51.189987,119.699997
165.405014,187.149994,51.189987,119.699997
165.405014,187.149994,51.189987,119.699997
165.405014,187.149994,51.189987,119.699997
165.405014,187.149994,51.189987,119.699997
165.405014,187.149994,51.189987,119.699997
165.405014,187.149994,51.189987,119.699997
136.405014,189.149994,51.189987,119.699997
136.405014,189.149994,51.189987,119.699997
136.405014,189.149994,51.189987,119.699997
136.405014,189.149994,51.189987,119.699997
136.405014,189.149994,51.189987,119.699997
136.405014,189.149994,51.189987,119.699997
136.405014,189.149994,51.189987,119.699997
136.405014,189.149994,51.189987,119.699997
154.405014,189.149994,51.189987,119.699997
154.405014,189.149994,51.189987,119.699997
139.405014,176.149994,51.189987,119.699997
139.405014,176.149994,51.189987,119.699997
139.405014,176.149994,51.189987,119.699997
139.405014,176.149994,51.189987,119.699997
139.405014,176.149994,51.189987,119.699997
139.405014,176.149994,51.189987,119.699997
139.405014,176.149994,51.189987,119.699997
139.405014,176.149994,51.189987,119.699997
158.405014,179.149994,51.189987,119.699997
158.405014,179.149994,51.189987,119.699997
142.405014,141.149994,51.189987,119.699997
142.405014,141.149994,51.189987,119.699997
142.405014,141.149994,51.189987,119.699997
142.405014,141.149994,51.189987,119.699997
142.405014,141.149994,51.189987,119.699997
142.405014,141.149994,51.189987,119.699997
142.405014,141.149994,51.189987,119.699997
142.405014,141.149994,51.189987,119.699997
142.405014,141.149994,51.189987,119.699997
142.405014,141.149994,51.189987,119.699997
142.405014,141.149994,51.189987,119.699997
142.405014,141.149994,51.189987,119.699997
142.405014,141.149994,51.189987,119.699997
142.405014,141.149994,51.189987,119.699997
142.405014,141.149994,51.189987,119.699997
142.405014,141.149994,51.189987,119.699997
142.405014,141.149994,51.189987,119.699997
142.405014,141.149994,51.189987,119.699997
142.405014,141.149994,51.189987,119.699997
142.405014,141.149994,51.189987,119.699997
142.405014,141.149994,51.189987,119.699997
192.405014,185.149994,51.189987,119.699997
192.405014,185.149994,51.189987,119.699997
192.405014,185.149994,51.189987,119.699997
192.405014,185.149994,51.189987,119.699997
192.405014,185.149994,51.189987,119.699997
192.405014,185.149994,51.189987,119.699997
192.405014,185.149994,51.189987,119.699997
192.405014,185.149994,51.189987,119.699997
192.405014,185.149994,51.189987,119.699997
192.405014,185.149994,51.189987,119.699997
192.405014,185.149994,51.189987,119.699997
192.405014,185.149994,51.189987,119.699997
192.405014,185.149994,51.189987,119.699997
192.405014,185.149994,51.189987,119.699997
192.405014,185.149994,51.189987,119.699997
219.405014,219.149994,51.189987,119.699997
219.405014,219.149994,51.189987,119.699997
219.405014,219.149994,51.189987,119.699997
219.405014,219.149994,51.189987,119.699997
236.405014,231.149994,51.189987,119.699997
236.405014,231.149994,51.189987,119.699997
236.405014,231.149994,51.189987,119.699997
236.405014,231.149994,51.189987,119.699997
257.404999,233.149994,51.189987,119.699997
257.404999,233.149994,51.189987,119.699997
278.404999,235.149994,51.189987,119.699997
278.404999,235.149994,51.189987,119.699997
278.404999,235.149994,51.189987,119.699997
303.404999,237.149994,51.189987,119.699997
303.404999,237.149994,51.189987,119.699997
278.404999,155.149994,51.189987,119.699997
278.404999,155.149994,51.189987,119.699997
2
0
0
0
0
1
377.980011,211.259995,46.339996,116.240005
377.980011,211.259995,46.339996,116.240005
377.980011,211.259995,46.339996,116.240005
377.980011,211.259995,46.339996,116.240005
377.980011,211.259995,46.339996,116.240005
377.980011,211.259995,46.339996,116.240005
377.980011,211.259995,46.339996,116.240005
377.980011,211.259995,46.339996,116.240005
377.980011,211.259995,46.339996,116.240005
377.980011,211.259995,46.339996,116.240005
377.980011,211.259995,46.339996,116.240005
377.980011,211.259995,46.339996,116.240005
377.980011,211.259995,46.339996,116.240005
377.980011,211.259995,46.339996,116.240005
377.980011,211.259995,46.339996,116.240005
377.980011,211.259995,46.339996,116.240005
377.830017,210.880005,46.339996,116.240005
377.830017,210.880005,46.339996,116.240005
377.830017,210.880005,46.339996,116.240005
377.830017,210.880005,46.339996,116.240005
377.830017,210.880005,46.339996,116.240005
377.830017,210.880005,46.339996,116.240005
377.830017,210.880005,46.339996,116.240005
377.830017,210.880005,46.339996,116.240005
377.830017,210.880005,46.339996,116.240005
377.830017,210.880005,46.339996,116.240005
377.830017,210.880005,46.339996,116.240005
377.830017,210.880005,46.339996,116.240005
377.830017,210.880005,46.339996,116.240005
377.830017,210.880005,46.339996,116.240005
377.830017,210.880005,46.339996,116.240005
377.830017,210.880005,46.339996,116.240005
377.830017,210.880005,46.339996,116.240005
377.830017,210.880005,46.339996,116.240005
377.830017,210.880005,46.339996,116.240005
377.830017,210.880005,46.339996,116.240005
377.830017,210.880005,46.339996,116.240005
377.830017,210.880005,46.339996,116.240005
377.830017,210.880005,46.339996,116.240005
377.830017,210.880005,46.339996,116.240005
377.830017,210.880005,46.339996,116.240005
377.830017,210.880005,46.339996,116.240005
377.830017,210.880005,46.339996,116.240005
377.830017,210.880005,46.339996,116.240005
377.830017,210.880005,46.339996,116.240005
377.830017,210.880005,46.339996,116.240005
377.830017,210.880005,46.339996,116.240005
377.830017,210.880005,46.339996,116.240005
377.830017,210.880005,46.339996,116.240005
377.830017,210.880005,46.339996,116.240005
377.830017,210.880005,46.339996,116.240005
377.830017,210.880005,46.339996,116.240005
377.830017,210.880005,46.339996,116.240005
377.830017,210.880005,46.339996,116.240005
377.830017,210.880005,46.339996,116.240005
377.830017,210.880005,46.339996,116.240005
377.830017,210.880005,46.339996,116.240005
377.830017,210.880005,46.339996,116.240005
377.830017,210.880005,46.339996,116.240005
2
0
0
0
0
1
329.579987,163.610001,42.250000,113.129990
329.579987,163.610001,42.250000,113.129990
329.579987,163.610001,42.250000,113.129990
329.579987,163.610001,42.250000,113.129990
329.579987,163.610001,42.250000,113.129990
329.579987,163.610001,42.250000,113.129990
329.579987,163.610001,42.250000,113.129990
329.579987,163.610001,42.250000,113.129990
328.875000,163.434998,42.250000,113.129990
328.875000,163.434998,42.250000,113.129990
328.875000,163.434998,42.250000,113.129990
328.875000,163.434998,42.250000,113.129990
328.875000,163.434998,42.250000,113.129990
328.875000,163.434998,42.250000,113.129990
328.875000,163.434998,42.250000,113.129990
328.875000,163.434998,42.250000,113.129990
328.875000,163.434998,42.250000,113.129990
328.875000,163.434998,42.250000,113.129990
328.875000,163.434998,42.250000,113.129990
317.875000,186.434998,42.250000,113.129990
317.875000,186.434998,42.250000,113.129990
320.875000,142.434998,42.250000,113.129990
320.875000,142.434998,42.250000,113.129990
308.875000,208.434998,42.250000,113.129990
308.875000,208.434998,42.250000,113.129990
308.875000,208.434998,42.250000,113.129990
308.875000,208.434998,42.250000,113.129990
308.875000,208.434998,42.250000,113.129990
308.875000,208.434998,42.250000,113.129990
297.875000,216.434998,42.250000,113.129990
297.875000,216.434998,42.250000,113.129990
297.875000,216.434998,42.250000,113.129990
297.875000,216.434998,42.250000,113.129990
297.875000,216.434998,42.250000,113.129990
310.875000,191.434998,42.250000,113.129990
310.875000,191.434998,42.250000,113.129990
310.875000,191.434998,42.250000,113.129990
310.875000,191.434998,42.250000,113.129990
310.875000,191.434998,42.250000,113.129990
310.875000,191.434998,42.250000,113.129990
310.875000,191.434998,42.250000,113.129990
304.875000,142.434998,42.250000,113.129990
304.875000,142.434998,42.250000,113.129990
304.875000,142.434998,42.250000,113.129990
304.875000,142.434998,42.250000,113.129990
304.875000,142.434998,42.250000,113.129990
304.875000,142.434998,42.250000,113.129990
304.875000,142.434998,42.250000,113.129990
304.875000,142.434998,42.250000,113.129990
298.875000,95.435005,42.250000,113.129990
298.875000,95.435005,42.250000,113.129990
298.875000,95.435005,42.250000,113.129990
298.875000,95.435005,42.250000,113.129990
298.875000,95.435005,42.250000,113.129990
298.875000,95.435005,42.250000,113.129990
298.875000,95.435005,42.250000,113.129990
298.875000,95.435005,42.250000,113.129990
298.875000,95.435005,42.250000,113.129990
298.875000,95.435005,42.250000,113.129990
298.875000,95.435005,42.250000,113.129990
298.875000,95.435005,42.250000,113.129990
298.875000,95.435005,42.250000,113.129990
298.875000,95.435005,42.250000,113.129990
298.875000,95.435005,42.250000,113.129990
298.875000,95.435005,42.250000,113.129990
298.875000,95.435005,42.250000,113.129990
298.875000,95.435005,42.250000,113.129990
298.875000,95.435005,42.250000,113.129990
298.875000,95.435005,42.250000,113.129990
298.875000,95.435005,42.250000,113.129990
298.875000,95.435005,42.250000,113.129990
298.875000,95.435005,42.250000,113.129990
298.875000,95.435005,42.250000,113.129990
298.875000,95.435005,42.250000,113.129990
298.875000,95.435005,42.250000,113.129990
298.875000,95.435005,42.250000,113.129990
298.875000,95.435005,42.250000,113.129990
298.875000,95.435005,42.250000,113.129990
298.875000,95.435005,42.250000,113.129990
336.875000,111.435005,42.250000,113.129990
315.875000,155.434998,42.250000,113.129990
315.875000,155.434998,42.250000,113.129990
315.875000,155.434998,42.250000,113.129990
315.875000,155.434998,42.250000,113.129990
2
0
0
0
0
1
325.369995,157.570007,43.920013,114.380005
325.369995,157.570007,43.920013,114.380005
325.369995,157.570007,43.920013,114.380005
326.040009,120.809998,43.920013,114.380005
326.040009,120.809998,43.920013,114.380005
326.040009,120.809998,43.920013,114.380005
326.040009,120.809998,43.920013,114.380005
326.040009,120.809998,43.920013,114.380005
326.040009,120.809998,43.920013,114.380005
343.040009,163.809998,43.920013,114.380005
343.040009,163.809998,43.920013,114.380005
343.040009,163.809998,43.920013,114.380005
343.040009,163.809998,43.920013,114.380005
343.040009,163.809998,43.920013,114.380005
343.040009,163.809998,43.920013,114.380005
343.040009,163.809998,43.920013,114.380005
343.040009,163.809998,43.920013,114.380005
343.040009,163.809998,43.920013,114.380005
343.040009,163.809998,43.920013,114.380005
343.040009,163.809998,43.920013,114.380005
350.040009,206.809998,43.920013,114.380005
350.040009,206.809998,43.920013,114.380005
350.040009,206.809998,43.920013,114.380005
350.040009,206.809998,43.920013,114.380005
350.040009,206.809998,43.920013,114.380005
350.040009,206.809998,43.920013,114.380005
350.040009,206.809998,43.920013,114.380005
350.040009,206.809998,43.920013,114.380005
350.040009,206.809998,43.920013,114.380005
350.040009,206.809998,43.920013,114.380005
350.040009,206.809998,43.920013,114.380005
350.040009,206.809998,43.920013,114.380005
350.040009,206.809998,43.920013,114.380005
350.040009,206.809998,43.920013,114.380005
350.040009,206.809998,43.920013,114.380005
350.040009,206.809998,43.920013,114.380005
338.040009,183.809998,43.920013,114.380005
338.040009,183.809998,43.920013,114.380005
338.040009,183.809998,43.920013,114.380005
338.040009,183.809998,43.920013,114.380005
338.040009,183.809998,43.920013,114.380005
338.040009,183.809998,43.920013,114.380005
338.040009,183.809998,43.920013,114.380005
338.040009,183.809998,43.920013,114.380005
338.040009,183.809998,43.920013,114.380005
338.040009,183.809998,43.920013,114.380005
338.040009,183.809998,43.920013,114.380005
338.040009,183.809998,43.920013,114.380005
338.040009,183.809998,43.920013,114.380005
338.040009,183.809998,43.920013,114.380005
338.040009,183.809998,43.920013,114.380005
353.040009,190.809998,43.920013,114.380005
353.040009,190.809998,43.920013,114.380005
353.040009,190.809998,43.920013,114.380005
353.040009,190.809998,43.920013,114.380005
353.040009,190.809998,43.920013,114.380005
353.040009,190.809998,43.920013,114.380005
353.040009,190.809998,43.920013,114.380005
353.040009,190.809998,43.920013,114.380005
353.040009,190.809998,43.920013,114.380005
353.040009,190.809998,43.920013,114.380005
353.040009,190.809998,43.920013,114.380005
353.040009,190.809998,43.920013,114.380005
353.040009,190.809998,43.920013,114.380005
353.040009,190.809998,43.920013,114.380005
353.040009,190.809998,43.920013,114.380005
353.040009,190.809998,43.920013,114.380005
353.040009,190.809998,43.920013,114.380005
353.040009,190.809998,43.920013,114.380005
353.040009,190.809998,43.920013,114.380005
353.040009,190.809998,43.920013,114.380005
353.040009,190.809998,43.920013,114.380005
353.040009,190.809998,43.920013,114.380005
353.040009,190.809998,43.920013,114.380005
353.040009,190.809998,43.920013,114.380005
353.040009,190.809998,43.920013,114.380005
353.040009,190.809998,43.920013,114.380005
353.040009,190.809998,43.920013,114.380005
340.040009,208.809998,43.920013,114.380005
340.040009,208.809998,43.920013,114.380005
340.040009,208.809998,43.920013,114.380005
340.040009,208.809998,43.920013,114.380005
340.040009,208.809998,43.920013,114.380005
340.040009,208.809998,43.920013,114.380005
340.040009,208.809998,43.920013,114.380005
340.040009,208.809998,43.920013,114.380005
340.040009,208.809998,43.920013,114.380005
340.040009,208.809998,43.920013,114.380005
