1
193.100006,212.699997,41.729996,108.340012
193.100006,212.699997,41.729996,108.340012
193.100006,212.699997,41.729996,108.340012
193.100006,212.699997,41.729996,108.340012
193.100006,212.699997,41.729996,108.340012
193.100006,212.699997,41.729996,108.340012
193.100006,212.699997,41.729996,108.340012
193.100006,212.699997,41.729996,108.340012
193.100006,212.699997,41.729996,108.340012
193.100006,212.699997,41.729996,108.340012
193.100006,212.699997,41.729996,108.340012
193.100006,212.699997,41.729996,108.340012
193.100006,212.699997,41.729996,108.340012
193.100006,212.699997,41.729996,108.340012
193.100006,212.699997,41.729996,108.340012
193.100006,212.699997,41.729996,108.340012
193.100006,212.699997,41.729996,108.340012
193.100006,212.699997,41.729996,108.340012
193.100006,212.699997,41.729996,108.340012
193.100006,212.699997,41.729996,108.340012
193.100006,212.699997,41.729996,108.340012
193.100006,212.699997,41.729996,108.340012
193.100006,212.699997,41.729996,108.340012
193.100006,212.699997,41.729996,108.340012
192.134995,211.829987,41.729996,108.340012
192.134995,211.829987,41.729996,108.340012
192.134995,211.829987,41.729996,108.340012
192.134995,211.829987,41.729996,108.340012
2
0
0
0
0
1
254.449997,214.399994,55.169998,122.339996
254.449997,214.399994,55.169998,122.339996
254.449997,214.399994,55.169998,122.339996
254.449997,214.399994,55.169998,122.339996
254.449997,214.399994,55.169998,122.339996
274.415009,218.830002,55.169998,122.339996
274.415009,218.830002,55.169998,122.339996
274.415009,218.830002,55.169998,122.339996
274.415009,218.830002,55.169998,122.339996
274.415009,218.830002,55.169998,122.339996
274.415009,218.830002,55.169998,122.339996
274.415009,218.830002,55.169998,122.339996
274.415009,218.830002,55.169998,122.339996
274.415009,218.830002,55.169998,122.339996
274.415009,218.830002,55.169998,122.339996
274.415009,218.830002,55.169998,122.339996
274.415009,218.830002,55.169998,122.339996
274.415009,218.830002,55.169998,122.339996
256.415009,212.830002,55.169998,122.339996
256.415009,212.830002,55.169998,122.339996
256.415009,212.830002,55.169998,122.339996
275.415009,204.830002,55.169998,122.339996
275.415009,204.830002,55.169998,122.339996
244.415009,209.830002,55.169998,122.339996
244.415009,209.830002,55.169998,122.339996
244.415009,209.830002,55.169998,122.339996
244.415009,209.830002,55.169998,122.339996
244.415009,209.830002,55.169998,122.339996
244.415009,209.830002,55.169998,122.339996
244.415009,209.830002,55.169998,122.339996
211.415009,201.830002,55.169998,122.339996
211.415009,201.830002,55.169998,122.339996
211.415009,201.830002,55.169998,122.339996
211.415009,201.830002,55.169998,122.339996
211.415009,201.830002,55.169998,122.339996
211.415009,201.830002,55.169998,122.339996
211.415009,201.830002,55.169998,122.339996
190.415009,203.830002,55.169998,122.339996
190.415009,203.830002,55.169998,122.339996
190.415009,203.830002,55.169998,122.339996
190.415009,203.830002,55.169998,122.339996
190.415009,203.830002,55.169998,122.339996
190.415009,203.830002,55.169998,122.339996
190.415009,203.830002,55.169998,122.339996
190.415009,203.830002,55.169998,122.339996
190.415009,203.830002,55.169998,122.339996
167.415009,197.830002,55.169998,122.339996
167.415009,197.830002,55.169998,122.339996
167.415009,197.830002,55.169998,122.339996
167.415009,197.830002,55.169998,122.339996
141.415009,205.830002,55.169998,122.339996
113.415001,189.830002,55.169998,122.339996
113.415001,189.830002,55.169998,122.339996
113.415001,189.830002,55.169998,122.339996
113.415001,189.830002,55.169998,122.339996
113.415001,189.830002,55.169998,122.339996
133.415009,204.830002,55.169998,122.339996
133.415009,204.830002,55.169998,122.339996
133.415009,204.830002,55.169998,122.339996
133.415009,204.830002,55.169998,122.339996
133.415009,204.830002,55.169998,122.339996
133.415009,204.830002,55.169998,122.339996
133.415009,204.830002,55.169998,122.339996
133.415009,204.830002,55.169998,122.339996
133.415009,204.830002,55.169998,122.339996
106.415001,205.830002,55.169998,122.339996
106.415001,205.830002,55.169998,122.339996
106.415001,205.830002,55.169998,122.339996
135.415009,203.830002,55.169998,122.339996
135.415009,203.830002,55.169998,122.339996
135.415009,203.830002,55.169998,122.339996
135.415009,203.830002,55.169998,122.339996
135.415009,203.830002,55.169998,122.339996
135.415009,203.830002,55.169998,122.339996
154.415009,210.830002,55.169998,122.339996
154.415009,210.830002,55.169998,122.339996
171.415009,172.830002,55.169998,122.339996
192.415009,218.830002,55.169998,122.339996
192.415009,218.830002,55.169998,122.339996
192.415009,218.830002,55.169998,122.339996
192.415009,218.830002,55.169998,122.339996
192.415009,218.830002,55.169998,122.339996
192.415009,218.830002,55.169998,122.339996
192.415009,218.830002,55.169998,122.339996
192.415009,218.830002,55.169998,122.339996
192.415009,218.830002,55.169998,122.339996
192.415009,218.830002,55.169998,122.339996
192.415009,218.830002,55.169998,122.339996
192.415009,218.830002,55.169998,122.339996
192.415009,218.830002,55.169998,122.339996
192.415009,218.830002,55.169998,122.339996
192.415009,218.830002,55.169998,122.339996
192.415009,218.830002,55.169998,122.339996
192.415009,218.830002,55.169998,122.339996
192.415009,218.830002,55.169998,122.339996
192.415009,218.830002,55.169998,122.339996
192.415009,218.830002,55.169998,122.339996
192.415009,218.830002,55.169998,122.339996
192.415009,218.830002,55.169998,122.339996
192.415009,218.830002,55.169998,122.339996
192.415009,218.830002,55.169998,122.339996
192.415009,218.830002,55.169998,122.339996
192.415009,218.830002,55.169998,122.339996
192.415009,218.830002,55.169998,122.339996
192.415009,218.830002,55.169998,122.339996
192.415009,218.830002,55.169998,122.339996
192.415009,218.830002,55.169998,122.339996
192.415009,218.830002,55.169998,122.339996
192.415009,218.830002,55.169998,122.339996
192.415009,218.830002,55.169998,122.339996
192.415009,218.830002,55.169998,122.339996
192.415009,218.830002,55.169998,122.339996
192.415009,218.830002,55.169998,122.339996
192.415009,218.830002,55.169998,122.339996
192.415009,218.830002,55.169998,122.339996
192.415009,218.830002,55.169998,122.339996
192.415009,218.830002,55.169998,122.339996
192.415009,218.830002,55.169998,122.339996
192.415009,218.830002,55.169998,122.339996
192.415009,218.830002,55.169998,122.339996
192.415009,218.830002,55.169998,122.339996
192.415009,218.830002,55.169998,122.339996
192.415009,218.830002,55.169998,122.339996
192.415009,218.830002,55.169998,122.339996
2
0
0
0
0
1
251.970001,151.380005,46.859985,112.889984
251.970001,151.380005,46.859985,112.889984
251.970001,151.380005,46.859985,112.889984
251.970001,151.380005,46.859985,112.889984
276.570007,148.555008,46.859985,112.889984
276.570007,148.555008,46.859985,112.889984
276.570007,148.555008,46.859985,112.889984
276.570007,148.555008,46.859985,112.889984
276.570007,148.555008,46.859985,112.889984
276.570007,148.555008,46.859985,112.889984
276.570007,148.555008,46.859985,112.889984
276.570007,148.555008,46.859985,112.889984
276.570007,148.555008,46.859985,112.889984
276.570007,148.555008,46.859985,112.889984
276.570007,148.555008,46.859985,112.889984
276.570007,148.555008,46.859985,112.889984
276.570007,148.555008,46.859985,112.889984
276.570007,148.555008,46.859985,112.889984
276.570007,148.555008,46.859985,112.889984
276.570007,148.555008,46.859985,112.889984
276.570007,148.555008,46.859985,112.889984
276.570007,148.555008,46.859985,112.889984
276.570007,148.555008,46.859985,112.889984
276.570007,148.555008,46.859985,112.889984
276.570007,148.555008,46.859985,112.889984
276.570007,148.555008,46.859985,112.889984
276.570007,148.555008,46.859985,112.889984
276.570007,148.555008,46.859985,112.889984
276.570007,148.555008,46.859985,112.889984
276.570007,148.555008,46.859985,112.889984
276.570007,148.555008,46.859985,112.889984
276.570007,148.555008,46.859985,112.889984
276.570007,148.555008,46.859985,112.889984
276.570007,148.555008,46.859985,112.889984
276.570007,148.555008,46.859985,112.889984
276.570007,148.555008,46.859985,112.889984
276.570007,148.555008,46.859985,112.889984
276.570007,148.555008,46.859985,112.889984
276.570007,148.555008,46.859985,112.889984
276.570007,148.555008,46.859985,112.889984
276.570007,148.555008,46.859985,112.889984
276.570007,148.555008,46.859985,112.889984
276.570007,148.555008,46.859985,112.889984
276.570007,148.555008,46.859985,112.889984
276.570007,148.555008,46.859985,112.889984
276.570007,148.555008,46.859985,112.889984
276.570007,148.555008,46.859985,112.889984
276.570007,148.555008,46.859985,112.889984
276.570007,148.555008,46.859985,112.889984
276.570007,148.555008,46.859985,112.889984
276.570007,148.555008,46.859985,112.889984
276.570007,148.555008,46.859985,112.889984
276.570007,148.555008,46.859985,112.889984
276.570007,148.555008,46.859985,112.889984
276.570007,148.555008,46.859985,112.889984
276.570007,148.555008,46.859985,112.889984
276.570007,148.555008,46.859985,112.889984
276.570007,148.555008,46.859985,112.889984
276.570007,148.555008,46.859985,112.889984
276.570007,148.555008,46.859985,112.889984
276.570007,148.555008,46.859985,112.889984
276.570007,148.555008,46.859985,112.889984
276.570007,148.555008,46.859985,112.889984
276.570007,148.555008,46.859985,112.889984
276.570007,148.555008,46.859985,112.889984
276.570007,148.555008,46.859985,112.889984
276.570007,148.555008,46.859985,112.889984
276.570007,148.555008,46.859985,112.889984
276.570007,148.555008,46.859985,112.889984
276.570007,148.555008,46.859985,112.889984
276.570007,148.555008,46.859985,112.889984
276.570007,148.555008,46.859985,112.889984
276.570007,148.555008,46.859985,112.889984
276.570007,148.555008,46.859985,112.889984
276.570007,148.555008,46.859985,112.889984
276.570007,148.555008,46.859985,112.889984
276.570007,148.555008,46.859985,112.889984
2
0
0
0
0
1
222.520004,188.690002,50.300003,120.329987
222.520004,188.690002,50.300003,120.329987
222.520004,188.690002,50.300003,120.329987
222.520004,188.690002,50.300003,120.329987
222.520004,188.690002,50.300003,120.329987
222.520004,188.690002,50.300003,120.329987
226.850006,138.835007,50.300003,120.329987
226.850006,138.835007,50.300003,120.329987
226.850006,138.835007,50.300003,120.329987
226.850006,138.835007,50.300003,120.329987
224.850006,197.835007,50.300003,120.329987
224.850006,197.835007,50.300003,120.329987
224.850006,197.835007,50.300003,120.329987
194.850006,230.835007,50.300003,120.329987
194.850006,230.835007,50.300003,120.329987
194.850006,230.835007,50.300003,120.329987
194.850006,230.835007,50.300003,120.329987
194.850006,230.835007,50.300003,120.329987
194.850006,230.835007,50.300003,120.329987
194.850006,230.835007,50.300003,120.329987
194.850006,230.835007,50.300003,120.329987
194.850006,230.835007,50.300003,120.329987
194.850006,230.835007,50.300003,120.329987
194.850006,230.835007,50.300003,120.329987
194.850006,230.835007,50.300003,120.329987
194.850006,230.835007,50.300003,120.329987
194.850006,230.835007,50.300003,120.329987
194.850006,230.835007,50.300003,120.329987
194.850006,230.835007,50.300003,120.329987
194.850006,230.835007,50.300003,120.329987
194.850006,230.835007,50.300003,120.329987
194.850006,230.835007,50.300003,120.329987
194.850006,230.835007,50.300003,120.329987
194.850006,230.835007,50.300003,120.329987
194.850006,230.835007,50.300003,120.329987
194.850006,230.835007,50.300003,120.329987
194.850006,230.835007,50.300003,120.329987
194.850006,230.835007,50.300003,120.329987
194.850006,230.835007,50.300003,120.329987
194.850006,230.835007,50.300003,120.329987
159.850006,190.835007,50.300003,120.329987
159.850006,190.835007,50.300003,120.329987
159.850006,190.835007,50.300003,120.329987
159.850006,190.835007,50.300003,120.329987
159.850006,190.835007,50.300003,120.329987
159.850006,190.835007,50.300003,120.329987
166.850006,241.835007,50.300003,120.329987
166.850006,241.835007,50.300003,120.329987
166.850006,241.835007,50.300003,120.329987
166.850006,241.835007,50.300003,120.329987
166.850006,241.835007,50.300003,120.329987
166.850006,241.835007,50.300003,120.329987
166.850006,241.835007,50.300003,120.329987
166.850006,241.835007,50.300003,120.329987
166.850006,241.835007,50.300003,120.329987
151.850006,250.835007,50.300003,120.329987
151.850006,250.835007,50.300003,120.329987
172.850006,235.835007,50.300003,120.329987
145.850006,235.835007,50.300003,120.329987
145.850006,235.835007,50.300003,120.329987
166.850006,235.835007,50.300003,120.329987
166.850006,235.835007,50.300003,120.329987
166.850006,235.835007,50.300003,120.329987
166.850006,235.835007,50.300003,120.329987
166.850006,235.835007,50.300003,120.329987
166.850006,235.835007,50.300003,120.329987
166.850006,235.835007,50.300003,120.329987
166.850006,235.835007,50.300003,120.329987
143.850006,257.834991,50.300003,120.329987
143.850006,257.834991,50.300003,120.329987
143.850006,257.834991,50.300003,120.329987
143.850006,257.834991,50.300003,120.329987
127.849998,260.834991,50.300003,120.329987
127.849998,260.834991,50.300003,120.329987
127.849998,260.834991,50.300003,120.329987
127.849998,260.834991,50.300003,120.329987
127.849998,260.834991,50.300003,120.329987
127.849998,260.834991,50.300003,120.329987
127.849998,260.834991,50.300003,120.329987
127.849998,260.834991,50.300003,120.329987
127.849998,260.834991,50.300003,120.329987
144.850006,237.835007,50.300003,120.329987
144.850006,237.835007,50.300003,120.329987
144.850006,237.835007,50.300003,120.329987
144.850006,237.835007,50.300003,120.329987
144.850006,237.835007,50.300003,120.329987
144.850006,237.835007,50.300003,120.329987
144.850006,237.835007,50.300003,120.329987
144.850006,237.835007,50.300003,120.329987
144.850006,237.835007,50.300003,120.329987
144.850006,237.835007,50.300003,120.329987
144.850006,237.835007,50.300003,120.329987
144.850006,237.835007,50.300003,120.329987
144.850006,237.835007,50.300003,120.329987
144.850006,237.835007,50.300003,120.329987
144.850006,237.835007,50.300003,120.329987
144.850006,237.835007,50.300003,120.329987
144.850006,237.835007,50.300003,120.329987
144.850006,237.835007,50.300003,120.329987
144.850006,237.835007,50.300003,120.329987
144.850006,237.835007,50.300003,120.329987
144.850006,237.835007,50.300003,120.329987
144.850006,237.835007,50.300003,120.329987
144.850006,237.835007,50.300003,120.329987
144.850006,237.835007,50.300003,120.329987
144.850006,237.835007,50.300003,120.329987
144.850006,237.835007,50.300003,120.329987
144.850006,237.835007,50.300003,120.329987
144.850006,237.835007,50.300003,120.329987
144.850006,237.835007,50.300003,120.329987
144.850006,237.835007,50.300003,120.329987
121.849998,239.835007,50.300003,120.329987
121.849998,239.835007,50.300003,120.329987
121.849998,239.835007,50.300003,120.329987
121.849998,239.835007,50.300003,120.329987
141.850006,227.835007,50.300003,120.329987
141.850006,227.835007,50.300003,120.329987
141.850006,227.835007,50.300003,120.329987
141.850006,227.835007,50.300003,120.329987
141.850006,227.835007,50.300003,120.329987
141.850006,227.835007,50.300003,120.329987
141.850006,227.835007,50.300003,120.329987
141.850006,227.835007,50.300003,120.329987
141.850006,227.835007,50.300003,120.329987
141.850006,227.835007,50.300003,120.329987
141.850006,227.835007,50.300003,120.329987
141.850006,227.835007,50.300003,120.329987
141.850006,227.835007,50.300003,120.329987
141.850006,227.835007,50.300003,120.329987
141.850006,227.835007,50.300003,120.329987
141.850006,227.835007,50.300003,120.329987
141.850006,227.835007,50.300003,120.329987
141.850006,227.835007,50.300003,120.329987
141.850006,227.835007,50.300003,120.329987
141.850006,227.835007,50.300003,120.329987
141.850006,227.835007,50.300003,120.329987
141.850006,227.835007,50.300003,120.329987
141.850006,227.835007,50.300003,120.329987
141.850006,227.835007,50.300003,120.329987
141.850006,227.835007,50.300003,120.329987
141.850006,227.835007,50.300003,120.329987
141.850006,227.835007,50.300003,120.329987
141.850006,227.835007,50.300003,120.329987
141.850006,227.835007,50.300003,120.329987
141.850006,227.835007,50.300003,120.329987
141.850006,227.835007,50.300003,120.329987
141.850006,227.835007,50.300003,120.329987
141.850006,227.835007,50.300003,120.329987
141.850006,227.835007,50.300003,120.329987
141.850006,227.835007,50.300003,120.329987
141.850006,227.835007,50.300003,120.329987
141.850006,227.835007,50.300003,120.329987
141.850006,227.835007,50.300003,120.329987
141.850006,227.835007,50.300003,120.329987
141.850006,227.835007,50.300003,120.329987
141.850006,227.835007,50.300003,120.329987
141.850006,227.835007,50.300003,120.329987
141.850006,227.835007,50.300003,120.329987
141.850006,227.835007,50.300003,120.329987
141.850006,227.835007,50.300003,120.329987
141.850006,227.835007,50.300003,120.329987
151.850006,177.835007,50.300003,120.329987
151.850006,177.835007,50.300003,120.329987
156.850006,232.835007,50.300003,120.329987
156.850006,232.835007,50.300003,120.329987
156.850006,232.835007,50.300003,120.329987
156.850006,232.835007,50.300003,120.329987
156.850006,232.835007,50.300003,120.329987
156.850006,232.835007,50.300003,120.329987
176.850006,237.835007,50.300003,120.329987
151.850006,232.835007,50.300003,120.329987
151.850006,232.835007,50.300003,120.329987
151.850006,232.835007,50.300003,120.329987
151.850006,232.835007,50.300003,120.329987
151.850006,232.835007,50.300003,120.329987
171.850006,237.835007,50.300003,120.329987
171.850006,237.835007,50.300003,120.329987
171.850006,237.835007,50.300003,120.329987
171.850006,237.835007,50.300003,120.329987
171.850006,237.835007,50.300003,120.329987
171.850006,237.835007,50.300003,120.329987
171.850006,237.835007,50.300003,120.329987
171.850006,237.835007,50.300003,120.329987
171.850006,237.835007,50.300003,120.329987
171.850006,237.835007,50.300003,120.329987
171.850006,237.835007,50.300003,120.329987
171.850006,237.835007,50.300003,120.329987
171.850006,237.835007,50.300003,120.329987
171.850006,237.835007,50.300003,120.329987
181.850006,182.835007,50.300003,120.329987
161.850006,237.835007,50.300003,120.329987
161.850006,237.835007,50.300003,120.329987
161.850006,237.835007,50.300003,120.329987
161.850006,237.835007,50.300003,120.329987
161.850006,237.835007,50.300003,120.329987
191.850006,182.835007,50.300003,120.329987
191.850006,182.835007,50.300003,120.329987
191.850006,182.835007,50.300003,120.329987
191.850006,182.835007,50.300003,120.329987
191.850006,182.835007,50.300003,120.329987
191.850006,182.835007,50.300003,120.329987
191.850006,182.835007,50.300003,120.329987
211.850006,182.835007,50.300003,120.329987
211.850006,182.835007,50.300003,120.329987
211.850006,182.835007,50.300003,120.329987
211.850006,182.835007,50.300003,120.329987
211.850006,182.835007,50.300003,120.329987
211.850006,182.835007,50.300003,120.329987
211.850006,182.835007,50.300003,120.329987
231.850006,192.835007,50.300003,120.329987
231.850006,192.835007,50.300003,120.329987
231.850006,192.835007,50.300003,120.329987
231.850006,192.835007,50.300003,120.329987
231.850006,192.835007,50.300003,120.329987
231.850006,192.835007,50.300003,120.329987
231.850006,192.835007,50.300003,120.329987
231.850006,192.835007,50.300003,120.329987
231.850006,192.835007,50.300003,120.329987
231.850006,192.835007,50.300003,120.329987
231.850006,192.835007,50.300003,120.329987
2
0
0
0
0
1
313.480011,231.690002,43.269989,103.269989
313.480011,231.690002,43.269989,103.269989
313.480011,231.690002,43.269989,103.269989
332.365021,195.365005,43.269989,103.269989
332.365021,195.365005,43.269989,103.269989
332.365021,195.365005,43.269989,103.269989
332.365021,195.365005,43.269989,103.269989
2
0
0
0
0
1
407.720001,224.710007,46.019989,111.809982
407.720001,224.710007,46.019989,111.809982
407.720001,224.710007,46.019989,111.809982
423.990021,244.095016,46.019989,111.809982
400.990021,237.095016,46.019989,111.809982
400.990021,237.095016,46.019989,111.809982
400.990021,237.095016,46.019989,111.809982
400.990021,237.095016,46.019989,111.809982
400.990021,237.095016,46.019989,111.809982
400.990021,237.095016,46.019989,111.809982
400.990021,237.095016,46.019989,111.809982
400.990021,237.095016,46.019989,111.809982
400.990021,237.095016,46.019989,111.809982
400.990021,237.095016,46.019989,111.809982
400.990021,237.095016,46.019989,111.809982
400.990021,237.095016,46.019989,111.809982
400.990021,237.095016,46.019989,111.809982
400.990021,237.095016,46.019989,111.809982
400.990021,237.095016,46.019989,111.809982
400.990021,237.095016,46.019989,111.809982
400.990021,237.095016,46.019989,111.809982
400.990021,237.095016,46.019989,111.809982
400.990021,237.095016,46.019989,111.809982
400.990021,237.095016,46.019989,111.809982
400.990021,237.095016,46.019989,111.809982
2
0
0
0
0
1
348.190002,190.220001,44.540009,110.290009
348.190002,190.220001,44.540009,110.290009
348.190002,190.220001,44.540009,110.290009
348.190002,190.220001,44.540009,110.290009
348.190002,190.220001,44.540009,110.290009
348.190002,190.220001,44.540009,110.290009
348.190002,190.220001,44.540009,110.290009
348.190002,190.220001,44.540009,110.290009
348.190002,190.220001,44.540009,110.290009
348.190002,190.220001,44.540009,110.290009
348.190002,190.220001,44.540009,110.290009
348.190002,190.220001,44.540009,110.290009
348.190002,190.220001,44.540009,110.290009
348.190002,190.220001,44.540009,110.290009
348.190002,190.220001,44.540009,110.290009
348.190002,190.220001,44.540009,110.290009
348.190002,190.220001,44.540009,110.290009
348.190002,190.220001,44.540009,110.290009
348.190002,190.220001,44.540009,110.290009
348.190002,190.220001,44.540009,110.290009
348.190002,190.220001,44.540009,110.290009
348.190002,190.220001,44.540009,110.290009
348.190002,190.220001,44.540009,110.290009
348.190002,190.220001,44.540009,110.290009
347.729980,189.854996,44.540009,110.290009
347.729980,189.854996,44.540009,110.290009
347.729980,189.854996,44.540009,110.290009
347.729980,189.854996,44.540009,110.290009
347.729980,189.854996,44.540009,110.290009
347.729980,189.854996,44.540009,110.290009
347.729980,189.854996,44.540009,110.290009
347.729980,189.854996,44.540009,110.290009
347.729980,189.854996,44.540009,110.290009
347.729980,189.854996,44.540009,110.290009
347.729980,189.854996,44.540009,110.290009
347.729980,189.854996,44.540009,110.290009
347.729980,189.854996,44.540009,110.290009
347.729980,189.854996,44.540009,110.290009
347.729980,189.854996,44.540009,110.290009
347.729980,189.854996,44.540009,110.290009
347.729980,189.854996,44.540009,110.290009
347.729980,189.854996,44.540009,110.290009
347.729980,189.854996,44.540009,110.290009
347.729980,189.854996,44.540009,110.290009
347.729980,189.854996,44.540009,110.290009
347.729980,189.854996,44.540009,110.290009
347.729980,189.854996,44.540009,110.290009
2
0
0
0
0
1
297.239990,180.570007,48.660004,118.500000
297.239990,180.570007,48.660004,118.500000
287.669983,131.750000,48.660004,118.500000
287.669983,131.750000,48.660004,118.500000
287.669983,131.750000,48.660004,118.500000
287.669983,131.750000,48.660004,118.500000
287.669983,131.750000,48.660004,118.500000
287.669983,131.750000,48.660004,118.500000
287.669983,131.750000,48.660004,118.500000
287.669983,131.750000,48.660004,118.500000
297.669983,174.750000,48.660004,118.500000
292.669983,135.750000,48.660004,118.500000
292.669983,135.750000,48.660004,118.500000
292.669983,135.750000,48.660004,118.500000
292.669983,135.750000,48.660004,118.500000
292.669983,135.750000,48.660004,118.500000
292.669983,135.750000,48.660004,118.500000
292.669983,135.750000,48.660004,118.500000
292.669983,135.750000,48.660004,118.500000
292.669983,135.750000,48.660004,118.500000
292.669983,135.750000,48.660004,118.500000
292.669983,135.750000,48.660004,118.500000
279.669983,101.750000,48.660004,118.500000
279.669983,101.750000,48.660004,118.500000
279.669983,101.750000,48.660004,118.500000
279.669983,101.750000,48.660004,118.500000
279.669983,101.750000,48.660004,118.500000
279.669983,101.750000,48.660004,118.500000
279.669983,101.750000,48.660004,118.500000
281.669983,190.750000,48.660004,118.500000
281.669983,190.750000,48.660004,118.500000
281.669983,190.750000,48.660004,118.500000
301.669983,189.750000,48.660004,118.500000
301.669983,189.750000,48.660004,118.500000
301.669983,189.750000,48.660004,118.500000
301.669983,189.750000,48.660004,118.500000
301.669983,189.750000,48.660004,118.500000
301.669983,189.750000,48.660004,118.500000
301.669983,189.750000,48.660004,118.500000
301.669983,189.750000,48.660004,118.500000
301.669983,189.750000,48.660004,118.500000
301.669983,189.750000,48.660004,118.500000
301.669983,189.750000,48.660004,118.500000
301.669983,189.750000,48.660004,118.500000
300.669983,110.750000,48.660004,118.500000
300.669983,110.750000,48.660004,118.500000
300.669983,110.750000,48.660004,118.500000
336.669983,144.750000,48.660004,118.500000
336.669983,144.750000,48.660004,118.500000
336.669983,144.750000,48.660004,118.500000
336.669983,144.750000,48.660004,118.500000
336.669983,144.750000,48.660004,118.500000
336.669983,144.750000,48.660004,118.500000
336.669983,144.750000,48.660004,118.500000
336.669983,144.750000,48.660004,118.500000
336.669983,144.750000,48.660004,118.500000
336.669983,144.750000,48.660004,118.500000
321.669983,135.750000,48.660004,118.500000
306.669983,121.750000,48.660004,118.500000
286.669983,162.750000,48.660004,118.500000
296.669983,213.750000,48.660004,118.500000
296.669983,154.750000,48.660004,118.500000
296.669983,154.750000,48.660004,118.500000
296.669983,154.750000,48.660004,118.500000
296.669983,154.750000,48.660004,118.500000
296.669983,154.750000,48.660004,118.500000
296.669983,154.750000,48.660004,118.500000
296.669983,154.750000,48.660004,118.500000
296.669983,154.750000,48.660004,118.500000
296.669983,154.750000,48.660004,118.500000
296.669983,154.750000,48.660004,118.500000
296.669983,154.750000,48.660004,118.500000
296.669983,154.750000,48.660004,118.500000
296.669983,154.750000,48.660004,118.500000
311.669983,114.750000,48.660004,118.500000
311.669983,114.750000,48.660004,118.500000
311.669983,114.750000,48.660004,118.500000
311.669983,114.750000,48.660004,118.500000
311.669983,114.750000,48.660004,118.500000
311.669983,114.750000,48.660004,118.500000
344.669983,196.750000,48.660004,118.500000
344.669983,196.750000,48.660004,118.500000
344.669983,196.750000,48.660004,118.500000
344.669983,196.750000,48.660004,118.500000
344.669983,196.750000,48.660004,118.500000
344.669983,196.750000,48.660004,118.500000
344.669983,196.750000,48.660004,118.500000
361.669983,240.750000,48.660004,118.500000
361.669983,240.750000,48.660004,118.500000
361.669983,240.750000,48.660004,118.500000
2
0
0
0
0
1
342.299988,217.539993,38.350006,111.860001
342.299988,217.539993,38.350006,111.860001
342.299988,217.539993,38.350006,111.860001
342.299988,217.539993,38.350006,111.860001
342.299988,217.539993,38.350006,111.860001
342.299988,217.539993,38.350006,111.860001
342.299988,217.539993,38.350006,111.860001
342.299988,217.539993,38.350006,111.860001
342.299988,217.539993,38.350006,111.860001
342.299988,217.539993,38.350006,111.860001
342.299988,217.539993,38.350006,111.860001
342.299988,217.539993,38.350006,111.860001
342.299988,217.539993,38.350006,111.860001
342.299988,217.539993,38.350006,111.860001
342.299988,217.539993,38.350006,111.860001
342.299988,217.539993,38.350006,111.860001
342.299988,217.539993,38.350006,111.860001
342.299988,217.539993,38.350006,111.860001
342.299988,217.539993,38.350006,111.860001
342.299988,217.539993,38.350006,111.860001
342.299988,217.539993,38.350006,111.860001
342.299988,217.539993,38.350006,111.860001
342.299988,217.539993,38.350006,111.860001
342.299988,217.539993,38.350006,111.860001
342.299988,217.539993,38.350006,111.860001
342.299988,217.539993,38.350006,111.860001
342.299988,217.539993,38.350006,111.860001
342.299988,217.539993,38.350006,111.860001
342.299988,217.539993,38.350006,111.860001
342.299988,217.539993,38.350006,111.860001
342.299988,217.539993,38.350006,111.860001
342.299988,217.539993,38.350006,111.860001
342.299988,217.539993,38.350006,111.860001
342.299988,217.539993,38.350006,111.860001
342.299988,217.539993,38.350006,111.860001
342.299988,217.539993,38.350006,111.860001
342.299988,217.539993,38.350006,111.860001
342.299988,217.539993,38.350006,111.860001
342.299988,217.539993,38.350006,111.860001
342.299988,217.539993,38.350006,111.860001
342.299988,217.539993,38.350006,111.860001
342.299988,217.539993,38.350006,111.860001
342.299988,217.539993,38.350006,111.860001
342.299988,217.539993,38.350006,111.860001
342.299988,217.539993,38.350006,111.860001
342.299988,217.539993,38.350006,111.860001
342.299988,217.539993,38.350006,111.860001
342.299988,217.539993,38.350006,111.860001
341.825012,217.069992,38.350006,111.860001
341.825012,217.069992,38.350006,111.860001
341.825012,217.069992,38.350006,111.860001
341.825012,217.069992,38.350006,111.860001
341.825012,217.069992,38.350006,111.860001
326.825012,227.069992,38.350006,111.860001
326.825012,227.069992,38.350006,111.860001
326.825012,227.069992,38.350006,111.860001
326.825012,227.069992,38.350006,111.860001
326.825012,227.069992,38.350006,111.860001
