1
186.589996,200.229996,48.699997,120.650009
186.589996,200.229996,48.699997,120.650009
186.589996,200.229996,48.699997,120.650009
186.589996,200.229996,48.699997,120.650009
186.589996,200.229996,48.699997,120.650009
186.589996,200.229996,48.699997,120.650009
186.589996,200.229996,48.699997,120.650009
186.589996,200.229996,48.699997,120.650009
186.589996,200.229996,48.699997,120.650009
186.589996,200.229996,48.699997,120.650009
186.589996,200.229996,48.699997,120.650009
186.589996,200.229996,48.699997,120.650009
186.589996,200.229996,48.699997,120.650009
186.589996,200.229996,48.699997,120.650009
186.589996,200.229996,48.699997,120.650009
186.589996,200.229996,48.699997,120.650009
186.589996,200.229996,48.699997,120.650009
186.589996,200.229996,48.699997,120.650009
186.589996,200.229996,48.699997,120.650009
186.589996,200.229996,48.699997,120.650009
186.589996,200.229996,48.699997,120.650009
186.589996,200.229996,48.699997,120.650009
186.589996,200.229996,48.699997,120.650009
186.589996,200.229996,48.699997,120.650009
185.649994,199.675003,48.699997,120.650009
185.649994,199.675003,48.699997,120.650009
185.649994,199.675003,48.699997,120.650009
185.649994,199.675003,48.699997,120.650009
2
0
0
0
0
1
256.140015,222.509995,47.699982,112.590012
256.140015,222.509995,47.699982,112.590012
256.140015,222.509995,47.699982,112.590012
256.140015,222.509995,47.699982,112.590012
256.140015,222.509995,47.699982,112.590012
256.140015,222.509995,47.699982,112.590012
256.140015,222.509995,47.699982,112.590012
286.149994,213.704987,47.699982,112.590012
286.149994,213.704987,47.699982,112.590012
286.149994,213.704987,47.699982,112.590012
286.149994,213.704987,47.699982,112.590012
286.149994,213.704987,47.699982,112.590012
286.149994,213.704987,47.699982,112.590012
286.149994,213.704987,47.699982,112.590012
286.149994,213.704987,47.699982,112.590012
286.149994,213.704987,47.699982,112.590012
271.149994,225.704987,47.699982,112.590012
271.149994,225.704987,47.699982,112.590012
271.149994,225.704987,47.699982,112.590012
271.149994,225.704987,47.699982,112.590012
271.149994,225.704987,47.699982,112.590012
271.149994,225.704987,47.699982,112.590012
271.149994,225.704987,47.699982,112.590012
271.149994,225.704987,47.699982,112.590012
256.149994,214.704987,47.699982,112.590012
256.149994,214.704987,47.699982,112.590012
256.149994,214.704987,47.699982,112.590012
256.149994,214.704987,47.699982,112.590012
241.150009,211.704987,47.699982,112.590012
241.150009,211.704987,47.699982,112.590012
241.150009,211.704987,47.699982,112.590012
241.150009,211.704987,47.699982,112.590012
241.150009,211.704987,47.699982,112.590012
241.150009,211.704987,47.699982,112.590012
241.150009,211.704987,47.699982,112.590012
241.150009,211.704987,47.699982,112.590012
241.150009,211.704987,47.699982,112.590012
193.150009,216.704987,47.699982,112.590012
193.150009,216.704987,47.699982,112.590012
193.150009,216.704987,47.699982,112.590012
193.150009,216.704987,47.699982,112.590012
193.150009,216.704987,47.699982,112.590012
193.150009,216.704987,47.699982,112.590012
156.150009,215.704987,47.699982,112.590012
156.150009,215.704987,47.699982,112.590012
156.150009,215.704987,47.699982,112.590012
156.150009,215.704987,47.699982,112.590012
156.150009,215.704987,47.699982,112.590012
156.150009,215.704987,47.699982,112.590012
156.150009,215.704987,47.699982,112.590012
156.150009,215.704987,47.699982,112.590012
136.150009,229.704987,47.699982,112.590012
121.150009,222.704987,47.699982,112.590012
121.150009,222.704987,47.699982,112.590012
121.150009,222.704987,47.699982,112.590012
121.150009,222.704987,47.699982,112.590012
121.150009,222.704987,47.699982,112.590012
121.150009,222.704987,47.699982,112.590012
121.150009,222.704987,47.699982,112.590012
121.150009,222.704987,47.699982,112.590012
121.150009,222.704987,47.699982,112.590012
121.150009,222.704987,47.699982,112.590012
121.150009,222.704987,47.699982,112.590012
106.150009,210.704987,47.699982,112.590012
106.150009,210.704987,47.699982,112.590012
106.150009,210.704987,47.699982,112.590012
106.150009,210.704987,47.699982,112.590012
106.150009,210.704987,47.699982,112.590012
106.150009,210.704987,47.699982,112.590012
106.150009,210.704987,47.699982,112.590012
106.150009,210.704987,47.699982,112.590012
106.150009,210.704987,47.699982,112.590012
106.150009,210.704987,47.699982,112.590012
106.150009,210.704987,47.699982,112.590012
106.150009,210.704987,47.699982,112.590012
106.150009,210.704987,47.699982,112.590012
106.150009,210.704987,47.699982,112.590012
106.150009,210.704987,47.699982,112.590012
106.150009,210.704987,47.699982,112.590012
106.150009,210.704987,47.699982,112.590012
106.150009,210.704987,47.699982,112.590012
141.150009,217.704987,47.699982,112.590012
141.150009,217.704987,47.699982,112.590012
141.150009,217.704987,47.699982,112.590012
141.150009,217.704987,47.699982,112.590012
141.150009,217.704987,47.699982,112.590012
141.150009,217.704987,47.699982,112.590012
141.150009,217.704987,47.699982,112.590012
141.150009,217.704987,47.699982,112.590012
141.150009,217.704987,47.699982,112.590012
141.150009,217.704987,47.699982,112.590012
171.150009,197.704987,47.699982,112.590012
171.150009,197.704987,47.699982,112.590012
171.150009,197.704987,47.699982,112.590012
184.150009,212.704987,47.699982,112.590012
184.150009,212.704987,47.699982,112.590012
184.150009,212.704987,47.699982,112.590012
201.150009,187.704987,47.699982,112.590012
201.150009,187.704987,47.699982,112.590012
201.150009,187.704987,47.699982,112.590012
201.150009,187.704987,47.699982,112.590012
201.150009,187.704987,47.699982,112.590012
201.150009,187.704987,47.699982,112.590012
201.150009,187.704987,47.699982,112.590012
201.150009,187.704987,47.699982,112.590012
201.150009,187.704987,47.699982,112.590012
201.150009,187.704987,47.699982,112.590012
201.150009,187.704987,47.699982,112.590012
201.150009,187.704987,47.699982,112.590012
201.150009,187.704987,47.699982,112.590012
231.150009,177.704987,47.699982,112.590012
231.150009,177.704987,47.699982,112.590012
231.150009,177.704987,47.699982,112.590012
231.150009,177.704987,47.699982,112.590012
231.150009,177.704987,47.699982,112.590012
231.150009,177.704987,47.699982,112.590012
231.150009,177.704987,47.699982,112.590012
231.150009,177.704987,47.699982,112.590012
231.150009,177.704987,47.699982,112.590012
231.150009,177.704987,47.699982,112.590012
231.150009,177.704987,47.699982,112.590012
231.150009,177.704987,47.699982,112.590012
231.150009,177.704987,47.699982,112.590012
231.150009,177.704987,47.699982,112.590012
231.150009,177.704987,47.699982,112.590012
231.150009,177.704987,47.699982,112.590012
231.150009,177.704987,47.699982,112.590012
231.150009,177.704987,47.699982,112.590012
231.150009,177.704987,47.699982,112.590012
231.150009,177.704987,47.699982,112.590012
257.149994,171.704987,47.699982,112.590012
257.149994,171.704987,47.699982,112.590012
257.149994,171.704987,47.699982,112.590012
257.149994,171.704987,47.699982,112.590012
257.149994,171.704987,47.699982,112.590012
277.149994,161.704987,47.699982,112.590012
277.149994,161.704987,47.699982,112.590012
277.149994,161.704987,47.699982,112.590012
277.149994,161.704987,47.699982,112.590012
277.149994,161.704987,47.699982,112.590012
277.149994,161.704987,47.699982,112.590012
277.149994,161.704987,47.699982,112.590012
277.149994,161.704987,47.699982,112.590012
277.149994,161.704987,47.699982,112.590012
277.149994,161.704987,47.699982,112.590012
277.149994,161.704987,47.699982,112.590012
277.149994,161.704987,47.699982,112.590012
277.149994,161.704987,47.699982,112.590012
277.149994,161.704987,47.699982,112.590012
277.149994,161.704987,47.699982,112.590012
277.149994,161.704987,47.699982,112.590012
277.149994,161.704987,47.699982,112.590012
277.149994,161.704987,47.699982,112.590012
277.149994,161.704987,47.699982,112.590012
277.149994,161.704987,47.699982,112.590012
277.149994,161.704987,47.699982,112.590012
260.149994,154.704987,47.699982,112.590012
260.149994,154.704987,47.699982,112.590012
260.149994,154.704987,47.699982,112.590012
260.149994,154.704987,47.699982,112.590012
288.149994,166.704987,47.699982,112.590012
270.149994,159.704987,47.699982,112.590012
270.149994,159.704987,47.699982,112.590012
270.149994,159.704987,47.699982,112.590012
270.149994,159.704987,47.699982,112.590012
270.149994,159.704987,47.699982,112.590012
270.149994,159.704987,47.699982,112.590012
270.149994,159.704987,47.699982,112.590012
288.149994,143.704987,47.699982,112.590012
288.149994,143.704987,47.699982,112.590012
288.149994,143.704987,47.699982,112.590012
288.149994,143.704987,47.699982,112.590012
288.149994,143.704987,47.699982,112.590012
288.149994,143.704987,47.699982,112.590012
268.149994,152.704987,47.699982,112.590012
268.149994,152.704987,47.699982,112.590012
268.149994,152.704987,47.699982,112.590012
268.149994,152.704987,47.699982,112.590012
268.149994,152.704987,47.699982,112.590012
268.149994,152.704987,47.699982,112.590012
268.149994,152.704987,47.699982,112.590012
268.149994,152.704987,47.699982,112.590012
268.149994,152.704987,47.699982,112.590012
268.149994,152.704987,47.699982,112.590012
283.149994,172.704987,47.699982,112.590012
263.149994,191.704987,47.699982,112.590012
263.149994,191.704987,47.699982,112.590012
263.149994,191.704987,47.699982,112.590012
263.149994,191.704987,47.699982,112.590012
263.149994,191.704987,47.699982,112.590012
263.149994,191.704987,47.699982,112.590012
263.149994,191.704987,47.699982,112.590012
263.149994,191.704987,47.699982,112.590012
263.149994,191.704987,47.699982,112.590012
263.149994,191.704987,47.699982,112.590012
263.149994,191.704987,47.699982,112.590012
263.149994,191.704987,47.699982,112.590012
263.149994,191.704987,47.699982,112.590012
263.149994,191.704987,47.699982,112.590012
263.149994,191.704987,47.699982,112.590012
263.149994,191.704987,47.699982,112.590012
263.149994,191.704987,47.699982,112.590012
263.149994,191.704987,47.699982,112.590012
231.150009,188.704987,47.699982,112.590012
231.150009,188.704987,47.699982,112.590012
231.150009,188.704987,47.699982,112.590012
231.150009,188.704987,47.699982,112.590012
231.150009,188.704987,47.699982,112.590012
231.150009,188.704987,47.699982,112.590012
231.150009,188.704987,47.699982,112.590012
231.150009,188.704987,47.699982,112.590012
210.150009,175.704987,47.699982,112.590012
218.150009,214.704987,47.699982,112.590012
221.150009,178.704987,47.699982,112.590012
221.150009,178.704987,47.699982,112.590012
221.150009,178.704987,47.699982,112.590012
221.150009,178.704987,47.699982,112.590012
221.150009,178.704987,47.699982,112.590012
221.150009,178.704987,47.699982,112.590012
216.150009,133.704987,47.699982,112.590012
216.150009,133.704987,47.699982,112.590012
216.150009,133.704987,47.699982,112.590012
224.150009,182.704987,47.699982,112.590012
224.150009,182.704987,47.699982,112.590012
224.150009,182.704987,47.699982,112.590012
202.150009,216.704987,47.699982,112.590012
188.150009,229.704987,47.699982,112.590012
188.150009,229.704987,47.699982,112.590012
188.150009,229.704987,47.699982,112.590012
188.150009,229.704987,47.699982,112.590012
188.150009,229.704987,47.699982,112.590012
188.150009,229.704987,47.699982,112.590012
188.150009,229.704987,47.699982,112.590012
188.150009,229.704987,47.699982,112.590012
188.150009,229.704987,47.699982,112.590012
188.150009,229.704987,47.699982,112.590012
188.150009,229.704987,47.699982,112.590012
188.150009,229.704987,47.699982,112.590012
188.150009,229.704987,47.699982,112.590012
203.150009,230.704987,47.699982,112.590012
203.150009,230.704987,47.699982,112.590012
203.150009,230.704987,47.699982,112.590012
203.150009,230.704987,47.699982,112.590012
203.150009,230.704987,47.699982,112.590012
203.150009,230.704987,47.699982,112.590012
203.150009,230.704987,47.699982,112.590012
203.150009,230.704987,47.699982,112.590012
203.150009,230.704987,47.699982,112.590012
203.150009,230.704987,47.699982,112.590012
203.150009,230.704987,47.699982,112.590012
203.150009,230.704987,47.699982,112.590012
203.150009,230.704987,47.699982,112.590012
203.150009,230.704987,47.699982,112.590012
203.150009,230.704987,47.699982,112.590012
203.150009,230.704987,47.699982,112.590012
203.150009,230.704987,47.699982,112.590012
203.150009,230.704987,47.699982,112.590012
203.150009,230.704987,47.699982,112.590012
186.150009,240.704987,47.699982,112.590012
186.150009,240.704987,47.699982,112.590012
160.150009,184.704987,47.699982,112.590012
160.150009,184.704987,47.699982,112.590012
160.150009,184.704987,47.699982,112.590012
160.150009,184.704987,47.699982,112.590012
160.150009,184.704987,47.699982,112.590012
160.150009,184.704987,47.699982,112.590012
160.150009,184.704987,47.699982,112.590012
160.150009,184.704987,47.699982,112.590012
160.150009,184.704987,47.699982,112.590012
160.150009,184.704987,47.699982,112.590012
160.150009,184.704987,47.699982,112.590012
160.150009,184.704987,47.699982,112.590012
160.150009,184.704987,47.699982,112.590012
165.150009,237.704987,47.699982,112.590012
165.150009,237.704987,47.699982,112.590012
165.150009,237.704987,47.699982,112.590012
165.150009,237.704987,47.699982,112.590012
165.150009,237.704987,47.699982,112.590012
150.150009,242.704987,47.699982,112.590012
130.150009,235.704987,47.699982,112.590012
130.150009,235.704987,47.699982,112.590012
130.150009,235.704987,47.699982,112.590012
130.150009,235.704987,47.699982,112.590012
130.150009,235.704987,47.699982,112.590012
130.150009,235.704987,47.699982,112.590012
130.150009,235.704987,47.699982,112.590012
130.150009,235.704987,47.699982,112.590012
130.150009,235.704987,47.699982,112.590012
130.150009,235.704987,47.699982,112.590012
130.150009,235.704987,47.699982,112.590012
130.150009,235.704987,47.699982,112.590012
130.150009,235.704987,47.699982,112.590012
130.150009,235.704987,47.699982,112.590012
140.150009,274.704987,47.699982,112.590012
140.150009,274.704987,47.699982,112.590012
140.150009,274.704987,47.699982,112.590012
140.150009,274.704987,47.699982,112.590012
140.150009,274.704987,47.699982,112.590012
140.150009,274.704987,47.699982,112.590012
140.150009,274.704987,47.699982,112.590012
140.150009,274.704987,47.699982,112.590012
140.150009,274.704987,47.699982,112.590012
140.150009,274.704987,47.699982,112.590012
140.150009,274.704987,47.699982,112.590012
140.150009,274.704987,47.699982,112.590012
140.150009,274.704987,47.699982,112.590012
140.150009,274.704987,47.699982,112.590012
140.150009,274.704987,47.699982,112.590012
140.150009,274.704987,47.699982,112.590012
140.150009,274.704987,47.699982,112.590012
140.150009,274.704987,47.699982,112.590012
160.150009,230.704987,47.699982,112.590012
160.150009,230.704987,47.699982,112.590012
150.150009,176.704987,47.699982,112.590012
150.150009,176.704987,47.699982,112.590012
153.150009,219.704987,47.699982,112.590012
153.150009,219.704987,47.699982,112.590012
153.150009,219.704987,47.699982,112.590012
153.150009,219.704987,47.699982,112.590012
153.150009,219.704987,47.699982,112.590012
153.150009,219.704987,47.699982,112.590012
153.150009,219.704987,47.699982,112.590012
153.150009,219.704987,47.699982,112.590012
153.150009,219.704987,47.699982,112.590012
136.150009,230.704987,47.699982,112.590012
136.150009,230.704987,47.699982,112.590012
136.150009,230.704987,47.699982,112.590012
136.150009,230.704987,47.699982,112.590012
136.150009,230.704987,47.699982,112.590012
136.150009,230.704987,47.699982,112.590012
136.150009,230.704987,47.699982,112.590012
150.150009,198.704987,47.699982,112.590012
150.150009,198.704987,47.699982,112.590012
150.150009,198.704987,47.699982,112.590012
150.150009,198.704987,47.699982,112.590012
150.150009,198.704987,47.699982,112.590012
150.150009,198.704987,47.699982,112.590012
150.150009,198.704987,47.699982,112.590012
150.150009,198.704987,47.699982,112.590012
150.150009,198.704987,47.699982,112.590012
150.150009,198.704987,47.699982,112.590012
150.150009,198.704987,47.699982,112.590012
132.150009,232.704987,47.699982,112.590012
149.150009,231.704987,47.699982,112.590012
161.150009,190.704987,47.699982,112.590012
138.150009,229.704987,47.699982,112.590012
155.150009,188.704987,47.699982,112.590012
155.150009,188.704987,47.699982,112.590012
155.150009,188.704987,47.699982,112.590012
161.150009,245.704987,47.699982,112.590012
163.150009,189.704987,47.699982,112.590012
140.150009,238.704987,47.699982,112.590012
140.150009,238.704987,47.699982,112.590012
140.150009,238.704987,47.699982,112.590012
140.150009,238.704987,47.699982,112.590012
163.150009,234.704987,47.699982,112.590012
163.150009,234.704987,47.699982,112.590012
163.150009,234.704987,47.699982,112.590012
163.150009,234.704987,47.699982,112.590012
163.150009,234.704987,47.699982,112.590012
163.150009,234.704987,47.699982,112.590012
163.150009,234.704987,47.699982,112.590012
163.150009,234.704987,47.699982,112.590012
149.150009,191.704987,47.699982,112.590012
149.150009,191.704987,47.699982,112.590012
148.150009,234.704987,47.699982,112.590012
148.150009,234.704987,47.699982,112.590012
137.150009,177.704987,47.699982,112.590012
134.150009,226.704987,47.699982,112.590012
134.150009,226.704987,47.699982,112.590012
134.150009,226.704987,47.699982,112.590012
134.150009,226.704987,47.699982,112.590012
162.150009,202.704987,47.699982,112.590012
162.150009,202.704987,47.699982,112.590012
162.150009,202.704987,47.699982,112.590012
162.150009,202.704987,47.699982,112.590012
162.150009,202.704987,47.699982,112.590012
142.150009,232.704987,47.699982,112.590012
129.150009,181.704987,47.699982,112.590012
129.150009,181.704987,47.699982,112.590012
129.150009,181.704987,47.699982,112.590012
129.150009,181.704987,47.699982,112.590012
129.150009,181.704987,47.699982,112.590012
129.150009,181.704987,47.699982,112.590012
129.150009,181.704987,47.699982,112.590012
129.150009,181.704987,47.699982,112.590012
129.150009,181.704987,47.699982,112.590012
129.150009,181.704987,47.699982,112.590012
129.150009,181.704987,47.699982,112.590012
129.150009,181.704987,47.699982,112.590012
129.150009,181.704987,47.699982,112.590012
160.150009,188.704987,47.699982,112.590012
160.150009,188.704987,47.699982,112.590012
160.150009,188.704987,47.699982,112.590012
160.150009,188.704987,47.699982,112.590012
160.150009,188.704987,47.699982,112.590012
155.150009,228.704987,47.699982,112.590012
172.150009,242.704987,47.699982,112.590012
172.150009,242.704987,47.699982,112.590012
166.150009,190.704987,47.699982,112.590012
166.150009,190.704987,47.699982,112.590012
166.150009,190.704987,47.699982,112.590012
187.150009,242.704987,47.699982,112.590012
194.150009,196.704987,47.699982,112.590012
196.150009,240.704987,47.699982,112.590012
198.150009,204.704987,47.699982,112.590012
180.150009,248.704987,47.699982,112.590012
180.150009,248.704987,47.699982,112.590012
180.150009,248.704987,47.699982,112.590012
180.150009,248.704987,47.699982,112.590012
200.150009,194.704987,47.699982,112.590012
200.150009,194.704987,47.699982,112.590012
200.150009,194.704987,47.699982,112.590012
200.150009,194.704987,47.699982,112.590012
200.150009,194.704987,47.699982,112.590012
200.150009,194.704987,47.699982,112.590012
200.150009,194.704987,47.699982,112.590012
200.150009,194.704987,47.699982,112.590012
200.150009,194.704987,47.699982,112.590012
200.150009,194.704987,47.699982,112.590012
200.150009,194.704987,47.699982,112.590012
200.150009,194.704987,47.699982,112.590012
200.150009,194.704987,47.699982,112.590012
200.150009,194.704987,47.699982,112.590012
200.150009,194.704987,47.699982,112.590012
200.150009,194.704987,47.699982,112.590012
200.150009,194.704987,47.699982,112.590012
2
0
0
0
0
1
272.649994,224.979996,52.690002,123.259995
275.654999,172.369995,52.690002,123.259995
275.654999,172.369995,52.690002,123.259995
2
0
0
0
0
1
326.609985,213.600006,51.940002,118.549988
326.609985,213.600006,51.940002,118.549988
326.609985,213.600006,51.940002,118.549988
326.609985,213.600006,51.940002,118.549988
2
0
0
0
0
1
413.750000,230.910004,37.380005,98.600006
413.750000,230.910004,37.380005,98.600006
413.750000,230.910004,37.380005,98.600006
413.750000,230.910004,37.380005,98.600006
413.750000,230.910004,37.380005,98.600006
413.750000,230.910004,37.380005,98.600006
413.750000,230.910004,37.380005,98.600006
413.750000,230.910004,37.380005,98.600006
413.309998,230.699997,37.380005,98.600006
413.309998,230.699997,37.380005,98.600006
413.309998,230.699997,37.380005,98.600006
413.309998,230.699997,37.380005,98.600006
413.309998,230.699997,37.380005,98.600006
413.309998,230.699997,37.380005,98.600006
413.309998,230.699997,37.380005,98.600006
413.309998,230.699997,37.380005,98.600006
413.309998,230.699997,37.380005,98.600006
413.309998,230.699997,37.380005,98.600006
413.309998,230.699997,37.380005,98.600006
413.309998,230.699997,37.380005,98.600006
413.309998,230.699997,37.380005,98.600006
2
0
0
0
0
1
354.179993,181.520004,52.790009,118.520004
354.179993,181.520004,52.790009,118.520004
354.179993,181.520004,52.790009,118.520004
354.179993,181.520004,52.790009,118.520004
354.179993,181.520004,52.790009,118.520004
354.179993,181.520004,52.790009,118.520004
354.179993,181.520004,52.790009,118.520004
354.179993,181.520004,52.790009,118.520004
354.179993,181.520004,52.790009,118.520004
354.179993,181.520004,52.790009,118.520004
354.179993,181.520004,52.790009,118.520004
354.179993,181.520004,52.790009,118.520004
354.179993,181.520004,52.790009,118.520004
354.179993,181.520004,52.790009,118.520004
354.179993,181.520004,52.790009,118.520004
354.179993,181.520004,52.790009,118.520004
354.179993,181.520004,52.790009,118.520004
354.179993,181.520004,52.790009,118.520004
354.179993,181.520004,52.790009,118.520004
354.179993,181.520004,52.790009,118.520004
354.179993,181.520004,52.790009,118.520004
317.604980,194.740005,52.790009,118.520004
317.604980,194.740005,52.790009,118.520004
317.604980,194.740005,52.790009,118.520004
317.604980,194.740005,52.790009,118.520004
317.604980,194.740005,52.790009,118.520004
317.604980,194.740005,52.790009,118.520004
317.604980,194.740005,52.790009,118.520004
317.604980,194.740005,52.790009,118.520004
317.604980,194.740005,52.790009,118.520004
317.604980,194.740005,52.790009,118.520004
317.604980,194.740005,52.790009,118.520004
317.604980,194.740005,52.790009,118.520004
317.604980,194.740005,52.790009,118.520004
317.604980,194.740005,52.790009,118.520004
317.604980,194.740005,52.790009,118.520004
317.604980,194.740005,52.790009,118.520004
302.604980,169.740005,52.790009,118.520004
302.604980,169.740005,52.790009,118.520004
302.604980,169.740005,52.790009,118.520004
302.604980,169.740005,52.790009,118.520004
302.604980,169.740005,52.790009,118.520004
302.604980,169.740005,52.790009,118.520004
302.604980,169.740005,52.790009,118.520004
302.604980,169.740005,52.790009,118.520004
302.604980,169.740005,52.790009,118.520004
302.604980,169.740005,52.790009,118.520004
302.604980,169.740005,52.790009,118.520004
302.604980,169.740005,52.790009,118.520004
302.604980,169.740005,52.790009,118.520004
302.604980,169.740005,52.790009,118.520004
302.604980,169.740005,52.790009,118.520004
302.604980,169.740005,52.790009,118.520004
302.604980,169.740005,52.790009,118.520004
302.604980,169.740005,52.790009,118.520004
302.604980,169.740005,52.790009,118.520004
302.604980,169.740005,52.790009,118.520004
302.604980,169.740005,52.790009,118.520004
302.604980,169.740005,52.790009,118.520004
285.604980,229.740005,52.790009,118.520004
285.604980,229.740005,52.790009,118.520004
296.604980,199.740005,52.790009,118.520004
294.604980,164.740005,52.790009,118.520004
294.604980,164.740005,52.790009,118.520004
290.604980,119.739998,52.790009,118.520004
298.604980,174.740005,52.790009,118.520004
298.604980,174.740005,52.790009,118.520004
298.604980,174.740005,52.790009,118.520004
298.604980,174.740005,52.790009,118.520004
298.604980,174.740005,52.790009,118.520004
298.604980,174.740005,52.790009,118.520004
298.604980,174.740005,52.790009,118.520004
298.604980,174.740005,52.790009,118.520004
298.604980,174.740005,52.790009,118.520004
298.604980,174.740005,52.790009,118.520004
298.604980,174.740005,52.790009,118.520004
298.604980,174.740005,52.790009,118.520004
298.604980,174.740005,52.790009,118.520004
305.604980,106.739998,52.790009,118.520004
305.604980,106.739998,52.790009,118.520004
305.604980,106.739998,52.790009,118.520004
305.604980,106.739998,52.790009,118.520004
305.604980,106.739998,52.790009,118.520004
305.604980,106.739998,52.790009,118.520004
305.604980,106.739998,52.790009,118.520004
305.604980,106.739998,52.790009,118.520004
305.604980,106.739998,52.790009,118.520004
305.604980,106.739998,52.790009,118.520004
305.604980,106.739998,52.790009,118.520004
305.604980,106.739998,52.790009,118.520004
305.604980,106.739998,52.790009,118.520004
305.604980,106.739998,52.790009,118.520004
305.604980,106.739998,52.790009,118.520004
305.604980,106.739998,52.790009,118.520004
305.604980,106.739998,52.790009,118.520004
305.604980,106.739998,52.790009,118.520004
305.604980,106.739998,52.790009,118.520004
305.604980,106.739998,52.790009,118.520004
305.604980,106.739998,52.790009,118.520004
305.604980,106.739998,52.790009,118.520004
305.604980,106.739998,52.790009,118.520004
305.604980,106.739998,52.790009,118.520004
305.604980,106.739998,52.790009,118.520004
305.604980,106.739998,52.790009,118.520004
305.604980,106.739998,52.790009,118.520004
305.604980,106.739998,52.790009,118.520004
305.604980,106.739998,52.790009,118.520004
305.604980,106.739998,52.790009,118.520004
305.604980,106.739998,52.790009,118.520004
305.604980,106.739998,52.790009,118.520004
305.604980,106.739998,52.790009,118.520004
305.604980,106.739998,52.790009,118.520004
305.604980,106.739998,52.790009,118.520004
305.604980,106.739998,52.790009,118.520004
305.604980,106.739998,52.790009,118.520004
305.604980,106.739998,52.790009,118.520004
305.604980,106.739998,52.790009,118.520004
305.604980,106.739998,52.790009,118.520004
320.604980,184.740005,52.790009,118.520004
320.604980,184.740005,52.790009,118.520004
320.604980,184.740005,52.790009,118.520004
320.604980,184.740005,52.790009,118.520004
320.604980,184.740005,52.790009,118.520004
320.604980,184.740005,52.790009,118.520004
320.604980,184.740005,52.790009,118.520004
320.604980,184.740005,52.790009,118.520004
320.604980,184.740005,52.790009,118.520004
320.604980,184.740005,52.790009,118.520004
320.604980,184.740005,52.790009,118.520004
320.604980,184.740005,52.790009,118.520004
320.604980,184.740005,52.790009,118.520004
320.604980,184.740005,52.790009,118.520004
320.604980,184.740005,52.790009,118.520004
320.604980,184.740005,52.790009,118.520004
320.604980,184.740005,52.790009,118.520004
320.604980,184.740005,52.790009,118.520004
320.604980,184.740005,52.790009,118.520004
320.604980,184.740005,52.790009,118.520004
320.604980,184.740005,52.790009,118.520004
320.604980,184.740005,52.790009,118.520004
320.604980,184.740005,52.790009,118.520004
320.604980,184.740005,52.790009,118.520004
320.604980,184.740005,52.790009,118.520004
320.604980,184.740005,52.790009,118.520004
320.604980,184.740005,52.790009,118.520004
320.604980,184.740005,52.790009,118.520004
320.604980,184.740005,52.790009,118.520004
320.604980,184.740005,52.790009,118.520004
320.604980,184.740005,52.790009,118.520004
320.604980,184.740005,52.790009,118.520004
320.604980,184.740005,52.790009,118.520004
320.604980,184.740005,52.790009,118.520004
320.604980,184.740005,52.790009,118.520004
320.604980,184.740005,52.790009,118.520004
320.604980,184.740005,52.790009,118.520004
320.604980,184.740005,52.790009,118.520004
320.604980,184.740005,52.790009,118.520004
320.604980,184.740005,52.790009,118.520004
320.604980,184.740005,52.790009,118.520004
320.604980,184.740005,52.790009,118.520004
320.604980,184.740005,52.790009,118.520004
320.604980,184.740005,52.790009,118.520004
320.604980,184.740005,52.790009,118.520004
320.604980,184.740005,52.790009,118.520004
320.604980,184.740005,52.790009,118.520004
320.604980,184.740005,52.790009,118.520004
320.604980,184.740005,52.790009,118.520004
320.604980,184.740005,52.790009,118.520004
320.604980,184.740005,52.790009,118.520004
320.604980,184.740005,52.790009,118.520004
320.604980,184.740005,52.790009,118.520004
320.604980,184.740005,52.790009,118.520004
320.604980,184.740005,52.790009,118.520004
320.604980,184.740005,52.790009,118.520004
320.604980,184.740005,52.790009,118.520004
320.604980,184.740005,52.790009,118.520004
320.604980,184.740005,52.790009,118.520004
320.604980,184.740005,52.790009,118.520004
320.604980,184.740005,52.790009,118.520004
320.604980,184.740005,52.790009,118.520004
320.604980,184.740005,52.790009,118.520004
320.604980,184.740005,52.790009,118.520004
320.604980,184.740005,52.790009,118.520004
320.604980,184.740005,52.790009,118.520004
320.604980,184.740005,52.790009,118.520004
320.604980,184.740005,52.790009,118.520004
320.604980,184.740005,52.790009,118.520004
320.604980,184.740005,52.790009,118.520004
320.604980,184.740005,52.790009,118.520004
320.604980,184.740005,52.790009,118.520004
320.604980,184.740005,52.790009,118.520004
320.604980,184.740005,52.790009,118.520004
320.604980,184.740005,52.790009,118.520004
320.604980,184.740005,52.790009,118.520004
320.604980,184.740005,52.790009,118.520004
320.604980,184.740005,52.790009,118.520004
320.604980,184.740005,52.790009,118.520004
320.604980,184.740005,52.790009,118.520004
320.604980,184.740005,52.790009,118.520004
320.604980,184.740005,52.790009,118.520004
320.604980,184.740005,52.790009,118.520004
320.604980,184.740005,52.790009,118.520004
320.604980,184.740005,52.790009,118.520004
320.604980,184.740005,52.790009,118.520004
320.604980,184.740005,52.790009,118.520004
320.604980,184.740005,52.790009,118.520004
320.604980,184.740005,52.790009,118.520004
320.604980,184.740005,52.790009,118.520004
320.604980,184.740005,52.790009,118.520004
320.604980,184.740005,52.790009,118.520004
320.604980,184.740005,52.790009,118.520004
