1
200.350006,113.739998,45.129990,45.580009
200.350006,113.739998,45.129990,45.580009
200.350006,113.739998,45.129990,45.580009
200.350006,113.739998,45.129990,45.580009
200.350006,113.739998,45.129990,45.580009
200.350006,113.739998,45.129990,45.580009
200.350006,113.739998,45.129990,45.580009
200.350006,113.739998,45.129990,45.580009
200.350006,113.739998,45.129990,45.580009
200.350006,113.739998,45.129990,45.580009
200.350006,113.739998,45.129990,45.580009
200.350006,113.739998,45.129990,45.580009
200.350006,113.739998,45.129990,45.580009
200.350006,113.739998,45.129990,45.580009
200.350006,113.739998,45.129990,45.580009
200.350006,113.739998,45.129990,45.580009
199.434998,113.209999,45.129990,45.580009
199.434998,113.209999,45.129990,45.580009
199.434998,113.209999,45.129990,45.580009
199.434998,113.209999,45.129990,45.580009
199.434998,113.209999,45.129990,45.580009
199.434998,113.209999,45.129990,45.580009
199.434998,113.209999,45.129990,45.580009
199.434998,113.209999,45.129990,45.580009
199.434998,113.209999,45.129990,45.580009
199.434998,113.209999,45.129990,45.580009
199.434998,113.209999,45.129990,45.580009
199.434998,113.209999,45.129990,45.580009
199.434998,113.209999,45.129990,45.580009
199.434998,113.209999,45.129990,45.580009
199.434998,113.209999,45.129990,45.580009
199.434998,113.209999,45.129990,45.580009
199.434998,113.209999,45.129990,45.580009
199.434998,113.209999,45.129990,45.580009
199.434998,113.209999,45.129990,45.580009
199.434998,113.209999,45.129990,45.580009
199.434998,113.209999,45.129990,45.580009
199.434998,113.209999,45.129990,45.580009
199.434998,113.209999,45.129990,45.580009
199.434998,113.209999,45.129990,45.580009
199.434998,113.209999,45.129990,45.580009
199.434998,113.209999,45.129990,45.580009
199.434998,113.209999,45.129990,45.580009
199.434998,113.209999,45.129990,45.580009
199.434998,113.209999,45.129990,45.580009
199.434998,113.209999,45.129990,45.580009
199.434998,113.209999,45.129990,45.580009
199.434998,113.209999,45.129990,45.580009
199.434998,113.209999,45.129990,45.580009
199.434998,113.209999,45.129990,45.580009
199.434998,113.209999,45.129990,45.580009
199.434998,113.209999,45.129990,45.580009
199.434998,113.209999,45.129990,45.580009
199.434998,113.209999,45.129990,45.580009
186.434998,129.209991,45.129990,45.580009
186.434998,129.209991,45.129990,45.580009
186.434998,129.209991,45.129990,45.580009
186.434998,129.209991,45.129990,45.580009
186.434998,129.209991,45.129990,45.580009
186.434998,129.209991,45.129990,45.580009
186.434998,129.209991,45.129990,45.580009
186.434998,129.209991,45.129990,45.580009
186.434998,129.209991,45.129990,45.580009
186.434998,129.209991,45.129990,45.580009
162.434998,127.209999,45.129990,45.580009
162.434998,127.209999,45.129990,45.580009
162.434998,127.209999,45.129990,45.580009
162.434998,127.209999,45.129990,45.580009
162.434998,127.209999,45.129990,45.580009
162.434998,127.209999,45.129990,45.580009
138.434998,142.209991,45.129990,45.580009
138.434998,142.209991,45.129990,45.580009
138.434998,142.209991,45.129990,45.580009
138.434998,142.209991,45.129990,45.580009
138.434998,142.209991,45.129990,45.580009
138.434998,142.209991,45.129990,45.580009
109.435005,141.209991,45.129990,45.580009
109.435005,141.209991,45.129990,45.580009
109.435005,141.209991,45.129990,45.580009
109.435005,141.209991,45.129990,45.580009
109.435005,141.209991,45.129990,45.580009
139.434998,141.209991,45.129990,45.580009
139.434998,141.209991,45.129990,45.580009
139.434998,141.209991,45.129990,45.580009
139.434998,141.209991,45.129990,45.580009
156.434998,143.209991,45.129990,45.580009
156.434998,143.209991,45.129990,45.580009
156.434998,143.209991,45.129990,45.580009
156.434998,143.209991,45.129990,45.580009
143.434998,134.209991,45.129990,45.580009
165.434998,115.209999,45.129990,45.580009
165.434998,115.209999,45.129990,45.580009
165.434998,115.209999,45.129990,45.580009
165.434998,115.209999,45.129990,45.580009
138.434998,119.209999,45.129990,45.580009
138.434998,119.209999,45.129990,45.580009
138.434998,119.209999,45.129990,45.580009
138.434998,119.209999,45.129990,45.580009
138.434998,119.209999,45.129990,45.580009
138.434998,119.209999,45.129990,45.580009
138.434998,119.209999,45.129990,45.580009
138.434998,119.209999,45.129990,45.580009
138.434998,119.209999,45.129990,45.580009
138.434998,119.209999,45.129990,45.580009
138.434998,119.209999,45.129990,45.580009
138.434998,119.209999,45.129990,45.580009
138.434998,119.209999,45.129990,45.580009
138.434998,119.209999,45.129990,45.580009
138.434998,119.209999,45.129990,45.580009
138.434998,119.209999,45.129990,45.580009
138.434998,119.209999,45.129990,45.580009
138.434998,119.209999,45.129990,45.580009
138.434998,119.209999,45.129990,45.580009
146.434998,138.209991,45.129990,45.580009
146.434998,138.209991,45.129990,45.580009
165.434998,105.209999,45.129990,45.580009
152.434998,126.209999,45.129990,45.580009
152.434998,126.209999,45.129990,45.580009
152.434998,126.209999,45.129990,45.580009
152.434998,126.209999,45.129990,45.580009
152.434998,126.209999,45.129990,45.580009
174.434998,127.209999,45.129990,45.580009
181.434998,113.209999,45.129990,45.580009
181.434998,113.209999,45.129990,45.580009
181.434998,113.209999,45.129990,45.580009
181.434998,113.209999,45.129990,45.580009
181.434998,113.209999,45.129990,45.580009
181.434998,113.209999,45.129990,45.580009
163.434998,139.209991,45.129990,45.580009
163.434998,139.209991,45.129990,45.580009
163.434998,139.209991,45.129990,45.580009
163.434998,139.209991,45.129990,45.580009
166.434998,113.209999,45.129990,45.580009
166.434998,113.209999,45.129990,45.580009
166.434998,113.209999,45.129990,45.580009
157.434998,141.209991,45.129990,45.580009
157.434998,141.209991,45.129990,45.580009
157.434998,141.209991,45.129990,45.580009
157.434998,141.209991,45.129990,45.580009
157.434998,141.209991,45.129990,45.580009
157.434998,141.209991,45.129990,45.580009
159.434998,117.209999,45.129990,45.580009
146.434998,118.209999,45.129990,45.580009
146.434998,118.209999,45.129990,45.580009
146.434998,118.209999,45.129990,45.580009
132.434998,111.209999,45.129990,45.580009
132.434998,111.209999,45.129990,45.580009
141.434998,88.209999,45.129990,45.580009
141.434998,88.209999,45.129990,45.580009
141.434998,88.209999,45.129990,45.580009
127.435005,86.209999,45.129990,45.580009
127.435005,86.209999,45.129990,45.580009
127.435005,86.209999,45.129990,45.580009
104.435005,92.209999,45.129990,45.580009
104.435005,92.209999,45.129990,45.580009
104.435005,92.209999,45.129990,45.580009
104.435005,92.209999,45.129990,45.580009
104.435005,92.209999,45.129990,45.580009
86.435005,74.209999,45.129990,45.580009
86.435005,74.209999,45.129990,45.580009
86.435005,74.209999,45.129990,45.580009
85.435005,95.209999,45.129990,45.580009
85.435005,95.209999,45.129990,45.580009
85.435005,95.209999,45.129990,45.580009
85.435005,95.209999,45.129990,45.580009
85.435005,95.209999,45.129990,45.580009
85.435005,95.209999,45.129990,45.580009
85.435005,95.209999,45.129990,45.580009
85.435005,95.209999,45.129990,45.580009
85.435005,95.209999,45.129990,45.580009
85.435005,95.209999,45.129990,45.580009
85.435005,95.209999,45.129990,45.580009
85.435005,95.209999,45.129990,45.580009
85.435005,95.209999,45.129990,45.580009
85.435005,95.209999,45.129990,45.580009
85.435005,95.209999,45.129990,45.580009
85.435005,95.209999,45.129990,45.580009
85.435005,95.209999,45.129990,45.580009
85.435005,95.209999,45.129990,45.580009
85.435005,95.209999,45.129990,45.580009
85.435005,95.209999,45.129990,45.580009
85.435005,95.209999,45.129990,45.580009
85.435005,95.209999,45.129990,45.580009
105.435005,100.209999,45.129990,45.580009
105.435005,100.209999,45.129990,45.580009
105.435005,100.209999,45.129990,45.580009
156.434998,113.209999,45.129990,45.580009
156.434998,113.209999,45.129990,45.580009
173.434998,149.209991,45.129990,45.580009
173.434998,149.209991,45.129990,45.580009
173.434998,149.209991,45.129990,45.580009
173.434998,149.209991,45.129990,45.580009
173.434998,149.209991,45.129990,45.580009
173.434998,139.209991,45.129990,45.580009
173.434998,139.209991,45.129990,45.580009
173.434998,139.209991,45.129990,45.580009
173.434998,139.209991,45.129990,45.580009
173.434998,139.209991,45.129990,45.580009
173.434998,139.209991,45.129990,45.580009
173.434998,139.209991,45.129990,45.580009
198.434998,154.209991,45.129990,45.580009
198.434998,154.209991,45.129990,45.580009
198.434998,154.209991,45.129990,45.580009
198.434998,154.209991,45.129990,45.580009
188.434998,144.209991,45.129990,45.580009
188.434998,144.209991,45.129990,45.580009
213.434998,154.209991,45.129990,45.580009
213.434998,154.209991,45.129990,45.580009
208.434998,144.209991,45.129990,45.580009
188.434998,134.209991,45.129990,45.580009
188.434998,134.209991,45.129990,45.580009
188.434998,134.209991,45.129990,45.580009
188.434998,134.209991,45.129990,45.580009
188.434998,134.209991,45.129990,45.580009
188.434998,134.209991,45.129990,45.580009
188.434998,134.209991,45.129990,45.580009
188.434998,134.209991,45.129990,45.580009
188.434998,134.209991,45.129990,45.580009
188.434998,134.209991,45.129990,45.580009
188.434998,134.209991,45.129990,45.580009
188.434998,134.209991,45.129990,45.580009
174.434998,133.209991,45.129990,45.580009
174.434998,133.209991,45.129990,45.580009
174.434998,133.209991,45.129990,45.580009
174.434998,133.209991,45.129990,45.580009
161.434998,116.209999,45.129990,45.580009
161.434998,116.209999,45.129990,45.580009
161.434998,116.209999,45.129990,45.580009
161.434998,116.209999,45.129990,45.580009
161.434998,116.209999,45.129990,45.580009
161.434998,116.209999,45.129990,45.580009
161.434998,116.209999,45.129990,45.580009
161.434998,116.209999,45.129990,45.580009
161.434998,116.209999,45.129990,45.580009
161.434998,116.209999,45.129990,45.580009
161.434998,116.209999,45.129990,45.580009
161.434998,116.209999,45.129990,45.580009
161.434998,116.209999,45.129990,45.580009
161.434998,116.209999,45.129990,45.580009
161.434998,116.209999,45.129990,45.580009
161.434998,116.209999,45.129990,45.580009
161.434998,116.209999,45.129990,45.580009
161.434998,116.209999,45.129990,45.580009
161.434998,116.209999,45.129990,45.580009
143.434998,134.209991,45.129990,45.580009
143.434998,134.209991,45.129990,45.580009
143.434998,134.209991,45.129990,45.580009
143.434998,134.209991,45.129990,45.580009
125.435005,147.209991,45.129990,45.580009
125.435005,147.209991,45.129990,45.580009
125.435005,147.209991,45.129990,45.580009
125.435005,147.209991,45.129990,45.580009
125.435005,147.209991,45.129990,45.580009
125.435005,147.209991,45.129990,45.580009
125.435005,147.209991,45.129990,45.580009
125.435005,147.209991,45.129990,45.580009
125.435005,147.209991,45.129990,45.580009
125.435005,147.209991,45.129990,45.580009
125.435005,147.209991,45.129990,45.580009
125.435005,147.209991,45.129990,45.580009
125.435005,147.209991,45.129990,45.580009
125.435005,147.209991,45.129990,45.580009
125.435005,147.209991,45.129990,45.580009
144.434998,141.209991,45.129990,45.580009
144.434998,141.209991,45.129990,45.580009
144.434998,141.209991,45.129990,45.580009
144.434998,141.209991,45.129990,45.580009
168.434998,136.209991,45.129990,45.580009
168.434998,136.209991,45.129990,45.580009
168.434998,136.209991,45.129990,45.580009
168.434998,136.209991,45.129990,45.580009
152.434998,136.209991,45.129990,45.580009
152.434998,136.209991,45.129990,45.580009
169.434998,131.209991,45.129990,45.580009
169.434998,131.209991,45.129990,45.580009
161.434998,111.209999,45.129990,45.580009
147.434998,126.209999,45.129990,45.580009
147.434998,126.209999,45.129990,45.580009
147.434998,126.209999,45.129990,45.580009
147.434998,126.209999,45.129990,45.580009
147.434998,126.209999,45.129990,45.580009
147.434998,126.209999,45.129990,45.580009
147.434998,126.209999,45.129990,45.580009
147.434998,113.209999,45.129990,45.580009
147.434998,113.209999,45.129990,45.580009
123.435005,119.209999,45.129990,45.580009
141.434998,112.209999,45.129990,45.580009
141.434998,112.209999,45.129990,45.580009
141.434998,112.209999,45.129990,45.580009
141.434998,112.209999,45.129990,45.580009
141.434998,112.209999,45.129990,45.580009
141.434998,112.209999,45.129990,45.580009
141.434998,112.209999,45.129990,45.580009
141.434998,112.209999,45.129990,45.580009
141.434998,112.209999,45.129990,45.580009
141.434998,112.209999,45.129990,45.580009
158.434998,104.209999,45.129990,45.580009
158.434998,104.209999,45.129990,45.580009
158.434998,104.209999,45.129990,45.580009
158.434998,104.209999,45.129990,45.580009
158.434998,104.209999,45.129990,45.580009
158.434998,104.209999,45.129990,45.580009
158.434998,104.209999,45.129990,45.580009
132.434998,104.209999,45.129990,45.580009
132.434998,104.209999,45.129990,45.580009
132.434998,104.209999,45.129990,45.580009
132.434998,104.209999,45.129990,45.580009
132.434998,104.209999,45.129990,45.580009
132.434998,104.209999,45.129990,45.580009
132.434998,104.209999,45.129990,45.580009
132.434998,104.209999,45.129990,45.580009
132.434998,104.209999,45.129990,45.580009
132.434998,104.209999,45.129990,45.580009
132.434998,104.209999,45.129990,45.580009
132.434998,104.209999,45.129990,45.580009
132.434998,104.209999,45.129990,45.580009
132.434998,104.209999,45.129990,45.580009
132.434998,104.209999,45.129990,45.580009
132.434998,104.209999,45.129990,45.580009
132.434998,104.209999,45.129990,45.580009
132.434998,104.209999,45.129990,45.580009
126.435005,120.209999,45.129990,45.580009
126.435005,120.209999,45.129990,45.580009
126.435005,120.209999,45.129990,45.580009
126.435005,120.209999,45.129990,45.580009
129.434998,94.209999,45.129990,45.580009
129.434998,94.209999,45.129990,45.580009
129.434998,94.209999,45.129990,45.580009
129.434998,94.209999,45.129990,45.580009
129.434998,94.209999,45.129990,45.580009
104.435005,104.209999,45.129990,45.580009
104.435005,104.209999,45.129990,45.580009
104.435005,104.209999,45.129990,45.580009
104.435005,104.209999,45.129990,45.580009
104.435005,104.209999,45.129990,45.580009
139.434998,94.209999,45.129990,45.580009
139.434998,94.209999,45.129990,45.580009
139.434998,94.209999,45.129990,45.580009
139.434998,94.209999,45.129990,45.580009
139.434998,94.209999,45.129990,45.580009
139.434998,94.209999,45.129990,45.580009
116.435005,110.209999,45.129990,45.580009
116.435005,110.209999,45.129990,45.580009
116.435005,110.209999,45.129990,45.580009
102.435005,113.209999,45.129990,45.580009
102.435005,113.209999,45.129990,45.580009
86.435005,120.209999,45.129990,45.580009
86.435005,120.209999,45.129990,45.580009
86.435005,120.209999,45.129990,45.580009
86.435005,120.209999,45.129990,45.580009
86.435005,120.209999,45.129990,45.580009
86.435005,120.209999,45.129990,45.580009
86.435005,120.209999,45.129990,45.580009
86.435005,120.209999,45.129990,45.580009
86.435005,120.209999,45.129990,45.580009
86.435005,120.209999,45.129990,45.580009
86.435005,120.209999,45.129990,45.580009
113.435005,116.209999,45.129990,45.580009
113.435005,116.209999,45.129990,45.580009
113.435005,116.209999,45.129990,45.580009
113.435005,116.209999,45.129990,45.580009
113.435005,116.209999,45.129990,45.580009
113.435005,116.209999,45.129990,45.580009
113.435005,116.209999,45.129990,45.580009
113.435005,116.209999,45.129990,45.580009
113.435005,116.209999,45.129990,45.580009
113.435005,116.209999,45.129990,45.580009
147.434998,128.209991,45.129990,45.580009
134.434998,134.209991,45.129990,45.580009
134.434998,134.209991,45.129990,45.580009
134.434998,134.209991,45.129990,45.580009
134.434998,134.209991,45.129990,45.580009
134.434998,134.209991,45.129990,45.580009
134.434998,134.209991,45.129990,45.580009
134.434998,134.209991,45.129990,45.580009
134.434998,134.209991,45.129990,45.580009
134.434998,134.209991,45.129990,45.580009
134.434998,134.209991,45.129990,45.580009
138.434998,116.209999,45.129990,45.580009
138.434998,116.209999,45.129990,45.580009
138.434998,116.209999,45.129990,45.580009
138.434998,116.209999,45.129990,45.580009
138.434998,116.209999,45.129990,45.580009
138.434998,116.209999,45.129990,45.580009
155.434998,122.209999,45.129990,45.580009
155.434998,122.209999,45.129990,45.580009
155.434998,122.209999,45.129990,45.580009
155.434998,122.209999,45.129990,45.580009
168.434998,106.209999,45.129990,45.580009
168.434998,106.209999,45.129990,45.580009
168.434998,106.209999,45.129990,45.580009
184.434998,109.209999,45.129990,45.580009
184.434998,109.209999,45.129990,45.580009
184.434998,109.209999,45.129990,45.580009
184.434998,109.209999,45.129990,45.580009
184.434998,109.209999,45.129990,45.580009
204.434998,94.209999,45.129990,45.580009
204.434998,94.209999,45.129990,45.580009
204.434998,94.209999,45.129990,45.580009
204.434998,94.209999,45.129990,45.580009
204.434998,94.209999,45.129990,45.580009
204.434998,94.209999,45.129990,45.580009
204.434998,94.209999,45.129990,45.580009
204.434998,94.209999,45.129990,45.580009
204.434998,94.209999,45.129990,45.580009
204.434998,94.209999,45.129990,45.580009
204.434998,94.209999,45.129990,45.580009
191.434998,105.209999,45.129990,45.580009
191.434998,105.209999,45.129990,45.580009
191.434998,105.209999,45.129990,45.580009
177.434998,98.209999,45.129990,45.580009
177.434998,98.209999,45.129990,45.580009
177.434998,98.209999,45.129990,45.580009
177.434998,98.209999,45.129990,45.580009
177.434998,98.209999,45.129990,45.580009
177.434998,118.209999,45.129990,45.580009
177.434998,118.209999,45.129990,45.580009
177.434998,118.209999,45.129990,45.580009
153.434998,126.209999,45.129990,45.580009
153.434998,126.209999,45.129990,45.580009
153.434998,126.209999,45.129990,45.580009
153.434998,126.209999,45.129990,45.580009
153.434998,126.209999,45.129990,45.580009
153.434998,126.209999,45.129990,45.580009
153.434998,126.209999,45.129990,45.580009
142.434998,143.209991,45.129990,45.580009
142.434998,143.209991,45.129990,45.580009
142.434998,143.209991,45.129990,45.580009
142.434998,143.209991,45.129990,45.580009
142.434998,143.209991,45.129990,45.580009
142.434998,143.209991,45.129990,45.580009
142.434998,143.209991,45.129990,45.580009
142.434998,143.209991,45.129990,45.580009
142.434998,143.209991,45.129990,45.580009
142.434998,143.209991,45.129990,45.580009
142.434998,143.209991,45.129990,45.580009
142.434998,143.209991,45.129990,45.580009
142.434998,143.209991,45.129990,45.580009
142.434998,143.209991,45.129990,45.580009
125.435005,132.209991,45.129990,45.580009
125.435005,132.209991,45.129990,45.580009
125.435005,132.209991,45.129990,45.580009
111.435005,150.209991,45.129990,45.580009
111.435005,150.209991,45.129990,45.580009
111.435005,150.209991,45.129990,45.580009
111.435005,150.209991,45.129990,45.580009
111.435005,150.209991,45.129990,45.580009
126.435005,140.209991,45.129990,45.580009
126.435005,140.209991,45.129990,45.580009
126.435005,140.209991,45.129990,45.580009
132.434998,118.209999,45.129990,45.580009
132.434998,118.209999,45.129990,45.580009
132.434998,118.209999,45.129990,45.580009
132.434998,118.209999,45.129990,45.580009
132.434998,118.209999,45.129990,45.580009
132.434998,118.209999,45.129990,45.580009
132.434998,118.209999,45.129990,45.580009
121.435005,135.209991,45.129990,45.580009
121.435005,135.209991,45.129990,45.580009
121.435005,135.209991,45.129990,45.580009
121.435005,135.209991,45.129990,45.580009
121.435005,135.209991,45.129990,45.580009
141.434998,125.209999,45.129990,45.580009
141.434998,125.209999,45.129990,45.580009
141.434998,125.209999,45.129990,45.580009
141.434998,125.209999,45.129990,45.580009
141.434998,125.209999,45.129990,45.580009
141.434998,125.209999,45.129990,45.580009
141.434998,125.209999,45.129990,45.580009
141.434998,125.209999,45.129990,45.580009
141.434998,125.209999,45.129990,45.580009
141.434998,125.209999,45.129990,45.580009
141.434998,125.209999,45.129990,45.580009
141.434998,125.209999,45.129990,45.580009
141.434998,125.209999,45.129990,45.580009
141.434998,125.209999,45.129990,45.580009
141.434998,125.209999,45.129990,45.580009
141.434998,125.209999,45.129990,45.580009
141.434998,125.209999,45.129990,45.580009
141.434998,125.209999,45.129990,45.580009
141.434998,125.209999,45.129990,45.580009
114.435005,124.209999,45.129990,45.580009
114.435005,124.209999,45.129990,45.580009
114.435005,124.209999,45.129990,45.580009
114.435005,124.209999,45.129990,45.580009
114.435005,124.209999,45.129990,45.580009
114.435005,124.209999,45.129990,45.580009
114.435005,124.209999,45.129990,45.580009
114.435005,124.209999,45.129990,45.580009
114.435005,124.209999,45.129990,45.580009
114.435005,124.209999,45.129990,45.580009
114.435005,124.209999,45.129990,45.580009
114.435005,124.209999,45.129990,45.580009
114.435005,124.209999,45.129990,45.580009
114.435005,124.209999,45.129990,45.580009
114.435005,124.209999,45.129990,45.580009
114.435005,124.209999,45.129990,45.580009
114.435005,124.209999,45.129990,45.580009
114.435005,124.209999,45.129990,45.580009
114.435005,124.209999,45.129990,45.580009
114.435005,124.209999,45.129990,45.580009
114.435005,124.209999,45.129990,45.580009
114.435005,124.209999,45.129990,45.580009
98.435005,126.209999,45.129990,45.580009
98.435005,126.209999,45.129990,45.580009
98.435005,126.209999,45.129990,45.580009
98.435005,126.209999,45.129990,45.580009
98.435005,126.209999,45.129990,45.580009
98.435005,126.209999,45.129990,45.580009
98.435005,126.209999,45.129990,45.580009
98.435005,126.209999,45.129990,45.580009
98.435005,126.209999,45.129990,45.580009
98.435005,126.209999,45.129990,45.580009
2
0
0
0
0
1
199.880005,135.160004,56.290009,59.940002
199.880005,135.160004,56.290009,59.940002
199.880005,135.160004,56.290009,59.940002
199.880005,135.160004,56.290009,59.940002
199.880005,135.160004,56.290009,59.940002
199.880005,135.160004,56.290009,59.940002
199.880005,135.160004,56.290009,59.940002
199.880005,135.160004,56.290009,59.940002
199.854996,135.029999,56.290009,59.940002
199.854996,135.029999,56.290009,59.940002
199.854996,135.029999,56.290009,59.940002
190.854996,117.029999,56.290009,59.940002
190.854996,117.029999,56.290009,59.940002
190.854996,117.029999,56.290009,59.940002
190.854996,117.029999,56.290009,59.940002
164.854996,147.029999,56.290009,59.940002
163.854996,119.029999,56.290009,59.940002
163.854996,119.029999,56.290009,59.940002
163.854996,119.029999,56.290009,59.940002
163.854996,119.029999,56.290009,59.940002
163.854996,119.029999,56.290009,59.940002
163.854996,119.029999,56.290009,59.940002
163.854996,119.029999,56.290009,59.940002
176.854996,153.029999,56.290009,59.940002
160.854996,140.029999,56.290009,59.940002
160.854996,140.029999,56.290009,59.940002
160.854996,140.029999,56.290009,59.940002
147.854996,131.029999,56.290009,59.940002
147.854996,131.029999,56.290009,59.940002
147.854996,131.029999,56.290009,59.940002
147.854996,131.029999,56.290009,59.940002
147.854996,131.029999,56.290009,59.940002
157.854996,161.029999,56.290009,59.940002
146.854996,143.029999,56.290009,59.940002
146.854996,143.029999,56.290009,59.940002
146.854996,143.029999,56.290009,59.940002
146.854996,143.029999,56.290009,59.940002
146.854996,143.029999,56.290009,59.940002
176.854996,158.029999,56.290009,59.940002
176.854996,158.029999,56.290009,59.940002
152.854996,145.029999,56.290009,59.940002
152.854996,145.029999,56.290009,59.940002
152.854996,145.029999,56.290009,59.940002
152.854996,145.029999,56.290009,59.940002
152.854996,145.029999,56.290009,59.940002
152.854996,145.029999,56.290009,59.940002
152.854996,145.029999,56.290009,59.940002
173.854996,137.029999,56.290009,59.940002
173.854996,137.029999,56.290009,59.940002
173.854996,137.029999,56.290009,59.940002
173.854996,137.029999,56.290009,59.940002
173.854996,137.029999,56.290009,59.940002
173.854996,137.029999,56.290009,59.940002
173.854996,137.029999,56.290009,59.940002
2
0
0
0
0
1
171.619995,143.820007,36.240005,37.819992
171.619995,143.820007,36.240005,37.819992
171.619995,143.820007,36.240005,37.819992
158.880005,153.090012,36.240005,37.819992
158.880005,153.090012,36.240005,37.819992
158.880005,153.090012,36.240005,37.819992
158.880005,153.090012,36.240005,37.819992
158.880005,153.090012,36.240005,37.819992
158.880005,153.090012,36.240005,37.819992
158.880005,153.090012,36.240005,37.819992
158.880005,153.090012,36.240005,37.819992
139.880005,171.090012,36.240005,37.819992
139.880005,171.090012,36.240005,37.819992
139.880005,171.090012,36.240005,37.819992
139.880005,171.090012,36.240005,37.819992
139.880005,171.090012,36.240005,37.819992
139.880005,171.090012,36.240005,37.819992
139.880005,171.090012,36.240005,37.819992
139.880005,171.090012,36.240005,37.819992
139.880005,171.090012,36.240005,37.819992
139.880005,171.090012,36.240005,37.819992
139.880005,171.090012,36.240005,37.819992
