1
200.350006,113.739998,45.129990,45.580009
200.350006,113.739998,45.129990,45.580009
200.350006,113.739998,45.129990,45.580009
200.350006,113.739998,45.129990,45.580009
200.350006,113.739998,45.129990,45.580009
200.350006,113.739998,45.129990,45.580009
200.350006,113.739998,45.129990,45.580009
200.350006,113.739998,45.129990,45.580009
200.350006,113.739998,45.129990,45.580009
200.350006,113.739998,45.129990,45.580009
200.350006,113.739998,45.129990,45.580009
200.350006,113.739998,45.129990,45.580009
200.350006,113.739998,45.129990,45.580009
200.350006,113.739998,45.129990,45.580009
200.350006,113.739998,45.129990,45.580009
200.350006,113.739998,45.129990,45.580009
199.434998,113.209999,45.129990,45.580009
199.434998,113.209999,45.129990,45.580009
199.434998,113.209999,45.129990,45.580009
199.434998,113.209999,45.129990,45.580009
199.434998,113.209999,45.129990,45.580009
199.434998,113.209999,45.129990,45.580009
199.434998,113.209999,45.129990,45.580009
199.434998,113.209999,45.129990,45.580009
199.434998,113.209999,45.129990,45.580009
199.434998,113.209999,45.129990,45.580009
199.434998,113.209999,45.129990,45.580009
199.434998,113.209999,45.129990,45.580009
199.434998,113.209999,45.129990,45.580009
199.434998,113.209999,45.129990,45.580009
199.434998,113.209999,45.129990,45.580009
199.434998,113.209999,45.129990,45.580009
199.434998,113.209999,45.129990,45.580009
199.434998,113.209999,45.129990,45.580009
199.434998,113.209999,45.129990,45.580009
199.434998,113.209999,45.129990,45.580009
199.434998,113.209999,45.129990,45.580009
199.434998,113.209999,45.129990,45.580009
199.434998,113.209999,45.129990,45.580009
199.434998,113.209999,45.129990,45.580009
199.434998,113.209999,45.129990,45.580009
199.434998,113.209999,45.129990,45.580009
199.434998,113.209999,45.129990,45.580009
199.434998,113.209999,45.129990,45.580009
199.434998,113.209999,45.129990,45.580009
199.434998,113.209999,45.129990,45.580009
199.434998,113.209999,45.129990,45.580009
199.434998,113.209999,45.129990,45.580009
199.434998,113.209999,45.129990,45.580009
199.434998,113.209999,45.129990,45.580009
199.434998,113.209999,45.129990,45.580009
199.434998,113.209999,45.129990,45.580009
199.434998,113.209999,45.129990,45.580009
199.434998,113.209999,45.129990,45.580009
181.434998,129.209991,45.129990,45.580009
181.434998,129.209991,45.129990,45.580009
181.434998,129.209991,45.129990,45.580009
181.434998,129.209991,45.129990,45.580009
181.434998,129.209991,45.129990,45.580009
181.434998,129.209991,45.129990,45.580009
181.434998,129.209991,45.129990,45.580009
181.434998,129.209991,45.129990,45.580009
181.434998,129.209991,45.129990,45.580009
181.434998,129.209991,45.129990,45.580009
160.434998,129.209991,45.129990,45.580009
160.434998,129.209991,45.129990,45.580009
160.434998,129.209991,45.129990,45.580009
160.434998,129.209991,45.129990,45.580009
160.434998,129.209991,45.129990,45.580009
140.434998,139.209991,45.129990,45.580009
140.434998,139.209991,45.129990,45.580009
140.434998,139.209991,45.129990,45.580009
140.434998,139.209991,45.129990,45.580009
140.434998,139.209991,45.129990,45.580009
140.434998,139.209991,45.129990,45.580009
140.434998,139.209991,45.129990,45.580009
124.435005,132.209991,45.129990,45.580009
124.435005,132.209991,45.129990,45.580009
124.435005,132.209991,45.129990,45.580009
124.435005,132.209991,45.129990,45.580009
124.435005,132.209991,45.129990,45.580009
124.435005,132.209991,45.129990,45.580009
124.435005,132.209991,45.129990,45.580009
124.435005,132.209991,45.129990,45.580009
124.435005,132.209991,45.129990,45.580009
124.435005,132.209991,45.129990,45.580009
124.435005,132.209991,45.129990,45.580009
152.434998,100.209999,45.129990,45.580009
152.434998,100.209999,45.129990,45.580009
152.434998,100.209999,45.129990,45.580009
152.434998,100.209999,45.129990,45.580009
152.434998,100.209999,45.129990,45.580009
152.434998,100.209999,45.129990,45.580009
167.434998,105.209999,45.129990,45.580009
167.434998,105.209999,45.129990,45.580009
156.434998,122.209999,45.129990,45.580009
156.434998,122.209999,45.129990,45.580009
156.434998,122.209999,45.129990,45.580009
157.434998,110.209999,45.129990,45.580009
157.434998,110.209999,45.129990,45.580009
157.434998,110.209999,45.129990,45.580009
157.434998,110.209999,45.129990,45.580009
155.434998,149.209991,45.129990,45.580009
162.434998,130.209991,45.129990,45.580009
162.434998,130.209991,45.129990,45.580009
162.434998,130.209991,45.129990,45.580009
148.434998,138.209991,45.129990,45.580009
145.434998,114.209999,45.129990,45.580009
145.434998,114.209999,45.129990,45.580009
145.434998,114.209999,45.129990,45.580009
145.434998,114.209999,45.129990,45.580009
145.434998,114.209999,45.129990,45.580009
145.434998,114.209999,45.129990,45.580009
145.434998,114.209999,45.129990,45.580009
145.434998,114.209999,45.129990,45.580009
145.434998,114.209999,45.129990,45.580009
145.434998,114.209999,45.129990,45.580009
160.434998,134.209991,45.129990,45.580009
160.434998,134.209991,45.129990,45.580009
174.434998,111.209999,45.129990,45.580009
174.434998,111.209999,45.129990,45.580009
174.434998,111.209999,45.129990,45.580009
174.434998,111.209999,45.129990,45.580009
174.434998,111.209999,45.129990,45.580009
174.434998,111.209999,45.129990,45.580009
174.434998,131.209991,45.129990,45.580009
174.434998,131.209991,45.129990,45.580009
174.434998,131.209991,45.129990,45.580009
174.434998,131.209991,45.129990,45.580009
174.434998,131.209991,45.129990,45.580009
174.434998,131.209991,45.129990,45.580009
174.434998,131.209991,45.129990,45.580009
163.434998,113.209999,45.129990,45.580009
163.434998,113.209999,45.129990,45.580009
163.434998,113.209999,45.129990,45.580009
163.434998,113.209999,45.129990,45.580009
151.434998,142.209991,45.129990,45.580009
173.434998,118.209999,45.129990,45.580009
173.434998,118.209999,45.129990,45.580009
173.434998,118.209999,45.129990,45.580009
173.434998,118.209999,45.129990,45.580009
173.434998,118.209999,45.129990,45.580009
153.434998,118.209999,45.129990,45.580009
153.434998,118.209999,45.129990,45.580009
153.434998,118.209999,45.129990,45.580009
140.434998,109.209999,45.129990,45.580009
140.434998,109.209999,45.129990,45.580009
139.434998,91.209999,45.129990,45.580009
139.434998,91.209999,45.129990,45.580009
139.434998,91.209999,45.129990,45.580009
125.435005,84.209999,45.129990,45.580009
125.435005,84.209999,45.129990,45.580009
125.435005,84.209999,45.129990,45.580009
106.435005,97.209999,45.129990,45.580009
113.435005,73.209999,45.129990,45.580009
95.435005,94.209999,45.129990,45.580009
102.435005,70.209999,45.129990,45.580009
102.435005,70.209999,45.129990,45.580009
102.435005,70.209999,45.129990,45.580009
102.435005,70.209999,45.129990,45.580009
102.435005,70.209999,45.129990,45.580009
102.435005,70.209999,45.129990,45.580009
89.435005,96.209999,45.129990,45.580009
89.435005,96.209999,45.129990,45.580009
89.435005,96.209999,45.129990,45.580009
89.435005,96.209999,45.129990,45.580009
89.435005,96.209999,45.129990,45.580009
89.435005,96.209999,45.129990,45.580009
89.435005,96.209999,45.129990,45.580009
89.435005,96.209999,45.129990,45.580009
89.435005,96.209999,45.129990,45.580009
89.435005,96.209999,45.129990,45.580009
89.435005,96.209999,45.129990,45.580009
89.435005,96.209999,45.129990,45.580009
89.435005,96.209999,45.129990,45.580009
89.435005,96.209999,45.129990,45.580009
89.435005,96.209999,45.129990,45.580009
89.435005,96.209999,45.129990,45.580009
89.435005,96.209999,45.129990,45.580009
89.435005,96.209999,45.129990,45.580009
73.435005,98.209999,45.129990,45.580009
73.435005,98.209999,45.129990,45.580009
92.435005,95.209999,45.129990,45.580009
92.435005,95.209999,45.129990,45.580009
92.435005,95.209999,45.129990,45.580009
2
0
0
0
0
1
177.779999,127.400002,52.880005,54.019997
177.779999,127.400002,52.880005,54.019997
177.779999,127.400002,52.880005,54.019997
177.779999,127.400002,52.880005,54.019997
177.779999,127.400002,52.880005,54.019997
177.779999,127.400002,52.880005,54.019997
177.779999,127.400002,52.880005,54.019997
177.779999,127.400002,52.880005,54.019997
177.779999,127.400002,52.880005,54.019997
177.779999,127.400002,52.880005,54.019997
177.779999,127.400002,52.880005,54.019997
177.779999,127.400002,52.880005,54.019997
177.779999,127.400002,52.880005,54.019997
177.779999,127.400002,52.880005,54.019997
177.779999,127.400002,52.880005,54.019997
177.779999,127.400002,52.880005,54.019997
177.779999,127.400002,52.880005,54.019997
177.779999,127.400002,52.880005,54.019997
177.779999,127.400002,52.880005,54.019997
177.779999,127.400002,52.880005,54.019997
177.779999,127.400002,52.880005,54.019997
177.779999,127.400002,52.880005,54.019997
177.779999,127.400002,52.880005,54.019997
177.779999,127.400002,52.880005,54.019997
177.779999,127.400002,52.880005,54.019997
177.779999,127.400002,52.880005,54.019997
177.779999,127.400002,52.880005,54.019997
177.779999,127.400002,52.880005,54.019997
177.779999,127.400002,52.880005,54.019997
177.779999,127.400002,52.880005,54.019997
177.779999,127.400002,52.880005,54.019997
185.559998,154.990005,52.880005,54.019997
185.559998,154.990005,52.880005,54.019997
185.559998,154.990005,52.880005,54.019997
185.559998,154.990005,52.880005,54.019997
185.559998,154.990005,52.880005,54.019997
185.559998,154.990005,52.880005,54.019997
185.559998,154.990005,52.880005,54.019997
185.559998,154.990005,52.880005,54.019997
185.559998,154.990005,52.880005,54.019997
185.559998,154.990005,52.880005,54.019997
185.559998,154.990005,52.880005,54.019997
185.559998,154.990005,52.880005,54.019997
185.559998,154.990005,52.880005,54.019997
185.559998,154.990005,52.880005,54.019997
185.559998,154.990005,52.880005,54.019997
185.559998,154.990005,52.880005,54.019997
185.559998,154.990005,52.880005,54.019997
185.559998,154.990005,52.880005,54.019997
185.559998,154.990005,52.880005,54.019997
185.559998,154.990005,52.880005,54.019997
185.559998,154.990005,52.880005,54.019997
185.559998,154.990005,52.880005,54.019997
185.559998,154.990005,52.880005,54.019997
185.559998,154.990005,52.880005,54.019997
122.559998,141.990005,52.880005,54.019997
122.559998,141.990005,52.880005,54.019997
122.559998,141.990005,52.880005,54.019997
122.559998,141.990005,52.880005,54.019997
122.559998,141.990005,52.880005,54.019997
122.559998,141.990005,52.880005,54.019997
122.559998,141.990005,52.880005,54.019997
122.559998,141.990005,52.880005,54.019997
122.559998,141.990005,52.880005,54.019997
122.559998,141.990005,52.880005,54.019997
122.559998,141.990005,52.880005,54.019997
122.559998,141.990005,52.880005,54.019997
122.559998,141.990005,52.880005,54.019997
122.559998,141.990005,52.880005,54.019997
122.559998,141.990005,52.880005,54.019997
122.559998,141.990005,52.880005,54.019997
122.559998,141.990005,52.880005,54.019997
122.559998,141.990005,52.880005,54.019997
143.559998,134.990005,52.880005,54.019997
143.559998,134.990005,52.880005,54.019997
143.559998,134.990005,52.880005,54.019997
164.559998,132.990005,52.880005,54.019997
164.559998,132.990005,52.880005,54.019997
143.559998,114.989998,52.880005,54.019997
143.559998,114.989998,52.880005,54.019997
143.559998,114.989998,52.880005,54.019997
143.559998,114.989998,52.880005,54.019997
143.559998,114.989998,52.880005,54.019997
143.559998,114.989998,52.880005,54.019997
143.559998,114.989998,52.880005,54.019997
143.559998,114.989998,52.880005,54.019997
143.559998,114.989998,52.880005,54.019997
143.559998,114.989998,52.880005,54.019997
143.559998,114.989998,52.880005,54.019997
143.559998,114.989998,52.880005,54.019997
124.559998,90.989998,52.880005,54.019997
124.559998,90.989998,52.880005,54.019997
124.559998,90.989998,52.880005,54.019997
124.559998,90.989998,52.880005,54.019997
124.559998,90.989998,52.880005,54.019997
124.559998,90.989998,52.880005,54.019997
124.559998,90.989998,52.880005,54.019997
124.559998,90.989998,52.880005,54.019997
124.559998,90.989998,52.880005,54.019997
124.559998,90.989998,52.880005,54.019997
124.559998,90.989998,52.880005,54.019997
124.559998,90.989998,52.880005,54.019997
124.559998,90.989998,52.880005,54.019997
124.559998,90.989998,52.880005,54.019997
124.559998,90.989998,52.880005,54.019997
124.559998,90.989998,52.880005,54.019997
124.559998,90.989998,52.880005,54.019997
124.559998,90.989998,52.880005,54.019997
153.559998,94.989998,52.880005,54.019997
153.559998,94.989998,52.880005,54.019997
124.559998,90.989998,52.880005,54.019997
124.559998,90.989998,52.880005,54.019997
124.559998,90.989998,52.880005,54.019997
124.559998,90.989998,52.880005,54.019997
124.559998,90.989998,52.880005,54.019997
124.559998,90.989998,52.880005,54.019997
124.559998,90.989998,52.880005,54.019997
124.559998,90.989998,52.880005,54.019997
124.559998,90.989998,52.880005,54.019997
124.559998,90.989998,52.880005,54.019997
124.559998,90.989998,52.880005,54.019997
124.559998,90.989998,52.880005,54.019997
124.559998,90.989998,52.880005,54.019997
124.559998,90.989998,52.880005,54.019997
124.559998,90.989998,52.880005,54.019997
124.559998,90.989998,52.880005,54.019997
124.559998,90.989998,52.880005,54.019997
124.559998,90.989998,52.880005,54.019997
124.559998,90.989998,52.880005,54.019997
124.559998,90.989998,52.880005,54.019997
124.559998,90.989998,52.880005,54.019997
124.559998,90.989998,52.880005,54.019997
106.559998,87.989998,52.880005,54.019997
106.559998,87.989998,52.880005,54.019997
106.559998,87.989998,52.880005,54.019997
106.559998,87.989998,52.880005,54.019997
106.559998,87.989998,52.880005,54.019997
106.559998,87.989998,52.880005,54.019997
106.559998,87.989998,52.880005,54.019997
106.559998,87.989998,52.880005,54.019997
106.559998,87.989998,52.880005,54.019997
88.559998,79.989998,52.880005,54.019997
88.559998,79.989998,52.880005,54.019997
88.559998,79.989998,52.880005,54.019997
126.559998,82.989998,52.880005,54.019997
126.559998,82.989998,52.880005,54.019997
126.559998,82.989998,52.880005,54.019997
126.559998,82.989998,52.880005,54.019997
126.559998,82.989998,52.880005,54.019997
126.559998,82.989998,52.880005,54.019997
126.559998,82.989998,52.880005,54.019997
109.559998,85.989998,52.880005,54.019997
109.559998,85.989998,52.880005,54.019997
109.559998,85.989998,52.880005,54.019997
71.559998,97.989998,52.880005,54.019997
71.559998,97.989998,52.880005,54.019997
71.559998,97.989998,52.880005,54.019997
71.559998,97.989998,52.880005,54.019997
71.559998,97.989998,52.880005,54.019997
71.559998,97.989998,52.880005,54.019997
71.559998,97.989998,52.880005,54.019997
71.559998,97.989998,52.880005,54.019997
71.559998,97.989998,52.880005,54.019997
83.559998,122.989998,52.880005,54.019997
83.559998,122.989998,52.880005,54.019997
83.559998,122.989998,52.880005,54.019997
83.559998,122.989998,52.880005,54.019997
83.559998,122.989998,52.880005,54.019997
107.559998,111.989998,52.880005,54.019997
107.559998,111.989998,52.880005,54.019997
107.559998,111.989998,52.880005,54.019997
107.559998,111.989998,52.880005,54.019997
107.559998,111.989998,52.880005,54.019997
107.559998,111.989998,52.880005,54.019997
107.559998,111.989998,52.880005,54.019997
107.559998,111.989998,52.880005,54.019997
107.559998,111.989998,52.880005,54.019997
107.559998,111.989998,52.880005,54.019997
107.559998,111.989998,52.880005,54.019997
107.559998,111.989998,52.880005,54.019997
97.559998,89.989998,52.880005,54.019997
97.559998,89.989998,52.880005,54.019997
97.559998,89.989998,52.880005,54.019997
127.559998,111.989998,52.880005,54.019997
127.559998,111.989998,52.880005,54.019997
127.559998,111.989998,52.880005,54.019997
127.559998,111.989998,52.880005,54.019997
127.559998,111.989998,52.880005,54.019997
127.559998,111.989998,52.880005,54.019997
127.559998,111.989998,52.880005,54.019997
127.559998,111.989998,52.880005,54.019997
127.559998,111.989998,52.880005,54.019997
127.559998,111.989998,52.880005,54.019997
127.559998,111.989998,52.880005,54.019997
127.559998,111.989998,52.880005,54.019997
127.559998,111.989998,52.880005,54.019997
127.559998,111.989998,52.880005,54.019997
127.559998,111.989998,52.880005,54.019997
127.559998,111.989998,52.880005,54.019997
2
0
0
0
0
1
199.660004,102.349998,42.619995,41.700005
199.660004,102.349998,42.619995,41.700005
199.660004,102.349998,42.619995,41.700005
199.660004,102.349998,42.619995,41.700005
199.660004,102.349998,42.619995,41.700005
199.660004,102.349998,42.619995,41.700005
199.660004,102.349998,42.619995,41.700005
199.660004,102.349998,42.619995,41.700005
198.690002,102.149994,42.619995,41.700005
198.690002,102.149994,42.619995,41.700005
198.690002,102.149994,42.619995,41.700005
198.690002,102.149994,42.619995,41.700005
198.690002,102.149994,42.619995,41.700005
183.690002,97.149994,42.619995,41.700005
183.690002,97.149994,42.619995,41.700005
183.690002,97.149994,42.619995,41.700005
183.690002,97.149994,42.619995,41.700005
188.690002,132.149994,42.619995,41.700005
165.690002,114.149994,42.619995,41.700005
165.690002,114.149994,42.619995,41.700005
165.690002,114.149994,42.619995,41.700005
165.690002,114.149994,42.619995,41.700005
165.690002,114.149994,42.619995,41.700005
165.690002,114.149994,42.619995,41.700005
165.690002,114.149994,42.619995,41.700005
143.690002,122.149994,42.619995,41.700005
143.690002,122.149994,42.619995,41.700005
143.690002,122.149994,42.619995,41.700005
143.690002,122.149994,42.619995,41.700005
143.690002,122.149994,42.619995,41.700005
143.690002,122.149994,42.619995,41.700005
143.690002,122.149994,42.619995,41.700005
143.690002,122.149994,42.619995,41.700005
143.690002,122.149994,42.619995,41.700005
143.690002,122.149994,42.619995,41.700005
122.690002,136.149994,42.619995,41.700005
122.690002,136.149994,42.619995,41.700005
122.690002,136.149994,42.619995,41.700005
122.690002,136.149994,42.619995,41.700005
122.690002,136.149994,42.619995,41.700005
122.690002,136.149994,42.619995,41.700005
122.690002,136.149994,42.619995,41.700005
122.690002,136.149994,42.619995,41.700005
122.690002,136.149994,42.619995,41.700005
122.690002,136.149994,42.619995,41.700005
127.690002,156.149994,42.619995,41.700005
127.690002,156.149994,42.619995,41.700005
127.690002,156.149994,42.619995,41.700005
127.690002,156.149994,42.619995,41.700005
130.690002,134.149994,42.619995,41.700005
130.690002,134.149994,42.619995,41.700005
130.690002,134.149994,42.619995,41.700005
130.690002,134.149994,42.619995,41.700005
130.690002,134.149994,42.619995,41.700005
135.690002,109.149994,42.619995,41.700005
135.690002,109.149994,42.619995,41.700005
135.690002,109.149994,42.619995,41.700005
135.690002,109.149994,42.619995,41.700005
137.690002,126.149994,42.619995,41.700005
137.690002,126.149994,42.619995,41.700005
137.690002,126.149994,42.619995,41.700005
137.690002,126.149994,42.619995,41.700005
137.690002,126.149994,42.619995,41.700005
137.690002,126.149994,42.619995,41.700005
137.690002,126.149994,42.619995,41.700005
137.690002,126.149994,42.619995,41.700005
137.690002,126.149994,42.619995,41.700005
137.690002,126.149994,42.619995,41.700005
137.690002,126.149994,42.619995,41.700005
137.690002,126.149994,42.619995,41.700005
137.690002,126.149994,42.619995,41.700005
137.690002,126.149994,42.619995,41.700005
137.690002,126.149994,42.619995,41.700005
137.690002,126.149994,42.619995,41.700005
137.690002,126.149994,42.619995,41.700005
137.690002,126.149994,42.619995,41.700005
137.690002,126.149994,42.619995,41.700005
137.690002,126.149994,42.619995,41.700005
137.690002,126.149994,42.619995,41.700005
137.690002,126.149994,42.619995,41.700005
137.690002,126.149994,42.619995,41.700005
137.690002,126.149994,42.619995,41.700005
137.690002,126.149994,42.619995,41.700005
137.690002,126.149994,42.619995,41.700005
137.690002,126.149994,42.619995,41.700005
137.690002,126.149994,42.619995,41.700005
137.690002,126.149994,42.619995,41.700005
121.690002,135.149994,42.619995,41.700005
121.690002,135.149994,42.619995,41.700005
121.690002,135.149994,42.619995,41.700005
121.690002,135.149994,42.619995,41.700005
121.690002,135.149994,42.619995,41.700005
121.690002,135.149994,42.619995,41.700005
101.690002,135.149994,42.619995,41.700005
101.690002,135.149994,42.619995,41.700005
101.690002,135.149994,42.619995,41.700005
101.690002,135.149994,42.619995,41.700005
118.690002,122.149994,42.619995,41.700005
106.690002,130.149994,42.619995,41.700005
106.690002,130.149994,42.619995,41.700005
106.690002,130.149994,42.619995,41.700005
106.690002,130.149994,42.619995,41.700005
106.690002,130.149994,42.619995,41.700005
106.690002,130.149994,42.619995,41.700005
106.690002,130.149994,42.619995,41.700005
106.690002,130.149994,42.619995,41.700005
106.690002,130.149994,42.619995,41.700005
106.690002,130.149994,42.619995,41.700005
106.690002,130.149994,42.619995,41.700005
106.690002,130.149994,42.619995,41.700005
106.690002,130.149994,42.619995,41.700005
106.690002,130.149994,42.619995,41.700005
106.690002,130.149994,42.619995,41.700005
106.690002,130.149994,42.619995,41.700005
106.690002,130.149994,42.619995,41.700005
106.690002,130.149994,42.619995,41.700005
106.690002,130.149994,42.619995,41.700005
2
0
0
0
0
1
199.880005,135.160004,56.290009,59.940002
199.880005,135.160004,56.290009,59.940002
199.880005,135.160004,56.290009,59.940002
199.880005,135.160004,56.290009,59.940002
199.880005,135.160004,56.290009,59.940002
199.880005,135.160004,56.290009,59.940002
199.880005,135.160004,56.290009,59.940002
199.880005,135.160004,56.290009,59.940002
199.854996,135.029999,56.290009,59.940002
199.854996,135.029999,56.290009,59.940002
199.854996,135.029999,56.290009,59.940002
199.854996,135.029999,56.290009,59.940002
199.854996,135.029999,56.290009,59.940002
199.854996,135.029999,56.290009,59.940002
176.854996,129.029999,56.290009,59.940002
203.854996,143.029999,56.290009,59.940002
203.854996,143.029999,56.290009,59.940002
203.854996,143.029999,56.290009,59.940002
224.854996,110.029999,56.290009,59.940002
224.854996,110.029999,56.290009,59.940002
224.854996,110.029999,56.290009,59.940002
190.854996,117.029999,56.290009,59.940002
190.854996,117.029999,56.290009,59.940002
204.854996,160.029999,56.290009,59.940002
204.854996,160.029999,56.290009,59.940002
204.854996,160.029999,56.290009,59.940002
204.854996,160.029999,56.290009,59.940002
204.854996,160.029999,56.290009,59.940002
204.854996,160.029999,56.290009,59.940002
174.854996,160.029999,56.290009,59.940002
174.854996,160.029999,56.290009,59.940002
123.854996,123.029999,56.290009,59.940002
145.854996,137.029999,56.290009,59.940002
145.854996,137.029999,56.290009,59.940002
184.854996,175.029999,56.290009,59.940002
184.854996,175.029999,56.290009,59.940002
184.854996,175.029999,56.290009,59.940002
184.854996,175.029999,56.290009,59.940002
184.854996,175.029999,56.290009,59.940002
184.854996,175.029999,56.290009,59.940002
184.854996,175.029999,56.290009,59.940002
162.854996,149.029999,56.290009,59.940002
162.854996,149.029999,56.290009,59.940002
162.854996,149.029999,56.290009,59.940002
166.854996,130.029999,56.290009,59.940002
184.854996,152.029999,56.290009,59.940002
184.854996,152.029999,56.290009,59.940002
184.854996,152.029999,56.290009,59.940002
184.854996,152.029999,56.290009,59.940002
184.854996,152.029999,56.290009,59.940002
184.854996,152.029999,56.290009,59.940002
152.854996,149.029999,56.290009,59.940002
152.854996,149.029999,56.290009,59.940002
152.854996,149.029999,56.290009,59.940002
2
0
0
0
0
1
171.619995,143.820007,36.240005,37.819992
171.619995,143.820007,36.240005,37.819992
171.619995,143.820007,36.240005,37.819992
171.619995,143.820007,36.240005,37.819992
171.619995,143.820007,36.240005,37.819992
171.619995,143.820007,36.240005,37.819992
171.619995,143.820007,36.240005,37.819992
171.619995,143.820007,36.240005,37.819992
171.619995,143.820007,36.240005,37.819992
171.619995,143.820007,36.240005,37.819992
171.619995,143.820007,36.240005,37.819992
171.619995,143.820007,36.240005,37.819992
171.619995,143.820007,36.240005,37.819992
171.619995,143.820007,36.240005,37.819992
171.619995,143.820007,36.240005,37.819992
171.619995,143.820007,36.240005,37.819992
170.880005,143.090012,36.240005,37.819992
170.880005,143.090012,36.240005,37.819992
170.880005,143.090012,36.240005,37.819992
170.880005,143.090012,36.240005,37.819992
170.880005,143.090012,36.240005,37.819992
170.880005,143.090012,36.240005,37.819992
