1
200.479996,330.000000,54.440002,87.459991
200.479996,330.000000,54.440002,87.459991
200.479996,330.000000,54.440002,87.459991
200.479996,330.000000,54.440002,87.459991
200.479996,330.000000,54.440002,87.459991
200.479996,330.000000,54.440002,87.459991
200.479996,330.000000,54.440002,87.459991
200.479996,330.000000,54.440002,87.459991
200.479996,330.000000,54.440002,87.459991
200.479996,330.000000,54.440002,87.459991
200.479996,330.000000,54.440002,87.459991
200.479996,330.000000,54.440002,87.459991
200.479996,330.000000,54.440002,87.459991
200.479996,330.000000,54.440002,87.459991
200.479996,330.000000,54.440002,87.459991
200.479996,330.000000,54.440002,87.459991
200.479996,330.000000,54.440002,87.459991
200.479996,330.000000,54.440002,87.459991
200.479996,330.000000,54.440002,87.459991
200.479996,330.000000,54.440002,87.459991
200.479996,330.000000,54.440002,87.459991
200.479996,330.000000,54.440002,87.459991
200.479996,330.000000,54.440002,87.459991
200.479996,330.000000,54.440002,87.459991
200.479996,330.000000,54.440002,87.459991
200.479996,330.000000,54.440002,87.459991
200.479996,330.000000,54.440002,87.459991
200.479996,330.000000,54.440002,87.459991
200.479996,330.000000,54.440002,87.459991
200.479996,330.000000,54.440002,87.459991
200.479996,330.000000,54.440002,87.459991
200.479996,330.000000,54.440002,87.459991
200.479996,330.000000,54.440002,87.459991
200.479996,330.000000,54.440002,87.459991
200.479996,330.000000,54.440002,87.459991
200.479996,330.000000,54.440002,87.459991
200.479996,330.000000,54.440002,87.459991
200.479996,330.000000,54.440002,87.459991
200.479996,330.000000,54.440002,87.459991
200.479996,330.000000,54.440002,87.459991
199.779999,329.270020,54.440002,87.459991
199.779999,329.270020,54.440002,87.459991
199.779999,329.270020,54.440002,87.459991
199.779999,329.270020,54.440002,87.459991
199.779999,329.270020,54.440002,87.459991
199.779999,329.270020,54.440002,87.459991
199.779999,329.270020,54.440002,87.459991
199.779999,329.270020,54.440002,87.459991
199.779999,329.270020,54.440002,87.459991
199.779999,329.270020,54.440002,87.459991
199.779999,329.270020,54.440002,87.459991
199.779999,329.270020,54.440002,87.459991
199.779999,329.270020,54.440002,87.459991
199.779999,329.270020,54.440002,87.459991
199.779999,329.270020,54.440002,87.459991
199.779999,329.270020,54.440002,87.459991
199.779999,329.270020,54.440002,87.459991
199.779999,329.270020,54.440002,87.459991
199.779999,329.270020,54.440002,87.459991
199.779999,329.270020,54.440002,87.459991
199.779999,329.270020,54.440002,87.459991
199.779999,329.270020,54.440002,87.459991
199.779999,329.270020,54.440002,87.459991
199.779999,329.270020,54.440002,87.459991
199.779999,329.270020,54.440002,87.459991
199.779999,329.270020,54.440002,87.459991
199.779999,329.270020,54.440002,87.459991
199.779999,329.270020,54.440002,87.459991
199.779999,329.270020,54.440002,87.459991
199.779999,329.270020,54.440002,87.459991
199.779999,329.270020,54.440002,87.459991
199.779999,329.270020,54.440002,87.459991
199.779999,329.270020,54.440002,87.459991
199.779999,329.270020,54.440002,87.459991
199.779999,329.270020,54.440002,87.459991
199.779999,329.270020,54.440002,87.459991
199.779999,329.270020,54.440002,87.459991
199.779999,329.270020,54.440002,87.459991
199.779999,329.270020,54.440002,87.459991
199.779999,329.270020,54.440002,87.459991
199.779999,329.270020,54.440002,87.459991
199.779999,329.270020,54.440002,87.459991
199.779999,329.270020,54.440002,87.459991
199.779999,329.270020,54.440002,87.459991
199.779999,329.270020,54.440002,87.459991
199.779999,329.270020,54.440002,87.459991
199.779999,329.270020,54.440002,87.459991
199.779999,329.270020,54.440002,87.459991
199.779999,329.270020,54.440002,87.459991
199.779999,329.270020,54.440002,87.459991
199.779999,329.270020,54.440002,87.459991
199.779999,329.270020,54.440002,87.459991
199.779999,329.270020,54.440002,87.459991
199.779999,329.270020,54.440002,87.459991
199.779999,329.270020,54.440002,87.459991
2
0
0
0
0
1
259.700012,325.450012,27.359985,43.750000
259.700012,325.450012,27.359985,43.750000
259.700012,325.450012,27.359985,43.750000
259.700012,325.450012,27.359985,43.750000
259.700012,325.450012,27.359985,43.750000
259.700012,325.450012,27.359985,43.750000
259.700012,325.450012,27.359985,43.750000
259.700012,325.450012,27.359985,43.750000
259.700012,325.450012,27.359985,43.750000
259.700012,325.450012,27.359985,43.750000
259.700012,325.450012,27.359985,43.750000
259.700012,325.450012,27.359985,43.750000
259.700012,325.450012,27.359985,43.750000
259.700012,325.450012,27.359985,43.750000
259.700012,325.450012,27.359985,43.750000
259.700012,325.450012,27.359985,43.750000
259.700012,325.450012,27.359985,43.750000
259.700012,325.450012,27.359985,43.750000
259.700012,325.450012,27.359985,43.750000
259.700012,325.450012,27.359985,43.750000
259.700012,325.450012,27.359985,43.750000
259.700012,325.450012,27.359985,43.750000
259.700012,325.450012,27.359985,43.750000
259.700012,325.450012,27.359985,43.750000
259.320007,325.125000,27.359985,43.750000
259.320007,325.125000,27.359985,43.750000
259.320007,325.125000,27.359985,43.750000
259.320007,325.125000,27.359985,43.750000
259.320007,325.125000,27.359985,43.750000
259.320007,325.125000,27.359985,43.750000
259.320007,325.125000,27.359985,43.750000
259.320007,325.125000,27.359985,43.750000
259.320007,325.125000,27.359985,43.750000
259.320007,325.125000,27.359985,43.750000
259.320007,325.125000,27.359985,43.750000
259.320007,325.125000,27.359985,43.750000
259.320007,325.125000,27.359985,43.750000
259.320007,325.125000,27.359985,43.750000
259.320007,325.125000,27.359985,43.750000
259.320007,325.125000,27.359985,43.750000
259.320007,325.125000,27.359985,43.750000
259.320007,325.125000,27.359985,43.750000
259.320007,325.125000,27.359985,43.750000
259.320007,325.125000,27.359985,43.750000
259.320007,325.125000,27.359985,43.750000
259.320007,325.125000,27.359985,43.750000
259.320007,325.125000,27.359985,43.750000
259.320007,325.125000,27.359985,43.750000
259.320007,325.125000,27.359985,43.750000
259.320007,325.125000,27.359985,43.750000
259.320007,325.125000,27.359985,43.750000
259.320007,325.125000,27.359985,43.750000
259.320007,325.125000,27.359985,43.750000
259.320007,325.125000,27.359985,43.750000
259.320007,325.125000,27.359985,43.750000
259.320007,325.125000,27.359985,43.750000
259.320007,325.125000,27.359985,43.750000
259.320007,325.125000,27.359985,43.750000
259.320007,325.125000,27.359985,43.750000
259.320007,325.125000,27.359985,43.750000
259.320007,325.125000,27.359985,43.750000
259.320007,325.125000,27.359985,43.750000
259.320007,325.125000,27.359985,43.750000
259.320007,325.125000,27.359985,43.750000
259.320007,325.125000,27.359985,43.750000
259.320007,325.125000,27.359985,43.750000
259.320007,325.125000,27.359985,43.750000
259.320007,325.125000,27.359985,43.750000
259.320007,325.125000,27.359985,43.750000
259.320007,325.125000,27.359985,43.750000
259.320007,325.125000,27.359985,43.750000
259.320007,325.125000,27.359985,43.750000
259.320007,325.125000,27.359985,43.750000
259.320007,325.125000,27.359985,43.750000
259.320007,325.125000,27.359985,43.750000
259.320007,325.125000,27.359985,43.750000
259.320007,325.125000,27.359985,43.750000
259.320007,325.125000,27.359985,43.750000
259.320007,325.125000,27.359985,43.750000
259.320007,325.125000,27.359985,43.750000
259.320007,325.125000,27.359985,43.750000
259.320007,325.125000,27.359985,43.750000
259.320007,325.125000,27.359985,43.750000
259.320007,325.125000,27.359985,43.750000
259.320007,325.125000,27.359985,43.750000
259.320007,325.125000,27.359985,43.750000
259.320007,325.125000,27.359985,43.750000
259.320007,325.125000,27.359985,43.750000
259.320007,325.125000,27.359985,43.750000
259.320007,325.125000,27.359985,43.750000
259.320007,325.125000,27.359985,43.750000
259.320007,325.125000,27.359985,43.750000
259.320007,325.125000,27.359985,43.750000
259.320007,325.125000,27.359985,43.750000
259.320007,325.125000,27.359985,43.750000
259.320007,325.125000,27.359985,43.750000
259.320007,325.125000,27.359985,43.750000
259.320007,325.125000,27.359985,43.750000
259.320007,325.125000,27.359985,43.750000
259.320007,325.125000,27.359985,43.750000
259.320007,325.125000,27.359985,43.750000
259.320007,325.125000,27.359985,43.750000
259.320007,325.125000,27.359985,43.750000
259.320007,325.125000,27.359985,43.750000
259.320007,325.125000,27.359985,43.750000
259.320007,325.125000,27.359985,43.750000
259.320007,325.125000,27.359985,43.750000
259.320007,325.125000,27.359985,43.750000
259.320007,325.125000,27.359985,43.750000
259.320007,325.125000,27.359985,43.750000
259.320007,325.125000,27.359985,43.750000
259.320007,325.125000,27.359985,43.750000
259.320007,325.125000,27.359985,43.750000
259.320007,325.125000,27.359985,43.750000
259.320007,325.125000,27.359985,43.750000
259.320007,325.125000,27.359985,43.750000
259.320007,325.125000,27.359985,43.750000
259.320007,325.125000,27.359985,43.750000
259.320007,325.125000,27.359985,43.750000
259.320007,325.125000,27.359985,43.750000
259.320007,325.125000,27.359985,43.750000
259.320007,325.125000,27.359985,43.750000
259.320007,325.125000,27.359985,43.750000
259.320007,325.125000,27.359985,43.750000
259.320007,325.125000,27.359985,43.750000
259.320007,325.125000,27.359985,43.750000
259.320007,325.125000,27.359985,43.750000
259.320007,325.125000,27.359985,43.750000
259.320007,325.125000,27.359985,43.750000
259.320007,325.125000,27.359985,43.750000
259.320007,325.125000,27.359985,43.750000
259.320007,325.125000,27.359985,43.750000
259.320007,325.125000,27.359985,43.750000
259.320007,325.125000,27.359985,43.750000
259.320007,325.125000,27.359985,43.750000
259.320007,325.125000,27.359985,43.750000
259.320007,325.125000,27.359985,43.750000
259.320007,325.125000,27.359985,43.750000
259.320007,325.125000,27.359985,43.750000
259.320007,325.125000,27.359985,43.750000
259.320007,325.125000,27.359985,43.750000
259.320007,325.125000,27.359985,43.750000
259.320007,325.125000,27.359985,43.750000
259.320007,325.125000,27.359985,43.750000
259.320007,325.125000,27.359985,43.750000
259.320007,325.125000,27.359985,43.750000
259.320007,325.125000,27.359985,43.750000
259.320007,325.125000,27.359985,43.750000
259.320007,325.125000,27.359985,43.750000
259.320007,325.125000,27.359985,43.750000
259.320007,325.125000,27.359985,43.750000
259.320007,325.125000,27.359985,43.750000
259.320007,325.125000,27.359985,43.750000
2
0
0
0
0
1
232.720001,324.760010,24.380005,40.359985
232.720001,324.760010,24.380005,40.359985
232.720001,324.760010,24.380005,40.359985
232.720001,324.760010,24.380005,40.359985
232.720001,324.760010,24.380005,40.359985
232.720001,324.760010,24.380005,40.359985
232.720001,324.760010,24.380005,40.359985
232.720001,324.760010,24.380005,40.359985
232.720001,324.760010,24.380005,40.359985
210.809998,326.820007,24.380005,40.359985
210.809998,326.820007,24.380005,40.359985
210.809998,326.820007,24.380005,40.359985
210.809998,326.820007,24.380005,40.359985
210.809998,326.820007,24.380005,40.359985
214.809998,314.820007,24.380005,40.359985
214.809998,314.820007,24.380005,40.359985
214.809998,314.820007,24.380005,40.359985
214.809998,314.820007,24.380005,40.359985
214.809998,314.820007,24.380005,40.359985
214.809998,314.820007,24.380005,40.359985
214.809998,314.820007,24.380005,40.359985
214.809998,314.820007,24.380005,40.359985
214.809998,314.820007,24.380005,40.359985
214.809998,314.820007,24.380005,40.359985
214.809998,314.820007,24.380005,40.359985
214.809998,314.820007,24.380005,40.359985
214.809998,314.820007,24.380005,40.359985
214.809998,314.820007,24.380005,40.359985
214.809998,314.820007,24.380005,40.359985
214.809998,314.820007,24.380005,40.359985
214.809998,314.820007,24.380005,40.359985
214.809998,314.820007,24.380005,40.359985
214.809998,314.820007,24.380005,40.359985
214.809998,314.820007,24.380005,40.359985
214.809998,314.820007,24.380005,40.359985
214.809998,314.820007,24.380005,40.359985
214.809998,314.820007,24.380005,40.359985
214.809998,314.820007,24.380005,40.359985
214.809998,314.820007,24.380005,40.359985
214.809998,314.820007,24.380005,40.359985
214.809998,314.820007,24.380005,40.359985
214.809998,314.820007,24.380005,40.359985
214.809998,314.820007,24.380005,40.359985
214.809998,314.820007,24.380005,40.359985
214.809998,314.820007,24.380005,40.359985
214.809998,314.820007,24.380005,40.359985
214.809998,314.820007,24.380005,40.359985
214.809998,314.820007,24.380005,40.359985
214.809998,314.820007,24.380005,40.359985
214.809998,314.820007,24.380005,40.359985
214.809998,314.820007,24.380005,40.359985
202.809998,331.820007,24.380005,40.359985
202.809998,331.820007,24.380005,40.359985
202.809998,331.820007,24.380005,40.359985
202.809998,331.820007,24.380005,40.359985
202.809998,331.820007,24.380005,40.359985
202.809998,331.820007,24.380005,40.359985
202.809998,331.820007,24.380005,40.359985
202.809998,331.820007,24.380005,40.359985
202.809998,331.820007,24.380005,40.359985
202.809998,331.820007,24.380005,40.359985
193.809998,323.820007,24.380005,40.359985
193.809998,323.820007,24.380005,40.359985
193.809998,323.820007,24.380005,40.359985
193.809998,323.820007,24.380005,40.359985
193.809998,323.820007,24.380005,40.359985
193.809998,323.820007,24.380005,40.359985
193.809998,323.820007,24.380005,40.359985
193.809998,323.820007,24.380005,40.359985
193.809998,323.820007,24.380005,40.359985
193.809998,323.820007,24.380005,40.359985
193.809998,323.820007,24.380005,40.359985
193.809998,323.820007,24.380005,40.359985
193.809998,323.820007,24.380005,40.359985
193.809998,323.820007,24.380005,40.359985
193.809998,323.820007,24.380005,40.359985
193.809998,323.820007,24.380005,40.359985
193.809998,323.820007,24.380005,40.359985
193.809998,323.820007,24.380005,40.359985
193.809998,323.820007,24.380005,40.359985
193.809998,323.820007,24.380005,40.359985
193.809998,323.820007,24.380005,40.359985
193.809998,323.820007,24.380005,40.359985
193.809998,323.820007,24.380005,40.359985
193.809998,323.820007,24.380005,40.359985
193.809998,323.820007,24.380005,40.359985
193.809998,323.820007,24.380005,40.359985
193.809998,323.820007,24.380005,40.359985
193.809998,323.820007,24.380005,40.359985
193.809998,323.820007,24.380005,40.359985
193.809998,323.820007,24.380005,40.359985
193.809998,323.820007,24.380005,40.359985
193.809998,323.820007,24.380005,40.359985
193.809998,323.820007,24.380005,40.359985
193.809998,323.820007,24.380005,40.359985
193.809998,323.820007,24.380005,40.359985
193.809998,323.820007,24.380005,40.359985
193.809998,323.820007,24.380005,40.359985
193.809998,323.820007,24.380005,40.359985
193.809998,323.820007,24.380005,40.359985
193.809998,323.820007,24.380005,40.359985
193.809998,323.820007,24.380005,40.359985
193.809998,323.820007,24.380005,40.359985
193.809998,323.820007,24.380005,40.359985
193.809998,323.820007,24.380005,40.359985
193.809998,323.820007,24.380005,40.359985
193.809998,323.820007,24.380005,40.359985
193.809998,323.820007,24.380005,40.359985
193.809998,323.820007,24.380005,40.359985
193.809998,323.820007,24.380005,40.359985
193.809998,323.820007,24.380005,40.359985
193.809998,323.820007,24.380005,40.359985
193.809998,323.820007,24.380005,40.359985
193.809998,323.820007,24.380005,40.359985
193.809998,323.820007,24.380005,40.359985
193.809998,323.820007,24.380005,40.359985
193.809998,323.820007,24.380005,40.359985
193.809998,323.820007,24.380005,40.359985
193.809998,323.820007,24.380005,40.359985
193.809998,323.820007,24.380005,40.359985
193.809998,323.820007,24.380005,40.359985
193.809998,323.820007,24.380005,40.359985
193.809998,323.820007,24.380005,40.359985
193.809998,323.820007,24.380005,40.359985
193.809998,323.820007,24.380005,40.359985
193.809998,323.820007,24.380005,40.359985
193.809998,323.820007,24.380005,40.359985
193.809998,323.820007,24.380005,40.359985
193.809998,323.820007,24.380005,40.359985
193.809998,323.820007,24.380005,40.359985
193.809998,323.820007,24.380005,40.359985
193.809998,323.820007,24.380005,40.359985
193.809998,323.820007,24.380005,40.359985
193.809998,323.820007,24.380005,40.359985
193.809998,323.820007,24.380005,40.359985
193.809998,323.820007,24.380005,40.359985
193.809998,323.820007,24.380005,40.359985
193.809998,323.820007,24.380005,40.359985
193.809998,323.820007,24.380005,40.359985
193.809998,323.820007,24.380005,40.359985
193.809998,323.820007,24.380005,40.359985
193.809998,323.820007,24.380005,40.359985
193.809998,323.820007,24.380005,40.359985
193.809998,323.820007,24.380005,40.359985
193.809998,323.820007,24.380005,40.359985
193.809998,323.820007,24.380005,40.359985
193.809998,323.820007,24.380005,40.359985
193.809998,323.820007,24.380005,40.359985
193.809998,323.820007,24.380005,40.359985
2
0
0
0
0
1
2
0
0
0
0
1
167.000000,356.000000,34.000000,58.000000
167.000000,356.000000,34.000000,58.000000
167.000000,356.000000,34.000000,58.000000
167.000000,356.000000,34.000000,58.000000
167.000000,356.000000,34.000000,58.000000
167.000000,356.000000,34.000000,58.000000
167.000000,356.000000,34.000000,58.000000
167.000000,356.000000,34.000000,58.000000
167.000000,356.000000,34.000000,58.000000
167.000000,356.000000,34.000000,58.000000
167.000000,356.000000,34.000000,58.000000
167.000000,356.000000,34.000000,58.000000
167.000000,356.000000,34.000000,58.000000
167.000000,356.000000,34.000000,58.000000
167.000000,356.000000,34.000000,58.000000
167.000000,356.000000,34.000000,58.000000
167.000000,356.000000,34.000000,58.000000
167.000000,356.000000,34.000000,58.000000
167.000000,356.000000,34.000000,58.000000
167.000000,356.000000,34.000000,58.000000
167.000000,356.000000,34.000000,58.000000
167.000000,356.000000,34.000000,58.000000
167.000000,356.000000,34.000000,58.000000
167.000000,356.000000,34.000000,58.000000
167.000000,356.000000,34.000000,58.000000
167.000000,356.000000,34.000000,58.000000
167.000000,356.000000,34.000000,58.000000
167.000000,356.000000,34.000000,58.000000
167.000000,356.000000,34.000000,58.000000
167.000000,356.000000,34.000000,58.000000
167.000000,356.000000,34.000000,58.000000
167.000000,356.000000,34.000000,58.000000
167.000000,356.000000,34.000000,58.000000
167.000000,356.000000,34.000000,58.000000
167.000000,356.000000,34.000000,58.000000
167.000000,356.000000,34.000000,58.000000
167.000000,356.000000,34.000000,58.000000
167.000000,356.000000,34.000000,58.000000
167.000000,356.000000,34.000000,58.000000
167.000000,356.000000,34.000000,58.000000
167.000000,356.000000,34.000000,58.000000
167.000000,356.000000,34.000000,58.000000
167.000000,356.000000,34.000000,58.000000
167.000000,356.000000,34.000000,58.000000
167.000000,356.000000,34.000000,58.000000
167.000000,356.000000,34.000000,58.000000
167.000000,356.000000,34.000000,58.000000
167.000000,356.000000,34.000000,58.000000
167.000000,356.000000,34.000000,58.000000
167.000000,356.000000,34.000000,58.000000
167.000000,356.000000,34.000000,58.000000
167.000000,356.000000,34.000000,58.000000
167.000000,356.000000,34.000000,58.000000
167.000000,356.000000,34.000000,58.000000
167.000000,356.000000,34.000000,58.000000
167.000000,356.000000,34.000000,58.000000
167.000000,356.000000,34.000000,58.000000
167.000000,356.000000,34.000000,58.000000
167.000000,356.000000,34.000000,58.000000
167.000000,356.000000,34.000000,58.000000
167.000000,356.000000,34.000000,58.000000
167.000000,356.000000,34.000000,58.000000
167.000000,356.000000,34.000000,58.000000
167.000000,356.000000,34.000000,58.000000
167.000000,356.000000,34.000000,58.000000
167.000000,356.000000,34.000000,58.000000
167.000000,356.000000,34.000000,58.000000
167.000000,356.000000,34.000000,58.000000
167.000000,356.000000,34.000000,58.000000
167.000000,356.000000,34.000000,58.000000
167.000000,356.000000,34.000000,58.000000
167.000000,356.000000,34.000000,58.000000
167.000000,356.000000,34.000000,58.000000
167.000000,356.000000,34.000000,58.000000
167.000000,356.000000,34.000000,58.000000
167.000000,356.000000,34.000000,58.000000
167.000000,356.000000,34.000000,58.000000
167.000000,356.000000,34.000000,58.000000
167.000000,356.000000,34.000000,58.000000
167.000000,356.000000,34.000000,58.000000
167.000000,356.000000,34.000000,58.000000
167.000000,356.000000,34.000000,58.000000
167.000000,356.000000,34.000000,58.000000
167.000000,356.000000,34.000000,58.000000
167.000000,356.000000,34.000000,58.000000
167.000000,356.000000,34.000000,58.000000
167.000000,356.000000,34.000000,58.000000
167.000000,356.000000,34.000000,58.000000
167.000000,356.000000,34.000000,58.000000
167.000000,356.000000,34.000000,58.000000
167.000000,356.000000,34.000000,58.000000
167.000000,356.000000,34.000000,58.000000
167.000000,356.000000,34.000000,58.000000
167.000000,356.000000,34.000000,58.000000
167.000000,356.000000,34.000000,58.000000
167.000000,356.000000,34.000000,58.000000
167.000000,356.000000,34.000000,58.000000
167.000000,356.000000,34.000000,58.000000
167.000000,356.000000,34.000000,58.000000
167.000000,356.000000,34.000000,58.000000
167.000000,356.000000,34.000000,58.000000
167.000000,356.000000,34.000000,58.000000
167.000000,356.000000,34.000000,58.000000
167.000000,356.000000,34.000000,58.000000
167.000000,356.000000,34.000000,58.000000
167.000000,356.000000,34.000000,58.000000
167.000000,356.000000,34.000000,58.000000
167.000000,356.000000,34.000000,58.000000
167.000000,356.000000,34.000000,58.000000
167.000000,356.000000,34.000000,58.000000
167.000000,356.000000,34.000000,58.000000
167.000000,356.000000,34.000000,58.000000
167.000000,356.000000,34.000000,58.000000
167.000000,356.000000,34.000000,58.000000
167.000000,356.000000,34.000000,58.000000
167.000000,356.000000,34.000000,58.000000
167.000000,356.000000,34.000000,58.000000
167.000000,356.000000,34.000000,58.000000
167.000000,356.000000,34.000000,58.000000
167.000000,356.000000,34.000000,58.000000
167.000000,356.000000,34.000000,58.000000
167.000000,356.000000,34.000000,58.000000
167.000000,356.000000,34.000000,58.000000
167.000000,356.000000,34.000000,58.000000
167.000000,356.000000,34.000000,58.000000
167.000000,356.000000,34.000000,58.000000
167.000000,356.000000,34.000000,58.000000
167.000000,356.000000,34.000000,58.000000
2
0
0
0
0
1
192.380005,315.119995,24.860001,42.899994
192.380005,315.119995,24.860001,42.899994
192.380005,315.119995,24.860001,42.899994
192.380005,315.119995,24.860001,42.899994
192.380005,315.119995,24.860001,42.899994
192.380005,315.119995,24.860001,42.899994
179.569992,343.549988,24.860001,42.899994
179.569992,343.549988,24.860001,42.899994
179.569992,343.549988,24.860001,42.899994
179.569992,343.549988,24.860001,42.899994
179.569992,343.549988,24.860001,42.899994
179.569992,343.549988,24.860001,42.899994
179.569992,343.549988,24.860001,42.899994
2
0
0
0
0
1
211.660004,313.480011,24.849991,44.660004
211.660004,313.480011,24.849991,44.660004
211.660004,313.480011,24.849991,44.660004
211.660004,313.480011,24.849991,44.660004
211.660004,313.480011,24.849991,44.660004
201.574997,313.669983,24.849991,44.660004
201.574997,313.669983,24.849991,44.660004
201.574997,313.669983,24.849991,44.660004
201.574997,313.669983,24.849991,44.660004
201.574997,313.669983,24.849991,44.660004
201.574997,313.669983,24.849991,44.660004
201.574997,313.669983,24.849991,44.660004
201.574997,313.669983,24.849991,44.660004
201.574997,313.669983,24.849991,44.660004
201.574997,313.669983,24.849991,44.660004
202.574997,341.669983,24.849991,44.660004
202.574997,341.669983,24.849991,44.660004
189.574997,358.669983,24.849991,44.660004
201.574997,335.669983,24.849991,44.660004
201.574997,335.669983,24.849991,44.660004
201.574997,335.669983,24.849991,44.660004
192.574997,326.669983,24.849991,44.660004
192.574997,326.669983,24.849991,44.660004
192.574997,326.669983,24.849991,44.660004
193.574997,312.669983,24.849991,44.660004
193.574997,312.669983,24.849991,44.660004
182.574997,341.669983,24.849991,44.660004
182.574997,341.669983,24.849991,44.660004
171.574997,355.669983,24.849991,44.660004
171.574997,355.669983,24.849991,44.660004
171.574997,355.669983,24.849991,44.660004
171.574997,355.669983,24.849991,44.660004
171.574997,355.669983,24.849991,44.660004
171.574997,355.669983,24.849991,44.660004
171.574997,355.669983,24.849991,44.660004
171.574997,355.669983,24.849991,44.660004
171.574997,355.669983,24.849991,44.660004
171.574997,355.669983,24.849991,44.660004
171.574997,355.669983,24.849991,44.660004
168.574997,322.669983,24.849991,44.660004
168.574997,322.669983,24.849991,44.660004
168.574997,322.669983,24.849991,44.660004
156.574997,321.669983,24.849991,44.660004
156.574997,321.669983,24.849991,44.660004
164.574997,336.669983,24.849991,44.660004
168.574997,351.669983,24.849991,44.660004
168.574997,351.669983,24.849991,44.660004
2
0
0
0
0
1
169.449997,342.970001,32.089996,54.540009
169.449997,342.970001,32.089996,54.540009
169.449997,342.970001,32.089996,54.540009
169.449997,342.970001,32.089996,54.540009
169.449997,342.970001,32.089996,54.540009
169.449997,342.970001,32.089996,54.540009
169.449997,342.970001,32.089996,54.540009
169.449997,342.970001,32.089996,54.540009
169.449997,342.970001,32.089996,54.540009
169.449997,342.970001,32.089996,54.540009
160.955002,325.729980,32.089996,54.540009
160.955002,325.729980,32.089996,54.540009
160.955002,325.729980,32.089996,54.540009
160.955002,325.729980,32.089996,54.540009
160.955002,325.729980,32.089996,54.540009
160.955002,325.729980,32.089996,54.540009
160.955002,325.729980,32.089996,54.540009
160.955002,325.729980,32.089996,54.540009
160.955002,325.729980,32.089996,54.540009
160.955002,325.729980,32.089996,54.540009
160.955002,325.729980,32.089996,54.540009
160.955002,325.729980,32.089996,54.540009
160.955002,325.729980,32.089996,54.540009
160.955002,325.729980,32.089996,54.540009
160.955002,325.729980,32.089996,54.540009
160.955002,325.729980,32.089996,54.540009
199.955002,308.729980,32.089996,54.540009
199.955002,308.729980,32.089996,54.540009
199.955002,308.729980,32.089996,54.540009
199.955002,308.729980,32.089996,54.540009
199.955002,308.729980,32.089996,54.540009
199.955002,308.729980,32.089996,54.540009
220.955002,296.729980,32.089996,54.540009
201.955002,314.729980,32.089996,54.540009
201.955002,314.729980,32.089996,54.540009
201.955002,314.729980,32.089996,54.540009
198.955002,346.729980,32.089996,54.540009
198.955002,346.729980,32.089996,54.540009
198.955002,346.729980,32.089996,54.540009
198.955002,346.729980,32.089996,54.540009
2
0
0
0
0
1
213.940002,322.959991,34.410004,59.779999
213.940002,322.959991,34.410004,59.779999
213.940002,322.959991,34.410004,59.779999
205.794998,283.109985,34.410004,59.779999
205.794998,283.109985,34.410004,59.779999
205.794998,283.109985,34.410004,59.779999
203.794998,314.109985,34.410004,59.779999
203.794998,314.109985,34.410004,59.779999
203.794998,314.109985,34.410004,59.779999
203.794998,314.109985,34.410004,59.779999
203.794998,314.109985,34.410004,59.779999
203.794998,314.109985,34.410004,59.779999
203.794998,314.109985,34.410004,59.779999
205.794998,343.109985,34.410004,59.779999
221.794998,330.109985,34.410004,59.779999
222.794998,307.109985,34.410004,59.779999
222.794998,307.109985,34.410004,59.779999
222.794998,307.109985,34.410004,59.779999
222.794998,307.109985,34.410004,59.779999
222.794998,307.109985,34.410004,59.779999
222.794998,307.109985,34.410004,59.779999
222.794998,307.109985,34.410004,59.779999
222.794998,307.109985,34.410004,59.779999
205.794998,323.109985,34.410004,59.779999
205.794998,323.109985,34.410004,59.779999
205.794998,323.109985,34.410004,59.779999
205.794998,323.109985,34.410004,59.779999
199.794998,286.109985,34.410004,59.779999
200.794998,318.109985,34.410004,59.779999
200.794998,318.109985,34.410004,59.779999
200.794998,318.109985,34.410004,59.779999
200.794998,318.109985,34.410004,59.779999
200.794998,318.109985,34.410004,59.779999
210.794998,343.109985,34.410004,59.779999
191.794998,315.109985,34.410004,59.779999
191.794998,315.109985,34.410004,59.779999
191.794998,315.109985,34.410004,59.779999
189.794998,281.109985,34.410004,59.779999
189.794998,281.109985,34.410004,59.779999
189.794998,281.109985,34.410004,59.779999
189.794998,281.109985,34.410004,59.779999
189.794998,281.109985,34.410004,59.779999
189.794998,281.109985,34.410004,59.779999
188.794998,303.109985,34.410004,59.779999
196.794998,277.109985,34.410004,59.779999
196.794998,277.109985,34.410004,59.779999
196.794998,277.109985,34.410004,59.779999
196.794998,277.109985,34.410004,59.779999
196.794998,277.109985,34.410004,59.779999
196.794998,277.109985,34.410004,59.779999
196.794998,277.109985,34.410004,59.779999
196.794998,277.109985,34.410004,59.779999
184.794998,278.109985,34.410004,59.779999
184.794998,278.109985,34.410004,59.779999
184.794998,278.109985,34.410004,59.779999
184.794998,278.109985,34.410004,59.779999
198.794998,281.109985,34.410004,59.779999
