1
200.479996,330.000000,54.440002,87.459991
200.479996,330.000000,54.440002,87.459991
200.479996,330.000000,54.440002,87.459991
200.479996,330.000000,54.440002,87.459991
200.479996,330.000000,54.440002,87.459991
200.479996,330.000000,54.440002,87.459991
200.479996,330.000000,54.440002,87.459991
200.479996,330.000000,54.440002,87.459991
200.479996,330.000000,54.440002,87.459991
186.779999,293.270020,54.440002,87.459991
186.779999,293.270020,54.440002,87.459991
186.779999,293.270020,54.440002,87.459991
186.779999,293.270020,54.440002,87.459991
186.779999,293.270020,54.440002,87.459991
186.779999,293.270020,54.440002,87.459991
186.779999,293.270020,54.440002,87.459991
186.779999,293.270020,54.440002,87.459991
186.779999,293.270020,54.440002,87.459991
186.779999,293.270020,54.440002,87.459991
186.779999,293.270020,54.440002,87.459991
164.779999,314.270020,54.440002,87.459991
164.779999,314.270020,54.440002,87.459991
164.779999,314.270020,54.440002,87.459991
164.779999,314.270020,54.440002,87.459991
164.779999,314.270020,54.440002,87.459991
164.779999,314.270020,54.440002,87.459991
164.779999,314.270020,54.440002,87.459991
164.779999,314.270020,54.440002,87.459991
164.779999,314.270020,54.440002,87.459991
164.779999,314.270020,54.440002,87.459991
164.779999,314.270020,54.440002,87.459991
164.779999,314.270020,54.440002,87.459991
164.779999,314.270020,54.440002,87.459991
164.779999,314.270020,54.440002,87.459991
164.779999,314.270020,54.440002,87.459991
164.779999,314.270020,54.440002,87.459991
164.779999,314.270020,54.440002,87.459991
164.779999,314.270020,54.440002,87.459991
164.779999,314.270020,54.440002,87.459991
164.779999,314.270020,54.440002,87.459991
164.779999,314.270020,54.440002,87.459991
164.779999,314.270020,54.440002,87.459991
164.779999,314.270020,54.440002,87.459991
164.779999,314.270020,54.440002,87.459991
164.779999,314.270020,54.440002,87.459991
164.779999,314.270020,54.440002,87.459991
164.779999,314.270020,54.440002,87.459991
164.779999,314.270020,54.440002,87.459991
164.779999,314.270020,54.440002,87.459991
164.779999,314.270020,54.440002,87.459991
2
0
0
0
0
1
222.880005,306.450012,36.229980,56.119995
222.880005,306.450012,36.229980,56.119995
222.880005,306.450012,36.229980,56.119995
222.880005,306.450012,36.229980,56.119995
222.880005,306.450012,36.229980,56.119995
222.880005,306.450012,36.229980,56.119995
222.880005,306.450012,36.229980,56.119995
222.880005,306.450012,36.229980,56.119995
222.880005,306.450012,36.229980,56.119995
222.880005,306.450012,36.229980,56.119995
222.880005,306.450012,36.229980,56.119995
222.880005,306.450012,36.229980,56.119995
222.880005,306.450012,36.229980,56.119995
222.880005,306.450012,36.229980,56.119995
222.880005,306.450012,36.229980,56.119995
222.880005,306.450012,36.229980,56.119995
222.880005,306.450012,36.229980,56.119995
222.880005,306.450012,36.229980,56.119995
222.880005,306.450012,36.229980,56.119995
222.880005,306.450012,36.229980,56.119995
222.880005,306.450012,36.229980,56.119995
222.880005,306.450012,36.229980,56.119995
222.880005,306.450012,36.229980,56.119995
222.880005,306.450012,36.229980,56.119995
222.880005,306.450012,36.229980,56.119995
222.880005,306.450012,36.229980,56.119995
222.880005,306.450012,36.229980,56.119995
222.880005,306.450012,36.229980,56.119995
222.880005,306.450012,36.229980,56.119995
222.880005,306.450012,36.229980,56.119995
222.880005,306.450012,36.229980,56.119995
222.880005,306.450012,36.229980,56.119995
222.880005,306.450012,36.229980,56.119995
222.880005,306.450012,36.229980,56.119995
222.880005,306.450012,36.229980,56.119995
222.880005,306.450012,36.229980,56.119995
222.880005,306.450012,36.229980,56.119995
222.880005,306.450012,36.229980,56.119995
222.880005,306.450012,36.229980,56.119995
222.880005,306.450012,36.229980,56.119995
222.880005,306.450012,36.229980,56.119995
222.880005,306.450012,36.229980,56.119995
222.880005,306.450012,36.229980,56.119995
2
0
0
0
0
1
261.820007,324.390015,27.359985,43.750000
261.820007,324.390015,27.359985,43.750000
261.820007,324.390015,27.359985,43.750000
261.820007,324.390015,27.359985,43.750000
261.820007,324.390015,27.359985,43.750000
261.820007,324.390015,27.359985,43.750000
261.820007,324.390015,27.359985,43.750000
261.820007,324.390015,27.359985,43.750000
261.320007,324.125000,27.359985,43.750000
261.320007,324.125000,27.359985,43.750000
261.320007,324.125000,27.359985,43.750000
261.320007,324.125000,27.359985,43.750000
261.320007,324.125000,27.359985,43.750000
261.320007,324.125000,27.359985,43.750000
261.320007,324.125000,27.359985,43.750000
261.320007,324.125000,27.359985,43.750000
261.320007,324.125000,27.359985,43.750000
261.320007,324.125000,27.359985,43.750000
261.320007,324.125000,27.359985,43.750000
261.320007,324.125000,27.359985,43.750000
261.320007,324.125000,27.359985,43.750000
261.320007,324.125000,27.359985,43.750000
261.320007,324.125000,27.359985,43.750000
261.320007,324.125000,27.359985,43.750000
261.320007,324.125000,27.359985,43.750000
287.320007,321.125000,27.359985,43.750000
287.320007,321.125000,27.359985,43.750000
287.320007,321.125000,27.359985,43.750000
287.320007,321.125000,27.359985,43.750000
287.320007,321.125000,27.359985,43.750000
287.320007,321.125000,27.359985,43.750000
274.320007,321.125000,27.359985,43.750000
274.320007,321.125000,27.359985,43.750000
274.320007,321.125000,27.359985,43.750000
252.320007,335.125000,27.359985,43.750000
258.320007,318.125000,27.359985,43.750000
258.320007,318.125000,27.359985,43.750000
2
0
0
0
0
1
265.700012,304.320007,26.239990,40.070007
265.700012,304.320007,26.239990,40.070007
265.700012,304.320007,26.239990,40.070007
256.880005,303.964996,26.239990,40.070007
256.880005,303.964996,26.239990,40.070007
256.880005,303.964996,26.239990,40.070007
256.880005,303.964996,26.239990,40.070007
256.880005,303.964996,26.239990,40.070007
256.880005,303.964996,26.239990,40.070007
245.880005,317.964996,26.239990,40.070007
245.880005,317.964996,26.239990,40.070007
245.880005,317.964996,26.239990,40.070007
245.880005,317.964996,26.239990,40.070007
245.880005,317.964996,26.239990,40.070007
245.880005,317.964996,26.239990,40.070007
245.880005,317.964996,26.239990,40.070007
245.880005,317.964996,26.239990,40.070007
245.880005,317.964996,26.239990,40.070007
245.880005,317.964996,26.239990,40.070007
245.880005,317.964996,26.239990,40.070007
245.880005,317.964996,26.239990,40.070007
245.880005,317.964996,26.239990,40.070007
245.880005,317.964996,26.239990,40.070007
245.880005,317.964996,26.239990,40.070007
245.880005,317.964996,26.239990,40.070007
245.880005,317.964996,26.239990,40.070007
245.880005,317.964996,26.239990,40.070007
245.880005,317.964996,26.239990,40.070007
245.880005,317.964996,26.239990,40.070007
248.880005,301.964996,26.239990,40.070007
248.880005,301.964996,26.239990,40.070007
248.880005,301.964996,26.239990,40.070007
248.880005,301.964996,26.239990,40.070007
248.880005,301.964996,26.239990,40.070007
248.880005,301.964996,26.239990,40.070007
248.880005,301.964996,26.239990,40.070007
248.880005,301.964996,26.239990,40.070007
248.880005,301.964996,26.239990,40.070007
248.880005,301.964996,26.239990,40.070007
232.880005,311.964996,26.239990,40.070007
232.880005,311.964996,26.239990,40.070007
245.880005,304.964996,26.239990,40.070007
231.880005,307.964996,26.239990,40.070007
231.880005,307.964996,26.239990,40.070007
231.880005,307.964996,26.239990,40.070007
231.880005,307.964996,26.239990,40.070007
231.880005,307.964996,26.239990,40.070007
251.880005,317.964996,26.239990,40.070007
251.880005,317.964996,26.239990,40.070007
243.880005,317.964996,26.239990,40.070007
243.880005,317.964996,26.239990,40.070007
243.880005,317.964996,26.239990,40.070007
243.880005,317.964996,26.239990,40.070007
243.880005,317.964996,26.239990,40.070007
243.880005,317.964996,26.239990,40.070007
233.880005,303.964996,26.239990,40.070007
233.880005,303.964996,26.239990,40.070007
233.880005,303.964996,26.239990,40.070007
233.880005,303.964996,26.239990,40.070007
233.880005,303.964996,26.239990,40.070007
233.880005,303.964996,26.239990,40.070007
233.880005,303.964996,26.239990,40.070007
233.880005,303.964996,26.239990,40.070007
233.880005,303.964996,26.239990,40.070007
233.880005,303.964996,26.239990,40.070007
233.880005,303.964996,26.239990,40.070007
233.880005,303.964996,26.239990,40.070007
233.880005,303.964996,26.239990,40.070007
233.880005,303.964996,26.239990,40.070007
233.880005,303.964996,26.239990,40.070007
233.880005,303.964996,26.239990,40.070007
233.880005,303.964996,26.239990,40.070007
233.880005,303.964996,26.239990,40.070007
233.880005,303.964996,26.239990,40.070007
233.880005,303.964996,26.239990,40.070007
233.880005,303.964996,26.239990,40.070007
233.880005,303.964996,26.239990,40.070007
233.880005,303.964996,26.239990,40.070007
233.880005,303.964996,26.239990,40.070007
233.880005,303.964996,26.239990,40.070007
233.880005,303.964996,26.239990,40.070007
233.880005,303.964996,26.239990,40.070007
233.880005,303.964996,26.239990,40.070007
233.880005,303.964996,26.239990,40.070007
233.880005,303.964996,26.239990,40.070007
233.880005,303.964996,26.239990,40.070007
233.880005,303.964996,26.239990,40.070007
241.880005,329.964996,26.239990,40.070007
241.880005,329.964996,26.239990,40.070007
241.880005,329.964996,26.239990,40.070007
241.880005,329.964996,26.239990,40.070007
241.880005,329.964996,26.239990,40.070007
241.880005,329.964996,26.239990,40.070007
241.880005,329.964996,26.239990,40.070007
241.880005,329.964996,26.239990,40.070007
241.880005,329.964996,26.239990,40.070007
241.880005,329.964996,26.239990,40.070007
241.880005,329.964996,26.239990,40.070007
241.880005,329.964996,26.239990,40.070007
241.880005,329.964996,26.239990,40.070007
241.880005,329.964996,26.239990,40.070007
241.880005,329.964996,26.239990,40.070007
241.880005,329.964996,26.239990,40.070007
241.880005,329.964996,26.239990,40.070007
241.880005,329.964996,26.239990,40.070007
241.880005,329.964996,26.239990,40.070007
241.880005,329.964996,26.239990,40.070007
241.880005,329.964996,26.239990,40.070007
241.880005,329.964996,26.239990,40.070007
241.880005,329.964996,26.239990,40.070007
241.880005,329.964996,26.239990,40.070007
2
0
0
0
0
1
225.779999,338.239990,24.380005,40.369995
225.779999,338.239990,24.380005,40.369995
225.779999,338.239990,24.380005,40.369995
225.779999,338.239990,24.380005,40.369995
225.779999,338.239990,24.380005,40.369995
225.779999,338.239990,24.380005,40.369995
225.779999,338.239990,24.380005,40.369995
225.779999,338.239990,24.380005,40.369995
224.809998,337.815002,24.380005,40.369995
224.809998,337.815002,24.380005,40.369995
224.809998,337.815002,24.380005,40.369995
224.809998,337.815002,24.380005,40.369995
224.809998,337.815002,24.380005,40.369995
224.809998,337.815002,24.380005,40.369995
224.809998,337.815002,24.380005,40.369995
224.809998,337.815002,24.380005,40.369995
224.809998,337.815002,24.380005,40.369995
224.809998,337.815002,24.380005,40.369995
224.809998,337.815002,24.380005,40.369995
224.809998,337.815002,24.380005,40.369995
224.809998,337.815002,24.380005,40.369995
224.809998,337.815002,24.380005,40.369995
224.809998,337.815002,24.380005,40.369995
224.809998,337.815002,24.380005,40.369995
224.809998,337.815002,24.380005,40.369995
224.809998,337.815002,24.380005,40.369995
224.809998,337.815002,24.380005,40.369995
224.809998,337.815002,24.380005,40.369995
224.809998,337.815002,24.380005,40.369995
224.809998,337.815002,24.380005,40.369995
224.809998,337.815002,24.380005,40.369995
224.809998,337.815002,24.380005,40.369995
224.809998,337.815002,24.380005,40.369995
224.809998,337.815002,24.380005,40.369995
224.809998,337.815002,24.380005,40.369995
224.809998,337.815002,24.380005,40.369995
224.809998,337.815002,24.380005,40.369995
224.809998,337.815002,24.380005,40.369995
224.809998,337.815002,24.380005,40.369995
224.809998,337.815002,24.380005,40.369995
224.809998,337.815002,24.380005,40.369995
224.809998,337.815002,24.380005,40.369995
224.809998,337.815002,24.380005,40.369995
224.809998,337.815002,24.380005,40.369995
224.809998,337.815002,24.380005,40.369995
224.809998,337.815002,24.380005,40.369995
224.809998,337.815002,24.380005,40.369995
224.809998,337.815002,24.380005,40.369995
224.809998,337.815002,24.380005,40.369995
224.809998,337.815002,24.380005,40.369995
224.809998,337.815002,24.380005,40.369995
224.809998,337.815002,24.380005,40.369995
224.809998,337.815002,24.380005,40.369995
224.809998,337.815002,24.380005,40.369995
224.809998,337.815002,24.380005,40.369995
224.809998,337.815002,24.380005,40.369995
224.809998,337.815002,24.380005,40.369995
224.809998,337.815002,24.380005,40.369995
224.809998,337.815002,24.380005,40.369995
224.809998,337.815002,24.380005,40.369995
224.809998,337.815002,24.380005,40.369995
224.809998,337.815002,24.380005,40.369995
224.809998,337.815002,24.380005,40.369995
224.809998,337.815002,24.380005,40.369995
224.809998,337.815002,24.380005,40.369995
224.809998,337.815002,24.380005,40.369995
224.809998,337.815002,24.380005,40.369995
224.809998,337.815002,24.380005,40.369995
224.809998,337.815002,24.380005,40.369995
224.809998,337.815002,24.380005,40.369995
224.809998,337.815002,24.380005,40.369995
224.809998,337.815002,24.380005,40.369995
224.809998,337.815002,24.380005,40.369995
224.809998,337.815002,24.380005,40.369995
2
0
0
0
0
1
196.979996,343.559998,25.840012,42.420013
196.979996,343.559998,25.840012,42.420013
196.979996,343.559998,25.840012,42.420013
196.979996,343.559998,25.840012,42.420013
196.979996,343.559998,25.840012,42.420013
196.979996,343.559998,25.840012,42.420013
196.979996,343.559998,25.840012,42.420013
196.979996,343.559998,25.840012,42.420013
196.979996,343.559998,25.840012,42.420013
196.979996,343.559998,25.840012,42.420013
196.979996,343.559998,25.840012,42.420013
196.979996,343.559998,25.840012,42.420013
196.979996,343.559998,25.840012,42.420013
196.979996,343.559998,25.840012,42.420013
196.979996,343.559998,25.840012,42.420013
196.979996,343.559998,25.840012,42.420013
196.979996,343.559998,25.840012,42.420013
196.979996,343.559998,25.840012,42.420013
196.979996,343.559998,25.840012,42.420013
196.979996,343.559998,25.840012,42.420013
196.979996,343.559998,25.840012,42.420013
196.979996,343.559998,25.840012,42.420013
196.979996,343.559998,25.840012,42.420013
196.979996,343.559998,25.840012,42.420013
196.979996,343.559998,25.840012,42.420013
196.979996,343.559998,25.840012,42.420013
196.979996,343.559998,25.840012,42.420013
196.979996,343.559998,25.840012,42.420013
196.979996,343.559998,25.840012,42.420013
196.979996,343.559998,25.840012,42.420013
196.979996,343.559998,25.840012,42.420013
196.979996,343.559998,25.840012,42.420013
196.979996,343.559998,25.840012,42.420013
196.979996,343.559998,25.840012,42.420013
196.979996,343.559998,25.840012,42.420013
196.979996,343.559998,25.840012,42.420013
196.979996,343.559998,25.840012,42.420013
196.979996,343.559998,25.840012,42.420013
196.979996,343.559998,25.840012,42.420013
196.979996,343.559998,25.840012,42.420013
196.079987,342.790009,25.840012,42.420013
196.079987,342.790009,25.840012,42.420013
196.079987,342.790009,25.840012,42.420013
196.079987,342.790009,25.840012,42.420013
196.079987,342.790009,25.840012,42.420013
196.079987,342.790009,25.840012,42.420013
196.079987,342.790009,25.840012,42.420013
196.079987,342.790009,25.840012,42.420013
196.079987,342.790009,25.840012,42.420013
196.079987,342.790009,25.840012,42.420013
196.079987,342.790009,25.840012,42.420013
196.079987,342.790009,25.840012,42.420013
196.079987,342.790009,25.840012,42.420013
196.079987,342.790009,25.840012,42.420013
196.079987,342.790009,25.840012,42.420013
196.079987,342.790009,25.840012,42.420013
196.079987,342.790009,25.840012,42.420013
196.079987,342.790009,25.840012,42.420013
196.079987,342.790009,25.840012,42.420013
196.079987,342.790009,25.840012,42.420013
196.079987,342.790009,25.840012,42.420013
196.079987,342.790009,25.840012,42.420013
196.079987,342.790009,25.840012,42.420013
196.079987,342.790009,25.840012,42.420013
196.079987,342.790009,25.840012,42.420013
196.079987,342.790009,25.840012,42.420013
196.079987,342.790009,25.840012,42.420013
196.079987,342.790009,25.840012,42.420013
196.079987,342.790009,25.840012,42.420013
196.079987,342.790009,25.840012,42.420013
196.079987,342.790009,25.840012,42.420013
196.079987,342.790009,25.840012,42.420013
196.079987,342.790009,25.840012,42.420013
196.079987,342.790009,25.840012,42.420013
196.079987,342.790009,25.840012,42.420013
196.079987,342.790009,25.840012,42.420013
196.079987,342.790009,25.840012,42.420013
196.079987,342.790009,25.840012,42.420013
2
0
0
0
0
1
153.229996,348.500000,33.279999,57.649994
153.229996,348.500000,33.279999,57.649994
153.229996,348.500000,33.279999,57.649994
153.229996,348.500000,33.279999,57.649994
153.229996,348.500000,33.279999,57.649994
153.229996,348.500000,33.279999,57.649994
153.229996,348.500000,33.279999,57.649994
153.229996,348.500000,33.279999,57.649994
153.229996,348.500000,33.279999,57.649994
153.229996,348.500000,33.279999,57.649994
153.229996,348.500000,33.279999,57.649994
153.229996,348.500000,33.279999,57.649994
153.229996,348.500000,33.279999,57.649994
153.229996,348.500000,33.279999,57.649994
153.229996,348.500000,33.279999,57.649994
153.229996,348.500000,33.279999,57.649994
153.229996,348.500000,33.279999,57.649994
153.229996,348.500000,33.279999,57.649994
153.229996,348.500000,33.279999,57.649994
153.229996,348.500000,33.279999,57.649994
153.229996,348.500000,33.279999,57.649994
153.229996,348.500000,33.279999,57.649994
153.229996,348.500000,33.279999,57.649994
153.229996,348.500000,33.279999,57.649994
152.360001,348.174988,33.279999,57.649994
152.360001,348.174988,33.279999,57.649994
152.360001,348.174988,33.279999,57.649994
152.360001,348.174988,33.279999,57.649994
152.360001,348.174988,33.279999,57.649994
152.360001,348.174988,33.279999,57.649994
152.360001,348.174988,33.279999,57.649994
152.360001,348.174988,33.279999,57.649994
152.360001,348.174988,33.279999,57.649994
152.360001,348.174988,33.279999,57.649994
152.360001,348.174988,33.279999,57.649994
152.360001,348.174988,33.279999,57.649994
152.360001,348.174988,33.279999,57.649994
152.360001,348.174988,33.279999,57.649994
152.360001,348.174988,33.279999,57.649994
152.360001,348.174988,33.279999,57.649994
152.360001,348.174988,33.279999,57.649994
152.360001,348.174988,33.279999,57.649994
152.360001,348.174988,33.279999,57.649994
152.360001,348.174988,33.279999,57.649994
152.360001,348.174988,33.279999,57.649994
152.360001,348.174988,33.279999,57.649994
152.360001,348.174988,33.279999,57.649994
152.360001,348.174988,33.279999,57.649994
152.360001,348.174988,33.279999,57.649994
152.360001,348.174988,33.279999,57.649994
152.360001,348.174988,33.279999,57.649994
152.360001,348.174988,33.279999,57.649994
152.360001,348.174988,33.279999,57.649994
152.360001,348.174988,33.279999,57.649994
152.360001,348.174988,33.279999,57.649994
152.360001,348.174988,33.279999,57.649994
152.360001,348.174988,33.279999,57.649994
152.360001,348.174988,33.279999,57.649994
152.360001,348.174988,33.279999,57.649994
152.360001,348.174988,33.279999,57.649994
152.360001,348.174988,33.279999,57.649994
152.360001,348.174988,33.279999,57.649994
152.360001,348.174988,33.279999,57.649994
152.360001,348.174988,33.279999,57.649994
152.360001,348.174988,33.279999,57.649994
152.360001,348.174988,33.279999,57.649994
152.360001,348.174988,33.279999,57.649994
152.360001,348.174988,33.279999,57.649994
152.360001,348.174988,33.279999,57.649994
152.360001,348.174988,33.279999,57.649994
152.360001,348.174988,33.279999,57.649994
152.360001,348.174988,33.279999,57.649994
152.360001,348.174988,33.279999,57.649994
152.360001,348.174988,33.279999,57.649994
152.360001,348.174988,33.279999,57.649994
152.360001,348.174988,33.279999,57.649994
152.360001,348.174988,33.279999,57.649994
152.360001,348.174988,33.279999,57.649994
152.360001,348.174988,33.279999,57.649994
152.360001,348.174988,33.279999,57.649994
152.360001,348.174988,33.279999,57.649994
152.360001,348.174988,33.279999,57.649994
152.360001,348.174988,33.279999,57.649994
152.360001,348.174988,33.279999,57.649994
152.360001,348.174988,33.279999,57.649994
152.360001,348.174988,33.279999,57.649994
152.360001,348.174988,33.279999,57.649994
152.360001,348.174988,33.279999,57.649994
152.360001,348.174988,33.279999,57.649994
152.360001,348.174988,33.279999,57.649994
152.360001,348.174988,33.279999,57.649994
152.360001,348.174988,33.279999,57.649994
152.360001,348.174988,33.279999,57.649994
152.360001,348.174988,33.279999,57.649994
152.360001,348.174988,33.279999,57.649994
152.360001,348.174988,33.279999,57.649994
152.360001,348.174988,33.279999,57.649994
152.360001,348.174988,33.279999,57.649994
152.360001,348.174988,33.279999,57.649994
152.360001,348.174988,33.279999,57.649994
152.360001,348.174988,33.279999,57.649994
152.360001,348.174988,33.279999,57.649994
152.360001,348.174988,33.279999,57.649994
152.360001,348.174988,33.279999,57.649994
152.360001,348.174988,33.279999,57.649994
152.360001,348.174988,33.279999,57.649994
152.360001,348.174988,33.279999,57.649994
152.360001,348.174988,33.279999,57.649994
152.360001,348.174988,33.279999,57.649994
152.360001,348.174988,33.279999,57.649994
152.360001,348.174988,33.279999,57.649994
2
0
0
0
0
1
196.720001,320.839996,24.839996,42.920013
183.580002,328.540009,24.839996,42.920013
183.580002,328.540009,24.839996,42.920013
183.580002,328.540009,24.839996,42.920013
183.580002,328.540009,24.839996,42.920013
183.580002,328.540009,24.839996,42.920013
183.580002,328.540009,24.839996,42.920013
183.580002,328.540009,24.839996,42.920013
183.580002,328.540009,24.839996,42.920013
183.580002,328.540009,24.839996,42.920013
183.580002,328.540009,24.839996,42.920013
183.580002,328.540009,24.839996,42.920013
183.580002,328.540009,24.839996,42.920013
183.580002,328.540009,24.839996,42.920013
183.580002,328.540009,24.839996,42.920013
180.580002,341.540009,24.839996,42.920013
180.580002,341.540009,24.839996,42.920013
180.580002,341.540009,24.839996,42.920013
180.580002,341.540009,24.839996,42.920013
180.580002,341.540009,24.839996,42.920013
180.580002,341.540009,24.839996,42.920013
187.580002,316.540009,24.839996,42.920013
187.580002,316.540009,24.839996,42.920013
187.580002,316.540009,24.839996,42.920013
187.580002,316.540009,24.839996,42.920013
187.580002,316.540009,24.839996,42.920013
187.580002,316.540009,24.839996,42.920013
201.580002,328.540009,24.839996,42.920013
201.580002,328.540009,24.839996,42.920013
201.580002,328.540009,24.839996,42.920013
201.580002,328.540009,24.839996,42.920013
201.580002,328.540009,24.839996,42.920013
201.580002,328.540009,24.839996,42.920013
201.580002,328.540009,24.839996,42.920013
193.580002,344.540009,24.839996,42.920013
193.580002,344.540009,24.839996,42.920013
193.580002,344.540009,24.839996,42.920013
193.580002,344.540009,24.839996,42.920013
183.580002,356.540009,24.839996,42.920013
183.580002,356.540009,24.839996,42.920013
183.580002,356.540009,24.839996,42.920013
183.580002,356.540009,24.839996,42.920013
183.580002,356.540009,24.839996,42.920013
183.580002,356.540009,24.839996,42.920013
183.580002,336.540009,24.839996,42.920013
183.580002,336.540009,24.839996,42.920013
183.580002,336.540009,24.839996,42.920013
183.580002,336.540009,24.839996,42.920013
183.580002,336.540009,24.839996,42.920013
170.580002,334.540009,24.839996,42.920013
170.580002,334.540009,24.839996,42.920013
170.580002,334.540009,24.839996,42.920013
170.580002,334.540009,24.839996,42.920013
170.580002,334.540009,24.839996,42.920013
170.580002,334.540009,24.839996,42.920013
170.580002,334.540009,24.839996,42.920013
170.580002,334.540009,24.839996,42.920013
154.580002,355.540009,24.839996,42.920013
154.580002,355.540009,24.839996,42.920013
154.580002,355.540009,24.839996,42.920013
154.580002,355.540009,24.839996,42.920013
154.580002,355.540009,24.839996,42.920013
2
0
0
0
0
1
173.130005,331.799988,29.299988,51.320007
167.350006,315.339996,29.299988,51.320007
157.350006,339.339996,29.299988,51.320007
157.350006,339.339996,29.299988,51.320007
2
0
0
0
0
1
170.259995,344.170013,31.210007,54.539978
170.259995,344.170013,31.210007,54.539978
170.259995,344.170013,31.210007,54.539978
170.259995,344.170013,31.210007,54.539978
170.259995,344.170013,31.210007,54.539978
170.259995,344.170013,31.210007,54.539978
170.259995,344.170013,31.210007,54.539978
170.259995,344.170013,31.210007,54.539978
170.259995,344.170013,31.210007,54.539978
170.259995,344.170013,31.210007,54.539978
170.259995,344.170013,31.210007,54.539978
170.259995,344.170013,31.210007,54.539978
170.259995,344.170013,31.210007,54.539978
170.259995,344.170013,31.210007,54.539978
170.259995,344.170013,31.210007,54.539978
170.259995,344.170013,31.210007,54.539978
170.259995,344.170013,31.210007,54.539978
170.259995,344.170013,31.210007,54.539978
170.259995,344.170013,31.210007,54.539978
170.259995,344.170013,31.210007,54.539978
170.259995,344.170013,31.210007,54.539978
170.259995,344.170013,31.210007,54.539978
170.259995,344.170013,31.210007,54.539978
170.259995,344.170013,31.210007,54.539978
170.259995,344.170013,31.210007,54.539978
170.259995,344.170013,31.210007,54.539978
170.259995,344.170013,31.210007,54.539978
170.259995,344.170013,31.210007,54.539978
170.259995,344.170013,31.210007,54.539978
170.259995,344.170013,31.210007,54.539978
170.259995,344.170013,31.210007,54.539978
2
0
0
0
0
1
199.240005,327.429993,34.409988,55.580017
199.240005,327.429993,34.409988,55.580017
199.240005,327.429993,34.409988,55.580017
199.240005,327.429993,34.409988,55.580017
199.240005,327.429993,34.409988,55.580017
199.240005,327.429993,34.409988,55.580017
199.240005,327.429993,34.409988,55.580017
199.240005,327.429993,34.409988,55.580017
199.240005,327.429993,34.409988,55.580017
215.795013,347.209991,34.409988,55.580017
215.795013,347.209991,34.409988,55.580017
215.795013,347.209991,34.409988,55.580017
2
0
0
0
0
1
211.039993,330.339996,34.420013,59.779999
211.039993,330.339996,34.420013,59.779999
211.039993,330.339996,34.420013,59.779999
211.039993,330.339996,34.420013,59.779999
211.039993,330.339996,34.420013,59.779999
211.039993,330.339996,34.420013,59.779999
211.039993,330.339996,34.420013,59.779999
211.039993,330.339996,34.420013,59.779999
211.039993,330.339996,34.420013,59.779999
211.039993,330.339996,34.420013,59.779999
211.039993,330.339996,34.420013,59.779999
211.039993,330.339996,34.420013,59.779999
211.039993,330.339996,34.420013,59.779999
211.039993,330.339996,34.420013,59.779999
211.039993,330.339996,34.420013,59.779999
211.039993,330.339996,34.420013,59.779999
210.789993,330.109985,34.420013,59.779999
210.789993,330.109985,34.420013,59.779999
210.789993,330.109985,34.420013,59.779999
199.789993,332.109985,34.420013,59.779999
199.789993,332.109985,34.420013,59.779999
199.789993,332.109985,34.420013,59.779999
199.789993,332.109985,34.420013,59.779999
199.789993,332.109985,34.420013,59.779999
199.789993,332.109985,34.420013,59.779999
199.789993,332.109985,34.420013,59.779999
186.789993,331.109985,34.420013,59.779999
186.789993,331.109985,34.420013,59.779999
186.789993,331.109985,34.420013,59.779999
194.789993,312.109985,34.420013,59.779999
194.789993,312.109985,34.420013,59.779999
194.789993,312.109985,34.420013,59.779999
194.789993,312.109985,34.420013,59.779999
194.789993,312.109985,34.420013,59.779999
194.789993,312.109985,34.420013,59.779999
199.789993,289.109985,34.420013,59.779999
199.789993,289.109985,34.420013,59.779999
199.789993,289.109985,34.420013,59.779999
199.789993,289.109985,34.420013,59.779999
199.789993,289.109985,34.420013,59.779999
199.789993,289.109985,34.420013,59.779999
199.789993,289.109985,34.420013,59.779999
183.789993,310.109985,34.420013,59.779999
194.789993,287.109985,34.420013,59.779999
194.789993,287.109985,34.420013,59.779999
194.789993,287.109985,34.420013,59.779999
194.789993,287.109985,34.420013,59.779999
194.789993,287.109985,34.420013,59.779999
194.789993,287.109985,34.420013,59.779999
194.789993,287.109985,34.420013,59.779999
194.789993,287.109985,34.420013,59.779999
