1
200.479996,330.000000,54.440002,87.459991
200.479996,330.000000,54.440002,87.459991
200.479996,330.000000,54.440002,87.459991
200.479996,330.000000,54.440002,87.459991
200.479996,330.000000,54.440002,87.459991
200.479996,330.000000,54.440002,87.459991
200.479996,330.000000,54.440002,87.459991
200.479996,330.000000,54.440002,87.459991
200.479996,330.000000,54.440002,87.459991
170.779999,288.270020,54.440002,87.459991
170.779999,288.270020,54.440002,87.459991
170.779999,288.270020,54.440002,87.459991
170.779999,288.270020,54.440002,87.459991
170.779999,288.270020,54.440002,87.459991
170.779999,288.270020,54.440002,87.459991
170.779999,288.270020,54.440002,87.459991
170.779999,288.270020,54.440002,87.459991
170.779999,288.270020,54.440002,87.459991
170.779999,288.270020,54.440002,87.459991
170.779999,288.270020,54.440002,87.459991
170.779999,288.270020,54.440002,87.459991
170.779999,288.270020,54.440002,87.459991
170.779999,288.270020,54.440002,87.459991
170.779999,288.270020,54.440002,87.459991
170.779999,288.270020,54.440002,87.459991
170.779999,288.270020,54.440002,87.459991
170.779999,288.270020,54.440002,87.459991
170.779999,288.270020,54.440002,87.459991
170.779999,288.270020,54.440002,87.459991
155.779999,308.270020,54.440002,87.459991
155.779999,308.270020,54.440002,87.459991
155.779999,308.270020,54.440002,87.459991
155.779999,308.270020,54.440002,87.459991
155.779999,308.270020,54.440002,87.459991
155.779999,308.270020,54.440002,87.459991
155.779999,308.270020,54.440002,87.459991
155.779999,308.270020,54.440002,87.459991
155.779999,308.270020,54.440002,87.459991
155.779999,308.270020,54.440002,87.459991
155.779999,308.270020,54.440002,87.459991
155.779999,308.270020,54.440002,87.459991
155.779999,308.270020,54.440002,87.459991
155.779999,308.270020,54.440002,87.459991
2
0
0
0
0
1
217.809998,313.269989,37.160004,58.339996
217.809998,313.269989,37.160004,58.339996
217.809998,313.269989,37.160004,58.339996
217.809998,313.269989,37.160004,58.339996
217.809998,313.269989,37.160004,58.339996
217.809998,313.269989,37.160004,58.339996
217.809998,313.269989,37.160004,58.339996
217.809998,313.269989,37.160004,58.339996
217.809998,313.269989,37.160004,58.339996
217.809998,313.269989,37.160004,58.339996
217.809998,313.269989,37.160004,58.339996
217.809998,313.269989,37.160004,58.339996
217.809998,313.269989,37.160004,58.339996
217.809998,313.269989,37.160004,58.339996
217.809998,313.269989,37.160004,58.339996
217.809998,313.269989,37.160004,58.339996
217.809998,313.269989,37.160004,58.339996
217.809998,313.269989,37.160004,58.339996
217.809998,313.269989,37.160004,58.339996
217.809998,313.269989,37.160004,58.339996
217.809998,313.269989,37.160004,58.339996
217.809998,313.269989,37.160004,58.339996
217.809998,313.269989,37.160004,58.339996
217.809998,313.269989,37.160004,58.339996
217.419998,312.830017,37.160004,58.339996
217.419998,312.830017,37.160004,58.339996
217.419998,312.830017,37.160004,58.339996
217.419998,312.830017,37.160004,58.339996
217.419998,312.830017,37.160004,58.339996
217.419998,312.830017,37.160004,58.339996
217.419998,312.830017,37.160004,58.339996
217.419998,312.830017,37.160004,58.339996
217.419998,312.830017,37.160004,58.339996
217.419998,312.830017,37.160004,58.339996
217.419998,312.830017,37.160004,58.339996
217.419998,312.830017,37.160004,58.339996
217.419998,312.830017,37.160004,58.339996
217.419998,312.830017,37.160004,58.339996
217.419998,312.830017,37.160004,58.339996
217.419998,312.830017,37.160004,58.339996
217.419998,312.830017,37.160004,58.339996
217.419998,312.830017,37.160004,58.339996
217.419998,312.830017,37.160004,58.339996
217.419998,312.830017,37.160004,58.339996
217.419998,312.830017,37.160004,58.339996
217.419998,312.830017,37.160004,58.339996
217.419998,312.830017,37.160004,58.339996
2
0
0
0
0
1
260.230011,325.200012,27.359985,43.750000
260.230011,325.200012,27.359985,43.750000
260.230011,325.200012,27.359985,43.750000
260.230011,325.200012,27.359985,43.750000
260.230011,325.200012,27.359985,43.750000
260.230011,325.200012,27.359985,43.750000
260.230011,325.200012,27.359985,43.750000
260.230011,325.200012,27.359985,43.750000
260.230011,325.200012,27.359985,43.750000
260.230011,325.200012,27.359985,43.750000
260.230011,325.200012,27.359985,43.750000
260.230011,325.200012,27.359985,43.750000
260.230011,325.200012,27.359985,43.750000
260.230011,325.200012,27.359985,43.750000
260.230011,325.200012,27.359985,43.750000
260.230011,325.200012,27.359985,43.750000
260.230011,325.200012,27.359985,43.750000
260.230011,325.200012,27.359985,43.750000
260.230011,325.200012,27.359985,43.750000
260.230011,325.200012,27.359985,43.750000
260.230011,325.200012,27.359985,43.750000
260.230011,325.200012,27.359985,43.750000
260.230011,325.200012,27.359985,43.750000
270.320007,309.125000,27.359985,43.750000
282.320007,309.125000,27.359985,43.750000
282.320007,309.125000,27.359985,43.750000
282.320007,309.125000,27.359985,43.750000
270.320007,298.125000,27.359985,43.750000
270.320007,298.125000,27.359985,43.750000
270.320007,298.125000,27.359985,43.750000
270.320007,298.125000,27.359985,43.750000
270.320007,298.125000,27.359985,43.750000
270.320007,298.125000,27.359985,43.750000
270.320007,298.125000,27.359985,43.750000
270.320007,298.125000,27.359985,43.750000
270.320007,298.125000,27.359985,43.750000
270.320007,298.125000,27.359985,43.750000
270.320007,298.125000,27.359985,43.750000
270.320007,298.125000,27.359985,43.750000
270.320007,298.125000,27.359985,43.750000
270.320007,298.125000,27.359985,43.750000
281.320007,330.125000,27.359985,43.750000
281.320007,330.125000,27.359985,43.750000
281.320007,330.125000,27.359985,43.750000
281.320007,330.125000,27.359985,43.750000
281.320007,330.125000,27.359985,43.750000
281.320007,330.125000,27.359985,43.750000
264.320007,304.125000,27.359985,43.750000
264.320007,304.125000,27.359985,43.750000
264.320007,304.125000,27.359985,43.750000
264.320007,304.125000,27.359985,43.750000
264.320007,304.125000,27.359985,43.750000
264.320007,304.125000,27.359985,43.750000
264.320007,304.125000,27.359985,43.750000
264.320007,304.125000,27.359985,43.750000
264.320007,304.125000,27.359985,43.750000
264.320007,304.125000,27.359985,43.750000
250.320007,316.125000,27.359985,43.750000
250.320007,316.125000,27.359985,43.750000
250.320007,316.125000,27.359985,43.750000
250.320007,316.125000,27.359985,43.750000
250.320007,316.125000,27.359985,43.750000
250.320007,316.125000,27.359985,43.750000
250.320007,316.125000,27.359985,43.750000
250.320007,316.125000,27.359985,43.750000
250.320007,316.125000,27.359985,43.750000
250.320007,316.125000,27.359985,43.750000
250.320007,316.125000,27.359985,43.750000
250.320007,316.125000,27.359985,43.750000
250.320007,316.125000,27.359985,43.750000
250.320007,316.125000,27.359985,43.750000
250.320007,316.125000,27.359985,43.750000
250.320007,316.125000,27.359985,43.750000
236.320007,301.125000,27.359985,43.750000
236.320007,301.125000,27.359985,43.750000
236.320007,301.125000,27.359985,43.750000
252.320007,298.125000,27.359985,43.750000
252.320007,298.125000,27.359985,43.750000
252.320007,298.125000,27.359985,43.750000
252.320007,298.125000,27.359985,43.750000
252.320007,298.125000,27.359985,43.750000
252.320007,298.125000,27.359985,43.750000
252.320007,298.125000,27.359985,43.750000
252.320007,298.125000,27.359985,43.750000
252.320007,298.125000,27.359985,43.750000
252.320007,298.125000,27.359985,43.750000
252.320007,298.125000,27.359985,43.750000
252.320007,298.125000,27.359985,43.750000
252.320007,298.125000,27.359985,43.750000
252.320007,298.125000,27.359985,43.750000
252.320007,298.125000,27.359985,43.750000
252.320007,298.125000,27.359985,43.750000
252.320007,298.125000,27.359985,43.750000
252.320007,298.125000,27.359985,43.750000
252.320007,298.125000,27.359985,43.750000
252.320007,298.125000,27.359985,43.750000
244.320007,315.125000,27.359985,43.750000
244.320007,315.125000,27.359985,43.750000
244.320007,315.125000,27.359985,43.750000
244.320007,315.125000,27.359985,43.750000
244.320007,315.125000,27.359985,43.750000
233.320007,299.125000,27.359985,43.750000
233.320007,299.125000,27.359985,43.750000
233.320007,299.125000,27.359985,43.750000
233.320007,299.125000,27.359985,43.750000
229.320007,316.125000,27.359985,43.750000
229.320007,316.125000,27.359985,43.750000
229.320007,316.125000,27.359985,43.750000
229.320007,316.125000,27.359985,43.750000
229.320007,316.125000,27.359985,43.750000
229.320007,316.125000,27.359985,43.750000
229.320007,316.125000,27.359985,43.750000
229.320007,316.125000,27.359985,43.750000
229.320007,316.125000,27.359985,43.750000
229.320007,316.125000,27.359985,43.750000
229.320007,316.125000,27.359985,43.750000
229.320007,316.125000,27.359985,43.750000
229.320007,316.125000,27.359985,43.750000
229.320007,316.125000,27.359985,43.750000
229.320007,316.125000,27.359985,43.750000
231.320007,340.125000,27.359985,43.750000
231.320007,340.125000,27.359985,43.750000
231.320007,340.125000,27.359985,43.750000
231.320007,340.125000,27.359985,43.750000
231.320007,340.125000,27.359985,43.750000
231.320007,340.125000,27.359985,43.750000
238.320007,309.125000,27.359985,43.750000
238.320007,309.125000,27.359985,43.750000
238.320007,309.125000,27.359985,43.750000
238.320007,309.125000,27.359985,43.750000
238.320007,309.125000,27.359985,43.750000
238.320007,309.125000,27.359985,43.750000
238.320007,309.125000,27.359985,43.750000
238.320007,309.125000,27.359985,43.750000
238.320007,309.125000,27.359985,43.750000
238.320007,309.125000,27.359985,43.750000
238.320007,309.125000,27.359985,43.750000
238.320007,309.125000,27.359985,43.750000
238.320007,309.125000,27.359985,43.750000
238.320007,309.125000,27.359985,43.750000
215.000000,353.000000,28.000000,44.000000
215.000000,353.000000,28.000000,44.000000
215.000000,353.000000,28.000000,44.000000
215.000000,353.000000,28.000000,44.000000
215.000000,353.000000,28.000000,44.000000
215.000000,353.000000,28.000000,44.000000
215.000000,353.000000,28.000000,44.000000
215.000000,353.000000,28.000000,44.000000
215.000000,353.000000,28.000000,44.000000
215.000000,353.000000,28.000000,44.000000
215.000000,353.000000,28.000000,44.000000
215.000000,353.000000,28.000000,44.000000
215.000000,353.000000,28.000000,44.000000
215.000000,353.000000,28.000000,44.000000
215.000000,353.000000,28.000000,44.000000
215.000000,353.000000,28.000000,44.000000
215.000000,353.000000,28.000000,44.000000
215.000000,353.000000,28.000000,44.000000
215.000000,353.000000,28.000000,44.000000
215.000000,353.000000,28.000000,44.000000
215.000000,353.000000,28.000000,44.000000
215.000000,353.000000,28.000000,44.000000
215.000000,353.000000,28.000000,44.000000
215.000000,353.000000,28.000000,44.000000
215.000000,353.000000,28.000000,44.000000
215.000000,353.000000,28.000000,44.000000
215.000000,353.000000,28.000000,44.000000
215.000000,353.000000,28.000000,44.000000
215.000000,353.000000,28.000000,44.000000
215.000000,353.000000,28.000000,44.000000
215.000000,353.000000,28.000000,44.000000
215.000000,353.000000,28.000000,44.000000
215.000000,353.000000,28.000000,44.000000
215.000000,353.000000,28.000000,44.000000
215.000000,353.000000,28.000000,44.000000
215.000000,353.000000,28.000000,44.000000
215.000000,353.000000,28.000000,44.000000
215.000000,353.000000,28.000000,44.000000
215.000000,353.000000,28.000000,44.000000
215.000000,353.000000,28.000000,44.000000
215.000000,353.000000,28.000000,44.000000
215.000000,353.000000,28.000000,44.000000
215.000000,353.000000,28.000000,44.000000
215.000000,353.000000,28.000000,44.000000
215.000000,353.000000,28.000000,44.000000
215.000000,353.000000,28.000000,44.000000
215.000000,353.000000,28.000000,44.000000
215.000000,353.000000,28.000000,44.000000
215.000000,353.000000,28.000000,44.000000
215.000000,353.000000,28.000000,44.000000
215.000000,353.000000,28.000000,44.000000
215.000000,353.000000,28.000000,44.000000
215.000000,353.000000,28.000000,44.000000
215.000000,353.000000,28.000000,44.000000
215.000000,353.000000,28.000000,44.000000
215.000000,353.000000,28.000000,44.000000
215.000000,353.000000,28.000000,44.000000
215.000000,353.000000,28.000000,44.000000
215.000000,353.000000,28.000000,44.000000
215.000000,353.000000,28.000000,44.000000
215.000000,353.000000,28.000000,44.000000
215.000000,353.000000,28.000000,44.000000
215.000000,353.000000,28.000000,44.000000
215.000000,353.000000,28.000000,44.000000
215.000000,353.000000,28.000000,44.000000
215.000000,353.000000,28.000000,44.000000
215.000000,353.000000,28.000000,44.000000
215.000000,353.000000,28.000000,44.000000
215.000000,353.000000,28.000000,44.000000
215.000000,353.000000,28.000000,44.000000
215.000000,353.000000,28.000000,44.000000
215.000000,353.000000,28.000000,44.000000
215.000000,353.000000,28.000000,44.000000
215.000000,353.000000,28.000000,44.000000
215.000000,353.000000,28.000000,44.000000
215.000000,353.000000,28.000000,44.000000
215.000000,353.000000,28.000000,44.000000
215.000000,353.000000,28.000000,44.000000
215.000000,353.000000,28.000000,44.000000
215.000000,353.000000,28.000000,44.000000
215.000000,353.000000,28.000000,44.000000
215.000000,353.000000,28.000000,44.000000
215.000000,353.000000,28.000000,44.000000
215.000000,353.000000,28.000000,44.000000
215.000000,353.000000,28.000000,44.000000
215.000000,353.000000,28.000000,44.000000
215.000000,353.000000,28.000000,44.000000
215.000000,353.000000,28.000000,44.000000
215.000000,353.000000,28.000000,44.000000
215.000000,353.000000,28.000000,44.000000
215.000000,353.000000,28.000000,44.000000
215.000000,353.000000,28.000000,44.000000
215.000000,353.000000,28.000000,44.000000
215.000000,353.000000,28.000000,44.000000
215.000000,353.000000,28.000000,44.000000
215.000000,353.000000,28.000000,44.000000
215.000000,353.000000,28.000000,44.000000
215.000000,353.000000,28.000000,44.000000
215.000000,353.000000,28.000000,44.000000
215.000000,353.000000,28.000000,44.000000
215.000000,353.000000,28.000000,44.000000
215.000000,353.000000,28.000000,44.000000
215.000000,353.000000,28.000000,44.000000
215.000000,353.000000,28.000000,44.000000
215.000000,353.000000,28.000000,44.000000
215.000000,353.000000,28.000000,44.000000
215.000000,353.000000,28.000000,44.000000
215.000000,353.000000,28.000000,44.000000
215.000000,353.000000,28.000000,44.000000
215.000000,353.000000,28.000000,44.000000
215.000000,353.000000,28.000000,44.000000
215.000000,353.000000,28.000000,44.000000
215.000000,353.000000,28.000000,44.000000
215.000000,353.000000,28.000000,44.000000
215.000000,353.000000,28.000000,44.000000
215.000000,353.000000,28.000000,44.000000
215.000000,353.000000,28.000000,44.000000
215.000000,353.000000,28.000000,44.000000
215.000000,353.000000,28.000000,44.000000
215.000000,353.000000,28.000000,44.000000
215.000000,353.000000,28.000000,44.000000
215.000000,353.000000,28.000000,44.000000
215.000000,353.000000,28.000000,44.000000
215.000000,353.000000,28.000000,44.000000
215.000000,353.000000,28.000000,44.000000
215.000000,353.000000,28.000000,44.000000
215.000000,353.000000,28.000000,44.000000
215.000000,353.000000,28.000000,44.000000
215.000000,353.000000,28.000000,44.000000
215.000000,353.000000,28.000000,44.000000
215.000000,353.000000,28.000000,44.000000
215.000000,353.000000,28.000000,44.000000
215.000000,353.000000,28.000000,44.000000
215.000000,353.000000,28.000000,44.000000
215.000000,353.000000,28.000000,44.000000
215.000000,353.000000,28.000000,44.000000
215.000000,353.000000,28.000000,44.000000
215.000000,353.000000,28.000000,44.000000
215.000000,353.000000,28.000000,44.000000
215.000000,353.000000,28.000000,44.000000
215.000000,353.000000,28.000000,44.000000
215.000000,353.000000,28.000000,44.000000
215.000000,353.000000,28.000000,44.000000
215.000000,353.000000,28.000000,44.000000
215.000000,353.000000,28.000000,44.000000
215.000000,353.000000,28.000000,44.000000
215.000000,353.000000,28.000000,44.000000
215.000000,353.000000,28.000000,44.000000
215.000000,353.000000,28.000000,44.000000
215.000000,353.000000,28.000000,44.000000
215.000000,353.000000,28.000000,44.000000
215.000000,353.000000,28.000000,44.000000
215.000000,353.000000,28.000000,44.000000
215.000000,353.000000,28.000000,44.000000
215.000000,353.000000,28.000000,44.000000
215.000000,353.000000,28.000000,44.000000
215.000000,353.000000,28.000000,44.000000
215.000000,353.000000,28.000000,44.000000
215.000000,353.000000,28.000000,44.000000
215.000000,353.000000,28.000000,44.000000
215.000000,353.000000,28.000000,44.000000
215.000000,353.000000,28.000000,44.000000
215.000000,353.000000,28.000000,44.000000
215.000000,353.000000,28.000000,44.000000
215.000000,353.000000,28.000000,44.000000
215.000000,353.000000,28.000000,44.000000
215.000000,353.000000,28.000000,44.000000
215.000000,353.000000,28.000000,44.000000
215.000000,353.000000,28.000000,44.000000
215.000000,353.000000,28.000000,44.000000
215.000000,353.000000,28.000000,44.000000
215.000000,353.000000,28.000000,44.000000
215.000000,353.000000,28.000000,44.000000
2
0
0
0
0
1
167.000000,356.000000,34.000000,58.000000
167.000000,356.000000,34.000000,58.000000
167.000000,356.000000,34.000000,58.000000
167.000000,356.000000,34.000000,58.000000
167.000000,356.000000,34.000000,58.000000
167.000000,356.000000,34.000000,58.000000
167.000000,356.000000,34.000000,58.000000
167.000000,356.000000,34.000000,58.000000
167.000000,356.000000,34.000000,58.000000
167.000000,356.000000,34.000000,58.000000
167.000000,356.000000,34.000000,58.000000
167.000000,356.000000,34.000000,58.000000
167.000000,356.000000,34.000000,58.000000
167.000000,356.000000,34.000000,58.000000
167.000000,356.000000,34.000000,58.000000
167.000000,356.000000,34.000000,58.000000
167.000000,356.000000,34.000000,58.000000
167.000000,356.000000,34.000000,58.000000
167.000000,356.000000,34.000000,58.000000
167.000000,356.000000,34.000000,58.000000
167.000000,356.000000,34.000000,58.000000
167.000000,356.000000,34.000000,58.000000
167.000000,356.000000,34.000000,58.000000
167.000000,356.000000,34.000000,58.000000
167.000000,356.000000,34.000000,58.000000
167.000000,356.000000,34.000000,58.000000
167.000000,356.000000,34.000000,58.000000
167.000000,356.000000,34.000000,58.000000
167.000000,356.000000,34.000000,58.000000
167.000000,356.000000,34.000000,58.000000
167.000000,356.000000,34.000000,58.000000
167.000000,356.000000,34.000000,58.000000
167.000000,356.000000,34.000000,58.000000
167.000000,356.000000,34.000000,58.000000
167.000000,356.000000,34.000000,58.000000
167.000000,356.000000,34.000000,58.000000
167.000000,356.000000,34.000000,58.000000
167.000000,356.000000,34.000000,58.000000
167.000000,356.000000,34.000000,58.000000
167.000000,356.000000,34.000000,58.000000
167.000000,356.000000,34.000000,58.000000
167.000000,356.000000,34.000000,58.000000
167.000000,356.000000,34.000000,58.000000
167.000000,356.000000,34.000000,58.000000
167.000000,356.000000,34.000000,58.000000
167.000000,356.000000,34.000000,58.000000
167.000000,356.000000,34.000000,58.000000
167.000000,356.000000,34.000000,58.000000
167.000000,356.000000,34.000000,58.000000
167.000000,356.000000,34.000000,58.000000
167.000000,356.000000,34.000000,58.000000
167.000000,356.000000,34.000000,58.000000
167.000000,356.000000,34.000000,58.000000
167.000000,356.000000,34.000000,58.000000
167.000000,356.000000,34.000000,58.000000
167.000000,356.000000,34.000000,58.000000
167.000000,356.000000,34.000000,58.000000
167.000000,356.000000,34.000000,58.000000
167.000000,356.000000,34.000000,58.000000
167.000000,356.000000,34.000000,58.000000
167.000000,356.000000,34.000000,58.000000
167.000000,356.000000,34.000000,58.000000
167.000000,356.000000,34.000000,58.000000
167.000000,356.000000,34.000000,58.000000
167.000000,356.000000,34.000000,58.000000
167.000000,356.000000,34.000000,58.000000
167.000000,356.000000,34.000000,58.000000
167.000000,356.000000,34.000000,58.000000
167.000000,356.000000,34.000000,58.000000
167.000000,356.000000,34.000000,58.000000
167.000000,356.000000,34.000000,58.000000
167.000000,356.000000,34.000000,58.000000
167.000000,356.000000,34.000000,58.000000
167.000000,356.000000,34.000000,58.000000
167.000000,356.000000,34.000000,58.000000
167.000000,356.000000,34.000000,58.000000
167.000000,356.000000,34.000000,58.000000
167.000000,356.000000,34.000000,58.000000
167.000000,356.000000,34.000000,58.000000
167.000000,356.000000,34.000000,58.000000
167.000000,356.000000,34.000000,58.000000
167.000000,356.000000,34.000000,58.000000
167.000000,356.000000,34.000000,58.000000
167.000000,356.000000,34.000000,58.000000
167.000000,356.000000,34.000000,58.000000
167.000000,356.000000,34.000000,58.000000
167.000000,356.000000,34.000000,58.000000
167.000000,356.000000,34.000000,58.000000
167.000000,356.000000,34.000000,58.000000
167.000000,356.000000,34.000000,58.000000
167.000000,356.000000,34.000000,58.000000
167.000000,356.000000,34.000000,58.000000
167.000000,356.000000,34.000000,58.000000
167.000000,356.000000,34.000000,58.000000
167.000000,356.000000,34.000000,58.000000
167.000000,356.000000,34.000000,58.000000
167.000000,356.000000,34.000000,58.000000
167.000000,356.000000,34.000000,58.000000
167.000000,356.000000,34.000000,58.000000
167.000000,356.000000,34.000000,58.000000
167.000000,356.000000,34.000000,58.000000
167.000000,356.000000,34.000000,58.000000
167.000000,356.000000,34.000000,58.000000
167.000000,356.000000,34.000000,58.000000
167.000000,356.000000,34.000000,58.000000
167.000000,356.000000,34.000000,58.000000
167.000000,356.000000,34.000000,58.000000
167.000000,356.000000,34.000000,58.000000
167.000000,356.000000,34.000000,58.000000
167.000000,356.000000,34.000000,58.000000
167.000000,356.000000,34.000000,58.000000
167.000000,356.000000,34.000000,58.000000
167.000000,356.000000,34.000000,58.000000
167.000000,356.000000,34.000000,58.000000
167.000000,356.000000,34.000000,58.000000
167.000000,356.000000,34.000000,58.000000
167.000000,356.000000,34.000000,58.000000
167.000000,356.000000,34.000000,58.000000
167.000000,356.000000,34.000000,58.000000
167.000000,356.000000,34.000000,58.000000
167.000000,356.000000,34.000000,58.000000
167.000000,356.000000,34.000000,58.000000
167.000000,356.000000,34.000000,58.000000
167.000000,356.000000,34.000000,58.000000
167.000000,356.000000,34.000000,58.000000
167.000000,356.000000,34.000000,58.000000
167.000000,356.000000,34.000000,58.000000
167.000000,356.000000,34.000000,58.000000
2
0
0
0
0
1
192.380005,315.119995,24.860001,42.899994
192.380005,315.119995,24.860001,42.899994
181.569992,326.549988,24.860001,42.899994
181.569992,326.549988,24.860001,42.899994
181.569992,326.549988,24.860001,42.899994
181.569992,326.549988,24.860001,42.899994
182.569992,347.549988,24.860001,42.899994
182.569992,347.549988,24.860001,42.899994
182.569992,347.549988,24.860001,42.899994
182.569992,347.549988,24.860001,42.899994
182.569992,347.549988,24.860001,42.899994
182.569992,347.549988,24.860001,42.899994
197.569992,340.549988,24.860001,42.899994
197.569992,340.549988,24.860001,42.899994
211.569992,344.549988,24.860001,42.899994
211.569992,344.549988,24.860001,42.899994
211.569992,344.549988,24.860001,42.899994
211.569992,344.549988,24.860001,42.899994
211.569992,344.549988,24.860001,42.899994
192.569992,329.549988,24.860001,42.899994
192.569992,329.549988,24.860001,42.899994
192.569992,329.549988,24.860001,42.899994
192.569992,329.549988,24.860001,42.899994
192.569992,329.549988,24.860001,42.899994
192.569992,329.549988,24.860001,42.899994
192.569992,329.549988,24.860001,42.899994
192.569992,329.549988,24.860001,42.899994
203.569992,343.549988,24.860001,42.899994
203.569992,343.549988,24.860001,42.899994
203.569992,343.549988,24.860001,42.899994
203.569992,343.549988,24.860001,42.899994
203.569992,343.549988,24.860001,42.899994
203.569992,343.549988,24.860001,42.899994
203.569992,343.549988,24.860001,42.899994
203.569992,343.549988,24.860001,42.899994
204.569992,332.549988,24.860001,42.899994
204.569992,332.549988,24.860001,42.899994
204.569992,332.549988,24.860001,42.899994
204.569992,332.549988,24.860001,42.899994
204.569992,332.549988,24.860001,42.899994
204.569992,332.549988,24.860001,42.899994
204.569992,332.549988,24.860001,42.899994
204.569992,332.549988,24.860001,42.899994
204.569992,332.549988,24.860001,42.899994
204.569992,332.549988,24.860001,42.899994
204.569992,332.549988,24.860001,42.899994
180.569992,328.549988,24.860001,42.899994
180.569992,328.549988,24.860001,42.899994
172.569992,350.549988,24.860001,42.899994
178.569992,341.549988,24.860001,42.899994
178.569992,341.549988,24.860001,42.899994
178.569992,341.549988,24.860001,42.899994
171.569992,334.549988,24.860001,42.899994
171.569992,334.549988,24.860001,42.899994
163.569992,326.549988,24.860001,42.899994
174.569992,337.549988,24.860001,42.899994
174.569992,337.549988,24.860001,42.899994
174.569992,337.549988,24.860001,42.899994
157.569992,330.549988,24.860001,42.899994
168.569992,326.549988,24.860001,42.899994
168.569992,326.549988,24.860001,42.899994
152.569992,350.549988,24.860001,42.899994
150.569992,333.549988,24.860001,42.899994
150.569992,333.549988,24.860001,42.899994
150.569992,333.549988,24.860001,42.899994
152.569992,351.549988,24.860001,42.899994
2
0
0
0
0
1
169.449997,342.970001,32.089996,54.540009
169.449997,342.970001,32.089996,54.540009
169.449997,342.970001,32.089996,54.540009
169.449997,342.970001,32.089996,54.540009
169.449997,342.970001,32.089996,54.540009
169.449997,342.970001,32.089996,54.540009
169.449997,342.970001,32.089996,54.540009
169.449997,342.970001,32.089996,54.540009
169.449997,342.970001,32.089996,54.540009
169.449997,342.970001,32.089996,54.540009
169.449997,342.970001,32.089996,54.540009
169.449997,342.970001,32.089996,54.540009
169.449997,342.970001,32.089996,54.540009
169.449997,342.970001,32.089996,54.540009
169.449997,342.970001,32.089996,54.540009
155.955002,331.729980,32.089996,54.540009
155.955002,331.729980,32.089996,54.540009
155.955002,331.729980,32.089996,54.540009
155.955002,331.729980,32.089996,54.540009
155.955002,331.729980,32.089996,54.540009
155.955002,331.729980,32.089996,54.540009
155.955002,331.729980,32.089996,54.540009
155.955002,331.729980,32.089996,54.540009
155.955002,331.729980,32.089996,54.540009
155.955002,331.729980,32.089996,54.540009
167.955002,345.729980,32.089996,54.540009
167.955002,345.729980,32.089996,54.540009
167.955002,345.729980,32.089996,54.540009
2
0
0
0
0
1
199.240005,327.429993,34.409988,55.580017
199.240005,327.429993,34.409988,55.580017
199.240005,327.429993,34.409988,55.580017
199.240005,327.429993,34.409988,55.580017
199.240005,327.429993,34.409988,55.580017
199.240005,327.429993,34.409988,55.580017
199.240005,327.429993,34.409988,55.580017
199.240005,327.429993,34.409988,55.580017
210.795013,354.209991,34.409988,55.580017
210.795013,354.209991,34.409988,55.580017
210.795013,354.209991,34.409988,55.580017
210.795013,354.209991,34.409988,55.580017
210.795013,354.209991,34.409988,55.580017
210.795013,354.209991,34.409988,55.580017
210.795013,354.209991,34.409988,55.580017
203.795013,323.209991,34.409988,55.580017
203.795013,323.209991,34.409988,55.580017
203.795013,323.209991,34.409988,55.580017
203.795013,323.209991,34.409988,55.580017
203.795013,323.209991,34.409988,55.580017
203.795013,323.209991,34.409988,55.580017
203.795013,323.209991,34.409988,55.580017
203.795013,323.209991,34.409988,55.580017
203.795013,323.209991,34.409988,55.580017
203.795013,323.209991,34.409988,55.580017
203.795013,323.209991,34.409988,55.580017
203.795013,323.209991,34.409988,55.580017
203.795013,323.209991,34.409988,55.580017
203.795013,323.209991,34.409988,55.580017
203.795013,323.209991,34.409988,55.580017
203.795013,323.209991,34.409988,55.580017
203.795013,323.209991,34.409988,55.580017
203.795013,323.209991,34.409988,55.580017
203.795013,323.209991,34.409988,55.580017
203.795013,323.209991,34.409988,55.580017
203.795013,323.209991,34.409988,55.580017
203.795013,323.209991,34.409988,55.580017
203.795013,323.209991,34.409988,55.580017
203.795013,323.209991,34.409988,55.580017
203.795013,323.209991,34.409988,55.580017
203.795013,323.209991,34.409988,55.580017
203.795013,323.209991,34.409988,55.580017
203.795013,323.209991,34.409988,55.580017
203.795013,323.209991,34.409988,55.580017
203.795013,323.209991,34.409988,55.580017
188.795013,323.209991,34.409988,55.580017
188.795013,323.209991,34.409988,55.580017
188.795013,323.209991,34.409988,55.580017
188.795013,323.209991,34.409988,55.580017
188.795013,323.209991,34.409988,55.580017
188.795013,323.209991,34.409988,55.580017
188.795013,323.209991,34.409988,55.580017
188.795013,323.209991,34.409988,55.580017
188.795013,323.209991,34.409988,55.580017
188.795013,323.209991,34.409988,55.580017
188.795013,323.209991,34.409988,55.580017
188.795013,323.209991,34.409988,55.580017
188.795013,323.209991,34.409988,55.580017
191.795013,302.209991,34.409988,55.580017
191.795013,302.209991,34.409988,55.580017
191.795013,302.209991,34.409988,55.580017
191.795013,302.209991,34.409988,55.580017
191.795013,302.209991,34.409988,55.580017
191.795013,302.209991,34.409988,55.580017
191.795013,302.209991,34.409988,55.580017
191.795013,302.209991,34.409988,55.580017
191.795013,302.209991,34.409988,55.580017
191.795013,302.209991,34.409988,55.580017
191.795013,302.209991,34.409988,55.580017
