1
135.500000,28.000000,41.000000,124.000000
135.500000,28.000000,41.000000,124.000000
135.500000,28.000000,41.000000,124.000000
135.500000,28.000000,41.000000,124.000000
135.500000,28.000000,41.000000,124.000000
135.500000,28.000000,41.000000,124.000000
135.500000,28.000000,41.000000,124.000000
135.500000,28.000000,41.000000,124.000000
135.500000,28.000000,41.000000,124.000000
135.500000,28.000000,41.000000,124.000000
135.500000,28.000000,41.000000,124.000000
135.500000,28.000000,41.000000,124.000000
135.500000,28.000000,41.000000,124.000000
135.500000,28.000000,41.000000,124.000000
135.500000,28.000000,41.000000,124.000000
135.500000,28.000000,41.000000,124.000000
135.500000,28.000000,41.000000,124.000000
135.500000,28.000000,41.000000,124.000000
135.500000,28.000000,41.000000,124.000000
135.500000,28.000000,41.000000,124.000000
135.500000,28.000000,41.000000,124.000000
135.500000,28.000000,41.000000,124.000000
135.500000,28.000000,41.000000,124.000000
135.500000,28.000000,41.000000,124.000000
135.500000,28.000000,41.000000,124.000000
135.500000,28.000000,41.000000,124.000000
135.500000,28.000000,41.000000,124.000000
135.500000,28.000000,41.000000,124.000000
135.500000,28.000000,41.000000,124.000000
135.500000,28.000000,41.000000,124.000000
135.500000,28.000000,41.000000,124.000000
135.500000,28.000000,41.000000,124.000000
135.500000,28.000000,41.000000,124.000000
135.500000,28.000000,41.000000,124.000000
135.500000,28.000000,41.000000,124.000000
135.500000,28.000000,41.000000,124.000000
135.500000,28.000000,41.000000,124.000000
135.500000,28.000000,41.000000,124.000000
135.500000,28.000000,41.000000,124.000000
135.500000,28.000000,41.000000,124.000000
135.500000,28.000000,41.000000,124.000000
135.500000,28.000000,41.000000,124.000000
135.500000,28.000000,41.000000,124.000000
135.500000,28.000000,41.000000,124.000000
135.500000,28.000000,41.000000,124.000000
135.500000,28.000000,41.000000,124.000000
135.500000,28.000000,41.000000,124.000000
135.500000,28.000000,41.000000,124.000000
135.500000,28.000000,41.000000,124.000000
135.500000,28.000000,41.000000,124.000000
135.500000,28.000000,41.000000,124.000000
135.500000,28.000000,41.000000,124.000000
135.500000,28.000000,41.000000,124.000000
135.500000,28.000000,41.000000,124.000000
135.500000,28.000000,41.000000,124.000000
135.500000,28.000000,41.000000,124.000000
135.500000,28.000000,41.000000,124.000000
135.500000,28.000000,41.000000,124.000000
135.500000,28.000000,41.000000,124.000000
135.500000,28.000000,41.000000,124.000000
135.500000,28.000000,41.000000,124.000000
135.500000,28.000000,41.000000,124.000000
135.500000,28.000000,41.000000,124.000000
135.500000,28.000000,41.000000,124.000000
135.500000,28.000000,41.000000,124.000000
135.500000,28.000000,41.000000,124.000000
135.500000,28.000000,41.000000,124.000000
135.500000,28.000000,41.000000,124.000000
135.500000,28.000000,41.000000,124.000000
135.500000,28.000000,41.000000,124.000000
135.500000,28.000000,41.000000,124.000000
135.500000,28.000000,41.000000,124.000000
135.500000,28.000000,41.000000,124.000000
135.500000,28.000000,41.000000,124.000000
135.500000,28.000000,41.000000,124.000000
135.500000,28.000000,41.000000,124.000000
135.500000,28.000000,41.000000,124.000000
135.500000,28.000000,41.000000,124.000000
109.500000,35.000000,41.000000,124.000000
109.500000,35.000000,41.000000,124.000000
109.500000,35.000000,41.000000,124.000000
109.500000,35.000000,41.000000,124.000000
109.500000,35.000000,41.000000,124.000000
94.500000,28.000000,41.000000,124.000000
94.500000,28.000000,41.000000,124.000000
94.500000,28.000000,41.000000,124.000000
94.500000,28.000000,41.000000,124.000000
94.500000,28.000000,41.000000,124.000000
94.500000,28.000000,41.000000,124.000000
94.500000,28.000000,41.000000,124.000000
94.500000,28.000000,41.000000,124.000000
94.500000,28.000000,41.000000,124.000000
94.500000,28.000000,41.000000,124.000000
94.500000,28.000000,41.000000,124.000000
94.500000,28.000000,41.000000,124.000000
94.500000,28.000000,41.000000,124.000000
94.500000,28.000000,41.000000,124.000000
94.500000,28.000000,41.000000,124.000000
94.500000,28.000000,41.000000,124.000000
131.500000,26.000000,41.000000,124.000000
131.500000,26.000000,41.000000,124.000000
131.500000,26.000000,41.000000,124.000000
131.500000,26.000000,41.000000,124.000000
131.500000,26.000000,41.000000,124.000000
131.500000,26.000000,41.000000,124.000000
131.500000,26.000000,41.000000,124.000000
131.500000,26.000000,41.000000,124.000000
131.500000,26.000000,41.000000,124.000000
131.500000,26.000000,41.000000,124.000000
131.500000,26.000000,41.000000,124.000000
131.500000,26.000000,41.000000,124.000000
131.500000,26.000000,41.000000,124.000000
131.500000,26.000000,41.000000,124.000000
131.500000,26.000000,41.000000,124.000000
131.500000,26.000000,41.000000,124.000000
131.500000,26.000000,41.000000,124.000000
131.500000,26.000000,41.000000,124.000000
131.500000,26.000000,41.000000,124.000000
131.500000,26.000000,41.000000,124.000000
131.500000,26.000000,41.000000,124.000000
131.500000,26.000000,41.000000,124.000000
131.500000,26.000000,41.000000,124.000000
131.500000,26.000000,41.000000,124.000000
131.500000,26.000000,41.000000,124.000000
131.500000,26.000000,41.000000,124.000000
131.500000,26.000000,41.000000,124.000000
131.500000,26.000000,41.000000,124.000000
131.500000,26.000000,41.000000,124.000000
131.500000,26.000000,41.000000,124.000000
131.500000,26.000000,41.000000,124.000000
131.500000,26.000000,41.000000,124.000000
131.500000,26.000000,41.000000,124.000000
131.500000,26.000000,41.000000,124.000000
131.500000,26.000000,41.000000,124.000000
131.500000,26.000000,41.000000,124.000000
131.500000,26.000000,41.000000,124.000000
131.500000,26.000000,41.000000,124.000000
131.500000,26.000000,41.000000,124.000000
131.500000,26.000000,41.000000,124.000000
131.500000,26.000000,41.000000,124.000000
131.500000,26.000000,41.000000,124.000000
131.500000,26.000000,41.000000,124.000000
131.500000,26.000000,41.000000,124.000000
131.500000,26.000000,41.000000,124.000000
131.500000,26.000000,41.000000,124.000000
131.500000,26.000000,41.000000,124.000000
2
0
0
0
0
1
132.729996,83.349998,114.660004,76.189995
174.669998,89.904999,114.660004,76.189995
174.669998,89.904999,114.660004,76.189995
174.669998,89.904999,114.660004,76.189995
174.669998,89.904999,114.660004,76.189995
174.669998,89.904999,114.660004,76.189995
2
0
0
0
0
1
92.300003,46.669998,107.539993,59.040001
92.300003,46.669998,107.539993,59.040001
92.300003,46.669998,107.539993,59.040001
92.300003,46.669998,107.539993,59.040001
92.300003,46.669998,107.539993,59.040001
92.300003,46.669998,107.539993,59.040001
92.300003,46.669998,107.539993,59.040001
92.300003,46.669998,107.539993,59.040001
92.300003,46.669998,107.539993,59.040001
92.300003,46.669998,107.539993,59.040001
92.300003,46.669998,107.539993,59.040001
92.300003,46.669998,107.539993,59.040001
92.300003,46.669998,107.539993,59.040001
92.300003,46.669998,107.539993,59.040001
92.300003,46.669998,107.539993,59.040001
92.300003,46.669998,107.539993,59.040001
92.300003,46.669998,107.539993,59.040001
92.300003,46.669998,107.539993,59.040001
92.300003,46.669998,107.539993,59.040001
92.300003,46.669998,107.539993,59.040001
92.300003,46.669998,107.539993,59.040001
92.300003,46.669998,107.539993,59.040001
92.300003,46.669998,107.539993,59.040001
92.300003,46.669998,107.539993,59.040001
92.300003,46.669998,107.539993,59.040001
92.300003,46.669998,107.539993,59.040001
92.300003,46.669998,107.539993,59.040001
92.300003,46.669998,107.539993,59.040001
92.300003,46.669998,107.539993,59.040001
92.300003,46.669998,107.539993,59.040001
92.300003,46.669998,107.539993,59.040001
92.300003,46.669998,107.539993,59.040001
92.300003,46.669998,107.539993,59.040001
92.300003,46.669998,107.539993,59.040001
92.300003,46.669998,107.539993,59.040001
92.300003,46.669998,107.539993,59.040001
92.300003,46.669998,107.539993,59.040001
92.300003,46.669998,107.539993,59.040001
92.300003,46.669998,107.539993,59.040001
92.300003,46.669998,107.539993,59.040001
92.300003,46.669998,107.539993,59.040001
92.300003,46.669998,107.539993,59.040001
