1
135.500000,28.000000,41.000000,124.000000
135.500000,28.000000,41.000000,124.000000
135.500000,28.000000,41.000000,124.000000
135.500000,28.000000,41.000000,124.000000
135.500000,28.000000,41.000000,124.000000
135.500000,28.000000,41.000000,124.000000
135.500000,28.000000,41.000000,124.000000
135.500000,28.000000,41.000000,124.000000
135.500000,28.000000,41.000000,124.000000
135.500000,28.000000,41.000000,124.000000
135.500000,28.000000,41.000000,124.000000
135.500000,28.000000,41.000000,124.000000
135.500000,28.000000,41.000000,124.000000
135.500000,28.000000,41.000000,124.000000
135.500000,28.000000,41.000000,124.000000
135.500000,28.000000,41.000000,124.000000
135.500000,28.000000,41.000000,124.000000
135.500000,28.000000,41.000000,124.000000
135.500000,28.000000,41.000000,124.000000
135.500000,28.000000,41.000000,124.000000
135.500000,28.000000,41.000000,124.000000
135.500000,28.000000,41.000000,124.000000
135.500000,28.000000,41.000000,124.000000
135.500000,28.000000,41.000000,124.000000
135.500000,28.000000,41.000000,124.000000
135.500000,28.000000,41.000000,124.000000
135.500000,28.000000,41.000000,124.000000
135.500000,28.000000,41.000000,124.000000
135.500000,28.000000,41.000000,124.000000
135.500000,28.000000,41.000000,124.000000
135.500000,28.000000,41.000000,124.000000
135.500000,28.000000,41.000000,124.000000
135.500000,28.000000,41.000000,124.000000
135.500000,28.000000,41.000000,124.000000
135.500000,28.000000,41.000000,124.000000
135.500000,28.000000,41.000000,124.000000
135.500000,28.000000,41.000000,124.000000
135.500000,28.000000,41.000000,124.000000
135.500000,28.000000,41.000000,124.000000
135.500000,28.000000,41.000000,124.000000
135.500000,28.000000,41.000000,124.000000
135.500000,28.000000,41.000000,124.000000
135.500000,28.000000,41.000000,124.000000
135.500000,28.000000,41.000000,124.000000
135.500000,28.000000,41.000000,124.000000
135.500000,28.000000,41.000000,124.000000
135.500000,28.000000,41.000000,124.000000
135.500000,28.000000,41.000000,124.000000
135.500000,28.000000,41.000000,124.000000
135.500000,28.000000,41.000000,124.000000
135.500000,28.000000,41.000000,124.000000
135.500000,28.000000,41.000000,124.000000
135.500000,28.000000,41.000000,124.000000
135.500000,28.000000,41.000000,124.000000
135.500000,28.000000,41.000000,124.000000
135.500000,28.000000,41.000000,124.000000
135.500000,28.000000,41.000000,124.000000
135.500000,28.000000,41.000000,124.000000
135.500000,28.000000,41.000000,124.000000
135.500000,28.000000,41.000000,124.000000
135.500000,28.000000,41.000000,124.000000
135.500000,28.000000,41.000000,124.000000
135.500000,28.000000,41.000000,124.000000
135.500000,28.000000,41.000000,124.000000
135.500000,28.000000,41.000000,124.000000
135.500000,28.000000,41.000000,124.000000
135.500000,28.000000,41.000000,124.000000
135.500000,28.000000,41.000000,124.000000
135.500000,28.000000,41.000000,124.000000
135.500000,28.000000,41.000000,124.000000
135.500000,28.000000,41.000000,124.000000
135.500000,28.000000,41.000000,124.000000
135.500000,28.000000,41.000000,124.000000
135.500000,28.000000,41.000000,124.000000
135.500000,28.000000,41.000000,124.000000
135.500000,28.000000,41.000000,124.000000
135.500000,28.000000,41.000000,124.000000
135.500000,28.000000,41.000000,124.000000
124.500000,20.000000,41.000000,124.000000
113.500000,45.000000,41.000000,124.000000
113.500000,45.000000,41.000000,124.000000
102.500000,40.000000,41.000000,124.000000
102.500000,40.000000,41.000000,124.000000
102.500000,40.000000,41.000000,124.000000
102.500000,40.000000,41.000000,124.000000
102.500000,40.000000,41.000000,124.000000
102.500000,40.000000,41.000000,124.000000
102.500000,40.000000,41.000000,124.000000
102.500000,40.000000,41.000000,124.000000
102.500000,40.000000,41.000000,124.000000
102.500000,40.000000,41.000000,124.000000
102.500000,40.000000,41.000000,124.000000
118.500000,35.000000,41.000000,124.000000
118.500000,35.000000,41.000000,124.000000
118.500000,35.000000,41.000000,124.000000
118.500000,35.000000,41.000000,124.000000
118.500000,35.000000,41.000000,124.000000
118.500000,35.000000,41.000000,124.000000
118.500000,35.000000,41.000000,124.000000
118.500000,35.000000,41.000000,124.000000
118.500000,35.000000,41.000000,124.000000
118.500000,35.000000,41.000000,124.000000
118.500000,35.000000,41.000000,124.000000
118.500000,35.000000,41.000000,124.000000
118.500000,35.000000,41.000000,124.000000
118.500000,35.000000,41.000000,124.000000
118.500000,35.000000,41.000000,124.000000
118.500000,35.000000,41.000000,124.000000
118.500000,35.000000,41.000000,124.000000
139.500000,37.000000,41.000000,124.000000
139.500000,37.000000,41.000000,124.000000
139.500000,37.000000,41.000000,124.000000
139.500000,37.000000,41.000000,124.000000
139.500000,37.000000,41.000000,124.000000
139.500000,37.000000,41.000000,124.000000
139.500000,37.000000,41.000000,124.000000
139.500000,37.000000,41.000000,124.000000
139.500000,37.000000,41.000000,124.000000
139.500000,37.000000,41.000000,124.000000
139.500000,37.000000,41.000000,124.000000
139.500000,37.000000,41.000000,124.000000
139.500000,37.000000,41.000000,124.000000
139.500000,37.000000,41.000000,124.000000
139.500000,37.000000,41.000000,124.000000
139.500000,37.000000,41.000000,124.000000
139.500000,37.000000,41.000000,124.000000
139.500000,37.000000,41.000000,124.000000
139.500000,37.000000,41.000000,124.000000
139.500000,37.000000,41.000000,124.000000
139.500000,37.000000,41.000000,124.000000
139.500000,37.000000,41.000000,124.000000
139.500000,37.000000,41.000000,124.000000
139.500000,37.000000,41.000000,124.000000
139.500000,37.000000,41.000000,124.000000
139.500000,37.000000,41.000000,124.000000
139.500000,37.000000,41.000000,124.000000
139.500000,37.000000,41.000000,124.000000
139.500000,37.000000,41.000000,124.000000
123.500000,51.000000,41.000000,124.000000
123.500000,51.000000,41.000000,124.000000
123.500000,51.000000,41.000000,124.000000
155.500000,42.000000,41.000000,124.000000
155.500000,42.000000,41.000000,124.000000
155.500000,42.000000,41.000000,124.000000
155.500000,42.000000,41.000000,124.000000
155.500000,42.000000,41.000000,124.000000
155.500000,42.000000,41.000000,124.000000
155.500000,42.000000,41.000000,124.000000
155.500000,42.000000,41.000000,124.000000
155.500000,42.000000,41.000000,124.000000
155.500000,42.000000,41.000000,124.000000
155.500000,42.000000,41.000000,124.000000
155.500000,42.000000,41.000000,124.000000
155.500000,42.000000,41.000000,124.000000
155.500000,42.000000,41.000000,124.000000
155.500000,42.000000,41.000000,124.000000
155.500000,42.000000,41.000000,124.000000
155.500000,42.000000,41.000000,124.000000
155.500000,42.000000,41.000000,124.000000
155.500000,42.000000,41.000000,124.000000
155.500000,42.000000,41.000000,124.000000
155.500000,42.000000,41.000000,124.000000
155.500000,42.000000,41.000000,124.000000
155.500000,42.000000,41.000000,124.000000
155.500000,42.000000,41.000000,124.000000
155.500000,42.000000,41.000000,124.000000
155.500000,42.000000,41.000000,124.000000
155.500000,42.000000,41.000000,124.000000
155.500000,42.000000,41.000000,124.000000
155.500000,42.000000,41.000000,124.000000
155.500000,42.000000,41.000000,124.000000
155.500000,42.000000,41.000000,124.000000
155.500000,42.000000,41.000000,124.000000
155.500000,42.000000,41.000000,124.000000
155.500000,42.000000,41.000000,124.000000
155.500000,42.000000,41.000000,124.000000
155.500000,42.000000,41.000000,124.000000
155.500000,42.000000,41.000000,124.000000
155.500000,42.000000,41.000000,124.000000
155.500000,42.000000,41.000000,124.000000
168.500000,5.000000,41.000000,124.000000
168.500000,5.000000,41.000000,124.000000
168.500000,5.000000,41.000000,124.000000
168.500000,5.000000,41.000000,124.000000
168.500000,5.000000,41.000000,124.000000
162.500000,50.000000,41.000000,124.000000
162.500000,50.000000,41.000000,124.000000
162.500000,50.000000,41.000000,124.000000
162.500000,50.000000,41.000000,124.000000
162.500000,50.000000,41.000000,124.000000
162.500000,50.000000,41.000000,124.000000
162.500000,50.000000,41.000000,124.000000
162.500000,50.000000,41.000000,124.000000
162.500000,50.000000,41.000000,124.000000
162.500000,50.000000,41.000000,124.000000
162.500000,50.000000,41.000000,124.000000
162.500000,50.000000,41.000000,124.000000
162.500000,50.000000,41.000000,124.000000
162.500000,50.000000,41.000000,124.000000
162.500000,50.000000,41.000000,124.000000
162.500000,50.000000,41.000000,124.000000
162.500000,50.000000,41.000000,124.000000
185.500000,35.000000,41.000000,124.000000
185.500000,35.000000,41.000000,124.000000
185.500000,35.000000,41.000000,124.000000
172.500000,50.000000,41.000000,124.000000
