1
135.500000,28.000000,41.000000,124.000000
135.500000,28.000000,41.000000,124.000000
135.500000,28.000000,41.000000,124.000000
135.500000,28.000000,41.000000,124.000000
135.500000,28.000000,41.000000,124.000000
135.500000,28.000000,41.000000,124.000000
135.500000,28.000000,41.000000,124.000000
135.500000,28.000000,41.000000,124.000000
135.500000,28.000000,41.000000,124.000000
135.500000,28.000000,41.000000,124.000000
135.500000,28.000000,41.000000,124.000000
135.500000,28.000000,41.000000,124.000000
135.500000,28.000000,41.000000,124.000000
135.500000,28.000000,41.000000,124.000000
135.500000,28.000000,41.000000,124.000000
135.500000,28.000000,41.000000,124.000000
135.500000,28.000000,41.000000,124.000000
135.500000,28.000000,41.000000,124.000000
135.500000,28.000000,41.000000,124.000000
135.500000,28.000000,41.000000,124.000000
135.500000,28.000000,41.000000,124.000000
135.500000,28.000000,41.000000,124.000000
135.500000,28.000000,41.000000,124.000000
135.500000,28.000000,41.000000,124.000000
135.500000,28.000000,41.000000,124.000000
135.500000,28.000000,41.000000,124.000000
135.500000,28.000000,41.000000,124.000000
135.500000,28.000000,41.000000,124.000000
135.500000,28.000000,41.000000,124.000000
135.500000,28.000000,41.000000,124.000000
135.500000,28.000000,41.000000,124.000000
135.500000,28.000000,41.000000,124.000000
135.500000,28.000000,41.000000,124.000000
135.500000,28.000000,41.000000,124.000000
135.500000,28.000000,41.000000,124.000000
135.500000,28.000000,41.000000,124.000000
135.500000,28.000000,41.000000,124.000000
135.500000,28.000000,41.000000,124.000000
135.500000,28.000000,41.000000,124.000000
135.500000,28.000000,41.000000,124.000000
135.500000,28.000000,41.000000,124.000000
135.500000,28.000000,41.000000,124.000000
135.500000,28.000000,41.000000,124.000000
135.500000,28.000000,41.000000,124.000000
135.500000,28.000000,41.000000,124.000000
135.500000,28.000000,41.000000,124.000000
135.500000,28.000000,41.000000,124.000000
135.500000,28.000000,41.000000,124.000000
135.500000,28.000000,41.000000,124.000000
135.500000,28.000000,41.000000,124.000000
135.500000,28.000000,41.000000,124.000000
135.500000,28.000000,41.000000,124.000000
135.500000,28.000000,41.000000,124.000000
135.500000,28.000000,41.000000,124.000000
135.500000,28.000000,41.000000,124.000000
135.500000,28.000000,41.000000,124.000000
135.500000,28.000000,41.000000,124.000000
135.500000,28.000000,41.000000,124.000000
135.500000,28.000000,41.000000,124.000000
135.500000,28.000000,41.000000,124.000000
135.500000,28.000000,41.000000,124.000000
135.500000,28.000000,41.000000,124.000000
135.500000,28.000000,41.000000,124.000000
135.500000,28.000000,41.000000,124.000000
135.500000,28.000000,41.000000,124.000000
135.500000,28.000000,41.000000,124.000000
135.500000,28.000000,41.000000,124.000000
135.500000,28.000000,41.000000,124.000000
135.500000,28.000000,41.000000,124.000000
135.500000,28.000000,41.000000,124.000000
135.500000,28.000000,41.000000,124.000000
135.500000,28.000000,41.000000,124.000000
135.500000,28.000000,41.000000,124.000000
135.500000,28.000000,41.000000,124.000000
135.500000,28.000000,41.000000,124.000000
135.500000,28.000000,41.000000,124.000000
135.500000,28.000000,41.000000,124.000000
135.500000,28.000000,41.000000,124.000000
119.500000,40.000000,41.000000,124.000000
119.500000,40.000000,41.000000,124.000000
119.500000,40.000000,41.000000,124.000000
98.500000,35.000000,41.000000,124.000000
98.500000,35.000000,41.000000,124.000000
98.500000,35.000000,41.000000,124.000000
98.500000,35.000000,41.000000,124.000000
98.500000,35.000000,41.000000,124.000000
98.500000,35.000000,41.000000,124.000000
98.500000,35.000000,41.000000,124.000000
98.500000,35.000000,41.000000,124.000000
98.500000,35.000000,41.000000,124.000000
98.500000,35.000000,41.000000,124.000000
98.500000,35.000000,41.000000,124.000000
98.500000,35.000000,41.000000,124.000000
98.500000,35.000000,41.000000,124.000000
98.500000,35.000000,41.000000,124.000000
98.500000,35.000000,41.000000,124.000000
98.500000,35.000000,41.000000,124.000000
98.500000,35.000000,41.000000,124.000000
98.500000,35.000000,41.000000,124.000000
98.500000,35.000000,41.000000,124.000000
129.500000,20.000000,41.000000,124.000000
129.500000,20.000000,41.000000,124.000000
129.500000,20.000000,41.000000,124.000000
129.500000,20.000000,41.000000,124.000000
129.500000,20.000000,41.000000,124.000000
129.500000,20.000000,41.000000,124.000000
129.500000,20.000000,41.000000,124.000000
129.500000,20.000000,41.000000,124.000000
129.500000,20.000000,41.000000,124.000000
129.500000,20.000000,41.000000,124.000000
129.500000,20.000000,41.000000,124.000000
129.500000,20.000000,41.000000,124.000000
129.500000,20.000000,41.000000,124.000000
129.500000,20.000000,41.000000,124.000000
129.500000,20.000000,41.000000,124.000000
129.500000,20.000000,41.000000,124.000000
129.500000,20.000000,41.000000,124.000000
129.500000,20.000000,41.000000,124.000000
129.500000,20.000000,41.000000,124.000000
129.500000,20.000000,41.000000,124.000000
129.500000,20.000000,41.000000,124.000000
129.500000,20.000000,41.000000,124.000000
129.500000,20.000000,41.000000,124.000000
129.500000,20.000000,41.000000,124.000000
129.500000,20.000000,41.000000,124.000000
129.500000,20.000000,41.000000,124.000000
129.500000,20.000000,41.000000,124.000000
129.500000,20.000000,41.000000,124.000000
129.500000,20.000000,41.000000,124.000000
129.500000,20.000000,41.000000,124.000000
129.500000,20.000000,41.000000,124.000000
129.500000,20.000000,41.000000,124.000000
129.500000,20.000000,41.000000,124.000000
129.500000,20.000000,41.000000,124.000000
129.500000,20.000000,41.000000,124.000000
129.500000,20.000000,41.000000,124.000000
129.500000,20.000000,41.000000,124.000000
129.500000,20.000000,41.000000,124.000000
129.500000,20.000000,41.000000,124.000000
129.500000,20.000000,41.000000,124.000000
129.500000,20.000000,41.000000,124.000000
129.500000,20.000000,41.000000,124.000000
129.500000,20.000000,41.000000,124.000000
129.500000,20.000000,41.000000,124.000000
129.500000,20.000000,41.000000,124.000000
143.500000,16.000000,41.000000,124.000000
143.500000,16.000000,41.000000,124.000000
143.500000,16.000000,41.000000,124.000000
143.500000,16.000000,41.000000,124.000000
143.500000,16.000000,41.000000,124.000000
143.500000,16.000000,41.000000,124.000000
143.500000,16.000000,41.000000,124.000000
143.500000,16.000000,41.000000,124.000000
143.500000,16.000000,41.000000,124.000000
143.500000,16.000000,41.000000,124.000000
143.500000,16.000000,41.000000,124.000000
143.500000,16.000000,41.000000,124.000000
143.500000,16.000000,41.000000,124.000000
143.500000,16.000000,41.000000,124.000000
143.500000,16.000000,41.000000,124.000000
125.500000,45.000000,41.000000,124.000000
125.500000,45.000000,41.000000,124.000000
125.500000,45.000000,41.000000,124.000000
125.500000,45.000000,41.000000,124.000000
125.500000,45.000000,41.000000,124.000000
125.500000,45.000000,41.000000,124.000000
125.500000,45.000000,41.000000,124.000000
125.500000,45.000000,41.000000,124.000000
125.500000,45.000000,41.000000,124.000000
125.500000,45.000000,41.000000,124.000000
125.500000,45.000000,41.000000,124.000000
144.500000,52.000000,41.000000,124.000000
144.500000,52.000000,41.000000,124.000000
144.500000,52.000000,41.000000,124.000000
144.500000,52.000000,41.000000,124.000000
144.500000,52.000000,41.000000,124.000000
144.500000,52.000000,41.000000,124.000000
144.500000,52.000000,41.000000,124.000000
144.500000,52.000000,41.000000,124.000000
144.500000,52.000000,41.000000,124.000000
144.500000,52.000000,41.000000,124.000000
144.500000,52.000000,41.000000,124.000000
144.500000,52.000000,41.000000,124.000000
2
0
0
0
0
1
167.800003,67.709999,36.160004,68.150002
167.800003,67.709999,36.160004,68.150002
167.800003,67.709999,36.160004,68.150002
167.800003,67.709999,36.160004,68.150002
167.800003,67.709999,36.160004,68.150002
167.800003,67.709999,36.160004,68.150002
167.800003,67.709999,36.160004,68.150002
167.800003,67.709999,36.160004,68.150002
167.800003,67.709999,36.160004,68.150002
167.800003,67.709999,36.160004,68.150002
167.800003,67.709999,36.160004,68.150002
167.800003,67.709999,36.160004,68.150002
167.800003,67.709999,36.160004,68.150002
167.800003,67.709999,36.160004,68.150002
167.800003,67.709999,36.160004,68.150002
167.800003,67.709999,36.160004,68.150002
167.800003,67.709999,36.160004,68.150002
