1
135.500000,28.000000,41.000000,124.000000
135.500000,28.000000,41.000000,124.000000
135.500000,28.000000,41.000000,124.000000
135.500000,28.000000,41.000000,124.000000
135.500000,28.000000,41.000000,124.000000
135.500000,28.000000,41.000000,124.000000
135.500000,28.000000,41.000000,124.000000
135.500000,28.000000,41.000000,124.000000
135.500000,28.000000,41.000000,124.000000
135.500000,28.000000,41.000000,124.000000
135.500000,28.000000,41.000000,124.000000
135.500000,28.000000,41.000000,124.000000
135.500000,28.000000,41.000000,124.000000
135.500000,28.000000,41.000000,124.000000
135.500000,28.000000,41.000000,124.000000
135.500000,28.000000,41.000000,124.000000
135.500000,28.000000,41.000000,124.000000
135.500000,28.000000,41.000000,124.000000
135.500000,28.000000,41.000000,124.000000
135.500000,28.000000,41.000000,124.000000
135.500000,28.000000,41.000000,124.000000
135.500000,28.000000,41.000000,124.000000
135.500000,28.000000,41.000000,124.000000
135.500000,28.000000,41.000000,124.000000
135.500000,28.000000,41.000000,124.000000
135.500000,28.000000,41.000000,124.000000
135.500000,28.000000,41.000000,124.000000
135.500000,28.000000,41.000000,124.000000
135.500000,28.000000,41.000000,124.000000
135.500000,28.000000,41.000000,124.000000
135.500000,28.000000,41.000000,124.000000
135.500000,28.000000,41.000000,124.000000
135.500000,28.000000,41.000000,124.000000
135.500000,28.000000,41.000000,124.000000
135.500000,28.000000,41.000000,124.000000
135.500000,28.000000,41.000000,124.000000
135.500000,28.000000,41.000000,124.000000
135.500000,28.000000,41.000000,124.000000
135.500000,28.000000,41.000000,124.000000
135.500000,28.000000,41.000000,124.000000
135.500000,28.000000,41.000000,124.000000
135.500000,28.000000,41.000000,124.000000
135.500000,28.000000,41.000000,124.000000
135.500000,28.000000,41.000000,124.000000
135.500000,28.000000,41.000000,124.000000
135.500000,28.000000,41.000000,124.000000
135.500000,28.000000,41.000000,124.000000
135.500000,28.000000,41.000000,124.000000
135.500000,28.000000,41.000000,124.000000
135.500000,28.000000,41.000000,124.000000
135.500000,28.000000,41.000000,124.000000
135.500000,28.000000,41.000000,124.000000
135.500000,28.000000,41.000000,124.000000
135.500000,28.000000,41.000000,124.000000
135.500000,28.000000,41.000000,124.000000
135.500000,28.000000,41.000000,124.000000
135.500000,28.000000,41.000000,124.000000
135.500000,28.000000,41.000000,124.000000
135.500000,28.000000,41.000000,124.000000
135.500000,28.000000,41.000000,124.000000
135.500000,28.000000,41.000000,124.000000
135.500000,28.000000,41.000000,124.000000
135.500000,28.000000,41.000000,124.000000
135.500000,28.000000,41.000000,124.000000
135.500000,28.000000,41.000000,124.000000
135.500000,28.000000,41.000000,124.000000
135.500000,28.000000,41.000000,124.000000
135.500000,28.000000,41.000000,124.000000
135.500000,28.000000,41.000000,124.000000
135.500000,28.000000,41.000000,124.000000
135.500000,28.000000,41.000000,124.000000
135.500000,28.000000,41.000000,124.000000
135.500000,28.000000,41.000000,124.000000
135.500000,28.000000,41.000000,124.000000
135.500000,28.000000,41.000000,124.000000
135.500000,28.000000,41.000000,124.000000
135.500000,28.000000,41.000000,124.000000
135.500000,28.000000,41.000000,124.000000
114.500000,30.000000,41.000000,124.000000
114.500000,30.000000,41.000000,124.000000
114.500000,30.000000,41.000000,124.000000
98.500000,30.000000,41.000000,124.000000
98.500000,30.000000,41.000000,124.000000
98.500000,30.000000,41.000000,124.000000
98.500000,30.000000,41.000000,124.000000
98.500000,30.000000,41.000000,124.000000
98.500000,30.000000,41.000000,124.000000
98.500000,30.000000,41.000000,124.000000
98.500000,30.000000,41.000000,124.000000
98.500000,30.000000,41.000000,124.000000
98.500000,30.000000,41.000000,124.000000
98.500000,30.000000,41.000000,124.000000
98.500000,30.000000,41.000000,124.000000
98.500000,30.000000,41.000000,124.000000
98.500000,30.000000,41.000000,124.000000
98.500000,30.000000,41.000000,124.000000
98.500000,30.000000,41.000000,124.000000
98.500000,30.000000,41.000000,124.000000
98.500000,30.000000,41.000000,124.000000
98.500000,30.000000,41.000000,124.000000
113.500000,42.000000,41.000000,124.000000
113.500000,42.000000,41.000000,124.000000
113.500000,42.000000,41.000000,124.000000
113.500000,42.000000,41.000000,124.000000
113.500000,42.000000,41.000000,124.000000
113.500000,42.000000,41.000000,124.000000
113.500000,42.000000,41.000000,124.000000
113.500000,42.000000,41.000000,124.000000
134.500000,42.000000,41.000000,124.000000
134.500000,42.000000,41.000000,124.000000
134.500000,42.000000,41.000000,124.000000
134.500000,42.000000,41.000000,124.000000
134.500000,42.000000,41.000000,124.000000
134.500000,42.000000,41.000000,124.000000
134.500000,42.000000,41.000000,124.000000
134.500000,42.000000,41.000000,124.000000
134.500000,42.000000,41.000000,124.000000
134.500000,42.000000,41.000000,124.000000
134.500000,42.000000,41.000000,124.000000
134.500000,42.000000,41.000000,124.000000
134.500000,42.000000,41.000000,124.000000
134.500000,42.000000,41.000000,124.000000
134.500000,42.000000,41.000000,124.000000
134.500000,42.000000,41.000000,124.000000
134.500000,42.000000,41.000000,124.000000
134.500000,42.000000,41.000000,124.000000
134.500000,42.000000,41.000000,124.000000
134.500000,42.000000,41.000000,124.000000
134.500000,42.000000,41.000000,124.000000
134.500000,42.000000,41.000000,124.000000
134.500000,42.000000,41.000000,124.000000
134.500000,42.000000,41.000000,124.000000
134.500000,42.000000,41.000000,124.000000
134.500000,42.000000,41.000000,124.000000
134.500000,42.000000,41.000000,124.000000
134.500000,42.000000,41.000000,124.000000
134.500000,42.000000,41.000000,124.000000
134.500000,42.000000,41.000000,124.000000
134.500000,42.000000,41.000000,124.000000
134.500000,42.000000,41.000000,124.000000
134.500000,42.000000,41.000000,124.000000
134.500000,42.000000,41.000000,124.000000
134.500000,42.000000,41.000000,124.000000
134.500000,42.000000,41.000000,124.000000
134.500000,42.000000,41.000000,124.000000
134.500000,42.000000,41.000000,124.000000
134.500000,42.000000,41.000000,124.000000
148.500000,38.000000,41.000000,124.000000
148.500000,38.000000,41.000000,124.000000
148.500000,38.000000,41.000000,124.000000
148.500000,38.000000,41.000000,124.000000
148.500000,38.000000,41.000000,124.000000
148.500000,38.000000,41.000000,124.000000
148.500000,38.000000,41.000000,124.000000
148.500000,38.000000,41.000000,124.000000
148.500000,38.000000,41.000000,124.000000
148.500000,38.000000,41.000000,124.000000
148.500000,38.000000,41.000000,124.000000
148.500000,38.000000,41.000000,124.000000
148.500000,38.000000,41.000000,124.000000
148.500000,38.000000,41.000000,124.000000
148.500000,38.000000,41.000000,124.000000
148.500000,38.000000,41.000000,124.000000
148.500000,38.000000,41.000000,124.000000
148.500000,38.000000,41.000000,124.000000
148.500000,38.000000,41.000000,124.000000
148.500000,38.000000,41.000000,124.000000
148.500000,38.000000,41.000000,124.000000
148.500000,38.000000,41.000000,124.000000
148.500000,38.000000,41.000000,124.000000
148.500000,38.000000,41.000000,124.000000
148.500000,38.000000,41.000000,124.000000
148.500000,38.000000,41.000000,124.000000
148.500000,38.000000,41.000000,124.000000
148.500000,38.000000,41.000000,124.000000
148.500000,38.000000,41.000000,124.000000
148.500000,38.000000,41.000000,124.000000
148.500000,38.000000,41.000000,124.000000
148.500000,38.000000,41.000000,124.000000
148.500000,38.000000,41.000000,124.000000
148.500000,38.000000,41.000000,124.000000
148.500000,38.000000,41.000000,124.000000
148.500000,38.000000,41.000000,124.000000
148.500000,38.000000,41.000000,124.000000
148.500000,38.000000,41.000000,124.000000
148.500000,38.000000,41.000000,124.000000
148.500000,38.000000,41.000000,124.000000
148.500000,38.000000,41.000000,124.000000
148.500000,38.000000,41.000000,124.000000
148.500000,38.000000,41.000000,124.000000
148.500000,38.000000,41.000000,124.000000
148.500000,38.000000,41.000000,124.000000
148.500000,38.000000,41.000000,124.000000
148.500000,38.000000,41.000000,124.000000
148.500000,38.000000,41.000000,124.000000
148.500000,38.000000,41.000000,124.000000
148.500000,38.000000,41.000000,124.000000
148.500000,38.000000,41.000000,124.000000
148.500000,38.000000,41.000000,124.000000
148.500000,38.000000,41.000000,124.000000
148.500000,38.000000,41.000000,124.000000
148.500000,38.000000,41.000000,124.000000
148.500000,38.000000,41.000000,124.000000
148.500000,38.000000,41.000000,124.000000
148.500000,38.000000,41.000000,124.000000
167.500000,35.000000,41.000000,124.000000
