1
135.500000,28.000000,41.000000,124.000000
135.500000,28.000000,41.000000,124.000000
135.500000,28.000000,41.000000,124.000000
135.500000,28.000000,41.000000,124.000000
135.500000,28.000000,41.000000,124.000000
135.500000,28.000000,41.000000,124.000000
135.500000,28.000000,41.000000,124.000000
135.500000,28.000000,41.000000,124.000000
135.500000,28.000000,41.000000,124.000000
135.500000,28.000000,41.000000,124.000000
135.500000,28.000000,41.000000,124.000000
135.500000,28.000000,41.000000,124.000000
135.500000,28.000000,41.000000,124.000000
135.500000,28.000000,41.000000,124.000000
135.500000,28.000000,41.000000,124.000000
135.500000,28.000000,41.000000,124.000000
135.500000,28.000000,41.000000,124.000000
135.500000,28.000000,41.000000,124.000000
135.500000,28.000000,41.000000,124.000000
135.500000,28.000000,41.000000,124.000000
135.500000,28.000000,41.000000,124.000000
135.500000,28.000000,41.000000,124.000000
135.500000,28.000000,41.000000,124.000000
135.500000,28.000000,41.000000,124.000000
135.500000,28.000000,41.000000,124.000000
135.500000,28.000000,41.000000,124.000000
135.500000,28.000000,41.000000,124.000000
135.500000,28.000000,41.000000,124.000000
135.500000,28.000000,41.000000,124.000000
135.500000,28.000000,41.000000,124.000000
135.500000,28.000000,41.000000,124.000000
135.500000,28.000000,41.000000,124.000000
135.500000,28.000000,41.000000,124.000000
135.500000,28.000000,41.000000,124.000000
135.500000,28.000000,41.000000,124.000000
135.500000,28.000000,41.000000,124.000000
135.500000,28.000000,41.000000,124.000000
135.500000,28.000000,41.000000,124.000000
135.500000,28.000000,41.000000,124.000000
135.500000,28.000000,41.000000,124.000000
135.500000,28.000000,41.000000,124.000000
135.500000,28.000000,41.000000,124.000000
135.500000,28.000000,41.000000,124.000000
135.500000,28.000000,41.000000,124.000000
135.500000,28.000000,41.000000,124.000000
135.500000,28.000000,41.000000,124.000000
135.500000,28.000000,41.000000,124.000000
135.500000,28.000000,41.000000,124.000000
135.500000,28.000000,41.000000,124.000000
135.500000,28.000000,41.000000,124.000000
135.500000,28.000000,41.000000,124.000000
135.500000,28.000000,41.000000,124.000000
135.500000,28.000000,41.000000,124.000000
135.500000,28.000000,41.000000,124.000000
135.500000,28.000000,41.000000,124.000000
135.500000,28.000000,41.000000,124.000000
135.500000,28.000000,41.000000,124.000000
135.500000,28.000000,41.000000,124.000000
135.500000,28.000000,41.000000,124.000000
135.500000,28.000000,41.000000,124.000000
135.500000,28.000000,41.000000,124.000000
135.500000,28.000000,41.000000,124.000000
135.500000,28.000000,41.000000,124.000000
135.500000,28.000000,41.000000,124.000000
135.500000,28.000000,41.000000,124.000000
135.500000,28.000000,41.000000,124.000000
135.500000,28.000000,41.000000,124.000000
135.500000,28.000000,41.000000,124.000000
135.500000,28.000000,41.000000,124.000000
135.500000,28.000000,41.000000,124.000000
135.500000,28.000000,41.000000,124.000000
135.500000,28.000000,41.000000,124.000000
135.500000,28.000000,41.000000,124.000000
135.500000,28.000000,41.000000,124.000000
135.500000,28.000000,41.000000,124.000000
135.500000,28.000000,41.000000,124.000000
135.500000,28.000000,41.000000,124.000000
135.500000,28.000000,41.000000,124.000000
114.500000,45.000000,41.000000,124.000000
114.500000,45.000000,41.000000,124.000000
114.500000,45.000000,41.000000,124.000000
98.500000,40.000000,41.000000,124.000000
98.500000,40.000000,41.000000,124.000000
98.500000,40.000000,41.000000,124.000000
98.500000,40.000000,41.000000,124.000000
98.500000,40.000000,41.000000,124.000000
98.500000,40.000000,41.000000,124.000000
98.500000,40.000000,41.000000,124.000000
98.500000,40.000000,41.000000,124.000000
98.500000,40.000000,41.000000,124.000000
98.500000,40.000000,41.000000,124.000000
98.500000,40.000000,41.000000,124.000000
98.500000,40.000000,41.000000,124.000000
98.500000,40.000000,41.000000,124.000000
98.500000,40.000000,41.000000,124.000000
98.500000,40.000000,41.000000,124.000000
98.500000,40.000000,41.000000,124.000000
98.500000,40.000000,41.000000,124.000000
98.500000,40.000000,41.000000,124.000000
98.500000,40.000000,41.000000,124.000000
124.500000,34.000000,41.000000,124.000000
124.500000,34.000000,41.000000,124.000000
124.500000,34.000000,41.000000,124.000000
124.500000,34.000000,41.000000,124.000000
124.500000,34.000000,41.000000,124.000000
124.500000,34.000000,41.000000,124.000000
124.500000,34.000000,41.000000,124.000000
124.500000,34.000000,41.000000,124.000000
124.500000,34.000000,41.000000,124.000000
124.500000,34.000000,41.000000,124.000000
124.500000,34.000000,41.000000,124.000000
124.500000,34.000000,41.000000,124.000000
124.500000,34.000000,41.000000,124.000000
124.500000,34.000000,41.000000,124.000000
124.500000,34.000000,41.000000,124.000000
124.500000,34.000000,41.000000,124.000000
124.500000,34.000000,41.000000,124.000000
124.500000,34.000000,41.000000,124.000000
124.500000,34.000000,41.000000,124.000000
124.500000,34.000000,41.000000,124.000000
124.500000,34.000000,41.000000,124.000000
124.500000,34.000000,41.000000,124.000000
124.500000,34.000000,41.000000,124.000000
124.500000,34.000000,41.000000,124.000000
143.500000,33.000000,41.000000,124.000000
143.500000,33.000000,41.000000,124.000000
143.500000,33.000000,41.000000,124.000000
143.500000,33.000000,41.000000,124.000000
143.500000,33.000000,41.000000,124.000000
143.500000,33.000000,41.000000,124.000000
143.500000,33.000000,41.000000,124.000000
143.500000,33.000000,41.000000,124.000000
143.500000,33.000000,41.000000,124.000000
143.500000,33.000000,41.000000,124.000000
143.500000,33.000000,41.000000,124.000000
143.500000,33.000000,41.000000,124.000000
143.500000,33.000000,41.000000,124.000000
143.500000,33.000000,41.000000,124.000000
129.500000,48.000000,41.000000,124.000000
129.500000,48.000000,41.000000,124.000000
129.500000,48.000000,41.000000,124.000000
129.500000,48.000000,41.000000,124.000000
129.500000,48.000000,41.000000,124.000000
129.500000,48.000000,41.000000,124.000000
129.500000,48.000000,41.000000,124.000000
152.500000,26.000000,41.000000,124.000000
152.500000,26.000000,41.000000,124.000000
152.500000,26.000000,41.000000,124.000000
152.500000,26.000000,41.000000,124.000000
152.500000,26.000000,41.000000,124.000000
152.500000,26.000000,41.000000,124.000000
152.500000,26.000000,41.000000,124.000000
152.500000,26.000000,41.000000,124.000000
152.500000,26.000000,41.000000,124.000000
152.500000,26.000000,41.000000,124.000000
152.500000,26.000000,41.000000,124.000000
152.500000,26.000000,41.000000,124.000000
152.500000,26.000000,41.000000,124.000000
152.500000,26.000000,41.000000,124.000000
152.500000,26.000000,41.000000,124.000000
152.500000,26.000000,41.000000,124.000000
152.500000,26.000000,41.000000,124.000000
152.500000,26.000000,41.000000,124.000000
152.500000,26.000000,41.000000,124.000000
152.500000,26.000000,41.000000,124.000000
152.500000,26.000000,41.000000,124.000000
152.500000,26.000000,41.000000,124.000000
152.500000,26.000000,41.000000,124.000000
152.500000,26.000000,41.000000,124.000000
152.500000,26.000000,41.000000,124.000000
152.500000,26.000000,41.000000,124.000000
152.500000,26.000000,41.000000,124.000000
152.500000,26.000000,41.000000,124.000000
152.500000,26.000000,41.000000,124.000000
152.500000,26.000000,41.000000,124.000000
152.500000,26.000000,41.000000,124.000000
152.500000,26.000000,41.000000,124.000000
152.500000,26.000000,41.000000,124.000000
152.500000,26.000000,41.000000,124.000000
186.500000,5.000000,41.000000,124.000000
186.500000,5.000000,41.000000,124.000000
169.500000,50.000000,41.000000,124.000000
169.500000,50.000000,41.000000,124.000000
142.500000,0.000000,41.000000,124.000000
142.500000,0.000000,41.000000,124.000000
142.500000,0.000000,41.000000,124.000000
142.500000,0.000000,41.000000,124.000000
142.500000,0.000000,41.000000,124.000000
142.500000,0.000000,41.000000,124.000000
142.500000,0.000000,41.000000,124.000000
142.500000,0.000000,41.000000,124.000000
142.500000,0.000000,41.000000,124.000000
142.500000,0.000000,41.000000,124.000000
142.500000,0.000000,41.000000,124.000000
142.500000,0.000000,41.000000,124.000000
2
0
0
0
0
1
171.190002,60.610001,38.860001,71.520004
171.190002,60.610001,38.860001,71.520004
171.190002,60.610001,38.860001,71.520004
171.190002,60.610001,38.860001,71.520004
171.190002,60.610001,38.860001,71.520004
