1
135.500000,28.000000,41.000000,124.000000
135.500000,28.000000,41.000000,124.000000
135.500000,28.000000,41.000000,124.000000
135.500000,28.000000,41.000000,124.000000
135.500000,28.000000,41.000000,124.000000
135.500000,28.000000,41.000000,124.000000
135.500000,28.000000,41.000000,124.000000
135.500000,28.000000,41.000000,124.000000
135.500000,28.000000,41.000000,124.000000
135.500000,28.000000,41.000000,124.000000
135.500000,28.000000,41.000000,124.000000
135.500000,28.000000,41.000000,124.000000
135.500000,28.000000,41.000000,124.000000
135.500000,28.000000,41.000000,124.000000
135.500000,28.000000,41.000000,124.000000
135.500000,28.000000,41.000000,124.000000
135.500000,28.000000,41.000000,124.000000
135.500000,28.000000,41.000000,124.000000
135.500000,28.000000,41.000000,124.000000
135.500000,28.000000,41.000000,124.000000
135.500000,28.000000,41.000000,124.000000
135.500000,28.000000,41.000000,124.000000
135.500000,28.000000,41.000000,124.000000
135.500000,28.000000,41.000000,124.000000
135.500000,28.000000,41.000000,124.000000
135.500000,28.000000,41.000000,124.000000
135.500000,28.000000,41.000000,124.000000
135.500000,28.000000,41.000000,124.000000
135.500000,28.000000,41.000000,124.000000
135.500000,28.000000,41.000000,124.000000
135.500000,28.000000,41.000000,124.000000
135.500000,28.000000,41.000000,124.000000
135.500000,28.000000,41.000000,124.000000
135.500000,28.000000,41.000000,124.000000
135.500000,28.000000,41.000000,124.000000
135.500000,28.000000,41.000000,124.000000
135.500000,28.000000,41.000000,124.000000
135.500000,28.000000,41.000000,124.000000
135.500000,28.000000,41.000000,124.000000
135.500000,28.000000,41.000000,124.000000
135.500000,28.000000,41.000000,124.000000
135.500000,28.000000,41.000000,124.000000
135.500000,28.000000,41.000000,124.000000
135.500000,28.000000,41.000000,124.000000
135.500000,28.000000,41.000000,124.000000
135.500000,28.000000,41.000000,124.000000
135.500000,28.000000,41.000000,124.000000
135.500000,28.000000,41.000000,124.000000
135.500000,28.000000,41.000000,124.000000
135.500000,28.000000,41.000000,124.000000
135.500000,28.000000,41.000000,124.000000
135.500000,28.000000,41.000000,124.000000
135.500000,28.000000,41.000000,124.000000
135.500000,28.000000,41.000000,124.000000
135.500000,28.000000,41.000000,124.000000
135.500000,28.000000,41.000000,124.000000
135.500000,28.000000,41.000000,124.000000
135.500000,28.000000,41.000000,124.000000
135.500000,28.000000,41.000000,124.000000
135.500000,28.000000,41.000000,124.000000
135.500000,28.000000,41.000000,124.000000
135.500000,28.000000,41.000000,124.000000
135.500000,28.000000,41.000000,124.000000
135.500000,28.000000,41.000000,124.000000
135.500000,28.000000,41.000000,124.000000
135.500000,28.000000,41.000000,124.000000
135.500000,28.000000,41.000000,124.000000
135.500000,28.000000,41.000000,124.000000
135.500000,28.000000,41.000000,124.000000
135.500000,28.000000,41.000000,124.000000
135.500000,28.000000,41.000000,124.000000
135.500000,28.000000,41.000000,124.000000
135.500000,28.000000,41.000000,124.000000
135.500000,28.000000,41.000000,124.000000
135.500000,28.000000,41.000000,124.000000
135.500000,28.000000,41.000000,124.000000
135.500000,28.000000,41.000000,124.000000
135.500000,28.000000,41.000000,124.000000
124.500000,40.000000,41.000000,124.000000
124.500000,40.000000,41.000000,124.000000
124.500000,40.000000,41.000000,124.000000
103.500000,40.000000,41.000000,124.000000
103.500000,40.000000,41.000000,124.000000
103.500000,40.000000,41.000000,124.000000
103.500000,40.000000,41.000000,124.000000
103.500000,40.000000,41.000000,124.000000
103.500000,40.000000,41.000000,124.000000
103.500000,40.000000,41.000000,124.000000
103.500000,40.000000,41.000000,124.000000
103.500000,40.000000,41.000000,124.000000
103.500000,40.000000,41.000000,124.000000
103.500000,40.000000,41.000000,124.000000
103.500000,40.000000,41.000000,124.000000
118.500000,30.000000,41.000000,124.000000
118.500000,30.000000,41.000000,124.000000
118.500000,30.000000,41.000000,124.000000
118.500000,30.000000,41.000000,124.000000
118.500000,30.000000,41.000000,124.000000
118.500000,30.000000,41.000000,124.000000
118.500000,30.000000,41.000000,124.000000
118.500000,30.000000,41.000000,124.000000
118.500000,30.000000,41.000000,124.000000
118.500000,30.000000,41.000000,124.000000
118.500000,30.000000,41.000000,124.000000
118.500000,30.000000,41.000000,124.000000
118.500000,30.000000,41.000000,124.000000
118.500000,30.000000,41.000000,124.000000
118.500000,30.000000,41.000000,124.000000
118.500000,30.000000,41.000000,124.000000
140.500000,43.000000,41.000000,124.000000
140.500000,43.000000,41.000000,124.000000
140.500000,43.000000,41.000000,124.000000
140.500000,43.000000,41.000000,124.000000
140.500000,43.000000,41.000000,124.000000
140.500000,43.000000,41.000000,124.000000
140.500000,43.000000,41.000000,124.000000
140.500000,43.000000,41.000000,124.000000
140.500000,43.000000,41.000000,124.000000
140.500000,43.000000,41.000000,124.000000
140.500000,43.000000,41.000000,124.000000
140.500000,43.000000,41.000000,124.000000
140.500000,43.000000,41.000000,124.000000
140.500000,43.000000,41.000000,124.000000
140.500000,43.000000,41.000000,124.000000
140.500000,43.000000,41.000000,124.000000
140.500000,43.000000,41.000000,124.000000
140.500000,43.000000,41.000000,124.000000
140.500000,43.000000,41.000000,124.000000
140.500000,43.000000,41.000000,124.000000
140.500000,43.000000,41.000000,124.000000
140.500000,43.000000,41.000000,124.000000
140.500000,43.000000,41.000000,124.000000
140.500000,43.000000,41.000000,124.000000
140.500000,43.000000,41.000000,124.000000
140.500000,43.000000,41.000000,124.000000
140.500000,43.000000,41.000000,124.000000
140.500000,43.000000,41.000000,124.000000
140.500000,43.000000,41.000000,124.000000
140.500000,43.000000,41.000000,124.000000
140.500000,43.000000,41.000000,124.000000
140.500000,43.000000,41.000000,124.000000
140.500000,43.000000,41.000000,124.000000
140.500000,43.000000,41.000000,124.000000
140.500000,43.000000,41.000000,124.000000
140.500000,43.000000,41.000000,124.000000
140.500000,43.000000,41.000000,124.000000
140.500000,43.000000,41.000000,124.000000
140.500000,43.000000,41.000000,124.000000
140.500000,43.000000,41.000000,124.000000
140.500000,43.000000,41.000000,124.000000
140.500000,43.000000,41.000000,124.000000
140.500000,43.000000,41.000000,124.000000
140.500000,43.000000,41.000000,124.000000
140.500000,43.000000,41.000000,124.000000
140.500000,43.000000,41.000000,124.000000
140.500000,43.000000,41.000000,124.000000
140.500000,43.000000,41.000000,124.000000
140.500000,43.000000,41.000000,124.000000
140.500000,43.000000,41.000000,124.000000
140.500000,43.000000,41.000000,124.000000
140.500000,43.000000,41.000000,124.000000
140.500000,43.000000,41.000000,124.000000
140.500000,43.000000,41.000000,124.000000
140.500000,43.000000,41.000000,124.000000
140.500000,43.000000,41.000000,124.000000
140.500000,43.000000,41.000000,124.000000
140.500000,43.000000,41.000000,124.000000
140.500000,43.000000,41.000000,124.000000
140.500000,43.000000,41.000000,124.000000
140.500000,43.000000,41.000000,124.000000
140.500000,43.000000,41.000000,124.000000
140.500000,43.000000,41.000000,124.000000
140.500000,43.000000,41.000000,124.000000
140.500000,43.000000,41.000000,124.000000
140.500000,43.000000,41.000000,124.000000
140.500000,43.000000,41.000000,124.000000
140.500000,43.000000,41.000000,124.000000
140.500000,43.000000,41.000000,124.000000
140.500000,43.000000,41.000000,124.000000
140.500000,43.000000,41.000000,124.000000
140.500000,43.000000,41.000000,124.000000
140.500000,43.000000,41.000000,124.000000
140.500000,43.000000,41.000000,124.000000
140.500000,43.000000,41.000000,124.000000
140.500000,43.000000,41.000000,124.000000
140.500000,43.000000,41.000000,124.000000
140.500000,43.000000,41.000000,124.000000
140.500000,43.000000,41.000000,124.000000
140.500000,43.000000,41.000000,124.000000
140.500000,43.000000,41.000000,124.000000
140.500000,43.000000,41.000000,124.000000
140.500000,43.000000,41.000000,124.000000
140.500000,43.000000,41.000000,124.000000
140.500000,43.000000,41.000000,124.000000
140.500000,43.000000,41.000000,124.000000
140.500000,43.000000,41.000000,124.000000
140.500000,43.000000,41.000000,124.000000
140.500000,43.000000,41.000000,124.000000
140.500000,43.000000,41.000000,124.000000
140.500000,43.000000,41.000000,124.000000
140.500000,43.000000,41.000000,124.000000
140.500000,43.000000,41.000000,124.000000
140.500000,43.000000,41.000000,124.000000
140.500000,43.000000,41.000000,124.000000
140.500000,43.000000,41.000000,124.000000
140.500000,43.000000,41.000000,124.000000
