1
135.500000,28.000000,41.000000,124.000000
135.500000,28.000000,41.000000,124.000000
135.500000,28.000000,41.000000,124.000000
135.500000,28.000000,41.000000,124.000000
135.500000,28.000000,41.000000,124.000000
135.500000,28.000000,41.000000,124.000000
135.500000,28.000000,41.000000,124.000000
135.500000,28.000000,41.000000,124.000000
135.500000,28.000000,41.000000,124.000000
135.500000,28.000000,41.000000,124.000000
135.500000,28.000000,41.000000,124.000000
135.500000,28.000000,41.000000,124.000000
135.500000,28.000000,41.000000,124.000000
135.500000,28.000000,41.000000,124.000000
135.500000,28.000000,41.000000,124.000000
135.500000,28.000000,41.000000,124.000000
135.500000,28.000000,41.000000,124.000000
135.500000,28.000000,41.000000,124.000000
135.500000,28.000000,41.000000,124.000000
135.500000,28.000000,41.000000,124.000000
135.500000,28.000000,41.000000,124.000000
135.500000,28.000000,41.000000,124.000000
135.500000,28.000000,41.000000,124.000000
135.500000,28.000000,41.000000,124.000000
135.500000,28.000000,41.000000,124.000000
135.500000,28.000000,41.000000,124.000000
135.500000,28.000000,41.000000,124.000000
135.500000,28.000000,41.000000,124.000000
135.500000,28.000000,41.000000,124.000000
135.500000,28.000000,41.000000,124.000000
135.500000,28.000000,41.000000,124.000000
135.500000,28.000000,41.000000,124.000000
135.500000,28.000000,41.000000,124.000000
135.500000,28.000000,41.000000,124.000000
135.500000,28.000000,41.000000,124.000000
135.500000,28.000000,41.000000,124.000000
135.500000,28.000000,41.000000,124.000000
135.500000,28.000000,41.000000,124.000000
135.500000,28.000000,41.000000,124.000000
135.500000,28.000000,41.000000,124.000000
135.500000,28.000000,41.000000,124.000000
135.500000,28.000000,41.000000,124.000000
135.500000,28.000000,41.000000,124.000000
135.500000,28.000000,41.000000,124.000000
135.500000,28.000000,41.000000,124.000000
135.500000,28.000000,41.000000,124.000000
135.500000,28.000000,41.000000,124.000000
135.500000,28.000000,41.000000,124.000000
135.500000,28.000000,41.000000,124.000000
135.500000,28.000000,41.000000,124.000000
135.500000,28.000000,41.000000,124.000000
135.500000,28.000000,41.000000,124.000000
135.500000,28.000000,41.000000,124.000000
135.500000,28.000000,41.000000,124.000000
135.500000,28.000000,41.000000,124.000000
135.500000,28.000000,41.000000,124.000000
135.500000,28.000000,41.000000,124.000000
135.500000,28.000000,41.000000,124.000000
135.500000,28.000000,41.000000,124.000000
135.500000,28.000000,41.000000,124.000000
135.500000,28.000000,41.000000,124.000000
135.500000,28.000000,41.000000,124.000000
135.500000,28.000000,41.000000,124.000000
135.500000,28.000000,41.000000,124.000000
135.500000,28.000000,41.000000,124.000000
135.500000,28.000000,41.000000,124.000000
135.500000,28.000000,41.000000,124.000000
135.500000,28.000000,41.000000,124.000000
135.500000,28.000000,41.000000,124.000000
135.500000,28.000000,41.000000,124.000000
135.500000,28.000000,41.000000,124.000000
135.500000,28.000000,41.000000,124.000000
135.500000,28.000000,41.000000,124.000000
135.500000,28.000000,41.000000,124.000000
135.500000,28.000000,41.000000,124.000000
135.500000,28.000000,41.000000,124.000000
135.500000,28.000000,41.000000,124.000000
135.500000,28.000000,41.000000,124.000000
114.500000,40.000000,41.000000,124.000000
114.500000,40.000000,41.000000,124.000000
114.500000,40.000000,41.000000,124.000000
98.500000,40.000000,41.000000,124.000000
98.500000,40.000000,41.000000,124.000000
98.500000,40.000000,41.000000,124.000000
98.500000,40.000000,41.000000,124.000000
98.500000,40.000000,41.000000,124.000000
98.500000,40.000000,41.000000,124.000000
98.500000,40.000000,41.000000,124.000000
98.500000,40.000000,41.000000,124.000000
98.500000,40.000000,41.000000,124.000000
98.500000,40.000000,41.000000,124.000000
98.500000,40.000000,41.000000,124.000000
98.500000,40.000000,41.000000,124.000000
98.500000,40.000000,41.000000,124.000000
98.500000,40.000000,41.000000,124.000000
98.500000,40.000000,41.000000,124.000000
98.500000,40.000000,41.000000,124.000000
98.500000,40.000000,41.000000,124.000000
98.500000,40.000000,41.000000,124.000000
98.500000,40.000000,41.000000,124.000000
126.500000,42.000000,41.000000,124.000000
126.500000,42.000000,41.000000,124.000000
126.500000,42.000000,41.000000,124.000000
126.500000,42.000000,41.000000,124.000000
126.500000,42.000000,41.000000,124.000000
126.500000,42.000000,41.000000,124.000000
126.500000,42.000000,41.000000,124.000000
126.500000,42.000000,41.000000,124.000000
126.500000,42.000000,41.000000,124.000000
126.500000,42.000000,41.000000,124.000000
126.500000,42.000000,41.000000,124.000000
126.500000,42.000000,41.000000,124.000000
126.500000,42.000000,41.000000,124.000000
126.500000,42.000000,41.000000,124.000000
126.500000,42.000000,41.000000,124.000000
126.500000,42.000000,41.000000,124.000000
126.500000,42.000000,41.000000,124.000000
126.500000,42.000000,41.000000,124.000000
126.500000,42.000000,41.000000,124.000000
126.500000,42.000000,41.000000,124.000000
126.500000,42.000000,41.000000,124.000000
126.500000,42.000000,41.000000,124.000000
126.500000,42.000000,41.000000,124.000000
126.500000,42.000000,41.000000,124.000000
126.500000,42.000000,41.000000,124.000000
126.500000,42.000000,41.000000,124.000000
144.500000,35.000000,41.000000,124.000000
144.500000,35.000000,41.000000,124.000000
144.500000,35.000000,41.000000,124.000000
144.500000,35.000000,41.000000,124.000000
144.500000,35.000000,41.000000,124.000000
144.500000,35.000000,41.000000,124.000000
144.500000,35.000000,41.000000,124.000000
144.500000,35.000000,41.000000,124.000000
144.500000,35.000000,41.000000,124.000000
144.500000,35.000000,41.000000,124.000000
144.500000,35.000000,41.000000,124.000000
144.500000,35.000000,41.000000,124.000000
144.500000,35.000000,41.000000,124.000000
123.500000,30.000000,41.000000,124.000000
123.500000,30.000000,41.000000,124.000000
123.500000,30.000000,41.000000,124.000000
123.500000,30.000000,41.000000,124.000000
123.500000,30.000000,41.000000,124.000000
123.500000,30.000000,41.000000,124.000000
142.500000,25.000000,41.000000,124.000000
142.500000,25.000000,41.000000,124.000000
142.500000,25.000000,41.000000,124.000000
142.500000,25.000000,41.000000,124.000000
142.500000,25.000000,41.000000,124.000000
142.500000,25.000000,41.000000,124.000000
142.500000,25.000000,41.000000,124.000000
142.500000,25.000000,41.000000,124.000000
142.500000,25.000000,41.000000,124.000000
142.500000,25.000000,41.000000,124.000000
2
0
0
0
0
1
95.699997,46.310001,117.430008,105.449997
95.699997,46.310001,117.430008,105.449997
95.699997,46.310001,117.430008,105.449997
95.699997,46.310001,117.430008,105.449997
95.699997,46.310001,117.430008,105.449997
95.699997,46.310001,117.430008,105.449997
95.699997,46.310001,117.430008,105.449997
95.699997,46.310001,117.430008,105.449997
95.699997,46.310001,117.430008,105.449997
95.699997,46.310001,117.430008,105.449997
95.699997,46.310001,117.430008,105.449997
95.699997,46.310001,117.430008,105.449997
95.699997,46.310001,117.430008,105.449997
95.699997,46.310001,117.430008,105.449997
95.699997,46.310001,117.430008,105.449997
95.699997,46.310001,117.430008,105.449997
95.699997,46.310001,117.430008,105.449997
95.699997,46.310001,117.430008,105.449997
95.699997,46.310001,117.430008,105.449997
95.699997,46.310001,117.430008,105.449997
95.699997,46.310001,117.430008,105.449997
95.699997,46.310001,117.430008,105.449997
95.699997,46.310001,117.430008,105.449997
95.699997,46.310001,117.430008,105.449997
95.699997,46.310001,117.430008,105.449997
95.699997,46.310001,117.430008,105.449997
95.699997,46.310001,117.430008,105.449997
95.699997,46.310001,117.430008,105.449997
95.699997,46.310001,117.430008,105.449997
95.699997,46.310001,117.430008,105.449997
95.699997,46.310001,117.430008,105.449997
95.699997,46.310001,117.430008,105.449997
95.699997,46.310001,117.430008,105.449997
95.699997,46.310001,117.430008,105.449997
95.699997,46.310001,117.430008,105.449997
95.699997,46.310001,117.430008,105.449997
95.699997,46.310001,117.430008,105.449997
95.699997,46.310001,117.430008,105.449997
95.699997,46.310001,117.430008,105.449997
95.699997,46.310001,117.430008,105.449997
95.699997,46.310001,117.430008,105.449997
95.699997,46.310001,117.430008,105.449997
95.699997,46.310001,117.430008,105.449997
95.699997,46.310001,117.430008,105.449997
95.699997,46.310001,117.430008,105.449997
