1
159.979996,183.429993,34.190002,83.670013
159.979996,183.429993,34.190002,83.670013
159.979996,183.429993,34.190002,83.670013
159.979996,183.429993,34.190002,83.670013
159.979996,183.429993,34.190002,83.670013
159.979996,183.429993,34.190002,83.670013
159.979996,183.429993,34.190002,83.670013
159.979996,183.429993,34.190002,83.670013
159.979996,183.429993,34.190002,83.670013
159.979996,183.429993,34.190002,83.670013
159.979996,183.429993,34.190002,83.670013
159.979996,183.429993,34.190002,83.670013
159.979996,183.429993,34.190002,83.670013
159.979996,183.429993,34.190002,83.670013
159.979996,183.429993,34.190002,83.670013
159.979996,183.429993,34.190002,83.670013
159.979996,183.429993,34.190002,83.670013
159.979996,183.429993,34.190002,83.670013
146.904999,228.164993,34.190002,83.670013
146.904999,228.164993,34.190002,83.670013
146.904999,228.164993,34.190002,83.670013
146.904999,228.164993,34.190002,83.670013
146.904999,228.164993,34.190002,83.670013
161.904999,233.164993,34.190002,83.670013
161.904999,233.164993,34.190002,83.670013
161.904999,233.164993,34.190002,83.670013
161.904999,233.164993,34.190002,83.670013
161.904999,233.164993,34.190002,83.670013
161.904999,233.164993,34.190002,83.670013
161.904999,233.164993,34.190002,83.670013
147.904999,225.164993,34.190002,83.670013
147.904999,225.164993,34.190002,83.670013
147.904999,225.164993,34.190002,83.670013
147.904999,225.164993,34.190002,83.670013
147.904999,225.164993,34.190002,83.670013
147.904999,225.164993,34.190002,83.670013
147.904999,225.164993,34.190002,83.670013
147.904999,225.164993,34.190002,83.670013
147.904999,225.164993,34.190002,83.670013
147.904999,225.164993,34.190002,83.670013
147.904999,225.164993,34.190002,83.670013
147.904999,225.164993,34.190002,83.670013
147.904999,225.164993,34.190002,83.670013
147.904999,225.164993,34.190002,83.670013
147.904999,225.164993,34.190002,83.670013
147.904999,225.164993,34.190002,83.670013
147.904999,225.164993,34.190002,83.670013
147.904999,225.164993,34.190002,83.670013
147.904999,225.164993,34.190002,83.670013
147.904999,225.164993,34.190002,83.670013
147.904999,225.164993,34.190002,83.670013
147.904999,225.164993,34.190002,83.670013
147.904999,225.164993,34.190002,83.670013
147.904999,225.164993,34.190002,83.670013
147.904999,225.164993,34.190002,83.670013
147.904999,225.164993,34.190002,83.670013
147.904999,225.164993,34.190002,83.670013
147.904999,225.164993,34.190002,83.670013
147.904999,225.164993,34.190002,83.670013
147.904999,225.164993,34.190002,83.670013
147.904999,225.164993,34.190002,83.670013
147.904999,225.164993,34.190002,83.670013
147.904999,225.164993,34.190002,83.670013
147.904999,225.164993,34.190002,83.670013
147.904999,225.164993,34.190002,83.670013
147.904999,225.164993,34.190002,83.670013
147.904999,225.164993,34.190002,83.670013
147.904999,225.164993,34.190002,83.670013
147.904999,225.164993,34.190002,83.670013
147.904999,225.164993,34.190002,83.670013
147.904999,225.164993,34.190002,83.670013
147.904999,225.164993,34.190002,83.670013
147.904999,225.164993,34.190002,83.670013
147.904999,225.164993,34.190002,83.670013
147.904999,225.164993,34.190002,83.670013
147.904999,225.164993,34.190002,83.670013
147.904999,225.164993,34.190002,83.670013
147.904999,225.164993,34.190002,83.670013
147.904999,225.164993,34.190002,83.670013
147.904999,225.164993,34.190002,83.670013
147.904999,225.164993,34.190002,83.670013
147.904999,225.164993,34.190002,83.670013
147.904999,225.164993,34.190002,83.670013
147.904999,225.164993,34.190002,83.670013
147.904999,225.164993,34.190002,83.670013
147.904999,225.164993,34.190002,83.670013
2
0
0
0
0
1
186.899994,171.460007,51.800003,106.999985
186.899994,171.460007,51.800003,106.999985
186.899994,171.460007,51.800003,106.999985
186.899994,171.460007,51.800003,106.999985
186.899994,171.460007,51.800003,106.999985
186.899994,171.460007,51.800003,106.999985
186.899994,171.460007,51.800003,106.999985
186.899994,171.460007,51.800003,106.999985
186.899994,171.460007,51.800003,106.999985
186.899994,171.460007,51.800003,106.999985
186.899994,171.460007,51.800003,106.999985
186.899994,171.460007,51.800003,106.999985
186.899994,171.460007,51.800003,106.999985
186.899994,171.460007,51.800003,106.999985
186.899994,171.460007,51.800003,106.999985
186.899994,171.460007,51.800003,106.999985
186.899994,171.460007,51.800003,106.999985
186.899994,171.460007,51.800003,106.999985
186.899994,171.460007,51.800003,106.999985
186.899994,171.460007,51.800003,106.999985
186.899994,171.460007,51.800003,106.999985
186.899994,171.460007,51.800003,106.999985
186.899994,171.460007,51.800003,106.999985
186.899994,171.460007,51.800003,106.999985
186.899994,171.460007,51.800003,106.999985
186.899994,171.460007,51.800003,106.999985
186.899994,171.460007,51.800003,106.999985
186.899994,171.460007,51.800003,106.999985
186.899994,171.460007,51.800003,106.999985
186.899994,171.460007,51.800003,106.999985
186.899994,171.460007,51.800003,106.999985
186.899994,171.460007,51.800003,106.999985
186.899994,171.460007,51.800003,106.999985
186.899994,171.460007,51.800003,106.999985
186.899994,171.460007,51.800003,106.999985
186.899994,171.460007,51.800003,106.999985
186.899994,171.460007,51.800003,106.999985
186.899994,171.460007,51.800003,106.999985
186.899994,171.460007,51.800003,106.999985
186.899994,171.460007,51.800003,106.999985
186.100006,170.500000,51.800003,106.999985
186.100006,170.500000,51.800003,106.999985
186.100006,170.500000,51.800003,106.999985
186.100006,170.500000,51.800003,106.999985
186.100006,170.500000,51.800003,106.999985
186.100006,170.500000,51.800003,106.999985
186.100006,170.500000,51.800003,106.999985
186.100006,170.500000,51.800003,106.999985
186.100006,170.500000,51.800003,106.999985
186.100006,170.500000,51.800003,106.999985
186.100006,170.500000,51.800003,106.999985
186.100006,170.500000,51.800003,106.999985
186.100006,170.500000,51.800003,106.999985
186.100006,170.500000,51.800003,106.999985
186.100006,170.500000,51.800003,106.999985
186.100006,170.500000,51.800003,106.999985
186.100006,170.500000,51.800003,106.999985
186.100006,170.500000,51.800003,106.999985
186.100006,170.500000,51.800003,106.999985
186.100006,170.500000,51.800003,106.999985
186.100006,170.500000,51.800003,106.999985
186.100006,170.500000,51.800003,106.999985
186.100006,170.500000,51.800003,106.999985
186.100006,170.500000,51.800003,106.999985
186.100006,170.500000,51.800003,106.999985
186.100006,170.500000,51.800003,106.999985
186.100006,170.500000,51.800003,106.999985
186.100006,170.500000,51.800003,106.999985
186.100006,170.500000,51.800003,106.999985
186.100006,170.500000,51.800003,106.999985
186.100006,170.500000,51.800003,106.999985
186.100006,170.500000,51.800003,106.999985
186.100006,170.500000,51.800003,106.999985
186.100006,170.500000,51.800003,106.999985
186.100006,170.500000,51.800003,106.999985
186.100006,170.500000,51.800003,106.999985
186.100006,170.500000,51.800003,106.999985
186.100006,170.500000,51.800003,106.999985
186.100006,170.500000,51.800003,106.999985
186.100006,170.500000,51.800003,106.999985
186.100006,170.500000,51.800003,106.999985
186.100006,170.500000,51.800003,106.999985
186.100006,170.500000,51.800003,106.999985
186.100006,170.500000,51.800003,106.999985
186.100006,170.500000,51.800003,106.999985
186.100006,170.500000,51.800003,106.999985
186.100006,170.500000,51.800003,106.999985
186.100006,170.500000,51.800003,106.999985
186.100006,170.500000,51.800003,106.999985
186.100006,170.500000,51.800003,106.999985
186.100006,170.500000,51.800003,106.999985
186.100006,170.500000,51.800003,106.999985
186.100006,170.500000,51.800003,106.999985
186.100006,170.500000,51.800003,106.999985
186.100006,170.500000,51.800003,106.999985
186.100006,170.500000,51.800003,106.999985
186.100006,170.500000,51.800003,106.999985
186.100006,170.500000,51.800003,106.999985
186.100006,170.500000,51.800003,106.999985
186.100006,170.500000,51.800003,106.999985
186.100006,170.500000,51.800003,106.999985
186.100006,170.500000,51.800003,106.999985
186.100006,170.500000,51.800003,106.999985
186.100006,170.500000,51.800003,106.999985
186.100006,170.500000,51.800003,106.999985
186.100006,170.500000,51.800003,106.999985
186.100006,170.500000,51.800003,106.999985
186.100006,170.500000,51.800003,106.999985
186.100006,170.500000,51.800003,106.999985
186.100006,170.500000,51.800003,106.999985
186.100006,170.500000,51.800003,106.999985
186.100006,170.500000,51.800003,106.999985
186.100006,170.500000,51.800003,106.999985
186.100006,170.500000,51.800003,106.999985
186.100006,170.500000,51.800003,106.999985
186.100006,170.500000,51.800003,106.999985
186.100006,170.500000,51.800003,106.999985
186.100006,170.500000,51.800003,106.999985
186.100006,170.500000,51.800003,106.999985
186.100006,170.500000,51.800003,106.999985
186.100006,170.500000,51.800003,106.999985
186.100006,170.500000,51.800003,106.999985
186.100006,170.500000,51.800003,106.999985
186.100006,170.500000,51.800003,106.999985
186.100006,170.500000,51.800003,106.999985
186.100006,170.500000,51.800003,106.999985
186.100006,170.500000,51.800003,106.999985
186.100006,170.500000,51.800003,106.999985
186.100006,170.500000,51.800003,106.999985
186.100006,170.500000,51.800003,106.999985
186.100006,170.500000,51.800003,106.999985
186.100006,170.500000,51.800003,106.999985
186.100006,170.500000,51.800003,106.999985
186.100006,170.500000,51.800003,106.999985
186.100006,170.500000,51.800003,106.999985
186.100006,170.500000,51.800003,106.999985
186.100006,170.500000,51.800003,106.999985
186.100006,170.500000,51.800003,106.999985
186.100006,170.500000,51.800003,106.999985
186.100006,170.500000,51.800003,106.999985
186.100006,170.500000,51.800003,106.999985
186.100006,170.500000,51.800003,106.999985
186.100006,170.500000,51.800003,106.999985
186.100006,170.500000,51.800003,106.999985
186.100006,170.500000,51.800003,106.999985
186.100006,170.500000,51.800003,106.999985
186.100006,170.500000,51.800003,106.999985
186.100006,170.500000,51.800003,106.999985
186.100006,170.500000,51.800003,106.999985
186.100006,170.500000,51.800003,106.999985
186.100006,170.500000,51.800003,106.999985
186.100006,170.500000,51.800003,106.999985
186.100006,170.500000,51.800003,106.999985
186.100006,170.500000,51.800003,106.999985
186.100006,170.500000,51.800003,106.999985
186.100006,170.500000,51.800003,106.999985
186.100006,170.500000,51.800003,106.999985
186.100006,170.500000,51.800003,106.999985
186.100006,170.500000,51.800003,106.999985
186.100006,170.500000,51.800003,106.999985
186.100006,170.500000,51.800003,106.999985
186.100006,170.500000,51.800003,106.999985
186.100006,170.500000,51.800003,106.999985
186.100006,170.500000,51.800003,106.999985
186.100006,170.500000,51.800003,106.999985
186.100006,170.500000,51.800003,106.999985
186.100006,170.500000,51.800003,106.999985
186.100006,170.500000,51.800003,106.999985
186.100006,170.500000,51.800003,106.999985
186.100006,170.500000,51.800003,106.999985
186.100006,170.500000,51.800003,106.999985
186.100006,170.500000,51.800003,106.999985
186.100006,170.500000,51.800003,106.999985
186.100006,170.500000,51.800003,106.999985
186.100006,170.500000,51.800003,106.999985
186.100006,170.500000,51.800003,106.999985
186.100006,170.500000,51.800003,106.999985
186.100006,170.500000,51.800003,106.999985
186.100006,170.500000,51.800003,106.999985
186.100006,170.500000,51.800003,106.999985
186.100006,170.500000,51.800003,106.999985
186.100006,170.500000,51.800003,106.999985
186.100006,170.500000,51.800003,106.999985
186.100006,170.500000,51.800003,106.999985
186.100006,170.500000,51.800003,106.999985
186.100006,170.500000,51.800003,106.999985
186.100006,170.500000,51.800003,106.999985
186.100006,170.500000,51.800003,106.999985
186.100006,170.500000,51.800003,106.999985
186.100006,170.500000,51.800003,106.999985
186.100006,170.500000,51.800003,106.999985
186.100006,170.500000,51.800003,106.999985
186.100006,170.500000,51.800003,106.999985
186.100006,170.500000,51.800003,106.999985
186.100006,170.500000,51.800003,106.999985
186.100006,170.500000,51.800003,106.999985
186.100006,170.500000,51.800003,106.999985
186.100006,170.500000,51.800003,106.999985
186.100006,170.500000,51.800003,106.999985
186.100006,170.500000,51.800003,106.999985
186.100006,170.500000,51.800003,106.999985
186.100006,170.500000,51.800003,106.999985
186.100006,170.500000,51.800003,106.999985
186.100006,170.500000,51.800003,106.999985
186.100006,170.500000,51.800003,106.999985
186.100006,170.500000,51.800003,106.999985
186.100006,170.500000,51.800003,106.999985
186.100006,170.500000,51.800003,106.999985
186.100006,170.500000,51.800003,106.999985
186.100006,170.500000,51.800003,106.999985
186.100006,170.500000,51.800003,106.999985
186.100006,170.500000,51.800003,106.999985
186.100006,170.500000,51.800003,106.999985
2
0
0
0
0
1
228.910004,137.000000,57.320007,164.920013
228.910004,137.000000,57.320007,164.920013
228.910004,137.000000,57.320007,164.920013
228.910004,137.000000,57.320007,164.920013
228.910004,137.000000,57.320007,164.920013
228.910004,137.000000,57.320007,164.920013
228.910004,137.000000,57.320007,164.920013
228.910004,137.000000,57.320007,164.920013
228.339996,136.539993,57.320007,164.920013
228.339996,136.539993,57.320007,164.920013
228.339996,136.539993,57.320007,164.920013
228.339996,136.539993,57.320007,164.920013
228.339996,136.539993,57.320007,164.920013
228.339996,136.539993,57.320007,164.920013
228.339996,136.539993,57.320007,164.920013
228.339996,136.539993,57.320007,164.920013
228.339996,136.539993,57.320007,164.920013
228.339996,136.539993,57.320007,164.920013
228.339996,136.539993,57.320007,164.920013
228.339996,136.539993,57.320007,164.920013
228.339996,136.539993,57.320007,164.920013
228.339996,136.539993,57.320007,164.920013
228.339996,136.539993,57.320007,164.920013
228.339996,136.539993,57.320007,164.920013
228.339996,136.539993,57.320007,164.920013
228.339996,136.539993,57.320007,164.920013
228.339996,136.539993,57.320007,164.920013
228.339996,136.539993,57.320007,164.920013
228.339996,136.539993,57.320007,164.920013
228.339996,136.539993,57.320007,164.920013
228.339996,136.539993,57.320007,164.920013
228.339996,136.539993,57.320007,164.920013
228.339996,136.539993,57.320007,164.920013
228.339996,136.539993,57.320007,164.920013
228.339996,136.539993,57.320007,164.920013
228.339996,136.539993,57.320007,164.920013
228.339996,136.539993,57.320007,164.920013
228.339996,136.539993,57.320007,164.920013
228.339996,136.539993,57.320007,164.920013
228.339996,136.539993,57.320007,164.920013
228.339996,136.539993,57.320007,164.920013
228.339996,136.539993,57.320007,164.920013
228.339996,136.539993,57.320007,164.920013
228.339996,136.539993,57.320007,164.920013
228.339996,136.539993,57.320007,164.920013
228.339996,136.539993,57.320007,164.920013
228.339996,136.539993,57.320007,164.920013
228.339996,136.539993,57.320007,164.920013
228.339996,136.539993,57.320007,164.920013
228.339996,136.539993,57.320007,164.920013
228.339996,136.539993,57.320007,164.920013
228.339996,136.539993,57.320007,164.920013
228.339996,136.539993,57.320007,164.920013
2
0
0
0
0
1
288.609985,144.960007,59.070007,176.129990
288.609985,144.960007,59.070007,176.129990
288.609985,144.960007,59.070007,176.129990
288.609985,144.960007,59.070007,176.129990
288.609985,144.960007,59.070007,176.129990
288.609985,144.960007,59.070007,176.129990
288.609985,144.960007,59.070007,176.129990
288.609985,144.960007,59.070007,176.129990
288.609985,144.960007,59.070007,176.129990
288.609985,144.960007,59.070007,176.129990
288.609985,144.960007,59.070007,176.129990
288.609985,144.960007,59.070007,176.129990
288.609985,144.960007,59.070007,176.129990
288.609985,144.960007,59.070007,176.129990
288.609985,144.960007,59.070007,176.129990
288.609985,144.960007,59.070007,176.129990
288.609985,144.960007,59.070007,176.129990
288.609985,144.960007,59.070007,176.129990
288.609985,144.960007,59.070007,176.129990
288.609985,144.960007,59.070007,176.129990
288.609985,144.960007,59.070007,176.129990
288.609985,144.960007,59.070007,176.129990
288.609985,144.960007,59.070007,176.129990
288.609985,144.960007,59.070007,176.129990
288.609985,144.960007,59.070007,176.129990
288.609985,144.960007,59.070007,176.129990
288.609985,144.960007,59.070007,176.129990
288.609985,144.960007,59.070007,176.129990
288.609985,144.960007,59.070007,176.129990
