1
96.629997,58.160000,149.739990,145.679993
96.629997,58.160000,149.739990,145.679993
96.629997,58.160000,149.739990,145.679993
96.629997,58.160000,149.739990,145.679993
96.629997,58.160000,149.739990,145.679993
96.629997,58.160000,149.739990,145.679993
96.629997,58.160000,149.739990,145.679993
96.629997,58.160000,149.739990,145.679993
96.629997,58.160000,149.739990,145.679993
96.629997,58.160000,149.739990,145.679993
96.629997,58.160000,149.739990,145.679993
96.629997,58.160000,149.739990,145.679993
96.629997,58.160000,149.739990,145.679993
96.629997,58.160000,149.739990,145.679993
96.629997,58.160000,149.739990,145.679993
150.130005,59.160004,149.739990,145.679993
150.130005,59.160004,149.739990,145.679993
150.130005,59.160004,149.739990,145.679993
150.130005,59.160004,149.739990,145.679993
150.130005,59.160004,149.739990,145.679993
150.130005,59.160004,149.739990,145.679993
150.130005,59.160004,149.739990,145.679993
150.130005,59.160004,149.739990,145.679993
150.130005,59.160004,149.739990,145.679993
150.130005,59.160004,149.739990,145.679993
150.130005,59.160004,149.739990,145.679993
150.130005,59.160004,149.739990,145.679993
150.130005,59.160004,149.739990,145.679993
150.130005,59.160004,149.739990,145.679993
150.130005,59.160004,149.739990,145.679993
150.130005,59.160004,149.739990,145.679993
169.130005,14.160004,149.739990,145.679993
169.130005,14.160004,149.739990,145.679993
169.130005,14.160004,149.739990,145.679993
169.130005,14.160004,149.739990,145.679993
100.000000,0.000000,149.000000,144.000000
100.000000,0.000000,149.000000,144.000000
100.000000,0.000000,149.000000,144.000000
100.000000,0.000000,149.000000,144.000000
100.000000,0.000000,149.000000,144.000000
100.000000,0.000000,149.000000,144.000000
100.000000,0.000000,149.000000,144.000000
100.000000,0.000000,149.000000,144.000000
100.000000,0.000000,149.000000,144.000000
100.000000,0.000000,149.000000,144.000000
100.000000,0.000000,149.000000,144.000000
2
0
0
0
0
1
201.779999,191.990005,82.200012,80.839981
201.779999,191.990005,82.200012,80.839981
201.779999,191.990005,82.200012,80.839981
201.779999,191.990005,82.200012,80.839981
201.779999,191.990005,82.200012,80.839981
201.779999,191.990005,82.200012,80.839981
260.899994,241.580017,82.200012,80.839981
260.899994,241.580017,82.200012,80.839981
260.899994,241.580017,82.200012,80.839981
260.899994,241.580017,82.200012,80.839981
286.899994,207.580017,82.200012,80.839981
305.899994,236.580017,82.200012,80.839981
279.899994,205.580017,82.200012,80.839981
273.899994,234.580017,82.200012,80.839981
273.899994,234.580017,82.200012,80.839981
281.899994,197.580017,82.200012,80.839981
300.899994,156.580017,82.200012,80.839981
314.899994,190.580017,82.200012,80.839981
328.899994,169.580017,82.200012,80.839981
328.899994,169.580017,82.200012,80.839981
328.899994,169.580017,82.200012,80.839981
328.899994,169.580017,82.200012,80.839981
328.899994,169.580017,82.200012,80.839981
2
0
0
0
0
1
346.980011,0.000000,173.829987,175.930008
346.980011,0.000000,173.829987,175.930008
346.980011,0.000000,173.829987,175.930008
346.980011,0.000000,173.829987,175.930008
346.980011,0.000000,173.829987,175.930008
346.980011,0.000000,173.829987,175.930008
346.980011,0.000000,173.829987,175.930008
346.980011,0.000000,173.829987,175.930008
346.980011,0.000000,173.829987,175.930008
346.980011,0.000000,173.829987,175.930008
346.980011,0.000000,173.829987,175.930008
346.980011,0.000000,173.829987,175.930008
346.980011,0.000000,173.829987,175.930008
346.980011,0.000000,173.829987,175.930008
346.980011,0.000000,173.829987,175.930008
346.980011,0.000000,173.829987,175.930008
346.980011,0.000000,173.829987,175.930008
346.980011,0.000000,173.829987,175.930008
346.980011,0.000000,173.829987,175.930008
346.980011,0.000000,173.829987,175.930008
346.980011,0.000000,173.829987,175.930008
2
0
0
0
0
1
169.710007,44.299999,128.129990,113.869995
169.710007,44.299999,128.129990,113.869995
169.710007,44.299999,128.129990,113.869995
169.710007,44.299999,128.129990,113.869995
169.710007,44.299999,128.129990,113.869995
169.710007,44.299999,128.129990,113.869995
169.710007,44.299999,128.129990,113.869995
169.710007,44.299999,128.129990,113.869995
169.710007,44.299999,128.129990,113.869995
169.710007,44.299999,128.129990,113.869995
169.710007,44.299999,128.129990,113.869995
169.710007,44.299999,128.129990,113.869995
169.710007,44.299999,128.129990,113.869995
169.710007,44.299999,128.129990,113.869995
2
0
0
0
0
1
80.220001,110.260002,120.000000,114.639992
80.220001,110.260002,120.000000,114.639992
65.000000,79.680000,120.000000,114.639992
115.000000,71.680000,120.000000,114.639992
115.000000,71.680000,120.000000,114.639992
115.000000,71.680000,120.000000,114.639992
120.000000,34.680004,120.000000,114.639992
120.000000,34.680004,120.000000,114.639992
120.000000,34.680004,120.000000,114.639992
120.000000,34.680004,120.000000,114.639992
135.000000,0.000000,120.000000,114.000000
135.000000,0.000000,120.000000,114.000000
135.000000,0.000000,120.000000,114.000000
2
0
0
0
0
1
202.380005,138.779999,80.089996,78.970001
181.955002,163.514999,80.089996,78.970001
181.955002,163.514999,80.089996,78.970001
181.955002,163.514999,80.089996,78.970001
181.955002,163.514999,80.089996,78.970001
181.955002,163.514999,80.089996,78.970001
181.955002,163.514999,80.089996,78.970001
181.955002,163.514999,80.089996,78.970001
181.955002,163.514999,80.089996,78.970001
181.955002,163.514999,80.089996,78.970001
181.955002,163.514999,80.089996,78.970001
181.955002,163.514999,80.089996,78.970001
181.955002,163.514999,80.089996,78.970001
181.955002,163.514999,80.089996,78.970001
181.955002,163.514999,80.089996,78.970001
181.955002,163.514999,80.089996,78.970001
