1
96.629997,58.160000,149.739990,145.679993
96.629997,58.160000,149.739990,145.679993
96.629997,58.160000,149.739990,145.679993
96.629997,58.160000,149.739990,145.679993
96.629997,58.160000,149.739990,145.679993
96.629997,58.160000,149.739990,145.679993
96.629997,58.160000,149.739990,145.679993
96.629997,58.160000,149.739990,145.679993
96.629997,58.160000,149.739990,145.679993
96.629997,58.160000,149.739990,145.679993
96.629997,58.160000,149.739990,145.679993
96.629997,58.160000,149.739990,145.679993
96.629997,58.160000,149.739990,145.679993
96.629997,58.160000,149.739990,145.679993
96.629997,58.160000,149.739990,145.679993
96.629997,58.160000,149.739990,145.679993
161.130005,59.160004,149.739990,145.679993
161.130005,59.160004,149.739990,145.679993
161.130005,59.160004,149.739990,145.679993
161.130005,59.160004,149.739990,145.679993
161.130005,59.160004,149.739990,145.679993
161.130005,59.160004,149.739990,145.679993
161.130005,59.160004,149.739990,145.679993
161.130005,59.160004,149.739990,145.679993
161.130005,59.160004,149.739990,145.679993
161.130005,59.160004,149.739990,145.679993
161.130005,59.160004,149.739990,145.679993
161.130005,59.160004,149.739990,145.679993
161.130005,59.160004,149.739990,145.679993
161.130005,59.160004,149.739990,145.679993
161.130005,59.160004,149.739990,145.679993
161.130005,59.160004,149.739990,145.679993
140.130005,9.160004,149.739990,145.679993
140.130005,9.160004,149.739990,145.679993
140.130005,9.160004,149.739990,145.679993
140.130005,9.160004,149.739990,145.679993
140.130005,9.160004,149.739990,145.679993
140.130005,9.160004,149.739990,145.679993
140.130005,9.160004,149.739990,145.679993
140.130005,9.160004,149.739990,145.679993
140.130005,9.160004,149.739990,145.679993
140.130005,9.160004,149.739990,145.679993
140.130005,9.160004,149.739990,145.679993
140.130005,9.160004,149.739990,145.679993
140.130005,9.160004,149.739990,145.679993
140.130005,9.160004,149.739990,145.679993
140.130005,9.160004,149.739990,145.679993
140.130005,9.160004,149.739990,145.679993
2
0
0
0
0
1
213.000000,212.000000,70.000000,68.000000
213.000000,212.000000,70.000000,68.000000
213.000000,212.000000,70.000000,68.000000
213.000000,212.000000,70.000000,68.000000
213.000000,212.000000,70.000000,68.000000
233.000000,252.000000,70.000000,68.000000
233.000000,233.000000,70.000000,68.000000
263.000000,254.000000,70.000000,68.000000
268.000000,225.000000,70.000000,68.000000
268.000000,225.000000,70.000000,68.000000
268.000000,225.000000,70.000000,68.000000
318.000000,218.000000,70.000000,68.000000
303.000000,199.000000,70.000000,68.000000
308.000000,170.000000,70.000000,68.000000
308.000000,170.000000,70.000000,68.000000
313.000000,152.000000,70.000000,68.000000
313.000000,152.000000,70.000000,68.000000
313.000000,152.000000,70.000000,68.000000
313.000000,152.000000,70.000000,68.000000
313.000000,152.000000,70.000000,68.000000
313.000000,152.000000,70.000000,68.000000
313.000000,152.000000,70.000000,68.000000
313.000000,152.000000,70.000000,68.000000
313.000000,152.000000,70.000000,68.000000
313.000000,152.000000,70.000000,68.000000
313.000000,152.000000,70.000000,68.000000
313.000000,152.000000,70.000000,68.000000
2
0
0
0
0
1
342.170013,2.750000,136.259979,134.610001
342.170013,2.750000,136.259979,134.610001
375.870026,54.695000,136.259979,134.610001
375.870026,54.695000,136.259979,134.610001
375.870026,54.695000,136.259979,134.610001
375.870026,54.695000,136.259979,134.610001
375.870026,54.695000,136.259979,134.610001
375.870026,54.695000,136.259979,134.610001
375.870026,54.695000,136.259979,134.610001
375.870026,54.695000,136.259979,134.610001
375.870026,54.695000,136.259979,134.610001
375.870026,54.695000,136.259979,134.610001
2
0
0
0
0
1
189.259995,37.639999,135.169998,127.460007
151.415009,29.269997,135.169998,127.460007
151.415009,29.269997,135.169998,127.460007
151.415009,29.269997,135.169998,127.460007
151.415009,29.269997,135.169998,127.460007
151.415009,29.269997,135.169998,127.460007
151.415009,29.269997,135.169998,127.460007
151.415009,29.269997,135.169998,127.460007
151.415009,29.269997,135.169998,127.460007
151.415009,29.269997,135.169998,127.460007
151.415009,29.269997,135.169998,127.460007
151.415009,29.269997,135.169998,127.460007
151.415009,29.269997,135.169998,127.460007
151.415009,29.269997,135.169998,127.460007
151.415009,29.269997,135.169998,127.460007
151.415009,29.269997,135.169998,127.460007
151.415009,29.269997,135.169998,127.460007
151.415009,29.269997,135.169998,127.460007
151.415009,29.269997,135.169998,127.460007
151.415009,29.269997,135.169998,127.460007
151.415009,29.269997,135.169998,127.460007
151.415009,29.269997,135.169998,127.460007
151.415009,29.269997,135.169998,127.460007
151.415009,29.269997,135.169998,127.460007
151.415009,29.269997,135.169998,127.460007
151.415009,29.269997,135.169998,127.460007
151.415009,29.269997,135.169998,127.460007
151.415009,29.269997,135.169998,127.460007
151.415009,29.269997,135.169998,127.460007
151.415009,29.269997,135.169998,127.460007
151.415009,29.269997,135.169998,127.460007
151.415009,29.269997,135.169998,127.460007
151.415009,29.269997,135.169998,127.460007
151.415009,29.269997,135.169998,127.460007
151.415009,29.269997,135.169998,127.460007
151.415009,29.269997,135.169998,127.460007
151.415009,29.269997,135.169998,127.460007
151.415009,29.269997,135.169998,127.460007
151.415009,29.269997,135.169998,127.460007
151.415009,29.269997,135.169998,127.460007
151.415009,29.269997,135.169998,127.460007
151.415009,29.269997,135.169998,127.460007
151.415009,29.269997,135.169998,127.460007
151.415009,29.269997,135.169998,127.460007
151.415009,29.269997,135.169998,127.460007
2
0
0
0
0
1
210.789993,174.500000,69.319992,67.210007
210.789993,174.500000,69.319992,67.210007
190.340012,161.394989,69.319992,67.210007
190.340012,161.394989,69.319992,67.210007
190.340012,161.394989,69.319992,67.210007
190.340012,161.394989,69.319992,67.210007
190.340012,161.394989,69.319992,67.210007
