1
96.629997,58.160000,149.739990,145.679993
96.629997,58.160000,149.739990,145.679993
96.629997,58.160000,149.739990,145.679993
96.629997,58.160000,149.739990,145.679993
96.629997,58.160000,149.739990,145.679993
96.629997,58.160000,149.739990,145.679993
96.629997,58.160000,149.739990,145.679993
96.629997,58.160000,149.739990,145.679993
96.629997,58.160000,149.739990,145.679993
96.629997,58.160000,149.739990,145.679993
96.629997,58.160000,149.739990,145.679993
96.629997,58.160000,149.739990,145.679993
96.629997,58.160000,149.739990,145.679993
96.629997,58.160000,149.739990,145.679993
96.629997,58.160000,149.739990,145.679993
96.629997,58.160000,149.739990,145.679993
96.629997,58.160000,149.739990,145.679993
96.629997,58.160000,149.739990,145.679993
96.629997,58.160000,149.739990,145.679993
96.629997,58.160000,149.739990,145.679993
153.130005,59.160004,149.739990,145.679993
153.130005,59.160004,149.739990,145.679993
153.130005,59.160004,149.739990,145.679993
153.130005,59.160004,149.739990,145.679993
153.130005,59.160004,149.739990,145.679993
153.130005,59.160004,149.739990,145.679993
153.130005,59.160004,149.739990,145.679993
153.130005,59.160004,149.739990,145.679993
153.130005,59.160004,149.739990,145.679993
153.130005,59.160004,149.739990,145.679993
153.130005,59.160004,149.739990,145.679993
153.130005,59.160004,149.739990,145.679993
135.130005,19.160004,149.739990,145.679993
135.130005,19.160004,149.739990,145.679993
135.130005,19.160004,149.739990,145.679993
135.130005,19.160004,149.739990,145.679993
89.000000,0.000000,149.000000,144.000000
89.000000,0.000000,149.000000,144.000000
89.000000,0.000000,149.000000,144.000000
89.000000,0.000000,149.000000,144.000000
89.000000,0.000000,149.000000,144.000000
89.000000,0.000000,149.000000,144.000000
89.000000,0.000000,149.000000,144.000000
89.000000,0.000000,149.000000,144.000000
89.000000,0.000000,149.000000,144.000000
89.000000,0.000000,149.000000,144.000000
2
0
0
0
0
1
201.779999,191.990005,82.200012,80.839981
175.899994,221.580017,82.200012,80.839981
209.899994,190.580017,82.200012,80.839981
209.899994,190.580017,82.200012,80.839981
209.899994,190.580017,82.200012,80.839981
209.899994,190.580017,82.200012,80.839981
215.899994,221.580017,82.200012,80.839981
215.899994,221.580017,82.200012,80.839981
228.899994,249.580017,82.200012,80.839981
228.899994,249.580017,82.200012,80.839981
256.899994,212.580017,82.200012,80.839981
256.899994,212.580017,82.200012,80.839981
244.899994,240.580017,82.200012,80.839981
244.899994,240.580017,82.200012,80.839981
307.899994,233.580017,82.200012,80.839981
276.899994,222.580017,82.200012,80.839981
276.899994,222.580017,82.200012,80.839981
319.899994,185.580017,82.200012,80.839981
338.899994,164.580017,82.200012,80.839981
338.899994,164.580017,82.200012,80.839981
321.899994,137.580017,82.200012,80.839981
321.899994,137.580017,82.200012,80.839981
321.899994,137.580017,82.200012,80.839981
321.899994,137.580017,82.200012,80.839981
321.899994,137.580017,82.200012,80.839981
321.899994,137.580017,82.200012,80.839981
321.899994,137.580017,82.200012,80.839981
321.899994,137.580017,82.200012,80.839981
321.899994,137.580017,82.200012,80.839981
321.899994,137.580017,82.200012,80.839981
321.899994,137.580017,82.200012,80.839981
2
0
0
0
0
1
312.220001,7.830000,147.279999,145.160004
312.220001,7.830000,147.279999,145.160004
312.220001,7.830000,147.279999,145.160004
312.220001,7.830000,147.279999,145.160004
312.220001,7.830000,147.279999,145.160004
312.220001,7.830000,147.279999,145.160004
312.220001,7.830000,147.279999,145.160004
312.220001,7.830000,147.279999,145.160004
312.220001,7.830000,147.279999,145.160004
312.220001,7.830000,147.279999,145.160004
312.220001,7.830000,147.279999,145.160004
312.220001,7.830000,147.279999,145.160004
312.220001,7.830000,147.279999,145.160004
312.220001,7.830000,147.279999,145.160004
312.220001,7.830000,147.279999,145.160004
312.220001,7.830000,147.279999,145.160004
312.220001,7.830000,147.279999,145.160004
2
0
0
0
0
1
121.790001,40.360001,153.809998,149.500000
121.790001,40.360001,153.809998,149.500000
121.790001,40.360001,153.809998,149.500000
73.095001,24.250000,153.809998,149.500000
73.095001,24.250000,153.809998,149.500000
73.095001,24.250000,153.809998,149.500000
73.095001,24.250000,153.809998,149.500000
73.095001,24.250000,153.809998,149.500000
73.095001,24.250000,153.809998,149.500000
73.095001,24.250000,153.809998,149.500000
73.095001,24.250000,153.809998,149.500000
73.095001,24.250000,153.809998,149.500000
73.095001,24.250000,153.809998,149.500000
73.095001,24.250000,153.809998,149.500000
73.095001,24.250000,153.809998,149.500000
73.095001,24.250000,153.809998,149.500000
73.095001,24.250000,153.809998,149.500000
73.095001,24.250000,153.809998,149.500000
73.095001,24.250000,153.809998,149.500000
73.095001,24.250000,153.809998,149.500000
73.095001,24.250000,153.809998,149.500000
73.095001,24.250000,153.809998,149.500000
73.095001,24.250000,153.809998,149.500000
73.095001,24.250000,153.809998,149.500000
73.095001,24.250000,153.809998,149.500000
73.095001,24.250000,153.809998,149.500000
73.095001,24.250000,153.809998,149.500000
73.095001,24.250000,153.809998,149.500000
73.095001,24.250000,153.809998,149.500000
73.095001,24.250000,153.809998,149.500000
2
0
0
0
0
1
202.940002,143.449997,79.049988,77.839996
202.940002,143.449997,79.049988,77.839996
202.940002,143.449997,79.049988,77.839996
177.475006,169.080002,79.049988,77.839996
177.475006,169.080002,79.049988,77.839996
177.475006,169.080002,79.049988,77.839996
207.475006,169.080002,79.049988,77.839996
207.475006,169.080002,79.049988,77.839996
182.475006,184.080002,79.049988,77.839996
182.475006,184.080002,79.049988,77.839996
182.475006,184.080002,79.049988,77.839996
182.475006,159.080002,79.049988,77.839996
182.475006,159.080002,79.049988,77.839996
182.475006,159.080002,79.049988,77.839996
182.475006,159.080002,79.049988,77.839996
