1
96.629997,58.160000,149.739990,145.679993
96.629997,58.160000,149.739990,145.679993
96.629997,58.160000,149.739990,145.679993
96.629997,58.160000,149.739990,145.679993
96.629997,58.160000,149.739990,145.679993
96.629997,58.160000,149.739990,145.679993
96.629997,58.160000,149.739990,145.679993
96.629997,58.160000,149.739990,145.679993
96.629997,58.160000,149.739990,145.679993
96.629997,58.160000,149.739990,145.679993
96.629997,58.160000,149.739990,145.679993
96.629997,58.160000,149.739990,145.679993
96.629997,58.160000,149.739990,145.679993
96.629997,58.160000,149.739990,145.679993
96.629997,58.160000,149.739990,145.679993
96.629997,58.160000,149.739990,145.679993
151.130005,74.160004,149.739990,145.679993
151.130005,74.160004,149.739990,145.679993
151.130005,74.160004,149.739990,145.679993
151.130005,74.160004,149.739990,145.679993
151.130005,74.160004,149.739990,145.679993
151.130005,74.160004,149.739990,145.679993
151.130005,74.160004,149.739990,145.679993
151.130005,74.160004,149.739990,145.679993
151.130005,74.160004,149.739990,145.679993
151.130005,74.160004,149.739990,145.679993
151.130005,74.160004,149.739990,145.679993
151.130005,74.160004,149.739990,145.679993
151.130005,74.160004,149.739990,145.679993
151.130005,74.160004,149.739990,145.679993
151.130005,74.160004,149.739990,145.679993
151.130005,74.160004,149.739990,145.679993
151.130005,74.160004,149.739990,145.679993
155.130005,10.160004,149.739990,145.679993
155.130005,10.160004,149.739990,145.679993
155.130005,10.160004,149.739990,145.679993
97.130005,4.160004,149.739990,145.679993
97.130005,4.160004,149.739990,145.679993
97.130005,4.160004,149.739990,145.679993
97.130005,4.160004,149.739990,145.679993
97.130005,4.160004,149.739990,145.679993
97.130005,4.160004,149.739990,145.679993
97.130005,4.160004,149.739990,145.679993
97.130005,4.160004,149.739990,145.679993
97.130005,4.160004,149.739990,145.679993
97.130005,4.160004,149.739990,145.679993
97.130005,4.160004,149.739990,145.679993
2
0
0
0
0
1
207.320007,201.919998,76.229980,74.569992
188.885010,234.715012,76.229980,74.569992
188.885010,234.715012,76.229980,74.569992
207.885010,213.715012,76.229980,74.569992
244.885010,210.715012,76.229980,74.569992
256.885010,247.715012,76.229980,74.569992
256.885010,247.715012,76.229980,74.569992
279.885010,235.715012,76.229980,74.569992
279.885010,235.715012,76.229980,74.569992
286.885010,207.715012,76.229980,74.569992
312.885010,233.715012,76.229980,74.569992
312.885010,233.715012,76.229980,74.569992
312.885010,233.715012,76.229980,74.569992
265.885010,221.715012,76.229980,74.569992
271.885010,197.715012,76.229980,74.569992
271.885010,197.715012,76.229980,74.569992
293.885010,154.715012,76.229980,74.569992
293.885010,154.715012,76.229980,74.569992
293.885010,154.715012,76.229980,74.569992
293.885010,154.715012,76.229980,74.569992
293.885010,154.715012,76.229980,74.569992
373.885010,139.715012,76.229980,74.569992
373.885010,139.715012,76.229980,74.569992
373.885010,139.715012,76.229980,74.569992
373.885010,139.715012,76.229980,74.569992
373.885010,139.715012,76.229980,74.569992
373.885010,139.715012,76.229980,74.569992
373.885010,139.715012,76.229980,74.569992
373.885010,139.715012,76.229980,74.569992
373.885010,139.715012,76.229980,74.569992
2
0
0
0
0
1
312.220001,7.830000,147.279999,145.160004
312.220001,7.830000,147.279999,145.160004
312.220001,7.830000,147.279999,145.160004
312.220001,7.830000,147.279999,145.160004
312.220001,7.830000,147.279999,145.160004
312.220001,7.830000,147.279999,145.160004
312.220001,7.830000,147.279999,145.160004
312.220001,7.830000,147.279999,145.160004
312.220001,7.830000,147.279999,145.160004
312.220001,7.830000,147.279999,145.160004
312.220001,7.830000,147.279999,145.160004
312.220001,7.830000,147.279999,145.160004
312.220001,7.830000,147.279999,145.160004
312.220001,7.830000,147.279999,145.160004
312.220001,7.830000,147.279999,145.160004
312.220001,7.830000,147.279999,145.160004
312.220001,7.830000,147.279999,145.160004
2
0
0
0
0
1
121.790001,40.360001,153.809998,149.500000
121.790001,40.360001,153.809998,149.500000
121.790001,40.360001,153.809998,149.500000
121.790001,40.360001,153.809998,149.500000
121.790001,40.360001,153.809998,149.500000
121.790001,40.360001,153.809998,149.500000
121.790001,40.360001,153.809998,149.500000
121.790001,40.360001,153.809998,149.500000
78.000000,0.000000,153.000000,148.000000
78.000000,0.000000,153.000000,148.000000
2
0
0
0
0
1
80.220001,110.260002,120.000000,114.639992
30.000000,82.680000,120.000000,114.639992
30.000000,82.680000,120.000000,114.639992
30.000000,82.680000,120.000000,114.639992
30.000000,82.680000,120.000000,114.639992
2
0
0
0
0
1
192.919998,98.800003,86.720016,86.289993
192.919998,98.800003,86.720016,86.289993
192.919998,98.800003,86.720016,86.289993
192.919998,98.800003,86.720016,86.289993
192.919998,98.800003,86.720016,86.289993
192.919998,98.800003,86.720016,86.289993
224.639999,125.855003,86.720016,86.289993
224.639999,125.855003,86.720016,86.289993
224.639999,125.855003,86.720016,86.289993
224.639999,125.855003,86.720016,86.289993
224.639999,125.855003,86.720016,86.289993
224.639999,125.855003,86.720016,86.289993
224.639999,125.855003,86.720016,86.289993
224.639999,125.855003,86.720016,86.289993
224.639999,125.855003,86.720016,86.289993
224.639999,125.855003,86.720016,86.289993
224.639999,125.855003,86.720016,86.289993
224.639999,125.855003,86.720016,86.289993
224.639999,125.855003,86.720016,86.289993
224.639999,125.855003,86.720016,86.289993
224.639999,125.855003,86.720016,86.289993
224.639999,125.855003,86.720016,86.289993
224.639999,125.855003,86.720016,86.289993
224.639999,125.855003,86.720016,86.289993
