1
96.629997,58.160000,149.739990,145.679993
96.629997,58.160000,149.739990,145.679993
96.629997,58.160000,149.739990,145.679993
96.629997,58.160000,149.739990,145.679993
96.629997,58.160000,149.739990,145.679993
96.629997,58.160000,149.739990,145.679993
96.629997,58.160000,149.739990,145.679993
96.629997,58.160000,149.739990,145.679993
96.629997,58.160000,149.739990,145.679993
96.629997,58.160000,149.739990,145.679993
96.629997,58.160000,149.739990,145.679993
96.629997,58.160000,149.739990,145.679993
96.629997,58.160000,149.739990,145.679993
96.629997,58.160000,149.739990,145.679993
96.629997,58.160000,149.739990,145.679993
96.629997,58.160000,149.739990,145.679993
96.629997,58.160000,149.739990,145.679993
152.130005,54.160004,149.739990,145.679993
152.130005,54.160004,149.739990,145.679993
152.130005,54.160004,149.739990,145.679993
152.130005,54.160004,149.739990,145.679993
152.130005,54.160004,149.739990,145.679993
152.130005,54.160004,149.739990,145.679993
152.130005,54.160004,149.739990,145.679993
152.130005,53.160004,149.739990,145.679993
152.130005,53.160004,149.739990,145.679993
152.130005,53.160004,149.739990,145.679993
152.130005,53.160004,149.739990,145.679993
152.130005,53.160004,149.739990,145.679993
152.130005,53.160004,149.739990,145.679993
152.130005,53.160004,149.739990,145.679993
152.130005,53.160004,149.739990,145.679993
152.130005,53.160004,149.739990,145.679993
152.130005,53.160004,149.739990,145.679993
130.130005,9.160004,149.739990,145.679993
130.130005,9.160004,149.739990,145.679993
88.000000,0.000000,149.000000,144.000000
88.000000,0.000000,149.000000,144.000000
88.000000,0.000000,149.000000,144.000000
88.000000,0.000000,149.000000,144.000000
88.000000,0.000000,149.000000,144.000000
88.000000,0.000000,149.000000,144.000000
88.000000,0.000000,149.000000,144.000000
88.000000,0.000000,149.000000,144.000000
88.000000,0.000000,149.000000,144.000000
88.000000,0.000000,149.000000,144.000000
2
0
0
0
0
1
201.779999,191.990005,82.200012,80.839981
201.779999,191.990005,82.200012,80.839981
201.779999,191.990005,82.200012,80.839981
201.779999,191.990005,82.200012,80.839981
201.779999,191.990005,82.200012,80.839981
241.899994,202.580017,82.200012,80.839981
241.899994,202.580017,82.200012,80.839981
241.899994,202.580017,82.200012,80.839981
241.899994,202.580017,82.200012,80.839981
247.899994,238.580017,82.200012,80.839981
247.899994,238.580017,82.200012,80.839981
247.899994,238.580017,82.200012,80.839981
247.899994,238.580017,82.200012,80.839981
278.899994,239.580017,82.200012,80.839981
278.899994,239.580017,82.200012,80.839981
278.899994,239.580017,82.200012,80.839981
305.899994,156.580017,82.200012,80.839981
305.899994,156.580017,82.200012,80.839981
305.899994,156.580017,82.200012,80.839981
305.899994,156.580017,82.200012,80.839981
305.899994,156.580017,82.200012,80.839981
305.899994,156.580017,82.200012,80.839981
305.899994,156.580017,82.200012,80.839981
305.899994,156.580017,82.200012,80.839981
305.899994,156.580017,82.200012,80.839981
305.899994,156.580017,82.200012,80.839981
305.899994,156.580017,82.200012,80.839981
2
0
0
0
0
1
359.260010,0.000000,131.069977,131.169998
359.260010,0.000000,131.069977,131.169998
359.260010,0.000000,131.069977,131.169998
359.260010,0.000000,131.069977,131.169998
359.260010,0.000000,131.069977,131.169998
359.260010,0.000000,131.069977,131.169998
359.260010,0.000000,131.069977,131.169998
359.260010,0.000000,131.069977,131.169998
359.260010,0.000000,131.069977,131.169998
359.260010,0.000000,131.069977,131.169998
359.260010,0.000000,131.069977,131.169998
359.260010,0.000000,131.069977,131.169998
359.260010,0.000000,131.069977,131.169998
359.260010,0.000000,131.069977,131.169998
359.260010,0.000000,131.069977,131.169998
359.260010,0.000000,131.069977,131.169998
2
0
0
0
0
1
179.250000,45.439999,124.440002,111.679993
179.250000,45.439999,124.440002,111.679993
179.250000,45.439999,124.440002,111.679993
179.250000,45.439999,124.440002,111.679993
145.779999,34.160004,124.440002,111.679993
145.779999,34.160004,124.440002,111.679993
86.779999,24.160004,124.440002,111.679993
86.779999,24.160004,124.440002,111.679993
86.779999,24.160004,124.440002,111.679993
86.779999,24.160004,124.440002,111.679993
86.779999,24.160004,124.440002,111.679993
86.779999,24.160004,124.440002,111.679993
86.779999,24.160004,124.440002,111.679993
86.779999,24.160004,124.440002,111.679993
86.779999,24.160004,124.440002,111.679993
2
0
0
0
0
1
80.220001,110.260002,120.000000,114.639992
80.220001,110.260002,120.000000,114.639992
65.000000,79.680000,120.000000,114.639992
65.000000,79.680000,120.000000,114.639992
65.000000,79.680000,120.000000,114.639992
100.000000,40.680004,120.000000,114.639992
100.000000,40.680004,120.000000,114.639992
100.000000,40.680004,120.000000,114.639992
100.000000,40.680004,120.000000,114.639992
155.000000,19.680004,120.000000,114.639992
155.000000,19.680004,120.000000,114.639992
155.000000,19.680004,120.000000,114.639992
155.000000,19.680004,120.000000,114.639992
155.000000,19.680004,120.000000,114.639992
155.000000,19.680004,120.000000,114.639992
155.000000,19.680004,120.000000,114.639992
155.000000,19.680004,120.000000,114.639992
2
0
0
0
0
1
204.750000,157.600006,75.690002,74.159988
204.750000,157.600006,75.690002,74.159988
204.750000,157.600006,75.690002,74.159988
204.750000,157.600006,75.690002,74.159988
204.750000,157.600006,75.690002,74.159988
204.750000,157.600006,75.690002,74.159988
204.750000,157.600006,75.690002,74.159988
182.154999,148.920013,75.690002,74.159988
182.154999,148.920013,75.690002,74.159988
182.154999,148.920013,75.690002,74.159988
182.154999,148.920013,75.690002,74.159988
182.154999,148.920013,75.690002,74.159988
