1
96.629997,58.160000,149.739990,145.679993
96.629997,58.160000,149.739990,145.679993
96.629997,58.160000,149.739990,145.679993
96.629997,58.160000,149.739990,145.679993
96.629997,58.160000,149.739990,145.679993
96.629997,58.160000,149.739990,145.679993
96.629997,58.160000,149.739990,145.679993
96.629997,58.160000,149.739990,145.679993
96.629997,58.160000,149.739990,145.679993
96.629997,58.160000,149.739990,145.679993
96.629997,58.160000,149.739990,145.679993
151.130005,49.160004,149.739990,145.679993
151.130005,49.160004,149.739990,145.679993
151.130005,49.160004,149.739990,145.679993
151.130005,49.160004,149.739990,145.679993
151.130005,49.160004,149.739990,145.679993
151.130005,49.160004,149.739990,145.679993
151.130005,49.160004,149.739990,145.679993
151.130005,49.160004,149.739990,145.679993
151.130005,49.160004,149.739990,145.679993
151.130005,49.160004,149.739990,145.679993
151.130005,49.160004,149.739990,145.679993
151.130005,49.160004,149.739990,145.679993
151.130005,49.160004,149.739990,145.679993
151.130005,49.160004,149.739990,145.679993
151.130005,49.160004,149.739990,145.679993
151.130005,49.160004,149.739990,145.679993
151.130005,49.160004,149.739990,145.679993
151.130005,49.160004,149.739990,145.679993
151.130005,49.160004,149.739990,145.679993
151.130005,49.160004,149.739990,145.679993
151.130005,49.160004,149.739990,145.679993
165.130005,9.160004,149.739990,145.679993
165.130005,9.160004,149.739990,145.679993
123.000000,0.000000,149.000000,144.000000
123.000000,0.000000,149.000000,144.000000
123.000000,0.000000,149.000000,144.000000
123.000000,0.000000,149.000000,144.000000
123.000000,0.000000,149.000000,144.000000
123.000000,0.000000,149.000000,144.000000
123.000000,0.000000,149.000000,144.000000
123.000000,0.000000,149.000000,144.000000
123.000000,0.000000,149.000000,144.000000
123.000000,0.000000,149.000000,144.000000
123.000000,0.000000,149.000000,144.000000
123.000000,0.000000,149.000000,144.000000
2
0
0
0
0
1
201.779999,191.990005,82.200012,80.839981
201.779999,191.990005,82.200012,80.839981
201.779999,191.990005,82.200012,80.839981
201.779999,191.990005,82.200012,80.839981
201.779999,191.990005,82.200012,80.839981
236.899994,202.580017,82.200012,80.839981
236.899994,202.580017,82.200012,80.839981
236.899994,202.580017,82.200012,80.839981
236.899994,202.580017,82.200012,80.839981
242.899994,238.580017,82.200012,80.839981
256.899994,207.580017,82.200012,80.839981
256.899994,207.580017,82.200012,80.839981
249.899994,240.580017,82.200012,80.839981
249.899994,240.580017,82.200012,80.839981
287.899994,233.580017,82.200012,80.839981
287.899994,233.580017,82.200012,80.839981
295.899994,201.580017,82.200012,80.839981
295.899994,201.580017,82.200012,80.839981
338.899994,164.580017,82.200012,80.839981
297.899994,148.580017,82.200012,80.839981
311.899994,127.580009,82.200012,80.839981
311.899994,127.580009,82.200012,80.839981
311.899994,127.580009,82.200012,80.839981
311.899994,127.580009,82.200012,80.839981
311.899994,127.580009,82.200012,80.839981
311.899994,127.580009,82.200012,80.839981
311.899994,127.580009,82.200012,80.839981
311.899994,127.580009,82.200012,80.839981
311.899994,127.580009,82.200012,80.839981
311.899994,127.580009,82.200012,80.839981
311.899994,127.580009,82.200012,80.839981
311.899994,127.580009,82.200012,80.839981
311.899994,127.580009,82.200012,80.839981
311.899994,127.580009,82.200012,80.839981
311.899994,127.580009,82.200012,80.839981
311.899994,127.580009,82.200012,80.839981
311.899994,127.580009,82.200012,80.839981
311.899994,127.580009,82.200012,80.839981
311.899994,127.580009,82.200012,80.839981
311.899994,127.580009,82.200012,80.839981
2
0
0
0
0
1
223.059998,19.110001,164.429993,164.449997
223.059998,19.110001,164.429993,164.449997
223.059998,19.110001,164.429993,164.449997
223.059998,19.110001,164.429993,164.449997
223.059998,19.110001,164.429993,164.449997
223.059998,19.110001,164.429993,164.449997
223.059998,19.110001,164.429993,164.449997
223.059998,19.110001,164.429993,164.449997
223.059998,19.110001,164.429993,164.449997
223.059998,19.110001,164.429993,164.449997
223.059998,19.110001,164.429993,164.449997
223.059998,19.110001,164.429993,164.449997
223.059998,19.110001,164.429993,164.449997
223.059998,19.110001,164.429993,164.449997
223.059998,19.110001,164.429993,164.449997
177.000000,0.000000,165.000000,164.000000
177.000000,0.000000,165.000000,164.000000
177.000000,0.000000,165.000000,164.000000
177.000000,0.000000,165.000000,164.000000
177.000000,0.000000,165.000000,164.000000
177.000000,0.000000,165.000000,164.000000
177.000000,0.000000,165.000000,164.000000
177.000000,0.000000,165.000000,164.000000
2
0
0
0
0
1
73.610001,117.190002,120.910004,114.770004
73.610001,117.190002,120.910004,114.770004
41.544998,76.614998,120.910004,114.770004
89.544998,68.614998,120.910004,114.770004
89.544998,68.614998,120.910004,114.770004
89.544998,68.614998,120.910004,114.770004
126.544998,29.614998,120.910004,114.770004
126.544998,29.614998,120.910004,114.770004
126.544998,29.614998,120.910004,114.770004
126.544998,29.614998,120.910004,114.770004
126.544998,29.614998,120.910004,114.770004
126.544998,29.614998,120.910004,114.770004
126.544998,29.614998,120.910004,114.770004
126.544998,29.614998,120.910004,114.770004
126.544998,29.614998,120.910004,114.770004
126.544998,29.614998,120.910004,114.770004
126.544998,29.614998,120.910004,114.770004
126.544998,29.614998,120.910004,114.770004
126.544998,29.614998,120.910004,114.770004
126.544998,29.614998,120.910004,114.770004
126.544998,29.614998,120.910004,114.770004
2
0
0
0
0
1
206.729996,171.929993,71.979996,70.120010
206.729996,171.929993,71.979996,70.120010
188.009995,181.940002,71.979996,70.120010
188.009995,181.940002,71.979996,70.120010
188.009995,181.940002,71.979996,70.120010
188.009995,181.940002,71.979996,70.120010
188.009995,181.940002,71.979996,70.120010
188.009995,181.940002,71.979996,70.120010
188.009995,181.940002,71.979996,70.120010
