1
40.150002,64.150002,19.239998,46.939995
40.150002,64.150002,19.239998,46.939995
40.150002,64.150002,19.239998,46.939995
40.150002,64.150002,19.239998,46.939995
40.150002,64.150002,19.239998,46.939995
40.150002,64.150002,19.239998,46.939995
40.150002,64.150002,19.239998,46.939995
40.150002,64.150002,19.239998,46.939995
40.150002,64.150002,19.239998,46.939995
40.150002,64.150002,19.239998,46.939995
40.150002,64.150002,19.239998,46.939995
40.150002,64.150002,19.239998,46.939995
40.150002,64.150002,19.239998,46.939995
40.150002,64.150002,19.239998,46.939995
40.150002,64.150002,19.239998,46.939995
40.150002,64.150002,19.239998,46.939995
49.380001,73.529999,19.239998,46.939995
49.380001,73.529999,19.239998,46.939995
49.380001,73.529999,19.239998,46.939995
49.380001,73.529999,19.239998,46.939995
49.380001,73.529999,19.239998,46.939995
49.380001,73.529999,19.239998,46.939995
49.380001,73.529999,19.239998,46.939995
49.380001,73.529999,19.239998,46.939995
49.380001,73.529999,19.239998,46.939995
49.380001,73.529999,19.239998,46.939995
55.380001,80.529999,19.239998,46.939995
55.380001,80.529999,19.239998,46.939995
55.380001,80.529999,19.239998,46.939995
64.379997,80.529999,19.239998,46.939995
64.379997,80.529999,19.239998,46.939995
64.379997,80.529999,19.239998,46.939995
64.379997,80.529999,19.239998,46.939995
64.379997,80.529999,19.239998,46.939995
64.379997,80.529999,19.239998,46.939995
64.379997,80.529999,19.239998,46.939995
64.379997,80.529999,19.239998,46.939995
64.379997,80.529999,19.239998,46.939995
64.379997,63.530003,19.239998,46.939995
71.379997,64.529999,19.239998,46.939995
71.379997,64.529999,19.239998,46.939995
71.379997,64.529999,19.239998,46.939995
71.379997,64.529999,19.239998,46.939995
71.379997,64.529999,19.239998,46.939995
72.379997,86.529999,19.239998,46.939995
68.379997,75.529999,19.239998,46.939995
68.379997,75.529999,19.239998,46.939995
68.379997,75.529999,19.239998,46.939995
68.379997,75.529999,19.239998,46.939995
74.379997,72.529999,19.239998,46.939995
66.379997,94.529999,19.239998,46.939995
66.379997,94.529999,19.239998,46.939995
66.379997,94.529999,19.239998,46.939995
66.379997,94.529999,19.239998,46.939995
66.379997,94.529999,19.239998,46.939995
71.379997,84.529999,19.239998,46.939995
71.379997,84.529999,19.239998,46.939995
71.379997,84.529999,19.239998,46.939995
71.379997,84.529999,19.239998,46.939995
71.379997,84.529999,19.239998,46.939995
71.379997,84.529999,19.239998,46.939995
71.379997,84.529999,19.239998,46.939995
63.380001,75.529999,19.239998,46.939995
69.379997,88.529999,19.239998,46.939995
69.379997,88.529999,19.239998,46.939995
61.380001,94.529999,19.239998,46.939995
61.380001,94.529999,19.239998,46.939995
61.380001,94.529999,19.239998,46.939995
64.379997,78.529999,19.239998,46.939995
64.379997,78.529999,19.239998,46.939995
64.379997,78.529999,19.239998,46.939995
64.379997,78.529999,19.239998,46.939995
64.379997,78.529999,19.239998,46.939995
64.379997,78.529999,19.239998,46.939995
64.379997,78.529999,19.239998,46.939995
64.379997,78.529999,19.239998,46.939995
54.380001,70.529999,19.239998,46.939995
61.380001,69.529999,19.239998,46.939995
61.380001,69.529999,19.239998,46.939995
61.380001,69.529999,19.239998,46.939995
61.380001,69.529999,19.239998,46.939995
61.380001,69.529999,19.239998,46.939995
61.380001,69.529999,19.239998,46.939995
61.380001,69.529999,19.239998,46.939995
61.380001,69.529999,19.239998,46.939995
61.380001,69.529999,19.239998,46.939995
61.380001,69.529999,19.239998,46.939995
61.380001,69.529999,19.239998,46.939995
61.380001,69.529999,19.239998,46.939995
65.379997,60.530003,19.239998,46.939995
65.379997,60.530003,19.239998,46.939995
71.379997,70.529999,19.239998,46.939995
71.379997,70.529999,19.239998,46.939995
71.379997,70.529999,19.239998,46.939995
71.379997,70.529999,19.239998,46.939995
71.379997,70.529999,19.239998,46.939995
71.379997,70.529999,19.239998,46.939995
71.379997,70.529999,19.239998,46.939995
71.379997,70.529999,19.239998,46.939995
71.379997,70.529999,19.239998,46.939995
71.379997,70.529999,19.239998,46.939995
71.379997,70.529999,19.239998,46.939995
76.379997,80.529999,19.239998,46.939995
79.379997,79.529999,19.239998,46.939995
79.379997,79.529999,19.239998,46.939995
79.379997,79.529999,19.239998,46.939995
83.379997,80.529999,19.239998,46.939995
83.379997,80.529999,19.239998,46.939995
83.379997,80.529999,19.239998,46.939995
87.379997,66.529999,19.239998,46.939995
87.379997,66.529999,19.239998,46.939995
88.379997,90.529999,19.239998,46.939995
90.379997,84.529999,19.239998,46.939995
97.379997,83.529999,19.239998,46.939995
97.379997,83.529999,19.239998,46.939995
96.379997,78.529999,19.239998,46.939995
96.379997,78.529999,19.239998,46.939995
96.379997,78.529999,19.239998,46.939995
96.379997,78.529999,19.239998,46.939995
96.379997,78.529999,19.239998,46.939995
96.379997,78.529999,19.239998,46.939995
96.379997,78.529999,19.239998,46.939995
96.379997,78.529999,19.239998,46.939995
96.379997,78.529999,19.239998,46.939995
96.379997,78.529999,19.239998,46.939995
96.379997,78.529999,19.239998,46.939995
96.379997,78.529999,19.239998,46.939995
96.379997,78.529999,19.239998,46.939995
96.379997,78.529999,19.239998,46.939995
2
0
0
0
0
1
121.720001,76.440002,19.229996,49.540001
121.720001,76.440002,19.229996,49.540001
127.385002,79.229996,19.229996,49.540001
127.385002,79.229996,19.229996,49.540001
127.385002,79.229996,19.229996,49.540001
127.385002,79.229996,19.229996,49.540001
127.385002,79.229996,19.229996,49.540001
127.385002,79.229996,19.229996,49.540001
127.385002,79.229996,19.229996,49.540001
127.385002,79.229996,19.229996,49.540001
127.385002,79.229996,19.229996,49.540001
127.385002,79.229996,19.229996,49.540001
127.385002,79.229996,19.229996,49.540001
132.384995,77.229996,19.229996,49.540001
132.384995,77.229996,19.229996,49.540001
132.384995,77.229996,19.229996,49.540001
132.384995,77.229996,19.229996,49.540001
132.384995,77.229996,19.229996,49.540001
132.384995,77.229996,19.229996,49.540001
125.385002,94.229996,19.229996,49.540001
125.385002,94.229996,19.229996,49.540001
125.385002,94.229996,19.229996,49.540001
125.385002,94.229996,19.229996,49.540001
125.385002,94.229996,19.229996,49.540001
125.385002,94.229996,19.229996,49.540001
133.384995,92.229996,19.229996,49.540001
133.384995,92.229996,19.229996,49.540001
133.384995,92.229996,19.229996,49.540001
137.384995,91.229996,19.229996,49.540001
137.384995,91.229996,19.229996,49.540001
137.384995,91.229996,19.229996,49.540001
137.384995,91.229996,19.229996,49.540001
137.384995,91.229996,19.229996,49.540001
137.384995,91.229996,19.229996,49.540001
137.384995,91.229996,19.229996,49.540001
146.384995,96.229996,19.229996,49.540001
146.384995,96.229996,19.229996,49.540001
146.384995,96.229996,19.229996,49.540001
146.384995,96.229996,19.229996,49.540001
154.384995,89.229996,19.229996,49.540001
154.384995,89.229996,19.229996,49.540001
154.384995,89.229996,19.229996,49.540001
154.384995,89.229996,19.229996,49.540001
160.384995,85.229996,19.229996,49.540001
160.384995,85.229996,19.229996,49.540001
169.384995,84.229996,19.229996,49.540001
169.384995,84.229996,19.229996,49.540001
169.384995,84.229996,19.229996,49.540001
169.384995,84.229996,19.229996,49.540001
169.384995,84.229996,19.229996,49.540001
169.384995,84.229996,19.229996,49.540001
176.384995,69.229996,19.229996,49.540001
176.384995,69.229996,19.229996,49.540001
176.384995,69.229996,19.229996,49.540001
176.384995,69.229996,19.229996,49.540001
176.384995,69.229996,19.229996,49.540001
176.384995,69.229996,19.229996,49.540001
176.384995,69.229996,19.229996,49.540001
176.384995,69.229996,19.229996,49.540001
176.384995,69.229996,19.229996,49.540001
176.384995,69.229996,19.229996,49.540001
164.384995,101.229996,19.229996,49.540001
164.384995,101.229996,19.229996,49.540001
164.384995,101.229996,19.229996,49.540001
164.384995,101.229996,19.229996,49.540001
164.384995,101.229996,19.229996,49.540001
164.384995,101.229996,19.229996,49.540001
164.384995,101.229996,19.229996,49.540001
166.384995,67.229996,19.229996,49.540001
166.384995,67.229996,19.229996,49.540001
166.384995,67.229996,19.229996,49.540001
166.384995,67.229996,19.229996,49.540001
166.384995,67.229996,19.229996,49.540001
166.384995,67.229996,19.229996,49.540001
166.384995,67.229996,19.229996,49.540001
166.384995,67.229996,19.229996,49.540001
159.384995,61.230000,19.229996,49.540001
159.384995,61.230000,19.229996,49.540001
159.384995,61.230000,19.229996,49.540001
160.384995,75.229996,19.229996,49.540001
160.384995,75.229996,19.229996,49.540001
160.384995,75.229996,19.229996,49.540001
160.384995,75.229996,19.229996,49.540001
160.384995,75.229996,19.229996,49.540001
160.384995,75.229996,19.229996,49.540001
160.384995,75.229996,19.229996,49.540001
165.384995,65.229996,19.229996,49.540001
165.384995,65.229996,19.229996,49.540001
165.384995,65.229996,19.229996,49.540001
165.384995,65.229996,19.229996,49.540001
165.384995,65.229996,19.229996,49.540001
165.384995,65.229996,19.229996,49.540001
165.384995,65.229996,19.229996,49.540001
165.384995,65.229996,19.229996,49.540001
165.384995,65.229996,19.229996,49.540001
165.384995,65.229996,19.229996,49.540001
165.384995,65.229996,19.229996,49.540001
165.384995,65.229996,19.229996,49.540001
157.384995,45.230000,19.229996,49.540001
157.384995,45.230000,19.229996,49.540001
157.384995,45.230000,19.229996,49.540001
157.384995,45.230000,19.229996,49.540001
157.384995,45.230000,19.229996,49.540001
157.384995,45.230000,19.229996,49.540001
157.384995,45.230000,19.229996,49.540001
155.384995,68.229996,19.229996,49.540001
155.384995,68.229996,19.229996,49.540001
155.384995,68.229996,19.229996,49.540001
155.384995,68.229996,19.229996,49.540001
155.384995,68.229996,19.229996,49.540001
155.384995,68.229996,19.229996,49.540001
155.384995,68.229996,19.229996,49.540001
155.384995,68.229996,19.229996,49.540001
155.384995,68.229996,19.229996,49.540001
155.384995,68.229996,19.229996,49.540001
155.384995,68.229996,19.229996,49.540001
155.384995,68.229996,19.229996,49.540001
155.384995,68.229996,19.229996,49.540001
155.384995,68.229996,19.229996,49.540001
155.384995,68.229996,19.229996,49.540001
155.384995,68.229996,19.229996,49.540001
155.384995,68.229996,19.229996,49.540001
146.384995,93.229996,19.229996,49.540001
146.384995,93.229996,19.229996,49.540001
146.384995,93.229996,19.229996,49.540001
146.384995,93.229996,19.229996,49.540001
146.384995,93.229996,19.229996,49.540001
146.384995,93.229996,19.229996,49.540001
146.384995,93.229996,19.229996,49.540001
146.384995,93.229996,19.229996,49.540001
147.384995,112.229996,19.229996,49.540001
147.384995,112.229996,19.229996,49.540001
147.384995,112.229996,19.229996,49.540001
147.384995,112.229996,19.229996,49.540001
147.384995,112.229996,19.229996,49.540001
147.384995,112.229996,19.229996,49.540001
147.384995,112.229996,19.229996,49.540001
147.384995,112.229996,19.229996,49.540001
147.384995,112.229996,19.229996,49.540001
147.384995,112.229996,19.229996,49.540001
147.384995,112.229996,19.229996,49.540001
146.384995,131.229996,19.229996,49.540001
146.384995,131.229996,19.229996,49.540001
148.384995,96.229996,19.229996,49.540001
151.384995,122.229996,19.229996,49.540001
151.384995,122.229996,19.229996,49.540001
