1
40.150002,64.150002,19.239998,46.939995
40.150002,64.150002,19.239998,46.939995
40.150002,64.150002,19.239998,46.939995
40.150002,64.150002,19.239998,46.939995
40.150002,64.150002,19.239998,46.939995
40.150002,64.150002,19.239998,46.939995
40.150002,64.150002,19.239998,46.939995
40.150002,64.150002,19.239998,46.939995
40.150002,64.150002,19.239998,46.939995
40.150002,64.150002,19.239998,46.939995
40.150002,64.150002,19.239998,46.939995
40.150002,64.150002,19.239998,46.939995
40.150002,64.150002,19.239998,46.939995
40.150002,64.150002,19.239998,46.939995
40.150002,64.150002,19.239998,46.939995
40.150002,64.150002,19.239998,46.939995
50.380001,75.529999,19.239998,46.939995
50.380001,75.529999,19.239998,46.939995
45.380001,97.529999,19.239998,46.939995
45.380001,83.529999,19.239998,46.939995
45.380001,83.529999,19.239998,46.939995
45.380001,83.529999,19.239998,46.939995
45.380001,83.529999,19.239998,46.939995
51.380001,90.529999,19.239998,46.939995
51.380001,90.529999,19.239998,46.939995
51.380001,90.529999,19.239998,46.939995
51.380001,90.529999,19.239998,46.939995
51.380001,90.529999,19.239998,46.939995
51.380001,90.529999,19.239998,46.939995
51.380001,90.529999,19.239998,46.939995
51.380001,90.529999,19.239998,46.939995
51.380001,90.529999,19.239998,46.939995
51.380001,90.529999,19.239998,46.939995
51.380001,90.529999,19.239998,46.939995
51.380001,90.529999,19.239998,46.939995
61.380001,79.529999,19.239998,46.939995
61.380001,79.529999,19.239998,46.939995
61.380001,79.529999,19.239998,46.939995
61.380001,79.529999,19.239998,46.939995
61.380001,79.529999,19.239998,46.939995
61.380001,79.529999,19.239998,46.939995
61.380001,79.529999,19.239998,46.939995
61.380001,79.529999,19.239998,46.939995
61.380001,79.529999,19.239998,46.939995
61.380001,79.529999,19.239998,46.939995
61.380001,79.529999,19.239998,46.939995
61.380001,79.529999,19.239998,46.939995
61.380001,79.529999,19.239998,46.939995
61.380001,79.529999,19.239998,46.939995
61.380001,79.529999,19.239998,46.939995
61.380001,79.529999,19.239998,46.939995
61.380001,79.529999,19.239998,46.939995
61.380001,79.529999,19.239998,46.939995
61.380001,79.529999,19.239998,46.939995
61.380001,79.529999,19.239998,46.939995
61.380001,79.529999,19.239998,46.939995
61.380001,79.529999,19.239998,46.939995
61.380001,79.529999,19.239998,46.939995
61.380001,79.529999,19.239998,46.939995
61.380001,79.529999,19.239998,46.939995
61.380001,79.529999,19.239998,46.939995
61.380001,79.529999,19.239998,46.939995
61.380001,79.529999,19.239998,46.939995
61.380001,79.529999,19.239998,46.939995
61.380001,79.529999,19.239998,46.939995
61.380001,79.529999,19.239998,46.939995
61.380001,79.529999,19.239998,46.939995
61.380001,79.529999,19.239998,46.939995
61.380001,79.529999,19.239998,46.939995
61.380001,79.529999,19.239998,46.939995
61.380001,79.529999,19.239998,46.939995
61.380001,79.529999,19.239998,46.939995
61.380001,79.529999,19.239998,46.939995
61.380001,79.529999,19.239998,46.939995
55.380001,63.530003,19.239998,46.939995
56.380001,84.529999,19.239998,46.939995
56.380001,84.529999,19.239998,46.939995
56.380001,84.529999,19.239998,46.939995
62.380001,76.529999,19.239998,46.939995
62.380001,76.529999,19.239998,46.939995
62.380001,76.529999,19.239998,46.939995
62.380001,76.529999,19.239998,46.939995
62.380001,76.529999,19.239998,46.939995
62.380001,76.529999,19.239998,46.939995
62.380001,76.529999,19.239998,46.939995
62.380001,76.529999,19.239998,46.939995
62.380001,76.529999,19.239998,46.939995
62.380001,76.529999,19.239998,46.939995
62.380001,76.529999,19.239998,46.939995
62.380001,76.529999,19.239998,46.939995
62.380001,76.529999,19.239998,46.939995
62.380001,76.529999,19.239998,46.939995
62.380001,76.529999,19.239998,46.939995
62.380001,76.529999,19.239998,46.939995
61.380001,62.530003,19.239998,46.939995
61.380001,62.530003,19.239998,46.939995
61.380001,62.530003,19.239998,46.939995
73.379997,85.529999,19.239998,46.939995
73.379997,85.529999,19.239998,46.939995
77.379997,61.530003,19.239998,46.939995
74.379997,50.530003,19.239998,46.939995
74.379997,50.530003,19.239998,46.939995
74.379997,50.530003,19.239998,46.939995
79.379997,79.529999,19.239998,46.939995
79.379997,79.529999,19.239998,46.939995
83.379997,79.529999,19.239998,46.939995
83.379997,79.529999,19.239998,46.939995
83.379997,79.529999,19.239998,46.939995
83.379997,79.529999,19.239998,46.939995
83.379997,79.529999,19.239998,46.939995
88.379997,96.529999,19.239998,46.939995
88.379997,96.529999,19.239998,46.939995
89.379997,71.529999,19.239998,46.939995
89.379997,71.529999,19.239998,46.939995
89.379997,71.529999,19.239998,46.939995
96.379997,102.529999,19.239998,46.939995
98.379997,75.529999,19.239998,46.939995
98.379997,75.529999,19.239998,46.939995
98.379997,68.529999,19.239998,46.939995
98.379997,68.529999,19.239998,46.939995
99.379997,94.529999,19.239998,46.939995
97.379997,87.529999,19.239998,46.939995
97.379997,87.529999,19.239998,46.939995
103.379997,63.530003,19.239998,46.939995
103.379997,63.530003,19.239998,46.939995
104.379997,89.529999,19.239998,46.939995
107.379997,77.529999,19.239998,46.939995
107.379997,77.529999,19.239998,46.939995
107.379997,77.529999,19.239998,46.939995
107.379997,77.529999,19.239998,46.939995
116.379997,60.530003,19.239998,46.939995
116.379997,60.530003,19.239998,46.939995
116.379997,60.530003,19.239998,46.939995
116.379997,60.530003,19.239998,46.939995
120.379997,54.530003,19.239998,46.939995
120.379997,54.530003,19.239998,46.939995
122.379997,95.529999,19.239998,46.939995
126.379997,92.529999,19.239998,46.939995
126.379997,92.529999,19.239998,46.939995
126.379997,92.529999,19.239998,46.939995
126.379997,92.529999,19.239998,46.939995
126.379997,92.529999,19.239998,46.939995
131.380005,87.529999,19.239998,46.939995
131.380005,87.529999,19.239998,46.939995
124.379997,64.529999,19.239998,46.939995
128.380005,79.529999,19.239998,46.939995
132.380005,84.529999,19.239998,46.939995
132.380005,84.529999,19.239998,46.939995
132.380005,84.529999,19.239998,46.939995
132.380005,84.529999,19.239998,46.939995
124.379997,56.530003,19.239998,46.939995
124.379997,56.530003,19.239998,46.939995
130.380005,94.529999,19.239998,46.939995
128.380005,88.529999,19.239998,46.939995
126.379997,72.529999,19.239998,46.939995
126.379997,72.529999,19.239998,46.939995
126.379997,72.529999,19.239998,46.939995
126.379997,72.529999,19.239998,46.939995
126.379997,72.529999,19.239998,46.939995
128.380005,67.529999,19.239998,46.939995
131.380005,87.529999,19.239998,46.939995
134.380005,107.529999,19.239998,46.939995
132.380005,97.529999,19.239998,46.939995
132.380005,97.529999,19.239998,46.939995
139.380005,108.529999,19.239998,46.939995
138.380005,88.529999,19.239998,46.939995
138.380005,88.529999,19.239998,46.939995
135.380005,65.529999,19.239998,46.939995
138.380005,92.529999,19.239998,46.939995
141.380005,79.529999,19.239998,46.939995
141.380005,79.529999,19.239998,46.939995
143.380005,92.529999,19.239998,46.939995
147.380005,85.529999,19.239998,46.939995
146.380005,83.529999,19.239998,46.939995
150.380005,106.529999,19.239998,46.939995
154.380005,94.529999,19.239998,46.939995
154.380005,94.529999,19.239998,46.939995
154.380005,94.529999,19.239998,46.939995
158.380005,72.529999,19.239998,46.939995
162.380005,101.529999,19.239998,46.939995
166.380005,70.529999,19.239998,46.939995
170.380005,104.529999,19.239998,46.939995
174.380005,98.529999,19.239998,46.939995
174.380005,98.529999,19.239998,46.939995
174.380005,98.529999,19.239998,46.939995
174.380005,74.529999,19.239998,46.939995
174.380005,74.529999,19.239998,46.939995
174.380005,56.530003,19.239998,46.939995
174.380005,72.529999,19.239998,46.939995
174.380005,72.529999,19.239998,46.939995
168.380005,97.529999,19.239998,46.939995
168.380005,97.529999,19.239998,46.939995
168.380005,97.529999,19.239998,46.939995
173.380005,78.529999,19.239998,46.939995
173.380005,54.530003,19.239998,46.939995
178.380005,75.529999,19.239998,46.939995
178.380005,75.529999,19.239998,46.939995
170.380005,63.530003,19.239998,46.939995
176.380005,60.530003,19.239998,46.939995
176.380005,60.530003,19.239998,46.939995
176.380005,60.530003,19.239998,46.939995
176.380005,60.530003,19.239998,46.939995
176.380005,60.530003,19.239998,46.939995
165.380005,68.529999,19.239998,46.939995
165.380005,68.529999,19.239998,46.939995
165.380005,68.529999,19.239998,46.939995
165.380005,68.529999,19.239998,46.939995
160.380005,53.530003,19.239998,46.939995
160.380005,53.530003,19.239998,46.939995
160.380005,53.530003,19.239998,46.939995
160.380005,53.530003,19.239998,46.939995
160.380005,53.530003,19.239998,46.939995
160.380005,53.530003,19.239998,46.939995
160.380005,53.530003,19.239998,46.939995
158.380005,76.529999,19.239998,46.939995
160.380005,54.530003,19.239998,46.939995
167.380005,72.529999,19.239998,46.939995
159.380005,80.529999,19.239998,46.939995
166.380005,78.529999,19.239998,46.939995
166.380005,78.529999,19.239998,46.939995
166.380005,78.529999,19.239998,46.939995
167.380005,62.530003,19.239998,46.939995
159.380005,50.530003,19.239998,46.939995
159.380005,50.530003,19.239998,46.939995
159.380005,50.530003,19.239998,46.939995
164.380005,47.530003,19.239998,46.939995
164.380005,47.530003,19.239998,46.939995
164.380005,47.530003,19.239998,46.939995
162.380005,70.529999,19.239998,46.939995
168.380005,51.530003,19.239998,46.939995
168.380005,51.530003,19.239998,46.939995
165.380005,38.530003,19.239998,46.939995
156.380005,49.530003,19.239998,46.939995
162.380005,65.529999,19.239998,46.939995
168.380005,66.529999,19.239998,46.939995
168.380005,66.529999,19.239998,46.939995
168.380005,66.529999,19.239998,46.939995
158.380005,46.530003,19.239998,46.939995
158.380005,46.530003,19.239998,46.939995
158.380005,46.530003,19.239998,46.939995
154.380005,69.529999,19.239998,46.939995
154.380005,69.529999,19.239998,46.939995
153.380005,46.530003,19.239998,46.939995
153.380005,46.530003,19.239998,46.939995
153.380005,46.530003,19.239998,46.939995
153.380005,46.530003,19.239998,46.939995
153.380005,46.530003,19.239998,46.939995
153.380005,46.530003,19.239998,46.939995
153.380005,46.530003,19.239998,46.939995
153.380005,46.530003,19.239998,46.939995
153.380005,46.530003,19.239998,46.939995
153.380005,46.530003,19.239998,46.939995
153.380005,46.530003,19.239998,46.939995
153.380005,46.530003,19.239998,46.939995
153.380005,46.530003,19.239998,46.939995
153.380005,46.530003,19.239998,46.939995
153.380005,46.530003,19.239998,46.939995
153.380005,46.530003,19.239998,46.939995
2
0
0
0
0
1
145.119995,103.550003,19.639999,53.759995
145.119995,103.550003,19.639999,53.759995
145.119995,103.550003,19.639999,53.759995
145.119995,103.550003,19.639999,53.759995
145.119995,103.550003,19.639999,53.759995
145.119995,103.550003,19.639999,53.759995
145.119995,103.550003,19.639999,53.759995
145.119995,103.550003,19.639999,53.759995
145.119995,103.550003,19.639999,53.759995
145.119995,103.550003,19.639999,53.759995
145.119995,103.550003,19.639999,53.759995
151.180008,126.120003,19.639999,53.759995
157.180008,109.120003,19.639999,53.759995
157.180008,109.120003,19.639999,53.759995
157.180008,109.120003,19.639999,53.759995
157.180008,109.120003,19.639999,53.759995
157.180008,109.120003,19.639999,53.759995
