1
40.150002,64.150002,19.239998,46.939995
40.150002,64.150002,19.239998,46.939995
40.150002,64.150002,19.239998,46.939995
40.150002,64.150002,19.239998,46.939995
40.150002,64.150002,19.239998,46.939995
40.150002,64.150002,19.239998,46.939995
40.150002,64.150002,19.239998,46.939995
40.150002,64.150002,19.239998,46.939995
47.380001,48.530003,19.239998,46.939995
47.380001,48.530003,19.239998,46.939995
47.380001,48.530003,19.239998,46.939995
45.380001,69.529999,19.239998,46.939995
45.380001,69.529999,19.239998,46.939995
45.380001,69.529999,19.239998,46.939995
45.380001,69.529999,19.239998,46.939995
45.380001,69.529999,19.239998,46.939995
50.380001,77.529999,19.239998,46.939995
50.380001,77.529999,19.239998,46.939995
50.380001,77.529999,19.239998,46.939995
50.380001,77.529999,19.239998,46.939995
50.380001,77.529999,19.239998,46.939995
50.380001,77.529999,19.239998,46.939995
50.380001,77.529999,19.239998,46.939995
50.380001,77.529999,19.239998,46.939995
48.380001,94.529999,19.239998,46.939995
48.380001,94.529999,19.239998,46.939995
55.380001,91.529999,19.239998,46.939995
55.380001,91.529999,19.239998,46.939995
55.380001,91.529999,19.239998,46.939995
55.380001,91.529999,19.239998,46.939995
55.380001,91.529999,19.239998,46.939995
55.380001,91.529999,19.239998,46.939995
55.380001,91.529999,19.239998,46.939995
55.380001,91.529999,19.239998,46.939995
55.380001,91.529999,19.239998,46.939995
55.380001,91.529999,19.239998,46.939995
55.380001,91.529999,19.239998,46.939995
55.380001,91.529999,19.239998,46.939995
55.380001,91.529999,19.239998,46.939995
55.380001,91.529999,19.239998,46.939995
55.380001,91.529999,19.239998,46.939995
55.380001,91.529999,19.239998,46.939995
55.380001,91.529999,19.239998,46.939995
55.380001,91.529999,19.239998,46.939995
55.380001,91.529999,19.239998,46.939995
55.380001,91.529999,19.239998,46.939995
55.380001,91.529999,19.239998,46.939995
55.380001,91.529999,19.239998,46.939995
55.380001,91.529999,19.239998,46.939995
55.380001,91.529999,19.239998,46.939995
55.380001,91.529999,19.239998,46.939995
55.380001,91.529999,19.239998,46.939995
55.380001,91.529999,19.239998,46.939995
55.380001,91.529999,19.239998,46.939995
55.380001,91.529999,19.239998,46.939995
55.380001,91.529999,19.239998,46.939995
55.380001,91.529999,19.239998,46.939995
55.380001,91.529999,19.239998,46.939995
55.380001,91.529999,19.239998,46.939995
55.380001,91.529999,19.239998,46.939995
55.380001,91.529999,19.239998,46.939995
55.380001,91.529999,19.239998,46.939995
55.380001,91.529999,19.239998,46.939995
55.380001,91.529999,19.239998,46.939995
55.380001,91.529999,19.239998,46.939995
55.380001,91.529999,19.239998,46.939995
55.380001,91.529999,19.239998,46.939995
55.380001,91.529999,19.239998,46.939995
55.380001,91.529999,19.239998,46.939995
55.380001,91.529999,19.239998,46.939995
55.380001,91.529999,19.239998,46.939995
55.380001,91.529999,19.239998,46.939995
55.380001,91.529999,19.239998,46.939995
55.380001,91.529999,19.239998,46.939995
55.380001,91.529999,19.239998,46.939995
55.380001,91.529999,19.239998,46.939995
55.380001,91.529999,19.239998,46.939995
55.380001,91.529999,19.239998,46.939995
55.380001,91.529999,19.239998,46.939995
55.380001,91.529999,19.239998,46.939995
55.380001,91.529999,19.239998,46.939995
55.380001,91.529999,19.239998,46.939995
55.380001,91.529999,19.239998,46.939995
55.380001,91.529999,19.239998,46.939995
55.380001,91.529999,19.239998,46.939995
55.380001,91.529999,19.239998,46.939995
55.380001,91.529999,19.239998,46.939995
55.380001,91.529999,19.239998,46.939995
55.380001,91.529999,19.239998,46.939995
55.380001,91.529999,19.239998,46.939995
55.380001,91.529999,19.239998,46.939995
55.380001,91.529999,19.239998,46.939995
55.380001,91.529999,19.239998,46.939995
55.380001,91.529999,19.239998,46.939995
55.380001,91.529999,19.239998,46.939995
55.380001,91.529999,19.239998,46.939995
55.380001,91.529999,19.239998,46.939995
2
0
0
0
0
1
82.169998,67.209999,19.220001,46.919998
82.169998,67.209999,19.220001,46.919998
82.169998,67.209999,19.220001,46.919998
82.169998,67.209999,19.220001,46.919998
82.169998,67.209999,19.220001,46.919998
82.169998,67.209999,19.220001,46.919998
82.169998,67.209999,19.220001,46.919998
82.169998,67.209999,19.220001,46.919998
92.389999,85.540001,19.220001,46.919998
92.389999,85.540001,19.220001,46.919998
92.389999,85.540001,19.220001,46.919998
92.389999,85.540001,19.220001,46.919998
92.389999,85.540001,19.220001,46.919998
92.389999,85.540001,19.220001,46.919998
92.389999,85.540001,19.220001,46.919998
92.389999,85.540001,19.220001,46.919998
92.389999,85.540001,19.220001,46.919998
92.389999,85.540001,19.220001,46.919998
92.389999,85.540001,19.220001,46.919998
92.389999,85.540001,19.220001,46.919998
92.389999,85.540001,19.220001,46.919998
107.389999,86.540001,19.220001,46.919998
107.389999,86.540001,19.220001,46.919998
107.389999,86.540001,19.220001,46.919998
107.389999,86.540001,19.220001,46.919998
107.389999,86.540001,19.220001,46.919998
107.389999,86.540001,19.220001,46.919998
107.389999,86.540001,19.220001,46.919998
107.389999,86.540001,19.220001,46.919998
119.389999,80.540001,19.220001,46.919998
119.389999,80.540001,19.220001,46.919998
119.389999,80.540001,19.220001,46.919998
119.389999,80.540001,19.220001,46.919998
119.389999,80.540001,19.220001,46.919998
119.389999,80.540001,19.220001,46.919998
126.389999,78.540001,19.220001,46.919998
126.389999,78.540001,19.220001,46.919998
126.389999,78.540001,19.220001,46.919998
126.389999,78.540001,19.220001,46.919998
126.389999,78.540001,19.220001,46.919998
126.389999,78.540001,19.220001,46.919998
126.389999,78.540001,19.220001,46.919998
126.389999,78.540001,19.220001,46.919998
126.389999,78.540001,19.220001,46.919998
130.389999,61.540001,19.220001,46.919998
130.389999,61.540001,19.220001,46.919998
130.389999,61.540001,19.220001,46.919998
130.389999,61.540001,19.220001,46.919998
130.389999,61.540001,19.220001,46.919998
130.389999,61.540001,19.220001,46.919998
127.389999,76.540001,19.220001,46.919998
127.389999,76.540001,19.220001,46.919998
127.389999,76.540001,19.220001,46.919998
127.389999,76.540001,19.220001,46.919998
127.389999,76.540001,19.220001,46.919998
127.389999,76.540001,19.220001,46.919998
128.389999,96.540001,19.220001,46.919998
128.389999,96.540001,19.220001,46.919998
128.389999,96.540001,19.220001,46.919998
128.389999,96.540001,19.220001,46.919998
128.389999,96.540001,19.220001,46.919998
128.389999,96.540001,19.220001,46.919998
128.389999,96.540001,19.220001,46.919998
128.389999,96.540001,19.220001,46.919998
138.389999,87.540001,19.220001,46.919998
138.389999,87.540001,19.220001,46.919998
145.389999,91.540001,19.220001,46.919998
145.389999,91.540001,19.220001,46.919998
145.389999,91.540001,19.220001,46.919998
145.389999,91.540001,19.220001,46.919998
145.389999,91.540001,19.220001,46.919998
145.389999,91.540001,19.220001,46.919998
145.389999,91.540001,19.220001,46.919998
145.389999,91.540001,19.220001,46.919998
145.389999,91.540001,19.220001,46.919998
145.389999,91.540001,19.220001,46.919998
162.389999,84.540001,19.220001,46.919998
162.389999,84.540001,19.220001,46.919998
162.389999,84.540001,19.220001,46.919998
162.389999,84.540001,19.220001,46.919998
162.389999,84.540001,19.220001,46.919998
162.389999,84.540001,19.220001,46.919998
162.389999,84.540001,19.220001,46.919998
162.389999,84.540001,19.220001,46.919998
2
0
0
0
0
1
175.970001,66.900002,19.639999,52.279999
175.970001,66.900002,19.639999,52.279999
175.970001,66.900002,19.639999,52.279999
168.180008,93.860001,19.639999,52.279999
168.180008,93.860001,19.639999,52.279999
168.180008,93.860001,19.639999,52.279999
174.180008,64.860001,19.639999,52.279999
174.180008,64.860001,19.639999,52.279999
174.180008,64.860001,19.639999,52.279999
174.180008,64.860001,19.639999,52.279999
174.180008,64.860001,19.639999,52.279999
174.180008,64.860001,19.639999,52.279999
174.180008,64.860001,19.639999,52.279999
174.180008,64.860001,19.639999,52.279999
166.180008,53.860001,19.639999,52.279999
166.180008,53.860001,19.639999,52.279999
166.180008,53.860001,19.639999,52.279999
160.180008,52.860001,19.639999,52.279999
160.180008,52.860001,19.639999,52.279999
160.180008,52.860001,19.639999,52.279999
160.180008,52.860001,19.639999,52.279999
160.180008,52.860001,19.639999,52.279999
160.180008,52.860001,19.639999,52.279999
158.180008,73.860001,19.639999,52.279999
160.180008,55.860001,19.639999,52.279999
162.180008,77.860001,19.639999,52.279999
162.180008,77.860001,19.639999,52.279999
162.180008,77.860001,19.639999,52.279999
162.180008,77.860001,19.639999,52.279999
162.180008,77.860001,19.639999,52.279999
162.180008,77.860001,19.639999,52.279999
162.180008,77.860001,19.639999,52.279999
162.180008,77.860001,19.639999,52.279999
166.180008,53.860001,19.639999,52.279999
163.180008,73.860001,19.639999,52.279999
165.180008,48.860001,19.639999,52.279999
165.180008,48.860001,19.639999,52.279999
165.180008,48.860001,19.639999,52.279999
165.180008,48.860001,19.639999,52.279999
155.180008,52.860001,19.639999,52.279999
155.180008,52.860001,19.639999,52.279999
164.180008,56.860001,19.639999,52.279999
158.180008,50.860001,19.639999,52.279999
158.180008,50.860001,19.639999,52.279999
151.180008,53.860001,19.639999,52.279999
151.180008,53.860001,19.639999,52.279999
158.180008,50.860001,19.639999,52.279999
158.180008,50.860001,19.639999,52.279999
158.180008,50.860001,19.639999,52.279999
158.180008,50.860001,19.639999,52.279999
158.180008,50.860001,19.639999,52.279999
158.180008,50.860001,19.639999,52.279999
158.180008,50.860001,19.639999,52.279999
158.180008,50.860001,19.639999,52.279999
158.180008,50.860001,19.639999,52.279999
158.180008,50.860001,19.639999,52.279999
158.180008,50.860001,19.639999,52.279999
158.180008,50.860001,19.639999,52.279999
158.180008,50.860001,19.639999,52.279999
158.180008,50.860001,19.639999,52.279999
158.180008,50.860001,19.639999,52.279999
158.180008,50.860001,19.639999,52.279999
158.180008,50.860001,19.639999,52.279999
158.180008,50.860001,19.639999,52.279999
158.180008,50.860001,19.639999,52.279999
158.180008,50.860001,19.639999,52.279999
158.180008,50.860001,19.639999,52.279999
158.180008,50.860001,19.639999,52.279999
158.180008,50.860001,19.639999,52.279999
140.180008,95.860001,19.639999,52.279999
140.180008,95.860001,19.639999,52.279999
140.180008,95.860001,19.639999,52.279999
146.180008,112.860001,19.639999,52.279999
146.180008,112.860001,19.639999,52.279999
146.180008,112.860001,19.639999,52.279999
146.180008,112.860001,19.639999,52.279999
146.180008,112.860001,19.639999,52.279999
146.180008,112.860001,19.639999,52.279999
146.180008,112.860001,19.639999,52.279999
146.180008,112.860001,19.639999,52.279999
146.180008,112.860001,19.639999,52.279999
146.180008,112.860001,19.639999,52.279999
156.180008,127.860001,19.639999,52.279999
148.180008,99.860001,19.639999,52.279999
155.180008,111.860001,19.639999,52.279999
155.180008,111.860001,19.639999,52.279999
155.180008,111.860001,19.639999,52.279999
155.180008,111.860001,19.639999,52.279999
