1
40.150002,64.150002,19.239998,46.939995
40.150002,64.150002,19.239998,46.939995
40.150002,64.150002,19.239998,46.939995
40.150002,64.150002,19.239998,46.939995
40.150002,64.150002,19.239998,46.939995
46.380001,67.529999,19.239998,46.939995
46.380001,67.529999,19.239998,46.939995
38.380001,50.530003,19.239998,46.939995
44.380001,64.529999,19.239998,46.939995
44.380001,64.529999,19.239998,46.939995
44.380001,64.529999,19.239998,46.939995
44.380001,64.529999,19.239998,46.939995
44.380001,64.529999,19.239998,46.939995
44.380001,64.529999,19.239998,46.939995
44.380001,64.529999,19.239998,46.939995
44.380001,64.529999,19.239998,46.939995
44.380001,64.529999,19.239998,46.939995
44.380001,64.529999,19.239998,46.939995
50.380001,76.529999,19.239998,46.939995
47.380001,90.529999,19.239998,46.939995
54.380001,89.529999,19.239998,46.939995
46.380001,93.529999,19.239998,46.939995
53.380001,82.529999,19.239998,46.939995
53.380001,82.529999,19.239998,46.939995
53.380001,82.529999,19.239998,46.939995
53.380001,82.529999,19.239998,46.939995
53.380001,82.529999,19.239998,46.939995
53.380001,82.529999,19.239998,46.939995
53.380001,82.529999,19.239998,46.939995
53.380001,82.529999,19.239998,46.939995
53.380001,82.529999,19.239998,46.939995
53.380001,82.529999,19.239998,46.939995
53.380001,82.529999,19.239998,46.939995
53.380001,82.529999,19.239998,46.939995
53.380001,82.529999,19.239998,46.939995
53.380001,82.529999,19.239998,46.939995
65.379997,87.529999,19.239998,46.939995
65.379997,87.529999,19.239998,46.939995
64.379997,66.529999,19.239998,46.939995
64.379997,66.529999,19.239998,46.939995
68.379997,70.529999,19.239998,46.939995
70.379997,92.529999,19.239998,46.939995
70.379997,92.529999,19.239998,46.939995
69.379997,71.529999,19.239998,46.939995
66.379997,93.529999,19.239998,46.939995
66.379997,93.529999,19.239998,46.939995
66.379997,93.529999,19.239998,46.939995
62.380001,74.529999,19.239998,46.939995
62.380001,74.529999,19.239998,46.939995
62.380001,74.529999,19.239998,46.939995
68.379997,94.529999,19.239998,46.939995
74.379997,98.529999,19.239998,46.939995
74.379997,98.529999,19.239998,46.939995
74.379997,98.529999,19.239998,46.939995
60.380001,84.529999,19.239998,46.939995
67.379997,79.529999,19.239998,46.939995
67.379997,79.529999,19.239998,46.939995
67.379997,79.529999,19.239998,46.939995
67.379997,101.529999,19.239998,46.939995
67.379997,101.529999,19.239998,46.939995
74.379997,89.529999,19.239998,46.939995
65.379997,73.529999,19.239998,46.939995
66.379997,95.529999,19.239998,46.939995
66.379997,95.529999,19.239998,46.939995
66.379997,95.529999,19.239998,46.939995
66.379997,95.529999,19.239998,46.939995
66.379997,95.529999,19.239998,46.939995
66.379997,95.529999,19.239998,46.939995
66.379997,95.529999,19.239998,46.939995
66.379997,95.529999,19.239998,46.939995
66.379997,95.529999,19.239998,46.939995
52.380001,97.529999,19.239998,46.939995
52.380001,97.529999,19.239998,46.939995
52.380001,97.529999,19.239998,46.939995
53.380001,74.529999,19.239998,46.939995
53.380001,74.529999,19.239998,46.939995
53.380001,74.529999,19.239998,46.939995
51.380001,60.530003,19.239998,46.939995
51.380001,60.530003,19.239998,46.939995
51.380001,60.530003,19.239998,46.939995
51.380001,60.530003,19.239998,46.939995
51.380001,60.530003,19.239998,46.939995
51.380001,60.530003,19.239998,46.939995
51.380001,60.530003,19.239998,46.939995
51.380001,60.530003,19.239998,46.939995
51.380001,60.530003,19.239998,46.939995
56.380001,70.529999,19.239998,46.939995
59.380001,77.529999,19.239998,46.939995
59.380001,77.529999,19.239998,46.939995
64.379997,71.529999,19.239998,46.939995
71.379997,75.529999,19.239998,46.939995
71.379997,75.529999,19.239998,46.939995
71.379997,75.529999,19.239998,46.939995
62.380001,57.530003,19.239998,46.939995
69.379997,69.529999,19.239998,46.939995
76.379997,61.530003,19.239998,46.939995
76.379997,61.530003,19.239998,46.939995
66.379997,57.530003,19.239998,46.939995
66.379997,57.530003,19.239998,46.939995
73.379997,70.529999,19.239998,46.939995
79.379997,84.529999,19.239998,46.939995
79.379997,84.529999,19.239998,46.939995
76.379997,70.529999,19.239998,46.939995
76.379997,70.529999,19.239998,46.939995
84.379997,81.529999,19.239998,46.939995
90.379997,88.529999,19.239998,46.939995
90.379997,88.529999,19.239998,46.939995
90.379997,88.529999,19.239998,46.939995
90.379997,88.529999,19.239998,46.939995
90.379997,88.529999,19.239998,46.939995
90.379997,88.529999,19.239998,46.939995
90.379997,88.529999,19.239998,46.939995
90.379997,88.529999,19.239998,46.939995
90.379997,88.529999,19.239998,46.939995
93.379997,113.529999,19.239998,46.939995
100.379997,93.529999,19.239998,46.939995
92.379997,106.529999,19.239998,46.939995
92.379997,106.529999,19.239998,46.939995
92.379997,106.529999,19.239998,46.939995
92.379997,106.529999,19.239998,46.939995
92.379997,106.529999,19.239998,46.939995
92.379997,106.529999,19.239998,46.939995
92.379997,106.529999,19.239998,46.939995
92.379997,106.529999,19.239998,46.939995
98.379997,80.529999,19.239998,46.939995
98.379997,80.529999,19.239998,46.939995
98.379997,80.529999,19.239998,46.939995
104.379997,84.529999,19.239998,46.939995
104.379997,84.529999,19.239998,46.939995
104.379997,84.529999,19.239998,46.939995
104.379997,84.529999,19.239998,46.939995
104.379997,84.529999,19.239998,46.939995
104.379997,84.529999,19.239998,46.939995
104.379997,84.529999,19.239998,46.939995
110.379997,98.529999,19.239998,46.939995
110.379997,98.529999,19.239998,46.939995
112.379997,82.529999,19.239998,46.939995
119.379997,96.529999,19.239998,46.939995
119.379997,96.529999,19.239998,46.939995
119.379997,96.529999,19.239998,46.939995
119.379997,96.529999,19.239998,46.939995
124.379997,96.529999,19.239998,46.939995
124.379997,96.529999,19.239998,46.939995
132.380005,93.529999,19.239998,46.939995
132.380005,93.529999,19.239998,46.939995
132.380005,93.529999,19.239998,46.939995
122.379997,100.529999,19.239998,46.939995
122.379997,100.529999,19.239998,46.939995
132.380005,102.529999,19.239998,46.939995
132.380005,102.529999,19.239998,46.939995
132.380005,102.529999,19.239998,46.939995
117.379997,80.529999,19.239998,46.939995
117.379997,80.529999,19.239998,46.939995
117.379997,80.529999,19.239998,46.939995
117.379997,80.529999,19.239998,46.939995
117.379997,80.529999,19.239998,46.939995
117.379997,80.529999,19.239998,46.939995
118.379997,103.529999,19.239998,46.939995
124.379997,107.529999,19.239998,46.939995
124.379997,107.529999,19.239998,46.939995
124.379997,107.529999,19.239998,46.939995
124.379997,107.529999,19.239998,46.939995
135.380005,107.529999,19.239998,46.939995
141.380005,106.529999,19.239998,46.939995
141.380005,106.529999,19.239998,46.939995
141.380005,106.529999,19.239998,46.939995
141.380005,106.529999,19.239998,46.939995
141.380005,106.529999,19.239998,46.939995
141.380005,106.529999,19.239998,46.939995
141.380005,106.529999,19.239998,46.939995
137.380005,81.529999,19.239998,46.939995
143.380005,98.529999,19.239998,46.939995
143.380005,98.529999,19.239998,46.939995
143.380005,98.529999,19.239998,46.939995
154.380005,95.529999,19.239998,46.939995
161.380005,94.529999,19.239998,46.939995
161.380005,94.529999,19.239998,46.939995
161.380005,94.529999,19.239998,46.939995
161.380005,94.529999,19.239998,46.939995
154.380005,70.529999,19.239998,46.939995
154.380005,70.529999,19.239998,46.939995
163.380005,98.529999,19.239998,46.939995
170.380005,92.529999,19.239998,46.939995
177.380005,91.529999,19.239998,46.939995
177.380005,91.529999,19.239998,46.939995
169.380005,90.529999,19.239998,46.939995
175.380005,97.529999,19.239998,46.939995
175.380005,97.529999,19.239998,46.939995
182.380005,91.529999,19.239998,46.939995
182.380005,91.529999,19.239998,46.939995
182.380005,91.529999,19.239998,46.939995
173.380005,89.529999,19.239998,46.939995
173.380005,89.529999,19.239998,46.939995
173.380005,89.529999,19.239998,46.939995
173.380005,89.529999,19.239998,46.939995
173.380005,89.529999,19.239998,46.939995
178.380005,84.529999,19.239998,46.939995
178.380005,84.529999,19.239998,46.939995
178.380005,84.529999,19.239998,46.939995
178.380005,84.529999,19.239998,46.939995
178.380005,84.529999,19.239998,46.939995
178.380005,84.529999,19.239998,46.939995
178.380005,84.529999,19.239998,46.939995
178.380005,84.529999,19.239998,46.939995
178.380005,84.529999,19.239998,46.939995
168.380005,86.529999,19.239998,46.939995
168.380005,86.529999,19.239998,46.939995
168.380005,86.529999,19.239998,46.939995
168.380005,86.529999,19.239998,46.939995
168.380005,86.529999,19.239998,46.939995
158.380005,83.529999,19.239998,46.939995
158.380005,83.529999,19.239998,46.939995
158.380005,60.530003,19.239998,46.939995
163.380005,81.529999,19.239998,46.939995
163.380005,81.529999,19.239998,46.939995
163.380005,81.529999,19.239998,46.939995
156.380005,81.529999,19.239998,46.939995
162.380005,83.529999,19.239998,46.939995
162.380005,83.529999,19.239998,46.939995
162.380005,83.529999,19.239998,46.939995
162.380005,83.529999,19.239998,46.939995
162.380005,83.529999,19.239998,46.939995
162.380005,83.529999,19.239998,46.939995
169.380005,67.529999,19.239998,46.939995
169.380005,67.529999,19.239998,46.939995
169.380005,67.529999,19.239998,46.939995
169.380005,67.529999,19.239998,46.939995
169.380005,67.529999,19.239998,46.939995
169.380005,67.529999,19.239998,46.939995
169.380005,67.529999,19.239998,46.939995
169.380005,67.529999,19.239998,46.939995
169.380005,67.529999,19.239998,46.939995
169.380005,67.529999,19.239998,46.939995
169.380005,67.529999,19.239998,46.939995
169.380005,67.529999,19.239998,46.939995
159.380005,61.530003,19.239998,46.939995
159.380005,61.530003,19.239998,46.939995
159.380005,61.530003,19.239998,46.939995
159.380005,61.530003,19.239998,46.939995
157.380005,49.530003,19.239998,46.939995
148.380005,73.529999,19.239998,46.939995
148.380005,73.529999,19.239998,46.939995
148.380005,73.529999,19.239998,46.939995
148.380005,73.529999,19.239998,46.939995
155.380005,66.529999,19.239998,46.939995
155.380005,66.529999,19.239998,46.939995
155.380005,66.529999,19.239998,46.939995
155.380005,66.529999,19.239998,46.939995
155.380005,66.529999,19.239998,46.939995
155.380005,66.529999,19.239998,46.939995
155.380005,66.529999,19.239998,46.939995
155.380005,66.529999,19.239998,46.939995
145.380005,89.529999,19.239998,46.939995
145.380005,89.529999,19.239998,46.939995
145.380005,89.529999,19.239998,46.939995
145.380005,89.529999,19.239998,46.939995
145.380005,89.529999,19.239998,46.939995
145.380005,89.529999,19.239998,46.939995
143.380005,73.529999,19.239998,46.939995
150.380005,84.529999,19.239998,46.939995
150.380005,84.529999,19.239998,46.939995
139.380005,91.529999,19.239998,46.939995
139.380005,91.529999,19.239998,46.939995
139.380005,91.529999,19.239998,46.939995
139.380005,91.529999,19.239998,46.939995
139.380005,91.529999,19.239998,46.939995
139.380005,91.529999,19.239998,46.939995
131.380005,125.529999,19.239998,46.939995
132.380005,117.529999,19.239998,46.939995
139.380005,137.529999,19.239998,46.939995
139.380005,137.529999,19.239998,46.939995
143.380005,142.529999,19.239998,46.939995
143.380005,142.529999,19.239998,46.939995
142.380005,114.529999,19.239998,46.939995
134.380005,121.529999,19.239998,46.939995
141.380005,113.529999,19.239998,46.939995
141.380005,113.529999,19.239998,46.939995
141.380005,113.529999,19.239998,46.939995
141.380005,113.529999,19.239998,46.939995
141.380005,113.529999,19.239998,46.939995
141.380005,113.529999,19.239998,46.939995
