1
40.150002,64.150002,19.239998,46.939995
40.150002,64.150002,19.239998,46.939995
40.150002,64.150002,19.239998,46.939995
40.150002,64.150002,19.239998,46.939995
40.150002,64.150002,19.239998,46.939995
40.150002,64.150002,19.239998,46.939995
40.150002,64.150002,19.239998,46.939995
47.380001,55.530003,19.239998,46.939995
47.380001,55.530003,19.239998,46.939995
47.380001,55.530003,19.239998,46.939995
47.380001,55.530003,19.239998,46.939995
47.380001,55.530003,19.239998,46.939995
47.380001,55.530003,19.239998,46.939995
47.380001,55.530003,19.239998,46.939995
47.380001,55.530003,19.239998,46.939995
47.380001,55.530003,19.239998,46.939995
46.380001,73.529999,19.239998,46.939995
46.380001,73.529999,19.239998,46.939995
49.380001,89.529999,19.239998,46.939995
49.380001,89.529999,19.239998,46.939995
49.380001,89.529999,19.239998,46.939995
49.380001,89.529999,19.239998,46.939995
49.380001,89.529999,19.239998,46.939995
49.380001,89.529999,19.239998,46.939995
49.380001,89.529999,19.239998,46.939995
49.380001,89.529999,19.239998,46.939995
60.380001,99.529999,19.239998,46.939995
56.380001,83.529999,19.239998,46.939995
56.380001,83.529999,19.239998,46.939995
56.380001,83.529999,19.239998,46.939995
56.380001,83.529999,19.239998,46.939995
56.380001,83.529999,19.239998,46.939995
56.380001,83.529999,19.239998,46.939995
56.380001,83.529999,19.239998,46.939995
63.380001,81.529999,19.239998,46.939995
63.380001,81.529999,19.239998,46.939995
63.380001,81.529999,19.239998,46.939995
63.380001,81.529999,19.239998,46.939995
63.380001,81.529999,19.239998,46.939995
68.379997,71.529999,19.239998,46.939995
68.379997,71.529999,19.239998,46.939995
73.379997,87.529999,19.239998,46.939995
63.380001,73.529999,19.239998,46.939995
63.380001,73.529999,19.239998,46.939995
63.380001,73.529999,19.239998,46.939995
63.380001,73.529999,19.239998,46.939995
63.380001,73.529999,19.239998,46.939995
63.380001,73.529999,19.239998,46.939995
63.380001,73.529999,19.239998,46.939995
63.380001,73.529999,19.239998,46.939995
74.379997,88.529999,19.239998,46.939995
74.379997,88.529999,19.239998,46.939995
74.379997,88.529999,19.239998,46.939995
74.379997,88.529999,19.239998,46.939995
64.379997,90.529999,19.239998,46.939995
64.379997,90.529999,19.239998,46.939995
64.379997,90.529999,19.239998,46.939995
64.379997,90.529999,19.239998,46.939995
69.379997,80.529999,19.239998,46.939995
69.379997,80.529999,19.239998,46.939995
69.379997,80.529999,19.239998,46.939995
69.379997,80.529999,19.239998,46.939995
69.379997,80.529999,19.239998,46.939995
69.379997,80.529999,19.239998,46.939995
69.379997,80.529999,19.239998,46.939995
69.379997,80.529999,19.239998,46.939995
69.379997,80.529999,19.239998,46.939995
69.379997,80.529999,19.239998,46.939995
69.379997,80.529999,19.239998,46.939995
69.379997,80.529999,19.239998,46.939995
69.379997,80.529999,19.239998,46.939995
69.379997,80.529999,19.239998,46.939995
69.379997,80.529999,19.239998,46.939995
61.380001,71.529999,19.239998,46.939995
61.380001,71.529999,19.239998,46.939995
61.380001,71.529999,19.239998,46.939995
61.380001,71.529999,19.239998,46.939995
61.380001,71.529999,19.239998,46.939995
53.380001,71.529999,19.239998,46.939995
53.380001,71.529999,19.239998,46.939995
53.380001,71.529999,19.239998,46.939995
53.380001,71.529999,19.239998,46.939995
53.380001,71.529999,19.239998,46.939995
53.380001,71.529999,19.239998,46.939995
53.380001,71.529999,19.239998,46.939995
53.380001,71.529999,19.239998,46.939995
53.380001,71.529999,19.239998,46.939995
53.380001,71.529999,19.239998,46.939995
53.380001,71.529999,19.239998,46.939995
60.380001,65.529999,19.239998,46.939995
67.379997,61.530003,19.239998,46.939995
67.379997,61.530003,19.239998,46.939995
67.379997,61.530003,19.239998,46.939995
67.379997,61.530003,19.239998,46.939995
67.379997,61.530003,19.239998,46.939995
67.379997,61.530003,19.239998,46.939995
67.379997,61.530003,19.239998,46.939995
67.379997,61.530003,19.239998,46.939995
67.379997,61.530003,19.239998,46.939995
67.379997,61.530003,19.239998,46.939995
72.379997,46.530003,19.239998,46.939995
69.379997,70.529999,19.239998,46.939995
76.379997,49.530003,19.239998,46.939995
83.379997,68.529999,19.239998,46.939995
83.379997,68.529999,19.239998,46.939995
83.379997,68.529999,19.239998,46.939995
83.379997,68.529999,19.239998,46.939995
83.379997,68.529999,19.239998,46.939995
83.379997,68.529999,19.239998,46.939995
83.379997,68.529999,19.239998,46.939995
87.379997,96.529999,19.239998,46.939995
87.379997,96.529999,19.239998,46.939995
87.379997,96.529999,19.239998,46.939995
89.379997,73.529999,19.239998,46.939995
89.379997,73.529999,19.239998,46.939995
89.379997,73.529999,19.239998,46.939995
89.379997,73.529999,19.239998,46.939995
89.379997,73.529999,19.239998,46.939995
89.379997,73.529999,19.239998,46.939995
89.379997,73.529999,19.239998,46.939995
89.379997,73.529999,19.239998,46.939995
89.379997,73.529999,19.239998,46.939995
89.379997,73.529999,19.239998,46.939995
89.379997,73.529999,19.239998,46.939995
2
0
0
0
0
1
115.760002,78.309998,19.230003,46.920006
115.760002,78.309998,19.230003,46.920006
115.760002,78.309998,19.230003,46.920006
115.760002,78.309998,19.230003,46.920006
122.385002,73.539993,19.230003,46.920006
122.385002,73.539993,19.230003,46.920006
122.385002,73.539993,19.230003,46.920006
122.385002,73.539993,19.230003,46.920006
122.385002,73.539993,19.230003,46.920006
122.385002,73.539993,19.230003,46.920006
122.385002,73.539993,19.230003,46.920006
122.385002,73.539993,19.230003,46.920006
122.385002,73.539993,19.230003,46.920006
131.384995,76.539993,19.230003,46.920006
131.384995,76.539993,19.230003,46.920006
131.384995,76.539993,19.230003,46.920006
131.384995,76.539993,19.230003,46.920006
131.384995,76.539993,19.230003,46.920006
131.384995,76.539993,19.230003,46.920006
131.384995,76.539993,19.230003,46.920006
136.384995,76.539993,19.230003,46.920006
136.384995,76.539993,19.230003,46.920006
128.384995,78.539993,19.230003,46.920006
128.384995,78.539993,19.230003,46.920006
128.384995,78.539993,19.230003,46.920006
128.384995,78.539993,19.230003,46.920006
128.384995,78.539993,19.230003,46.920006
128.384995,78.539993,19.230003,46.920006
128.384995,78.539993,19.230003,46.920006
128.384995,78.539993,19.230003,46.920006
128.384995,78.539993,19.230003,46.920006
128.384995,78.539993,19.230003,46.920006
128.384995,78.539993,19.230003,46.920006
137.384995,89.539993,19.230003,46.920006
137.384995,89.539993,19.230003,46.920006
137.384995,89.539993,19.230003,46.920006
137.384995,89.539993,19.230003,46.920006
137.384995,89.539993,19.230003,46.920006
137.384995,89.539993,19.230003,46.920006
144.384995,93.539993,19.230003,46.920006
144.384995,93.539993,19.230003,46.920006
144.384995,93.539993,19.230003,46.920006
144.384995,93.539993,19.230003,46.920006
154.384995,93.539993,19.230003,46.920006
154.384995,93.539993,19.230003,46.920006
152.384995,78.539993,19.230003,46.920006
152.384995,78.539993,19.230003,46.920006
152.384995,78.539993,19.230003,46.920006
152.384995,78.539993,19.230003,46.920006
152.384995,78.539993,19.230003,46.920006
162.384995,85.539993,19.230003,46.920006
162.384995,85.539993,19.230003,46.920006
162.384995,85.539993,19.230003,46.920006
162.384995,85.539993,19.230003,46.920006
162.384995,85.539993,19.230003,46.920006
162.384995,85.539993,19.230003,46.920006
162.384995,85.539993,19.230003,46.920006
173.384995,71.539993,19.230003,46.920006
173.384995,71.539993,19.230003,46.920006
180.384995,67.539993,19.230003,46.920006
180.384995,67.539993,19.230003,46.920006
172.384995,73.539993,19.230003,46.920006
178.384995,61.539997,19.230003,46.920006
178.384995,61.539997,19.230003,46.920006
170.384995,67.539993,19.230003,46.920006
170.384995,67.539993,19.230003,46.920006
170.384995,67.539993,19.230003,46.920006
170.384995,67.539993,19.230003,46.920006
170.384995,67.539993,19.230003,46.920006
175.384995,57.539997,19.230003,46.920006
175.384995,57.539997,19.230003,46.920006
175.384995,57.539997,19.230003,46.920006
175.384995,57.539997,19.230003,46.920006
175.384995,57.539997,19.230003,46.920006
175.384995,57.539997,19.230003,46.920006
175.384995,57.539997,19.230003,46.920006
175.384995,57.539997,19.230003,46.920006
175.384995,57.539997,19.230003,46.920006
164.384995,64.539993,19.230003,46.920006
170.384995,70.539993,19.230003,46.920006
170.384995,70.539993,19.230003,46.920006
162.384995,62.539997,19.230003,46.920006
162.384995,62.539997,19.230003,46.920006
162.384995,62.539997,19.230003,46.920006
162.384995,62.539997,19.230003,46.920006
162.384995,62.539997,19.230003,46.920006
162.384995,62.539997,19.230003,46.920006
162.384995,62.539997,19.230003,46.920006
162.384995,62.539997,19.230003,46.920006
162.384995,62.539997,19.230003,46.920006
162.384995,62.539997,19.230003,46.920006
168.384995,65.539993,19.230003,46.920006
168.384995,65.539993,19.230003,46.920006
168.384995,65.539993,19.230003,46.920006
168.384995,65.539993,19.230003,46.920006
168.384995,65.539993,19.230003,46.920006
168.384995,65.539993,19.230003,46.920006
168.384995,65.539993,19.230003,46.920006
168.384995,65.539993,19.230003,46.920006
168.384995,65.539993,19.230003,46.920006
168.384995,65.539993,19.230003,46.920006
168.384995,65.539993,19.230003,46.920006
168.384995,65.539993,19.230003,46.920006
168.384995,65.539993,19.230003,46.920006
161.384995,51.539997,19.230003,46.920006
161.384995,51.539997,19.230003,46.920006
161.384995,51.539997,19.230003,46.920006
161.384995,51.539997,19.230003,46.920006
161.384995,51.539997,19.230003,46.920006
161.384995,51.539997,19.230003,46.920006
161.384995,51.539997,19.230003,46.920006
161.384995,51.539997,19.230003,46.920006
161.384995,51.539997,19.230003,46.920006
161.384995,51.539997,19.230003,46.920006
161.384995,51.539997,19.230003,46.920006
161.384995,51.539997,19.230003,46.920006
161.384995,51.539997,19.230003,46.920006
161.384995,51.539997,19.230003,46.920006
161.384995,51.539997,19.230003,46.920006
161.384995,51.539997,19.230003,46.920006
161.384995,51.539997,19.230003,46.920006
161.384995,51.539997,19.230003,46.920006
161.384995,51.539997,19.230003,46.920006
161.384995,51.539997,19.230003,46.920006
161.384995,51.539997,19.230003,46.920006
161.384995,51.539997,19.230003,46.920006
161.384995,51.539997,19.230003,46.920006
161.384995,51.539997,19.230003,46.920006
161.384995,51.539997,19.230003,46.920006
161.384995,51.539997,19.230003,46.920006
161.384995,51.539997,19.230003,46.920006
2
0
0
0
0
1
144.949997,105.290001,19.650009,54.859993
139.175003,102.570000,19.650009,54.859993
148.175003,109.570000,19.650009,54.859993
142.175003,106.570000,19.650009,54.859993
142.175003,106.570000,19.650009,54.859993
142.175003,106.570000,19.650009,54.859993
142.175003,106.570000,19.650009,54.859993
142.175003,106.570000,19.650009,54.859993
152.175003,113.570000,19.650009,54.859993
152.175003,113.570000,19.650009,54.859993
159.175003,129.570007,19.650009,54.859993
159.175003,129.570007,19.650009,54.859993
156.175003,110.570000,19.650009,54.859993
156.175003,110.570000,19.650009,54.859993
