1
40.150002,64.150002,19.239998,46.939995
40.150002,64.150002,19.239998,46.939995
40.150002,64.150002,19.239998,46.939995
40.150002,64.150002,19.239998,46.939995
40.150002,64.150002,19.239998,46.939995
40.150002,64.150002,19.239998,46.939995
40.150002,64.150002,19.239998,46.939995
40.150002,64.150002,19.239998,46.939995
45.380001,41.530003,19.239998,46.939995
45.380001,41.530003,19.239998,46.939995
45.380001,41.530003,19.239998,46.939995
45.380001,41.530003,19.239998,46.939995
45.380001,41.530003,19.239998,46.939995
45.380001,41.530003,19.239998,46.939995
45.380001,67.529999,19.239998,46.939995
36.380001,65.529999,19.239998,46.939995
36.380001,65.529999,19.239998,46.939995
43.380001,71.529999,19.239998,46.939995
43.380001,71.529999,19.239998,46.939995
50.380001,72.529999,19.239998,46.939995
50.380001,72.529999,19.239998,46.939995
50.380001,72.529999,19.239998,46.939995
50.380001,72.529999,19.239998,46.939995
50.380001,72.529999,19.239998,46.939995
50.380001,72.529999,19.239998,46.939995
56.380001,78.529999,19.239998,46.939995
56.380001,78.529999,19.239998,46.939995
56.380001,78.529999,19.239998,46.939995
56.380001,78.529999,19.239998,46.939995
56.380001,78.529999,19.239998,46.939995
56.380001,78.529999,19.239998,46.939995
56.380001,78.529999,19.239998,46.939995
56.380001,78.529999,19.239998,46.939995
64.379997,76.529999,19.239998,46.939995
66.379997,98.529999,19.239998,46.939995
66.379997,98.529999,19.239998,46.939995
66.379997,98.529999,19.239998,46.939995
66.379997,98.529999,19.239998,46.939995
65.379997,63.530003,19.239998,46.939995
65.379997,63.530003,19.239998,46.939995
65.379997,63.530003,19.239998,46.939995
65.379997,63.530003,19.239998,46.939995
65.379997,63.530003,19.239998,46.939995
65.379997,63.530003,19.239998,46.939995
65.379997,63.530003,19.239998,46.939995
65.379997,63.530003,19.239998,46.939995
65.379997,63.530003,19.239998,46.939995
65.379997,63.530003,19.239998,46.939995
65.379997,63.530003,19.239998,46.939995
65.379997,63.530003,19.239998,46.939995
70.379997,90.529999,19.239998,46.939995
70.379997,90.529999,19.239998,46.939995
70.379997,90.529999,19.239998,46.939995
70.379997,90.529999,19.239998,46.939995
70.379997,90.529999,19.239998,46.939995
62.380001,74.529999,19.239998,46.939995
68.379997,76.529999,19.239998,46.939995
74.379997,98.529999,19.239998,46.939995
75.379997,80.529999,19.239998,46.939995
66.379997,102.529999,19.239998,46.939995
66.379997,102.529999,19.239998,46.939995
63.380001,76.529999,19.239998,46.939995
63.380001,76.529999,19.239998,46.939995
63.380001,76.529999,19.239998,46.939995
63.380001,76.529999,19.239998,46.939995
63.380001,76.529999,19.239998,46.939995
63.380001,76.529999,19.239998,46.939995
63.380001,76.529999,19.239998,46.939995
63.380001,76.529999,19.239998,46.939995
61.380001,97.529999,19.239998,46.939995
62.380001,79.529999,19.239998,46.939995
62.380001,79.529999,19.239998,46.939995
49.380001,68.529999,19.239998,46.939995
49.380001,68.529999,19.239998,46.939995
49.380001,68.529999,19.239998,46.939995
57.380001,72.529999,19.239998,46.939995
57.380001,72.529999,19.239998,46.939995
57.380001,72.529999,19.239998,46.939995
57.380001,72.529999,19.239998,46.939995
57.380001,72.529999,19.239998,46.939995
49.380001,58.530003,19.239998,46.939995
49.380001,58.530003,19.239998,46.939995
49.380001,58.530003,19.239998,46.939995
49.380001,58.530003,19.239998,46.939995
49.380001,58.530003,19.239998,46.939995
58.380001,79.529999,19.239998,46.939995
65.379997,55.530003,19.239998,46.939995
65.379997,55.530003,19.239998,46.939995
65.379997,75.529999,19.239998,46.939995
65.379997,75.529999,19.239998,46.939995
60.380001,46.530003,19.239998,46.939995
60.380001,46.530003,19.239998,46.939995
63.380001,60.530003,19.239998,46.939995
63.380001,60.530003,19.239998,46.939995
70.379997,79.529999,19.239998,46.939995
73.379997,83.529999,19.239998,46.939995
76.379997,62.530003,19.239998,46.939995
74.379997,84.529999,19.239998,46.939995
74.379997,84.529999,19.239998,46.939995
74.379997,84.529999,19.239998,46.939995
72.379997,63.530003,19.239998,46.939995
72.379997,63.530003,19.239998,46.939995
72.379997,63.530003,19.239998,46.939995
72.379997,63.530003,19.239998,46.939995
72.379997,63.530003,19.239998,46.939995
79.379997,57.530003,19.239998,46.939995
86.379997,80.529999,19.239998,46.939995
86.379997,80.529999,19.239998,46.939995
86.379997,80.529999,19.239998,46.939995
92.379997,78.529999,19.239998,46.939995
92.379997,78.529999,19.239998,46.939995
86.379997,65.529999,19.239998,46.939995
86.379997,65.529999,19.239998,46.939995
95.379997,82.529999,19.239998,46.939995
95.379997,82.529999,19.239998,46.939995
95.379997,82.529999,19.239998,46.939995
95.379997,82.529999,19.239998,46.939995
95.379997,82.529999,19.239998,46.939995
95.379997,82.529999,19.239998,46.939995
95.379997,82.529999,19.239998,46.939995
95.379997,82.529999,19.239998,46.939995
95.379997,82.529999,19.239998,46.939995
102.379997,68.529999,19.239998,46.939995
102.379997,68.529999,19.239998,46.939995
102.379997,68.529999,19.239998,46.939995
102.379997,68.529999,19.239998,46.939995
102.379997,68.529999,19.239998,46.939995
106.379997,65.529999,19.239998,46.939995
106.379997,65.529999,19.239998,46.939995
106.379997,65.529999,19.239998,46.939995
109.379997,83.529999,19.239998,46.939995
109.379997,83.529999,19.239998,46.939995
112.379997,78.529999,19.239998,46.939995
111.379997,67.529999,19.239998,46.939995
111.379997,67.529999,19.239998,46.939995
114.379997,75.529999,19.239998,46.939995
117.379997,66.529999,19.239998,46.939995
115.379997,92.529999,19.239998,46.939995
115.379997,92.529999,19.239998,46.939995
120.379997,77.529999,19.239998,46.939995
123.379997,96.529999,19.239998,46.939995
126.379997,80.529999,19.239998,46.939995
129.380005,71.529999,19.239998,46.939995
129.380005,71.529999,19.239998,46.939995
129.380005,71.529999,19.239998,46.939995
129.380005,71.529999,19.239998,46.939995
122.379997,102.529999,19.239998,46.939995
121.379997,82.529999,19.239998,46.939995
125.379997,72.529999,19.239998,46.939995
125.379997,72.529999,19.239998,46.939995
128.380005,73.529999,19.239998,46.939995
132.380005,76.529999,19.239998,46.939995
131.380005,104.529999,19.239998,46.939995
135.380005,87.529999,19.239998,46.939995
128.380005,77.529999,19.239998,46.939995
128.380005,77.529999,19.239998,46.939995
124.379997,79.529999,19.239998,46.939995
124.379997,79.529999,19.239998,46.939995
124.379997,79.529999,19.239998,46.939995
129.380005,86.529999,19.239998,46.939995
129.380005,86.529999,19.239998,46.939995
129.380005,86.529999,19.239998,46.939995
129.380005,86.529999,19.239998,46.939995
129.380005,86.529999,19.239998,46.939995
134.380005,101.529999,19.239998,46.939995
138.380005,111.529999,19.239998,46.939995
136.380005,98.529999,19.239998,46.939995
139.380005,102.529999,19.239998,46.939995
139.380005,102.529999,19.239998,46.939995
136.380005,99.529999,19.239998,46.939995
136.380005,99.529999,19.239998,46.939995
136.380005,99.529999,19.239998,46.939995
136.380005,99.529999,19.239998,46.939995
136.380005,99.529999,19.239998,46.939995
2
0
0
0
0
1
166.089996,79.680000,19.650009,52.280006
166.089996,79.680000,19.650009,52.280006
174.175003,84.860001,19.650009,52.280006
180.175003,98.860001,19.650009,52.280006
180.175003,98.860001,19.650009,52.280006
180.175003,98.860001,19.650009,52.280006
180.175003,98.860001,19.650009,52.280006
180.175003,98.860001,19.650009,52.280006
180.175003,98.860001,19.650009,52.280006
180.175003,98.860001,19.650009,52.280006
180.175003,98.860001,19.650009,52.280006
180.175003,98.860001,19.650009,52.280006
180.175003,98.860001,19.650009,52.280006
173.175003,69.860001,19.650009,52.280006
179.175003,83.860001,19.650009,52.280006
179.175003,83.860001,19.650009,52.280006
179.175003,83.860001,19.650009,52.280006
174.175003,56.859997,19.650009,52.280006
174.175003,56.859997,19.650009,52.280006
176.175003,79.860001,19.650009,52.280006
176.175003,79.860001,19.650009,52.280006
176.175003,79.860001,19.650009,52.280006
171.175003,59.859997,19.650009,52.280006
171.175003,59.859997,19.650009,52.280006
163.175003,57.859997,19.650009,52.280006
163.175003,57.859997,19.650009,52.280006
170.175003,75.860001,19.650009,52.280006
170.175003,75.860001,19.650009,52.280006
170.175003,75.860001,19.650009,52.280006
170.175003,75.860001,19.650009,52.280006
164.175003,57.859997,19.650009,52.280006
164.175003,57.859997,19.650009,52.280006
164.175003,57.859997,19.650009,52.280006
164.175003,57.859997,19.650009,52.280006
163.175003,80.860001,19.650009,52.280006
159.175003,52.859997,19.650009,52.280006
160.175003,74.860001,19.650009,52.280006
160.175003,74.860001,19.650009,52.280006
160.175003,74.860001,19.650009,52.280006
166.175003,74.860001,19.650009,52.280006
166.175003,74.860001,19.650009,52.280006
166.175003,74.860001,19.650009,52.280006
162.175003,44.859997,19.650009,52.280006
169.175003,64.860001,19.650009,52.280006
169.175003,64.860001,19.650009,52.280006
169.175003,64.860001,19.650009,52.280006
169.175003,64.860001,19.650009,52.280006
169.175003,64.860001,19.650009,52.280006
169.175003,64.860001,19.650009,52.280006
169.175003,64.860001,19.650009,52.280006
169.175003,64.860001,19.650009,52.280006
167.175003,43.859997,19.650009,52.280006
164.175003,63.859997,19.650009,52.280006
164.175003,63.859997,19.650009,52.280006
164.175003,63.859997,19.650009,52.280006
164.175003,63.859997,19.650009,52.280006
164.175003,63.859997,19.650009,52.280006
164.175003,63.859997,19.650009,52.280006
164.175003,63.859997,19.650009,52.280006
157.175003,49.859997,19.650009,52.280006
157.175003,49.859997,19.650009,52.280006
157.175003,49.859997,19.650009,52.280006
157.175003,49.859997,19.650009,52.280006
157.175003,49.859997,19.650009,52.280006
157.175003,49.859997,19.650009,52.280006
157.175003,49.859997,19.650009,52.280006
157.175003,49.859997,19.650009,52.280006
157.175003,49.859997,19.650009,52.280006
157.175003,49.859997,19.650009,52.280006
157.175003,49.859997,19.650009,52.280006
157.175003,49.859997,19.650009,52.280006
157.175003,49.859997,19.650009,52.280006
157.175003,49.859997,19.650009,52.280006
157.175003,49.859997,19.650009,52.280006
157.175003,49.859997,19.650009,52.280006
157.175003,49.859997,19.650009,52.280006
157.175003,49.859997,19.650009,52.280006
143.175003,105.860001,19.650009,52.280006
143.175003,105.860001,19.650009,52.280006
143.175003,105.860001,19.650009,52.280006
139.175003,100.860001,19.650009,52.280006
139.175003,100.860001,19.650009,52.280006
139.175003,83.860001,19.650009,52.280006
139.175003,83.860001,19.650009,52.280006
145.175003,89.860001,19.650009,52.280006
145.175003,89.860001,19.650009,52.280006
145.175003,89.860001,19.650009,52.280006
145.175003,89.860001,19.650009,52.280006
145.175003,89.860001,19.650009,52.280006
138.175003,126.860001,19.650009,52.280006
142.175003,103.860001,19.650009,52.280006
141.175003,125.860001,19.650009,52.280006
141.175003,125.860001,19.650009,52.280006
141.175003,125.860001,19.650009,52.280006
145.175003,112.860001,19.650009,52.280006
145.175003,112.860001,19.650009,52.280006
145.175003,112.860001,19.650009,52.280006
145.175003,112.860001,19.650009,52.280006
145.175003,112.860001,19.650009,52.280006
150.175003,141.860001,19.650009,52.280006
148.175003,112.860001,19.650009,52.280006
