1
40.150002,64.150002,19.239998,46.939995
40.150002,64.150002,19.239998,46.939995
40.150002,64.150002,19.239998,46.939995
40.150002,64.150002,19.239998,46.939995
40.150002,64.150002,19.239998,46.939995
40.150002,64.150002,19.239998,46.939995
40.150002,64.150002,19.239998,46.939995
40.150002,64.150002,19.239998,46.939995
40.150002,64.150002,19.239998,46.939995
40.150002,64.150002,19.239998,46.939995
40.150002,64.150002,19.239998,46.939995
40.150002,64.150002,19.239998,46.939995
46.380001,69.529999,19.239998,46.939995
46.380001,69.529999,19.239998,46.939995
46.380001,69.529999,19.239998,46.939995
46.380001,69.529999,19.239998,46.939995
45.380001,85.529999,19.239998,46.939995
45.380001,85.529999,19.239998,46.939995
52.380001,76.529999,19.239998,46.939995
52.380001,76.529999,19.239998,46.939995
52.380001,76.529999,19.239998,46.939995
52.380001,76.529999,19.239998,46.939995
57.380001,91.529999,19.239998,46.939995
57.380001,91.529999,19.239998,46.939995
57.380001,91.529999,19.239998,46.939995
57.380001,91.529999,19.239998,46.939995
57.380001,91.529999,19.239998,46.939995
57.380001,91.529999,19.239998,46.939995
57.380001,91.529999,19.239998,46.939995
57.380001,91.529999,19.239998,46.939995
57.380001,91.529999,19.239998,46.939995
57.380001,91.529999,19.239998,46.939995
57.380001,91.529999,19.239998,46.939995
70.379997,103.529999,19.239998,46.939995
70.379997,103.529999,19.239998,46.939995
70.379997,103.529999,19.239998,46.939995
70.379997,103.529999,19.239998,46.939995
70.379997,103.529999,19.239998,46.939995
70.379997,72.529999,19.239998,46.939995
70.379997,72.529999,19.239998,46.939995
70.379997,72.529999,19.239998,46.939995
70.379997,72.529999,19.239998,46.939995
70.379997,72.529999,19.239998,46.939995
70.379997,72.529999,19.239998,46.939995
74.379997,73.529999,19.239998,46.939995
66.379997,90.529999,19.239998,46.939995
66.379997,90.529999,19.239998,46.939995
70.379997,84.529999,19.239998,46.939995
70.379997,84.529999,19.239998,46.939995
70.379997,84.529999,19.239998,46.939995
70.379997,84.529999,19.239998,46.939995
70.379997,84.529999,19.239998,46.939995
66.379997,102.529999,19.239998,46.939995
66.379997,102.529999,19.239998,46.939995
62.380001,88.529999,19.239998,46.939995
62.380001,88.529999,19.239998,46.939995
62.380001,88.529999,19.239998,46.939995
66.379997,102.529999,19.239998,46.939995
70.379997,102.529999,19.239998,46.939995
73.379997,91.529999,19.239998,46.939995
73.379997,91.529999,19.239998,46.939995
59.380001,80.529999,19.239998,46.939995
59.380001,80.529999,19.239998,46.939995
59.380001,80.529999,19.239998,46.939995
59.380001,80.529999,19.239998,46.939995
62.380001,100.529999,19.239998,46.939995
60.380001,77.529999,19.239998,46.939995
60.380001,77.529999,19.239998,46.939995
60.380001,77.529999,19.239998,46.939995
65.379997,91.529999,19.239998,46.939995
65.379997,91.529999,19.239998,46.939995
53.380001,77.529999,19.239998,46.939995
56.380001,68.529999,19.239998,46.939995
56.380001,68.529999,19.239998,46.939995
63.380001,89.529999,19.239998,46.939995
57.380001,76.529999,19.239998,46.939995
57.380001,76.529999,19.239998,46.939995
57.380001,76.529999,19.239998,46.939995
57.380001,76.529999,19.239998,46.939995
51.380001,60.530003,19.239998,46.939995
49.380001,80.529999,19.239998,46.939995
52.380001,60.530003,19.239998,46.939995
52.380001,60.530003,19.239998,46.939995
58.380001,70.529999,19.239998,46.939995
58.380001,70.529999,19.239998,46.939995
54.380001,59.530003,19.239998,46.939995
54.380001,59.530003,19.239998,46.939995
61.380001,71.529999,19.239998,46.939995
64.379997,74.529999,19.239998,46.939995
67.379997,62.530003,19.239998,46.939995
67.379997,62.530003,19.239998,46.939995
67.379997,62.530003,19.239998,46.939995
72.379997,74.529999,19.239998,46.939995
72.379997,74.529999,19.239998,46.939995
72.379997,74.529999,19.239998,46.939995
72.379997,74.529999,19.239998,46.939995
67.379997,62.530003,19.239998,46.939995
71.379997,59.530003,19.239998,46.939995
71.379997,59.530003,19.239998,46.939995
74.379997,78.529999,19.239998,46.939995
77.379997,73.529999,19.239998,46.939995
75.379997,68.529999,19.239998,46.939995
78.379997,68.529999,19.239998,46.939995
81.379997,83.529999,19.239998,46.939995
81.379997,83.529999,19.239998,46.939995
79.379997,76.529999,19.239998,46.939995
79.379997,76.529999,19.239998,46.939995
79.379997,76.529999,19.239998,46.939995
79.379997,76.529999,19.239998,46.939995
79.379997,76.529999,19.239998,46.939995
86.379997,69.529999,19.239998,46.939995
86.379997,69.529999,19.239998,46.939995
89.379997,75.529999,19.239998,46.939995
88.379997,63.530003,19.239998,46.939995
88.379997,63.530003,19.239998,46.939995
91.379997,79.529999,19.239998,46.939995
91.379997,79.529999,19.239998,46.939995
99.379997,85.529999,19.239998,46.939995
99.379997,85.529999,19.239998,46.939995
99.379997,85.529999,19.239998,46.939995
99.379997,85.529999,19.239998,46.939995
96.379997,66.529999,19.239998,46.939995
96.379997,66.529999,19.239998,46.939995
96.379997,66.529999,19.239998,46.939995
99.379997,66.529999,19.239998,46.939995
103.379997,60.530003,19.239998,46.939995
103.379997,60.530003,19.239998,46.939995
106.379997,98.529999,19.239998,46.939995
106.379997,98.529999,19.239998,46.939995
114.379997,86.529999,19.239998,46.939995
113.379997,77.529999,19.239998,46.939995
113.379997,77.529999,19.239998,46.939995
113.379997,77.529999,19.239998,46.939995
113.379997,77.529999,19.239998,46.939995
113.379997,77.529999,19.239998,46.939995
113.379997,77.529999,19.239998,46.939995
113.379997,77.529999,19.239998,46.939995
113.379997,77.529999,19.239998,46.939995
113.379997,77.529999,19.239998,46.939995
113.379997,77.529999,19.239998,46.939995
122.379997,93.529999,19.239998,46.939995
128.380005,85.529999,19.239998,46.939995
128.380005,85.529999,19.239998,46.939995
128.380005,85.529999,19.239998,46.939995
128.380005,85.529999,19.239998,46.939995
128.380005,85.529999,19.239998,46.939995
128.380005,85.529999,19.239998,46.939995
128.380005,85.529999,19.239998,46.939995
128.380005,85.529999,19.239998,46.939995
128.380005,85.529999,19.239998,46.939995
128.380005,85.529999,19.239998,46.939995
128.380005,85.529999,19.239998,46.939995
128.380005,85.529999,19.239998,46.939995
128.380005,85.529999,19.239998,46.939995
128.380005,85.529999,19.239998,46.939995
128.380005,85.529999,19.239998,46.939995
128.380005,85.529999,19.239998,46.939995
128.380005,85.529999,19.239998,46.939995
122.379997,103.529999,19.239998,46.939995
122.379997,103.529999,19.239998,46.939995
122.379997,103.529999,19.239998,46.939995
122.379997,103.529999,19.239998,46.939995
122.379997,103.529999,19.239998,46.939995
122.379997,103.529999,19.239998,46.939995
122.379997,103.529999,19.239998,46.939995
122.379997,103.529999,19.239998,46.939995
122.379997,103.529999,19.239998,46.939995
2
0
0
0
0
1
151.949997,84.989998,19.479996,52.280006
151.949997,84.989998,19.479996,52.280006
151.949997,84.989998,19.479996,52.280006
151.949997,84.989998,19.479996,52.280006
151.949997,84.989998,19.479996,52.280006
151.949997,84.989998,19.479996,52.280006
158.259995,89.860001,19.479996,52.280006
158.259995,89.860001,19.479996,52.280006
158.259995,89.860001,19.479996,52.280006
158.259995,89.860001,19.479996,52.280006
158.259995,89.860001,19.479996,52.280006
158.259995,89.860001,19.479996,52.280006
180.259995,94.860001,19.479996,52.280006
186.259995,110.860001,19.479996,52.280006
186.259995,110.860001,19.479996,52.280006
173.259995,118.860001,19.479996,52.280006
173.259995,118.860001,19.479996,52.280006
173.259995,118.860001,19.479996,52.280006
173.259995,118.860001,19.479996,52.280006
173.259995,118.860001,19.479996,52.280006
2
0
0
0
0
1
173.479996,63.900002,19.639999,52.299995
173.479996,63.900002,19.639999,52.299995
173.479996,63.900002,19.639999,52.299995
173.479996,63.900002,19.639999,52.299995
173.479996,63.900002,19.639999,52.299995
173.479996,63.900002,19.639999,52.299995
173.479996,63.900002,19.639999,52.299995
173.479996,63.900002,19.639999,52.299995
173.479996,63.900002,19.639999,52.299995
173.479996,63.900002,19.639999,52.299995
173.479996,63.900002,19.639999,52.299995
173.479996,63.900002,19.639999,52.299995
173.479996,63.900002,19.639999,52.299995
173.479996,63.900002,19.639999,52.299995
173.479996,63.900002,19.639999,52.299995
173.479996,63.900002,19.639999,52.299995
173.479996,63.900002,19.639999,52.299995
173.479996,63.900002,19.639999,52.299995
173.479996,63.900002,19.639999,52.299995
173.479996,63.900002,19.639999,52.299995
173.479996,63.900002,19.639999,52.299995
173.479996,63.900002,19.639999,52.299995
173.479996,63.900002,19.639999,52.299995
173.479996,63.900002,19.639999,52.299995
173.479996,63.900002,19.639999,52.299995
173.479996,63.900002,19.639999,52.299995
173.479996,63.900002,19.639999,52.299995
173.479996,63.900002,19.639999,52.299995
173.479996,63.900002,19.639999,52.299995
173.479996,63.900002,19.639999,52.299995
173.479996,63.900002,19.639999,52.299995
173.479996,63.900002,19.639999,52.299995
173.479996,63.900002,19.639999,52.299995
173.479996,63.900002,19.639999,52.299995
173.479996,63.900002,19.639999,52.299995
173.479996,63.900002,19.639999,52.299995
173.479996,63.900002,19.639999,52.299995
173.479996,63.900002,19.639999,52.299995
173.479996,63.900002,19.639999,52.299995
173.479996,63.900002,19.639999,52.299995
173.479996,63.900002,19.639999,52.299995
173.479996,63.900002,19.639999,52.299995
173.479996,63.900002,19.639999,52.299995
173.479996,63.900002,19.639999,52.299995
173.479996,63.900002,19.639999,52.299995
173.479996,63.900002,19.639999,52.299995
173.479996,63.900002,19.639999,52.299995
2
0
0
0
0
1
149.500000,80.150002,19.649994,51.120003
149.500000,80.150002,19.649994,51.120003
149.500000,80.150002,19.649994,51.120003
149.500000,80.150002,19.649994,51.120003
149.500000,80.150002,19.649994,51.120003
149.500000,80.150002,19.649994,51.120003
148.175003,98.439995,19.649994,51.120003
144.175003,83.439995,19.649994,51.120003
135.175003,93.439995,19.649994,51.120003
135.175003,93.439995,19.649994,51.120003
135.175003,93.439995,19.649994,51.120003
135.175003,93.439995,19.649994,51.120003
135.175003,93.439995,19.649994,51.120003
135.175003,93.439995,19.649994,51.120003
135.175003,93.439995,19.649994,51.120003
135.175003,93.439995,19.649994,51.120003
135.175003,93.439995,19.649994,51.120003
135.175003,93.439995,19.649994,51.120003
135.175003,93.439995,19.649994,51.120003
135.175003,93.439995,19.649994,51.120003
135.175003,93.439995,19.649994,51.120003
135.175003,93.439995,19.649994,51.120003
135.175003,93.439995,19.649994,51.120003
135.175003,93.439995,19.649994,51.120003
135.175003,93.439995,19.649994,51.120003
135.175003,93.439995,19.649994,51.120003
135.175003,93.439995,19.649994,51.120003
135.175003,93.439995,19.649994,51.120003
135.175003,93.439995,19.649994,51.120003
