1
40.150002,64.150002,19.239998,46.939995
40.150002,64.150002,19.239998,46.939995
40.150002,64.150002,19.239998,46.939995
40.150002,64.150002,19.239998,46.939995
40.150002,64.150002,19.239998,46.939995
40.150002,64.150002,19.239998,46.939995
40.150002,64.150002,19.239998,46.939995
40.150002,64.150002,19.239998,46.939995
40.150002,64.150002,19.239998,46.939995
45.380001,55.530003,19.239998,46.939995
45.380001,55.530003,19.239998,46.939995
45.380001,55.530003,19.239998,46.939995
45.380001,55.530003,19.239998,46.939995
45.380001,55.530003,19.239998,46.939995
45.380001,55.530003,19.239998,46.939995
45.380001,55.530003,19.239998,46.939995
47.380001,74.529999,19.239998,46.939995
47.380001,74.529999,19.239998,46.939995
47.380001,74.529999,19.239998,46.939995
47.380001,74.529999,19.239998,46.939995
51.380001,97.529999,19.239998,46.939995
51.380001,97.529999,19.239998,46.939995
51.380001,97.529999,19.239998,46.939995
51.380001,97.529999,19.239998,46.939995
51.380001,97.529999,19.239998,46.939995
51.380001,83.529999,19.239998,46.939995
51.380001,83.529999,19.239998,46.939995
51.380001,83.529999,19.239998,46.939995
51.380001,83.529999,19.239998,46.939995
58.380001,90.529999,19.239998,46.939995
58.380001,90.529999,19.239998,46.939995
58.380001,90.529999,19.239998,46.939995
58.380001,90.529999,19.239998,46.939995
58.380001,90.529999,19.239998,46.939995
63.380001,78.529999,19.239998,46.939995
63.380001,78.529999,19.239998,46.939995
63.380001,78.529999,19.239998,46.939995
63.380001,78.529999,19.239998,46.939995
63.380001,78.529999,19.239998,46.939995
63.380001,78.529999,19.239998,46.939995
63.380001,78.529999,19.239998,46.939995
63.380001,78.529999,19.239998,46.939995
63.380001,78.529999,19.239998,46.939995
69.379997,74.529999,19.239998,46.939995
69.379997,74.529999,19.239998,46.939995
69.379997,74.529999,19.239998,46.939995
69.379997,74.529999,19.239998,46.939995
69.379997,74.529999,19.239998,46.939995
69.379997,74.529999,19.239998,46.939995
69.379997,74.529999,19.239998,46.939995
69.379997,74.529999,19.239998,46.939995
77.379997,91.529999,19.239998,46.939995
77.379997,91.529999,19.239998,46.939995
69.379997,85.529999,19.239998,46.939995
69.379997,85.529999,19.239998,46.939995
69.379997,85.529999,19.239998,46.939995
69.379997,85.529999,19.239998,46.939995
69.379997,85.529999,19.239998,46.939995
69.379997,85.529999,19.239998,46.939995
69.379997,85.529999,19.239998,46.939995
69.379997,85.529999,19.239998,46.939995
62.380001,91.529999,19.239998,46.939995
63.380001,78.529999,19.239998,46.939995
63.380001,78.529999,19.239998,46.939995
63.380001,78.529999,19.239998,46.939995
63.380001,78.529999,19.239998,46.939995
63.380001,78.529999,19.239998,46.939995
63.380001,78.529999,19.239998,46.939995
63.380001,78.529999,19.239998,46.939995
63.380001,78.529999,19.239998,46.939995
63.380001,78.529999,19.239998,46.939995
63.380001,78.529999,19.239998,46.939995
53.380001,70.529999,19.239998,46.939995
53.380001,70.529999,19.239998,46.939995
53.380001,70.529999,19.239998,46.939995
53.380001,70.529999,19.239998,46.939995
53.380001,70.529999,19.239998,46.939995
59.380001,71.529999,19.239998,46.939995
59.380001,71.529999,19.239998,46.939995
59.380001,71.529999,19.239998,46.939995
59.380001,71.529999,19.239998,46.939995
65.379997,73.529999,19.239998,46.939995
65.379997,73.529999,19.239998,46.939995
65.379997,73.529999,19.239998,46.939995
65.379997,73.529999,19.239998,46.939995
65.379997,73.529999,19.239998,46.939995
65.379997,73.529999,19.239998,46.939995
65.379997,73.529999,19.239998,46.939995
65.379997,73.529999,19.239998,46.939995
65.379997,73.529999,19.239998,46.939995
60.380001,57.530003,19.239998,46.939995
60.380001,57.530003,19.239998,46.939995
60.380001,57.530003,19.239998,46.939995
64.379997,61.530003,19.239998,46.939995
64.379997,61.530003,19.239998,46.939995
64.379997,61.530003,19.239998,46.939995
70.379997,74.529999,19.239998,46.939995
70.379997,74.529999,19.239998,46.939995
70.379997,74.529999,19.239998,46.939995
71.379997,61.530003,19.239998,46.939995
78.379997,70.529999,19.239998,46.939995
78.379997,70.529999,19.239998,46.939995
78.379997,70.529999,19.239998,46.939995
86.379997,73.529999,19.239998,46.939995
86.379997,73.529999,19.239998,46.939995
86.379997,73.529999,19.239998,46.939995
86.379997,73.529999,19.239998,46.939995
86.379997,73.529999,19.239998,46.939995
86.379997,73.529999,19.239998,46.939995
87.379997,64.529999,19.239998,46.939995
87.379997,64.529999,19.239998,46.939995
89.379997,91.529999,19.239998,46.939995
90.379997,82.529999,19.239998,46.939995
90.379997,82.529999,19.239998,46.939995
90.379997,82.529999,19.239998,46.939995
90.379997,82.529999,19.239998,46.939995
90.379997,82.529999,19.239998,46.939995
96.379997,82.529999,19.239998,46.939995
96.379997,82.529999,19.239998,46.939995
100.379997,81.529999,19.239998,46.939995
100.379997,81.529999,19.239998,46.939995
100.379997,81.529999,19.239998,46.939995
100.379997,81.529999,19.239998,46.939995
100.379997,81.529999,19.239998,46.939995
105.379997,74.529999,19.239998,46.939995
105.379997,74.529999,19.239998,46.939995
105.379997,74.529999,19.239998,46.939995
104.379997,98.529999,19.239998,46.939995
107.379997,81.529999,19.239998,46.939995
107.379997,81.529999,19.239998,46.939995
108.379997,67.529999,19.239998,46.939995
108.379997,67.529999,19.239998,46.939995
113.379997,95.529999,19.239998,46.939995
113.379997,95.529999,19.239998,46.939995
109.379997,81.529999,19.239998,46.939995
112.379997,64.529999,19.239998,46.939995
112.379997,64.529999,19.239998,46.939995
118.379997,85.529999,19.239998,46.939995
118.379997,85.529999,19.239998,46.939995
125.379997,95.529999,19.239998,46.939995
118.379997,86.529999,19.239998,46.939995
121.379997,82.529999,19.239998,46.939995
124.379997,88.529999,19.239998,46.939995
122.379997,74.529999,19.239998,46.939995
122.379997,74.529999,19.239998,46.939995
122.379997,74.529999,19.239998,46.939995
122.379997,74.529999,19.239998,46.939995
122.379997,74.529999,19.239998,46.939995
122.379997,74.529999,19.239998,46.939995
122.379997,74.529999,19.239998,46.939995
122.379997,74.529999,19.239998,46.939995
122.379997,74.529999,19.239998,46.939995
122.379997,74.529999,19.239998,46.939995
122.379997,74.529999,19.239998,46.939995
122.379997,74.529999,19.239998,46.939995
126.379997,83.529999,19.239998,46.939995
126.379997,83.529999,19.239998,46.939995
126.379997,83.529999,19.239998,46.939995
125.379997,81.529999,19.239998,46.939995
125.379997,81.529999,19.239998,46.939995
125.379997,81.529999,19.239998,46.939995
130.380005,97.529999,19.239998,46.939995
130.380005,97.529999,19.239998,46.939995
138.380005,100.529999,19.239998,46.939995
129.380005,107.529999,19.239998,46.939995
135.380005,104.529999,19.239998,46.939995
135.380005,104.529999,19.239998,46.939995
135.380005,104.529999,19.239998,46.939995
135.380005,104.529999,19.239998,46.939995
132.380005,90.529999,19.239998,46.939995
132.380005,90.529999,19.239998,46.939995
144.380005,101.529999,19.239998,46.939995
150.380005,102.529999,19.239998,46.939995
150.380005,102.529999,19.239998,46.939995
150.380005,102.529999,19.239998,46.939995
158.380005,95.529999,19.239998,46.939995
158.380005,95.529999,19.239998,46.939995
158.380005,95.529999,19.239998,46.939995
158.380005,95.529999,19.239998,46.939995
166.380005,98.529999,19.239998,46.939995
166.380005,98.529999,19.239998,46.939995
166.380005,98.529999,19.239998,46.939995
166.380005,98.529999,19.239998,46.939995
175.380005,92.529999,19.239998,46.939995
177.380005,109.529999,19.239998,46.939995
177.380005,109.529999,19.239998,46.939995
170.380005,91.529999,19.239998,46.939995
170.380005,91.529999,19.239998,46.939995
177.380005,106.529999,19.239998,46.939995
168.380005,101.529999,19.239998,46.939995
169.380005,84.529999,19.239998,46.939995
171.380005,100.529999,19.239998,46.939995
177.380005,84.529999,19.239998,46.939995
177.380005,84.529999,19.239998,46.939995
177.380005,84.529999,19.239998,46.939995
177.380005,84.529999,19.239998,46.939995
172.380005,65.529999,19.239998,46.939995
172.380005,65.529999,19.239998,46.939995
172.380005,65.529999,19.239998,46.939995
172.380005,65.529999,19.239998,46.939995
172.380005,65.529999,19.239998,46.939995
168.380005,83.529999,19.239998,46.939995
160.380005,71.529999,19.239998,46.939995
160.380005,71.529999,19.239998,46.939995
160.380005,71.529999,19.239998,46.939995
160.380005,71.529999,19.239998,46.939995
160.380005,71.529999,19.239998,46.939995
160.380005,71.529999,19.239998,46.939995
160.380005,71.529999,19.239998,46.939995
160.380005,71.529999,19.239998,46.939995
160.380005,71.529999,19.239998,46.939995
160.380005,71.529999,19.239998,46.939995
157.380005,58.530003,19.239998,46.939995
154.380005,80.529999,19.239998,46.939995
151.380005,72.529999,19.239998,46.939995
148.380005,59.530003,19.239998,46.939995
155.380005,76.529999,19.239998,46.939995
155.380005,76.529999,19.239998,46.939995
156.380005,61.530003,19.239998,46.939995
158.380005,88.529999,19.239998,46.939995
165.380005,75.529999,19.239998,46.939995
165.380005,75.529999,19.239998,46.939995
159.380005,49.530003,19.239998,46.939995
159.380005,49.530003,19.239998,46.939995
159.380005,49.530003,19.239998,46.939995
149.380005,65.529999,19.239998,46.939995
155.380005,74.529999,19.239998,46.939995
155.380005,74.529999,19.239998,46.939995
155.380005,74.529999,19.239998,46.939995
153.380005,47.530003,19.239998,46.939995
153.380005,47.530003,19.239998,46.939995
153.380005,47.530003,19.239998,46.939995
153.380005,47.530003,19.239998,46.939995
153.380005,47.530003,19.239998,46.939995
153.380005,47.530003,19.239998,46.939995
153.380005,47.530003,19.239998,46.939995
161.380005,63.530003,19.239998,46.939995
168.380005,57.530003,19.239998,46.939995
168.380005,57.530003,19.239998,46.939995
168.380005,57.530003,19.239998,46.939995
168.380005,57.530003,19.239998,46.939995
168.380005,57.530003,19.239998,46.939995
154.380005,69.529999,19.239998,46.939995
154.380005,69.529999,19.239998,46.939995
154.380005,69.529999,19.239998,46.939995
154.380005,69.529999,19.239998,46.939995
154.380005,69.529999,19.239998,46.939995
154.380005,69.529999,19.239998,46.939995
154.380005,69.529999,19.239998,46.939995
154.380005,69.529999,19.239998,46.939995
154.380005,69.529999,19.239998,46.939995
143.380005,71.529999,19.239998,46.939995
143.380005,71.529999,19.239998,46.939995
143.380005,71.529999,19.239998,46.939995
143.380005,71.529999,19.239998,46.939995
143.380005,71.529999,19.239998,46.939995
143.380005,71.529999,19.239998,46.939995
143.380005,71.529999,19.239998,46.939995
143.380005,71.529999,19.239998,46.939995
143.380005,71.529999,19.239998,46.939995
140.380005,85.529999,19.239998,46.939995
143.380005,80.529999,19.239998,46.939995
136.380005,98.529999,19.239998,46.939995
136.380005,98.529999,19.239998,46.939995
136.380005,98.529999,19.239998,46.939995
136.380005,98.529999,19.239998,46.939995
132.380005,118.529999,19.239998,46.939995
132.380005,118.529999,19.239998,46.939995
132.380005,118.529999,19.239998,46.939995
138.380005,107.529999,19.239998,46.939995
138.380005,107.529999,19.239998,46.939995
138.380005,107.529999,19.239998,46.939995
138.380005,107.529999,19.239998,46.939995
138.380005,107.529999,19.239998,46.939995
144.380005,129.529999,19.239998,46.939995
144.380005,129.529999,19.239998,46.939995
143.380005,109.529999,19.239998,46.939995
140.380005,129.529999,19.239998,46.939995
140.380005,129.529999,19.239998,46.939995
140.380005,129.529999,19.239998,46.939995
143.380005,111.529999,19.239998,46.939995
