1
40.150002,64.150002,19.239998,46.939995
40.150002,64.150002,19.239998,46.939995
40.150002,64.150002,19.239998,46.939995
40.150002,64.150002,19.239998,46.939995
40.150002,64.150002,19.239998,46.939995
40.150002,64.150002,19.239998,46.939995
40.150002,64.150002,19.239998,46.939995
40.150002,64.150002,19.239998,46.939995
40.150002,64.150002,19.239998,46.939995
40.150002,64.150002,19.239998,46.939995
40.150002,64.150002,19.239998,46.939995
40.150002,64.150002,19.239998,46.939995
40.150002,64.150002,19.239998,46.939995
40.150002,64.150002,19.239998,46.939995
44.380001,77.529999,19.239998,46.939995
44.380001,77.529999,19.239998,46.939995
51.380001,74.529999,19.239998,46.939995
51.380001,74.529999,19.239998,46.939995
43.380001,81.529999,19.239998,46.939995
49.380001,82.529999,19.239998,46.939995
49.380001,82.529999,19.239998,46.939995
49.380001,82.529999,19.239998,46.939995
49.380001,82.529999,19.239998,46.939995
49.380001,82.529999,19.239998,46.939995
49.380001,82.529999,19.239998,46.939995
49.380001,82.529999,19.239998,46.939995
49.380001,82.529999,19.239998,46.939995
49.380001,82.529999,19.239998,46.939995
49.380001,82.529999,19.239998,46.939995
66.379997,97.529999,19.239998,46.939995
66.379997,97.529999,19.239998,46.939995
66.379997,97.529999,19.239998,46.939995
66.379997,97.529999,19.239998,46.939995
66.379997,97.529999,19.239998,46.939995
66.379997,97.529999,19.239998,46.939995
67.379997,76.529999,19.239998,46.939995
67.379997,76.529999,19.239998,46.939995
67.379997,76.529999,19.239998,46.939995
67.379997,76.529999,19.239998,46.939995
67.379997,76.529999,19.239998,46.939995
67.379997,76.529999,19.239998,46.939995
67.379997,76.529999,19.239998,46.939995
71.379997,76.529999,19.239998,46.939995
71.379997,76.529999,19.239998,46.939995
71.379997,76.529999,19.239998,46.939995
71.379997,76.529999,19.239998,46.939995
71.379997,76.529999,19.239998,46.939995
71.379997,76.529999,19.239998,46.939995
71.379997,76.529999,19.239998,46.939995
71.379997,76.529999,19.239998,46.939995
71.379997,76.529999,19.239998,46.939995
71.379997,76.529999,19.239998,46.939995
71.379997,76.529999,19.239998,46.939995
71.379997,76.529999,19.239998,46.939995
71.379997,76.529999,19.239998,46.939995
71.379997,76.529999,19.239998,46.939995
63.380001,83.529999,19.239998,46.939995
63.380001,83.529999,19.239998,46.939995
63.380001,83.529999,19.239998,46.939995
71.379997,100.529999,19.239998,46.939995
67.379997,84.529999,19.239998,46.939995
67.379997,84.529999,19.239998,46.939995
67.379997,84.529999,19.239998,46.939995
67.379997,84.529999,19.239998,46.939995
67.379997,84.529999,19.239998,46.939995
67.379997,84.529999,19.239998,46.939995
67.379997,84.529999,19.239998,46.939995
59.380001,87.529999,19.239998,46.939995
59.380001,87.529999,19.239998,46.939995
59.380001,87.529999,19.239998,46.939995
59.380001,87.529999,19.239998,46.939995
59.380001,87.529999,19.239998,46.939995
59.380001,87.529999,19.239998,46.939995
59.380001,87.529999,19.239998,46.939995
59.380001,87.529999,19.239998,46.939995
59.380001,87.529999,19.239998,46.939995
59.380001,87.529999,19.239998,46.939995
59.380001,87.529999,19.239998,46.939995
59.380001,87.529999,19.239998,46.939995
59.380001,87.529999,19.239998,46.939995
59.380001,87.529999,19.239998,46.939995
59.380001,87.529999,19.239998,46.939995
52.380001,58.530003,19.239998,46.939995
52.380001,58.530003,19.239998,46.939995
52.380001,58.530003,19.239998,46.939995
56.380001,67.529999,19.239998,46.939995
56.380001,67.529999,19.239998,46.939995
61.380001,59.530003,19.239998,46.939995
61.380001,59.530003,19.239998,46.939995
61.380001,59.530003,19.239998,46.939995
61.380001,59.530003,19.239998,46.939995
61.380001,59.530003,19.239998,46.939995
61.380001,59.530003,19.239998,46.939995
61.380001,59.530003,19.239998,46.939995
67.379997,50.530003,19.239998,46.939995
67.379997,50.530003,19.239998,46.939995
67.379997,50.530003,19.239998,46.939995
67.379997,50.530003,19.239998,46.939995
67.379997,50.530003,19.239998,46.939995
72.379997,65.529999,19.239998,46.939995
72.379997,65.529999,19.239998,46.939995
72.379997,65.529999,19.239998,46.939995
72.379997,65.529999,19.239998,46.939995
72.379997,65.529999,19.239998,46.939995
72.379997,65.529999,19.239998,46.939995
72.379997,65.529999,19.239998,46.939995
72.379997,65.529999,19.239998,46.939995
72.379997,65.529999,19.239998,46.939995
72.379997,65.529999,19.239998,46.939995
72.379997,65.529999,19.239998,46.939995
83.379997,67.529999,19.239998,46.939995
83.379997,67.529999,19.239998,46.939995
86.379997,84.529999,19.239998,46.939995
90.379997,90.529999,19.239998,46.939995
90.379997,90.529999,19.239998,46.939995
90.379997,90.529999,19.239998,46.939995
90.379997,90.529999,19.239998,46.939995
93.379997,81.529999,19.239998,46.939995
93.379997,81.529999,19.239998,46.939995
93.379997,81.529999,19.239998,46.939995
93.379997,81.529999,19.239998,46.939995
100.379997,74.529999,19.239998,46.939995
100.379997,74.529999,19.239998,46.939995
100.379997,74.529999,19.239998,46.939995
100.379997,74.529999,19.239998,46.939995
100.379997,74.529999,19.239998,46.939995
104.379997,76.529999,19.239998,46.939995
106.379997,105.529999,19.239998,46.939995
113.379997,106.529999,19.239998,46.939995
105.379997,112.529999,19.239998,46.939995
112.379997,78.529999,19.239998,46.939995
112.379997,78.529999,19.239998,46.939995
112.379997,78.529999,19.239998,46.939995
112.379997,78.529999,19.239998,46.939995
112.379997,78.529999,19.239998,46.939995
122.379997,98.529999,19.239998,46.939995
114.379997,79.529999,19.239998,46.939995
121.379997,70.529999,19.239998,46.939995
121.379997,70.529999,19.239998,46.939995
121.379997,70.529999,19.239998,46.939995
121.379997,70.529999,19.239998,46.939995
127.379997,90.529999,19.239998,46.939995
127.379997,90.529999,19.239998,46.939995
131.380005,84.529999,19.239998,46.939995
131.380005,84.529999,19.239998,46.939995
131.380005,84.529999,19.239998,46.939995
122.379997,85.529999,19.239998,46.939995
129.380005,97.529999,19.239998,46.939995
136.380005,84.529999,19.239998,46.939995
138.380005,81.529999,19.239998,46.939995
138.380005,81.529999,19.239998,46.939995
138.380005,81.529999,19.239998,46.939995
129.380005,99.529999,19.239998,46.939995
129.380005,99.529999,19.239998,46.939995
128.380005,87.529999,19.239998,46.939995
128.380005,87.529999,19.239998,46.939995
128.380005,87.529999,19.239998,46.939995
128.380005,87.529999,19.239998,46.939995
128.380005,87.529999,19.239998,46.939995
128.380005,87.529999,19.239998,46.939995
128.380005,87.529999,19.239998,46.939995
128.380005,87.529999,19.239998,46.939995
128.380005,87.529999,19.239998,46.939995
138.380005,104.529999,19.239998,46.939995
138.380005,104.529999,19.239998,46.939995
138.380005,104.529999,19.239998,46.939995
138.380005,104.529999,19.239998,46.939995
138.380005,104.529999,19.239998,46.939995
138.380005,104.529999,19.239998,46.939995
138.380005,104.529999,19.239998,46.939995
138.380005,104.529999,19.239998,46.939995
141.380005,92.529999,19.239998,46.939995
141.380005,92.529999,19.239998,46.939995
141.380005,92.529999,19.239998,46.939995
148.380005,94.529999,19.239998,46.939995
148.380005,94.529999,19.239998,46.939995
156.380005,87.529999,19.239998,46.939995
160.380005,96.529999,19.239998,46.939995
159.380005,85.529999,19.239998,46.939995
163.380005,99.529999,19.239998,46.939995
167.380005,108.529999,19.239998,46.939995
171.380005,92.529999,19.239998,46.939995
175.380005,96.529999,19.239998,46.939995
169.380005,75.529999,19.239998,46.939995
169.380005,75.529999,19.239998,46.939995
162.380005,113.529999,19.239998,46.939995
165.380005,109.529999,19.239998,46.939995
165.380005,109.529999,19.239998,46.939995
166.380005,106.529999,19.239998,46.939995
169.380005,84.529999,19.239998,46.939995
169.380005,84.529999,19.239998,46.939995
169.380005,84.529999,19.239998,46.939995
169.380005,84.529999,19.239998,46.939995
159.380005,103.529999,19.239998,46.939995
159.380005,103.529999,19.239998,46.939995
159.380005,103.529999,19.239998,46.939995
159.380005,103.529999,19.239998,46.939995
159.380005,103.529999,19.239998,46.939995
2
0
0
0
0
1
168.820007,64.150002,19.649994,52.299995
168.820007,64.150002,19.649994,52.299995
168.820007,64.150002,19.649994,52.299995
168.820007,64.150002,19.649994,52.299995
168.820007,64.150002,19.649994,52.299995
168.820007,64.150002,19.649994,52.299995
168.820007,64.150002,19.649994,52.299995
168.820007,64.150002,19.649994,52.299995
168.820007,64.150002,19.649994,52.299995
168.820007,64.150002,19.649994,52.299995
168.820007,64.150002,19.649994,52.299995
168.820007,64.150002,19.649994,52.299995
168.820007,64.150002,19.649994,52.299995
168.820007,64.150002,19.649994,52.299995
168.820007,64.150002,19.649994,52.299995
168.820007,64.150002,19.649994,52.299995
168.820007,64.150002,19.649994,52.299995
168.820007,64.150002,19.649994,52.299995
168.820007,64.150002,19.649994,52.299995
159.175003,57.850002,19.649994,52.299995
159.175003,57.850002,19.649994,52.299995
159.175003,57.850002,19.649994,52.299995
159.175003,57.850002,19.649994,52.299995
159.175003,57.850002,19.649994,52.299995
159.175003,57.850002,19.649994,52.299995
159.175003,57.850002,19.649994,52.299995
159.175003,57.850002,19.649994,52.299995
159.175003,57.850002,19.649994,52.299995
159.175003,57.850002,19.649994,52.299995
159.175003,57.850002,19.649994,52.299995
159.175003,57.850002,19.649994,52.299995
159.175003,57.850002,19.649994,52.299995
159.175003,57.850002,19.649994,52.299995
159.175003,57.850002,19.649994,52.299995
159.175003,57.850002,19.649994,52.299995
159.175003,57.850002,19.649994,52.299995
159.175003,57.850002,19.649994,52.299995
159.175003,57.850002,19.649994,52.299995
159.175003,57.850002,19.649994,52.299995
159.175003,57.850002,19.649994,52.299995
159.175003,57.850002,19.649994,52.299995
159.175003,57.850002,19.649994,52.299995
159.175003,57.850002,19.649994,52.299995
159.175003,57.850002,19.649994,52.299995
159.175003,57.850002,19.649994,52.299995
159.175003,57.850002,19.649994,52.299995
159.175003,57.850002,19.649994,52.299995
159.175003,57.850002,19.649994,52.299995
159.175003,57.850002,19.649994,52.299995
159.175003,57.850002,19.649994,52.299995
159.175003,57.850002,19.649994,52.299995
159.175003,57.850002,19.649994,52.299995
159.175003,57.850002,19.649994,52.299995
159.175003,57.850002,19.649994,52.299995
159.175003,57.850002,19.649994,52.299995
159.175003,57.850002,19.649994,52.299995
159.175003,57.850002,19.649994,52.299995
159.175003,57.850002,19.649994,52.299995
159.175003,57.850002,19.649994,52.299995
159.175003,57.850002,19.649994,52.299995
159.175003,57.850002,19.649994,52.299995
159.175003,57.850002,19.649994,52.299995
159.175003,57.850002,19.649994,52.299995
159.175003,57.850002,19.649994,52.299995
159.175003,57.850002,19.649994,52.299995
159.175003,57.850002,19.649994,52.299995
159.175003,57.850002,19.649994,52.299995
2
0
0
0
0
1
149.740005,114.519997,19.639999,54.860008
149.740005,114.519997,19.639999,54.860008
153.180008,133.569992,19.639999,54.860008
157.180008,115.570000,19.639999,54.860008
