1
125.800003,20.180000,46.399994,35.639999
125.800003,20.180000,46.399994,35.639999
125.800003,20.180000,46.399994,35.639999
125.800003,20.180000,46.399994,35.639999
125.800003,20.180000,46.399994,35.639999
125.800003,20.180000,46.399994,35.639999
125.800003,20.180000,46.399994,35.639999
125.800003,20.180000,46.399994,35.639999
125.800003,19.180000,46.399994,35.639999
125.800003,19.180000,46.399994,35.639999
125.800003,19.180000,46.399994,35.639999
125.800003,19.180000,46.399994,35.639999
125.800003,19.180000,46.399994,35.639999
125.800003,19.180000,46.399994,35.639999
125.800003,19.180000,46.399994,35.639999
125.800003,19.180000,46.399994,35.639999
125.800003,19.180000,46.399994,35.639999
125.800003,19.180000,46.399994,35.639999
125.800003,19.180000,46.399994,35.639999
125.800003,19.180000,46.399994,35.639999
125.800003,19.180000,46.399994,35.639999
125.800003,19.180000,46.399994,35.639999
125.800003,19.180000,46.399994,35.639999
125.800003,19.180000,46.399994,35.639999
125.800003,19.180000,46.399994,35.639999
125.800003,19.180000,46.399994,35.639999
125.800003,19.180000,46.399994,35.639999
125.800003,19.180000,46.399994,35.639999
125.800003,19.180000,46.399994,35.639999
125.800003,19.180000,46.399994,35.639999
125.800003,19.180000,46.399994,35.639999
152.800003,17.180000,46.399994,35.639999
2
0
0
0
0
1
127.000000,56.000000,15.000000,30.000000
127.000000,56.000000,15.000000,30.000000
127.000000,56.000000,15.000000,30.000000
127.000000,56.000000,15.000000,30.000000
115.500000,51.000000,15.000000,30.000000
115.500000,51.000000,15.000000,30.000000
115.500000,51.000000,15.000000,30.000000
115.500000,51.000000,15.000000,30.000000
115.500000,51.000000,15.000000,30.000000
115.500000,51.000000,15.000000,30.000000
115.500000,51.000000,15.000000,30.000000
109.500000,61.000000,15.000000,30.000000
109.500000,61.000000,15.000000,30.000000
109.500000,61.000000,15.000000,30.000000
109.500000,61.000000,15.000000,30.000000
109.500000,61.000000,15.000000,30.000000
109.500000,61.000000,15.000000,30.000000
109.500000,61.000000,15.000000,30.000000
109.500000,61.000000,15.000000,30.000000
109.500000,61.000000,15.000000,30.000000
109.500000,61.000000,15.000000,30.000000
109.500000,61.000000,15.000000,30.000000
109.500000,61.000000,15.000000,30.000000
109.500000,61.000000,15.000000,30.000000
109.500000,61.000000,15.000000,30.000000
109.500000,61.000000,15.000000,30.000000
109.500000,61.000000,15.000000,30.000000
109.500000,61.000000,15.000000,30.000000
109.500000,61.000000,15.000000,30.000000
109.500000,61.000000,15.000000,30.000000
109.500000,61.000000,15.000000,30.000000
109.500000,61.000000,15.000000,30.000000
109.500000,61.000000,15.000000,30.000000
101.500000,66.000000,15.000000,30.000000
101.500000,66.000000,15.000000,30.000000
101.500000,66.000000,15.000000,30.000000
112.500000,64.000000,15.000000,30.000000
112.500000,64.000000,15.000000,30.000000
112.500000,64.000000,15.000000,30.000000
112.500000,64.000000,15.000000,30.000000
112.500000,64.000000,15.000000,30.000000
112.500000,64.000000,15.000000,30.000000
112.500000,64.000000,15.000000,30.000000
112.500000,64.000000,15.000000,30.000000
112.500000,64.000000,15.000000,30.000000
112.500000,64.000000,15.000000,30.000000
112.500000,64.000000,15.000000,30.000000
112.500000,64.000000,15.000000,30.000000
126.500000,63.000000,15.000000,30.000000
126.500000,63.000000,15.000000,30.000000
126.500000,63.000000,15.000000,30.000000
126.500000,63.000000,15.000000,30.000000
126.500000,63.000000,15.000000,30.000000
126.500000,63.000000,15.000000,30.000000
126.500000,63.000000,15.000000,30.000000
126.500000,63.000000,15.000000,30.000000
126.500000,63.000000,15.000000,30.000000
126.500000,63.000000,15.000000,30.000000
126.500000,63.000000,15.000000,30.000000
126.500000,63.000000,15.000000,30.000000
126.500000,63.000000,15.000000,30.000000
126.500000,63.000000,15.000000,30.000000
126.500000,63.000000,15.000000,30.000000
126.500000,63.000000,15.000000,30.000000
126.500000,63.000000,15.000000,30.000000
126.500000,63.000000,15.000000,30.000000
126.500000,63.000000,15.000000,30.000000
126.500000,63.000000,15.000000,30.000000
126.500000,63.000000,15.000000,30.000000
126.500000,63.000000,15.000000,30.000000
126.500000,63.000000,15.000000,30.000000
126.500000,63.000000,15.000000,30.000000
126.500000,63.000000,15.000000,30.000000
126.500000,63.000000,15.000000,30.000000
126.500000,63.000000,15.000000,30.000000
126.500000,63.000000,15.000000,30.000000
126.500000,63.000000,15.000000,30.000000
2
0
0
0
0
1
155.000000,81.000000,68.000000,37.000000
155.000000,81.000000,68.000000,37.000000
155.000000,81.000000,68.000000,37.000000
155.000000,81.000000,68.000000,37.000000
155.000000,81.000000,68.000000,37.000000
155.000000,81.000000,68.000000,37.000000
155.000000,81.000000,68.000000,37.000000
155.000000,81.000000,68.000000,37.000000
155.000000,81.000000,68.000000,37.000000
155.000000,81.000000,68.000000,37.000000
155.000000,81.000000,68.000000,37.000000
155.000000,81.000000,68.000000,37.000000
155.000000,81.000000,68.000000,37.000000
155.000000,81.000000,68.000000,37.000000
155.000000,81.000000,68.000000,37.000000
155.000000,81.000000,68.000000,37.000000
155.000000,81.000000,68.000000,37.000000
209.000000,85.500000,68.000000,37.000000
209.000000,85.500000,68.000000,37.000000
209.000000,85.500000,68.000000,37.000000
209.000000,85.500000,68.000000,37.000000
209.000000,85.500000,68.000000,37.000000
209.000000,85.500000,68.000000,37.000000
241.000000,82.500000,68.000000,37.000000
241.000000,82.500000,68.000000,37.000000
241.000000,82.500000,68.000000,37.000000
241.000000,82.500000,68.000000,37.000000
241.000000,82.500000,68.000000,37.000000
241.000000,82.500000,68.000000,37.000000
241.000000,82.500000,68.000000,37.000000
241.000000,82.500000,68.000000,37.000000
241.000000,82.500000,68.000000,37.000000
241.000000,82.500000,68.000000,37.000000
241.000000,82.500000,68.000000,37.000000
241.000000,82.500000,68.000000,37.000000
241.000000,82.500000,68.000000,37.000000
241.000000,82.500000,68.000000,37.000000
241.000000,82.500000,68.000000,37.000000
241.000000,82.500000,68.000000,37.000000
241.000000,82.500000,68.000000,37.000000
241.000000,82.500000,68.000000,37.000000
241.000000,82.500000,68.000000,37.000000
241.000000,82.500000,68.000000,37.000000
241.000000,82.500000,68.000000,37.000000
241.000000,82.500000,68.000000,37.000000
241.000000,82.500000,68.000000,37.000000
241.000000,82.500000,68.000000,37.000000
241.000000,82.500000,68.000000,37.000000
241.000000,82.500000,68.000000,37.000000
241.000000,82.500000,68.000000,37.000000
241.000000,82.500000,68.000000,37.000000
241.000000,82.500000,68.000000,37.000000
241.000000,82.500000,68.000000,37.000000
241.000000,82.500000,68.000000,37.000000
2
0
0
0
0
1
216.000000,53.000000,68.000000,31.000000
216.000000,53.000000,68.000000,31.000000
198.000000,56.500000,68.000000,31.000000
198.000000,56.500000,68.000000,31.000000
198.000000,56.500000,68.000000,31.000000
198.000000,56.500000,68.000000,31.000000
198.000000,56.500000,68.000000,31.000000
198.000000,56.500000,68.000000,31.000000
198.000000,56.500000,68.000000,31.000000
198.000000,56.500000,68.000000,31.000000
198.000000,56.500000,68.000000,31.000000
198.000000,56.500000,68.000000,31.000000
198.000000,56.500000,68.000000,31.000000
198.000000,56.500000,68.000000,31.000000
143.000000,64.500000,68.000000,31.000000
143.000000,64.500000,68.000000,31.000000
143.000000,64.500000,68.000000,31.000000
143.000000,64.500000,68.000000,31.000000
143.000000,64.500000,68.000000,31.000000
143.000000,64.500000,68.000000,31.000000
143.000000,64.500000,68.000000,31.000000
143.000000,64.500000,68.000000,31.000000
143.000000,64.500000,68.000000,31.000000
143.000000,64.500000,68.000000,31.000000
143.000000,64.500000,68.000000,31.000000
143.000000,64.500000,68.000000,31.000000
143.000000,64.500000,68.000000,31.000000
143.000000,64.500000,68.000000,31.000000
143.000000,64.500000,68.000000,31.000000
143.000000,64.500000,68.000000,31.000000
143.000000,64.500000,68.000000,31.000000
143.000000,64.500000,68.000000,31.000000
143.000000,64.500000,68.000000,31.000000
2
0
0
0
0
1
82.000000,84.000000,39.000000,37.000000
82.000000,84.000000,39.000000,37.000000
82.000000,84.000000,39.000000,37.000000
82.000000,84.000000,39.000000,37.000000
82.000000,84.000000,39.000000,37.000000
82.000000,84.000000,39.000000,37.000000
82.000000,84.000000,39.000000,37.000000
82.000000,84.000000,39.000000,37.000000
82.000000,84.000000,39.000000,37.000000
82.000000,84.000000,39.000000,37.000000
82.000000,84.000000,39.000000,37.000000
82.000000,84.000000,39.000000,37.000000
82.000000,84.000000,39.000000,37.000000
82.000000,84.000000,39.000000,37.000000
82.000000,84.000000,39.000000,37.000000
82.000000,84.000000,39.000000,37.000000
82.000000,84.000000,39.000000,37.000000
82.000000,84.000000,39.000000,37.000000
82.000000,84.000000,39.000000,37.000000
82.000000,84.000000,39.000000,37.000000
2
0
0
0
0
1
49.000000,115.000000,26.000000,45.000000
49.000000,115.000000,26.000000,45.000000
49.000000,115.000000,26.000000,45.000000
49.000000,115.000000,26.000000,45.000000
49.000000,115.000000,26.000000,45.000000
49.000000,115.000000,26.000000,45.000000
49.000000,115.000000,26.000000,45.000000
49.000000,115.000000,26.000000,45.000000
49.000000,115.000000,26.000000,45.000000
49.000000,115.000000,26.000000,45.000000
49.000000,115.000000,26.000000,45.000000
49.000000,115.000000,26.000000,45.000000
49.000000,115.000000,26.000000,45.000000
49.000000,115.000000,26.000000,45.000000
49.000000,115.000000,26.000000,45.000000
49.000000,115.000000,26.000000,45.000000
49.000000,114.500000,26.000000,45.000000
49.000000,114.500000,26.000000,45.000000
49.000000,114.500000,26.000000,45.000000
49.000000,114.500000,26.000000,45.000000
49.000000,114.500000,26.000000,45.000000
49.000000,114.500000,26.000000,45.000000
49.000000,114.500000,26.000000,45.000000
49.000000,114.500000,26.000000,45.000000
49.000000,114.500000,26.000000,45.000000
49.000000,114.500000,26.000000,45.000000
49.000000,114.500000,26.000000,45.000000
49.000000,114.500000,26.000000,45.000000
49.000000,114.500000,26.000000,45.000000
49.000000,114.500000,26.000000,45.000000
49.000000,114.500000,26.000000,45.000000
49.000000,114.500000,26.000000,45.000000
49.000000,114.500000,26.000000,45.000000
49.000000,114.500000,26.000000,45.000000
49.000000,114.500000,26.000000,45.000000
49.000000,114.500000,26.000000,45.000000
49.000000,114.500000,26.000000,45.000000
49.000000,114.500000,26.000000,45.000000
49.000000,114.500000,26.000000,45.000000
49.000000,114.500000,26.000000,45.000000
49.000000,114.500000,26.000000,45.000000
49.000000,114.500000,26.000000,45.000000
49.000000,114.500000,26.000000,45.000000
49.000000,114.500000,26.000000,45.000000
2
0
0
0
0
1
86.000000,92.000000,89.000000,38.000000
86.000000,92.000000,89.000000,38.000000
86.000000,92.000000,89.000000,38.000000
86.000000,92.000000,89.000000,38.000000
86.000000,92.000000,89.000000,38.000000
86.000000,92.000000,89.000000,38.000000
86.000000,92.000000,89.000000,38.000000
86.000000,92.000000,89.000000,38.000000
85.500000,92.000000,89.000000,38.000000
85.500000,92.000000,89.000000,38.000000
85.500000,92.000000,89.000000,38.000000
85.500000,92.000000,89.000000,38.000000
85.500000,92.000000,89.000000,38.000000
85.500000,92.000000,89.000000,38.000000
85.500000,92.000000,89.000000,38.000000
85.500000,92.000000,89.000000,38.000000
85.500000,92.000000,89.000000,38.000000
2
0
0
0
0
1
198.000000,85.000000,27.000000,38.000000
198.000000,85.000000,27.000000,38.000000
198.000000,85.000000,27.000000,38.000000
198.000000,85.000000,27.000000,38.000000
198.000000,85.000000,27.000000,38.000000
198.000000,85.000000,27.000000,38.000000
198.000000,85.000000,27.000000,38.000000
198.000000,85.000000,27.000000,38.000000
198.000000,85.000000,27.000000,38.000000
198.000000,85.000000,27.000000,38.000000
198.000000,85.000000,27.000000,38.000000
198.000000,85.000000,27.000000,38.000000
198.000000,85.000000,27.000000,38.000000
198.000000,85.000000,27.000000,38.000000
198.000000,85.000000,27.000000,38.000000
198.000000,85.000000,27.000000,38.000000
198.000000,85.000000,27.000000,38.000000
198.000000,85.000000,27.000000,38.000000
198.000000,85.000000,27.000000,38.000000
198.000000,85.000000,27.000000,38.000000
198.000000,85.000000,27.000000,38.000000
198.000000,85.000000,27.000000,38.000000
2
0
0
0
0
1
122.000000,87.000000,74.000000,33.000000
122.000000,87.000000,74.000000,33.000000
122.000000,87.000000,74.000000,33.000000
122.000000,87.000000,74.000000,33.000000
122.000000,87.000000,74.000000,33.000000
122.000000,87.000000,74.000000,33.000000
122.000000,87.000000,74.000000,33.000000
122.000000,87.000000,74.000000,33.000000
97.000000,83.500000,74.000000,33.000000
97.000000,83.500000,74.000000,33.000000
97.000000,83.500000,74.000000,33.000000
97.000000,83.500000,74.000000,33.000000
97.000000,83.500000,74.000000,33.000000
97.000000,83.500000,74.000000,33.000000
97.000000,83.500000,74.000000,33.000000
97.000000,83.500000,74.000000,33.000000
97.000000,83.500000,74.000000,33.000000
97.000000,83.500000,74.000000,33.000000
97.000000,83.500000,74.000000,33.000000
97.000000,83.500000,74.000000,33.000000
97.000000,83.500000,74.000000,33.000000
97.000000,83.500000,74.000000,33.000000
70.000000,90.500000,74.000000,33.000000
70.000000,90.500000,74.000000,33.000000
70.000000,90.500000,74.000000,33.000000
70.000000,90.500000,74.000000,33.000000
70.000000,90.500000,74.000000,33.000000
70.000000,90.500000,74.000000,33.000000
70.000000,90.500000,74.000000,33.000000
70.000000,90.500000,74.000000,33.000000
70.000000,90.500000,74.000000,33.000000
70.000000,90.500000,74.000000,33.000000
70.000000,90.500000,74.000000,33.000000
70.000000,90.500000,74.000000,33.000000
70.000000,90.500000,74.000000,33.000000
70.000000,90.500000,74.000000,33.000000
70.000000,90.500000,74.000000,33.000000
70.000000,90.500000,74.000000,33.000000
70.000000,90.500000,74.000000,33.000000
70.000000,90.500000,74.000000,33.000000
70.000000,90.500000,74.000000,33.000000
70.000000,90.500000,74.000000,33.000000
70.000000,90.500000,74.000000,33.000000
70.000000,90.500000,74.000000,33.000000
70.000000,90.500000,74.000000,33.000000
70.000000,90.500000,74.000000,33.000000
70.000000,90.500000,74.000000,33.000000
70.000000,90.500000,74.000000,33.000000
70.000000,90.500000,74.000000,33.000000
70.000000,90.500000,74.000000,33.000000
70.000000,90.500000,74.000000,33.000000
117.000000,62.500000,74.000000,33.000000
85.000000,65.500000,74.000000,33.000000
85.000000,65.500000,74.000000,33.000000
85.000000,65.500000,74.000000,33.000000
85.000000,65.500000,74.000000,33.000000
85.000000,65.500000,74.000000,33.000000
85.000000,65.500000,74.000000,33.000000
85.000000,65.500000,74.000000,33.000000
85.000000,65.500000,74.000000,33.000000
85.000000,65.500000,74.000000,33.000000
85.000000,65.500000,74.000000,33.000000
85.000000,65.500000,74.000000,33.000000
101.000000,36.500000,74.000000,33.000000
114.000000,49.500000,74.000000,33.000000
114.000000,49.500000,74.000000,33.000000
114.000000,49.500000,74.000000,33.000000
114.000000,49.500000,74.000000,33.000000
114.000000,49.500000,74.000000,33.000000
114.000000,49.500000,74.000000,33.000000
114.000000,49.500000,74.000000,33.000000
145.000000,35.500000,74.000000,33.000000
145.000000,35.500000,74.000000,33.000000
145.000000,35.500000,74.000000,33.000000
145.000000,35.500000,74.000000,33.000000
145.000000,35.500000,74.000000,33.000000
145.000000,35.500000,74.000000,33.000000
145.000000,35.500000,74.000000,33.000000
145.000000,35.500000,74.000000,33.000000
145.000000,35.500000,74.000000,33.000000
145.000000,35.500000,74.000000,33.000000
145.000000,35.500000,74.000000,33.000000
145.000000,35.500000,74.000000,33.000000
2
0
0
0
0
