1
125.800003,20.180000,46.399994,35.639999
125.800003,20.180000,46.399994,35.639999
125.800003,20.180000,46.399994,35.639999
125.800003,20.180000,46.399994,35.639999
125.800003,20.180000,46.399994,35.639999
125.800003,20.180000,46.399994,35.639999
125.800003,20.180000,46.399994,35.639999
125.800003,20.180000,46.399994,35.639999
125.800003,19.180000,46.399994,35.639999
125.800003,19.180000,46.399994,35.639999
125.800003,19.180000,46.399994,35.639999
125.800003,19.180000,46.399994,35.639999
125.800003,19.180000,46.399994,35.639999
125.800003,19.180000,46.399994,35.639999
125.800003,19.180000,46.399994,35.639999
125.800003,19.180000,46.399994,35.639999
125.800003,19.180000,46.399994,35.639999
125.800003,19.180000,46.399994,35.639999
125.800003,19.180000,46.399994,35.639999
125.800003,19.180000,46.399994,35.639999
125.800003,19.180000,46.399994,35.639999
125.800003,19.180000,46.399994,35.639999
125.800003,19.180000,46.399994,35.639999
125.800003,19.180000,46.399994,35.639999
125.800003,19.180000,46.399994,35.639999
125.800003,19.180000,46.399994,35.639999
125.800003,19.180000,46.399994,35.639999
125.800003,19.180000,46.399994,35.639999
125.800003,19.180000,46.399994,35.639999
125.800003,19.180000,46.399994,35.639999
125.800003,19.180000,46.399994,35.639999
125.800003,19.180000,46.399994,35.639999
125.800003,19.180000,46.399994,35.639999
125.800003,19.180000,46.399994,35.639999
125.800003,19.180000,46.399994,35.639999
125.800003,19.180000,46.399994,35.639999
125.800003,19.180000,46.399994,35.639999
2
0
0
0
0
1
121.000000,65.000000,13.000000,28.000000
121.000000,65.000000,13.000000,28.000000
121.000000,65.000000,13.000000,28.000000
121.000000,65.000000,13.000000,28.000000
121.000000,65.000000,13.000000,28.000000
111.500000,64.000000,13.000000,28.000000
111.500000,64.000000,13.000000,28.000000
111.500000,64.000000,13.000000,28.000000
111.500000,64.000000,13.000000,28.000000
111.500000,64.000000,13.000000,28.000000
111.500000,64.000000,13.000000,28.000000
111.500000,64.000000,13.000000,28.000000
111.500000,64.000000,13.000000,28.000000
111.500000,64.000000,13.000000,28.000000
104.500000,73.000000,13.000000,28.000000
104.500000,73.000000,13.000000,28.000000
104.500000,73.000000,13.000000,28.000000
104.500000,73.000000,13.000000,28.000000
104.500000,73.000000,13.000000,28.000000
104.500000,73.000000,13.000000,28.000000
104.500000,73.000000,13.000000,28.000000
104.500000,73.000000,13.000000,28.000000
104.500000,73.000000,13.000000,28.000000
104.500000,73.000000,13.000000,28.000000
104.500000,73.000000,13.000000,28.000000
104.500000,73.000000,13.000000,28.000000
104.500000,73.000000,13.000000,28.000000
104.500000,73.000000,13.000000,28.000000
104.500000,73.000000,13.000000,28.000000
104.500000,73.000000,13.000000,28.000000
104.500000,73.000000,13.000000,28.000000
104.500000,73.000000,13.000000,28.000000
104.500000,73.000000,13.000000,28.000000
104.500000,73.000000,13.000000,28.000000
104.500000,73.000000,13.000000,28.000000
104.500000,73.000000,13.000000,28.000000
104.500000,73.000000,13.000000,28.000000
104.500000,73.000000,13.000000,28.000000
104.500000,73.000000,13.000000,28.000000
104.500000,73.000000,13.000000,28.000000
104.500000,73.000000,13.000000,28.000000
104.500000,73.000000,13.000000,28.000000
104.500000,73.000000,13.000000,28.000000
104.500000,73.000000,13.000000,28.000000
104.500000,73.000000,13.000000,28.000000
104.500000,73.000000,13.000000,28.000000
104.500000,73.000000,13.000000,28.000000
104.500000,73.000000,13.000000,28.000000
104.500000,73.000000,13.000000,28.000000
104.500000,73.000000,13.000000,28.000000
104.500000,73.000000,13.000000,28.000000
104.500000,73.000000,13.000000,28.000000
104.500000,73.000000,13.000000,28.000000
104.500000,73.000000,13.000000,28.000000
104.500000,73.000000,13.000000,28.000000
104.500000,73.000000,13.000000,28.000000
104.500000,73.000000,13.000000,28.000000
104.500000,73.000000,13.000000,28.000000
104.500000,73.000000,13.000000,28.000000
104.500000,73.000000,13.000000,28.000000
104.500000,73.000000,13.000000,28.000000
104.500000,73.000000,13.000000,28.000000
2
0
0
0
0
1
131.000000,76.000000,62.000000,35.000000
131.000000,76.000000,62.000000,35.000000
131.000000,76.000000,62.000000,35.000000
131.000000,76.000000,62.000000,35.000000
131.000000,76.000000,62.000000,35.000000
131.000000,76.000000,62.000000,35.000000
131.000000,76.000000,62.000000,35.000000
131.000000,76.000000,62.000000,35.000000
131.000000,76.000000,62.000000,35.000000
131.000000,76.000000,62.000000,35.000000
131.000000,76.000000,62.000000,35.000000
131.000000,76.000000,62.000000,35.000000
131.000000,76.000000,62.000000,35.000000
131.000000,76.000000,62.000000,35.000000
161.000000,89.500000,62.000000,35.000000
161.000000,89.500000,62.000000,35.000000
161.000000,89.500000,62.000000,35.000000
161.000000,89.500000,62.000000,35.000000
161.000000,89.500000,62.000000,35.000000
191.000000,89.500000,62.000000,35.000000
191.000000,89.500000,62.000000,35.000000
191.000000,89.500000,62.000000,35.000000
191.000000,89.500000,62.000000,35.000000
191.000000,89.500000,62.000000,35.000000
191.000000,89.500000,62.000000,35.000000
191.000000,89.500000,62.000000,35.000000
191.000000,89.500000,62.000000,35.000000
191.000000,89.500000,62.000000,35.000000
191.000000,89.500000,62.000000,35.000000
223.000000,87.500000,62.000000,35.000000
223.000000,87.500000,62.000000,35.000000
223.000000,87.500000,62.000000,35.000000
223.000000,87.500000,62.000000,35.000000
223.000000,87.500000,62.000000,35.000000
223.000000,87.500000,62.000000,35.000000
223.000000,87.500000,62.000000,35.000000
223.000000,87.500000,62.000000,35.000000
223.000000,87.500000,62.000000,35.000000
223.000000,87.500000,62.000000,35.000000
223.000000,87.500000,62.000000,35.000000
223.000000,87.500000,62.000000,35.000000
223.000000,87.500000,62.000000,35.000000
223.000000,87.500000,62.000000,35.000000
223.000000,87.500000,62.000000,35.000000
223.000000,87.500000,62.000000,35.000000
223.000000,87.500000,62.000000,35.000000
223.000000,87.500000,62.000000,35.000000
223.000000,87.500000,62.000000,35.000000
223.000000,87.500000,62.000000,35.000000
223.000000,87.500000,62.000000,35.000000
2
0
0
0
0
1
272.000000,58.000000,34.000000,37.000000
272.000000,58.000000,34.000000,37.000000
272.000000,58.000000,34.000000,37.000000
272.000000,58.000000,34.000000,37.000000
272.000000,58.000000,34.000000,37.000000
272.000000,58.000000,34.000000,37.000000
272.000000,58.000000,34.000000,37.000000
272.000000,58.000000,34.000000,37.000000
272.000000,58.000000,34.000000,37.000000
272.000000,58.000000,34.000000,37.000000
272.000000,58.000000,34.000000,37.000000
272.000000,58.000000,34.000000,37.000000
272.000000,58.000000,34.000000,37.000000
272.000000,58.000000,34.000000,37.000000
272.000000,58.000000,34.000000,37.000000
272.000000,58.000000,34.000000,37.000000
2
0
0
0
0
1
175.199997,55.580002,71.130005,37.549995
175.199997,55.580002,71.130005,37.549995
175.199997,55.580002,71.130005,37.549995
175.199997,55.580002,71.130005,37.549995
175.199997,55.580002,71.130005,37.549995
175.199997,55.580002,71.130005,37.549995
175.199997,55.580002,71.130005,37.549995
175.199997,55.580002,71.130005,37.549995
175.199997,55.580002,71.130005,37.549995
175.199997,55.580002,71.130005,37.549995
175.199997,55.580002,71.130005,37.549995
175.199997,55.580002,71.130005,37.549995
175.199997,55.580002,71.130005,37.549995
175.199997,55.580002,71.130005,37.549995
175.199997,55.580002,71.130005,37.549995
175.199997,55.580002,71.130005,37.549995
2
0
0
0
0
1
93.250000,75.389999,62.699997,40.330002
93.250000,75.389999,62.699997,40.330002
93.250000,75.389999,62.699997,40.330002
93.250000,75.389999,62.699997,40.330002
93.250000,75.389999,62.699997,40.330002
93.250000,75.389999,62.699997,40.330002
93.250000,75.389999,62.699997,40.330002
93.250000,75.389999,62.699997,40.330002
93.250000,75.389999,62.699997,40.330002
93.250000,75.389999,62.699997,40.330002
93.250000,75.389999,62.699997,40.330002
93.250000,75.389999,62.699997,40.330002
93.250000,75.389999,62.699997,40.330002
93.250000,75.389999,62.699997,40.330002
93.250000,75.389999,62.699997,40.330002
93.250000,75.389999,62.699997,40.330002
93.250000,75.389999,62.699997,40.330002
93.250000,75.389999,62.699997,40.330002
93.250000,75.389999,62.699997,40.330002
93.250000,75.389999,62.699997,40.330002
2
0
0
0
0
1
61.000000,104.000000,26.000000,42.000000
61.000000,104.000000,26.000000,42.000000
61.000000,104.000000,26.000000,42.000000
61.000000,104.000000,26.000000,42.000000
61.000000,104.000000,26.000000,42.000000
51.000000,114.000000,26.000000,42.000000
51.000000,114.000000,26.000000,42.000000
51.000000,114.000000,26.000000,42.000000
51.000000,114.000000,26.000000,42.000000
51.000000,114.000000,26.000000,42.000000
51.000000,114.000000,26.000000,42.000000
51.000000,114.000000,26.000000,42.000000
51.000000,114.000000,26.000000,42.000000
51.000000,114.000000,26.000000,42.000000
51.000000,114.000000,26.000000,42.000000
37.000000,112.000000,26.000000,42.000000
37.000000,112.000000,26.000000,42.000000
37.000000,112.000000,26.000000,42.000000
37.000000,112.000000,26.000000,42.000000
37.000000,112.000000,26.000000,42.000000
37.000000,112.000000,26.000000,42.000000
37.000000,112.000000,26.000000,42.000000
37.000000,112.000000,26.000000,42.000000
37.000000,112.000000,26.000000,42.000000
37.000000,112.000000,26.000000,42.000000
37.000000,112.000000,26.000000,42.000000
37.000000,112.000000,26.000000,42.000000
37.000000,112.000000,26.000000,42.000000
37.000000,112.000000,26.000000,42.000000
37.000000,112.000000,26.000000,42.000000
37.000000,112.000000,26.000000,42.000000
37.000000,112.000000,26.000000,42.000000
37.000000,112.000000,26.000000,42.000000
37.000000,112.000000,26.000000,42.000000
37.000000,112.000000,26.000000,42.000000
37.000000,112.000000,26.000000,42.000000
37.000000,112.000000,26.000000,42.000000
37.000000,112.000000,26.000000,42.000000
37.000000,112.000000,26.000000,42.000000
37.000000,112.000000,26.000000,42.000000
37.000000,112.000000,26.000000,42.000000
37.000000,112.000000,26.000000,42.000000
37.000000,112.000000,26.000000,42.000000
37.000000,112.000000,26.000000,42.000000
37.000000,112.000000,26.000000,42.000000
37.000000,112.000000,26.000000,42.000000
37.000000,112.000000,26.000000,42.000000
37.000000,112.000000,26.000000,42.000000
2
0
0
0
0
1
75.000000,95.000000,78.000000,38.000000
75.000000,95.000000,78.000000,38.000000
75.000000,95.000000,78.000000,38.000000
75.000000,95.000000,78.000000,38.000000
75.000000,95.000000,78.000000,38.000000
75.000000,95.000000,78.000000,38.000000
75.000000,95.000000,78.000000,38.000000
113.000000,104.000000,78.000000,38.000000
113.000000,104.000000,78.000000,38.000000
113.000000,104.000000,78.000000,38.000000
113.000000,104.000000,78.000000,38.000000
113.000000,104.000000,78.000000,38.000000
113.000000,104.000000,78.000000,38.000000
113.000000,104.000000,78.000000,38.000000
113.000000,104.000000,78.000000,38.000000
113.000000,104.000000,78.000000,38.000000
113.000000,104.000000,78.000000,38.000000
113.000000,104.000000,78.000000,38.000000
113.000000,104.000000,78.000000,38.000000
113.000000,104.000000,78.000000,38.000000
113.000000,104.000000,78.000000,38.000000
113.000000,104.000000,78.000000,38.000000
113.000000,104.000000,78.000000,38.000000
113.000000,104.000000,78.000000,38.000000
113.000000,104.000000,78.000000,38.000000
2
0
0
0
0
1
194.000000,85.000000,34.000000,35.000000
194.000000,85.000000,34.000000,35.000000
194.000000,85.000000,34.000000,35.000000
194.000000,85.000000,34.000000,35.000000
194.000000,85.000000,34.000000,35.000000
194.000000,85.000000,34.000000,35.000000
194.000000,85.000000,34.000000,35.000000
194.000000,85.000000,34.000000,35.000000
194.000000,85.000000,34.000000,35.000000
194.000000,85.000000,34.000000,35.000000
194.000000,85.000000,34.000000,35.000000
194.000000,85.000000,34.000000,35.000000
194.000000,85.000000,34.000000,35.000000
194.000000,85.000000,34.000000,35.000000
194.000000,85.000000,34.000000,35.000000
194.000000,85.000000,34.000000,35.000000
194.000000,85.000000,34.000000,35.000000
194.000000,85.000000,34.000000,35.000000
194.000000,85.000000,34.000000,35.000000
194.000000,85.000000,34.000000,35.000000
194.000000,85.000000,34.000000,35.000000
194.000000,85.000000,34.000000,35.000000
194.000000,85.000000,34.000000,35.000000
194.000000,85.000000,34.000000,35.000000
194.000000,84.500000,34.000000,35.000000
2
0
0
0
0
1
105.000000,88.000000,75.000000,33.000000
105.000000,88.000000,75.000000,33.000000
105.000000,88.000000,75.000000,33.000000
105.000000,88.000000,75.000000,33.000000
105.000000,88.000000,75.000000,33.000000
105.000000,88.000000,75.000000,33.000000
105.000000,88.000000,75.000000,33.000000
105.000000,88.000000,75.000000,33.000000
105.000000,88.000000,75.000000,33.000000
105.000000,88.000000,75.000000,33.000000
105.000000,88.000000,75.000000,33.000000
105.000000,88.000000,75.000000,33.000000
105.000000,88.000000,75.000000,33.000000
105.000000,88.000000,75.000000,33.000000
105.000000,88.000000,75.000000,33.000000
105.000000,88.000000,75.000000,33.000000
105.000000,88.000000,75.000000,33.000000
105.000000,88.000000,75.000000,33.000000
105.000000,88.000000,75.000000,33.000000
105.000000,88.000000,75.000000,33.000000
105.000000,88.000000,75.000000,33.000000
105.000000,88.000000,75.000000,33.000000
105.000000,88.000000,75.000000,33.000000
105.000000,88.000000,75.000000,33.000000
105.000000,88.000000,75.000000,33.000000
105.000000,88.000000,75.000000,33.000000
105.000000,88.000000,75.000000,33.000000
105.000000,88.000000,75.000000,33.000000
105.000000,88.000000,75.000000,33.000000
105.000000,88.000000,75.000000,33.000000
2
0
0
0
0
1
84.000000,74.000000,18.000000,38.000000
84.000000,74.000000,18.000000,38.000000
84.000000,74.000000,18.000000,38.000000
84.000000,74.000000,18.000000,38.000000
84.000000,74.000000,18.000000,38.000000
84.000000,74.000000,18.000000,38.000000
84.000000,74.000000,18.000000,38.000000
84.000000,74.000000,18.000000,38.000000
84.000000,74.000000,18.000000,38.000000
84.000000,74.000000,18.000000,38.000000
84.000000,74.000000,18.000000,38.000000
84.000000,74.000000,18.000000,38.000000
84.000000,74.000000,18.000000,38.000000
84.000000,74.000000,18.000000,38.000000
84.000000,74.000000,18.000000,38.000000
84.000000,74.000000,18.000000,38.000000
84.000000,74.000000,18.000000,38.000000
84.000000,74.000000,18.000000,38.000000
84.000000,74.000000,18.000000,38.000000
84.000000,74.000000,18.000000,38.000000
2
0
0
0
0
1
132.000000,46.000000,70.000000,34.000000
132.000000,46.000000,70.000000,34.000000
132.000000,46.000000,70.000000,34.000000
132.000000,46.000000,70.000000,34.000000
132.000000,46.000000,70.000000,34.000000
161.000000,43.000000,70.000000,34.000000
161.000000,43.000000,70.000000,34.000000
161.000000,43.000000,70.000000,34.000000
161.000000,43.000000,70.000000,34.000000
161.000000,43.000000,70.000000,34.000000
161.000000,43.000000,70.000000,34.000000
161.000000,43.000000,70.000000,34.000000
161.000000,43.000000,70.000000,34.000000
189.000000,41.000000,70.000000,34.000000
189.000000,41.000000,70.000000,34.000000
189.000000,41.000000,70.000000,34.000000
189.000000,41.000000,70.000000,34.000000
189.000000,41.000000,70.000000,34.000000
189.000000,41.000000,70.000000,34.000000
189.000000,41.000000,70.000000,34.000000
