1
125.800003,20.180000,46.399994,35.639999
125.800003,20.180000,46.399994,35.639999
125.800003,20.180000,46.399994,35.639999
125.800003,20.180000,46.399994,35.639999
125.800003,20.180000,46.399994,35.639999
125.800003,20.180000,46.399994,35.639999
125.800003,20.180000,46.399994,35.639999
125.800003,20.180000,46.399994,35.639999
125.800003,19.180000,46.399994,35.639999
125.800003,19.180000,46.399994,35.639999
125.800003,19.180000,46.399994,35.639999
125.800003,19.180000,46.399994,35.639999
125.800003,19.180000,46.399994,35.639999
125.800003,19.180000,46.399994,35.639999
125.800003,19.180000,46.399994,35.639999
125.800003,19.180000,46.399994,35.639999
125.800003,19.180000,46.399994,35.639999
125.800003,19.180000,46.399994,35.639999
125.800003,19.180000,46.399994,35.639999
125.800003,19.180000,46.399994,35.639999
125.800003,19.180000,46.399994,35.639999
125.800003,19.180000,46.399994,35.639999
125.800003,19.180000,46.399994,35.639999
125.800003,19.180000,46.399994,35.639999
125.800003,19.180000,46.399994,35.639999
125.800003,19.180000,46.399994,35.639999
125.800003,19.180000,46.399994,35.639999
125.800003,19.180000,46.399994,35.639999
125.800003,19.180000,46.399994,35.639999
125.800003,19.180000,46.399994,35.639999
125.800003,19.180000,46.399994,35.639999
125.800003,19.180000,46.399994,35.639999
125.800003,19.180000,46.399994,35.639999
125.800003,19.180000,46.399994,35.639999
125.800003,19.180000,46.399994,35.639999
125.800003,19.180000,46.399994,35.639999
125.800003,19.180000,46.399994,35.639999
2
0
0
0
0
1
121.000000,65.000000,13.000000,28.000000
121.000000,65.000000,13.000000,28.000000
121.000000,65.000000,13.000000,28.000000
121.000000,65.000000,13.000000,28.000000
121.000000,65.000000,13.000000,28.000000
121.000000,65.000000,13.000000,28.000000
121.000000,65.000000,13.000000,28.000000
2
0
0
0
0
1
99.000000,71.000000,16.000000,28.000000
99.000000,71.000000,16.000000,28.000000
99.000000,71.000000,16.000000,28.000000
99.000000,71.000000,16.000000,28.000000
99.000000,71.000000,16.000000,28.000000
99.000000,71.000000,16.000000,28.000000
99.000000,71.000000,16.000000,28.000000
99.000000,71.000000,16.000000,28.000000
94.000000,68.000000,16.000000,28.000000
94.000000,68.000000,16.000000,28.000000
94.000000,68.000000,16.000000,28.000000
94.000000,68.000000,16.000000,28.000000
94.000000,68.000000,16.000000,28.000000
94.000000,68.000000,16.000000,28.000000
94.000000,68.000000,16.000000,28.000000
94.000000,68.000000,16.000000,28.000000
94.000000,68.000000,16.000000,28.000000
94.000000,68.000000,16.000000,28.000000
94.000000,68.000000,16.000000,28.000000
94.000000,68.000000,16.000000,28.000000
94.000000,68.000000,16.000000,28.000000
94.000000,68.000000,16.000000,28.000000
94.000000,68.000000,16.000000,28.000000
94.000000,68.000000,16.000000,28.000000
94.000000,68.000000,16.000000,28.000000
2
0
0
0
0
1
116.000000,73.000000,23.000000,31.000000
116.000000,73.000000,23.000000,31.000000
116.000000,73.000000,23.000000,31.000000
116.000000,73.000000,23.000000,31.000000
116.000000,73.000000,23.000000,31.000000
116.000000,73.000000,23.000000,31.000000
116.000000,73.000000,23.000000,31.000000
116.000000,73.000000,23.000000,31.000000
116.000000,73.000000,23.000000,31.000000
116.000000,73.000000,23.000000,31.000000
119.500000,61.500000,23.000000,31.000000
119.500000,61.500000,23.000000,31.000000
119.500000,61.500000,23.000000,31.000000
119.500000,61.500000,23.000000,31.000000
119.500000,61.500000,23.000000,31.000000
119.500000,61.500000,23.000000,31.000000
119.500000,61.500000,23.000000,31.000000
119.500000,61.500000,23.000000,31.000000
119.500000,61.500000,23.000000,31.000000
119.500000,61.500000,23.000000,31.000000
119.500000,61.500000,23.000000,31.000000
119.500000,61.500000,23.000000,31.000000
119.500000,61.500000,23.000000,31.000000
119.500000,61.500000,23.000000,31.000000
119.500000,61.500000,23.000000,31.000000
119.500000,61.500000,23.000000,31.000000
119.500000,61.500000,23.000000,31.000000
119.500000,61.500000,23.000000,31.000000
2
0
0
0
0
1
155.000000,81.000000,68.000000,37.000000
155.000000,81.000000,68.000000,37.000000
155.000000,81.000000,68.000000,37.000000
155.000000,81.000000,68.000000,37.000000
155.000000,81.000000,68.000000,37.000000
155.000000,81.000000,68.000000,37.000000
155.000000,81.000000,68.000000,37.000000
155.000000,81.000000,68.000000,37.000000
155.000000,81.000000,68.000000,37.000000
155.000000,81.000000,68.000000,37.000000
155.000000,81.000000,68.000000,37.000000
155.000000,81.000000,68.000000,37.000000
155.000000,81.000000,68.000000,37.000000
155.000000,81.000000,68.000000,37.000000
155.000000,81.000000,68.000000,37.000000
190.000000,86.500000,68.000000,37.000000
190.000000,86.500000,68.000000,37.000000
190.000000,86.500000,68.000000,37.000000
190.000000,86.500000,68.000000,37.000000
190.000000,86.500000,68.000000,37.000000
190.000000,86.500000,68.000000,37.000000
190.000000,86.500000,68.000000,37.000000
219.000000,85.500000,68.000000,37.000000
219.000000,85.500000,68.000000,37.000000
243.000000,84.500000,68.000000,37.000000
243.000000,84.500000,68.000000,37.000000
243.000000,84.500000,68.000000,37.000000
243.000000,84.500000,68.000000,37.000000
243.000000,84.500000,68.000000,37.000000
243.000000,84.500000,68.000000,37.000000
243.000000,84.500000,68.000000,37.000000
243.000000,84.500000,68.000000,37.000000
243.000000,84.500000,68.000000,37.000000
243.000000,84.500000,68.000000,37.000000
243.000000,84.500000,68.000000,37.000000
243.000000,84.500000,68.000000,37.000000
243.000000,84.500000,68.000000,37.000000
243.000000,84.500000,68.000000,37.000000
243.000000,84.500000,68.000000,37.000000
243.000000,84.500000,68.000000,37.000000
243.000000,84.500000,68.000000,37.000000
243.000000,84.500000,68.000000,37.000000
243.000000,84.500000,68.000000,37.000000
243.000000,84.500000,68.000000,37.000000
243.000000,84.500000,68.000000,37.000000
243.000000,84.500000,68.000000,37.000000
243.000000,84.500000,68.000000,37.000000
243.000000,84.500000,68.000000,37.000000
243.000000,84.500000,68.000000,37.000000
243.000000,84.500000,68.000000,37.000000
243.000000,84.500000,68.000000,37.000000
243.000000,84.500000,68.000000,37.000000
2
0
0
0
0
1
225.000000,51.000000,68.000000,31.000000
225.000000,51.000000,68.000000,31.000000
225.000000,51.000000,68.000000,31.000000
225.000000,51.000000,68.000000,31.000000
225.000000,51.000000,68.000000,31.000000
225.000000,51.000000,68.000000,31.000000
225.000000,51.000000,68.000000,31.000000
162.000000,69.500000,68.000000,31.000000
162.000000,69.500000,68.000000,31.000000
162.000000,69.500000,68.000000,31.000000
162.000000,69.500000,68.000000,31.000000
162.000000,69.500000,68.000000,31.000000
162.000000,69.500000,68.000000,31.000000
162.000000,69.500000,68.000000,31.000000
162.000000,69.500000,68.000000,31.000000
162.000000,69.500000,68.000000,31.000000
162.000000,69.500000,68.000000,31.000000
162.000000,69.500000,68.000000,31.000000
162.000000,69.500000,68.000000,31.000000
162.000000,69.500000,68.000000,31.000000
162.000000,69.500000,68.000000,31.000000
162.000000,69.500000,68.000000,31.000000
162.000000,69.500000,68.000000,31.000000
162.000000,69.500000,68.000000,31.000000
162.000000,69.500000,68.000000,31.000000
162.000000,69.500000,68.000000,31.000000
162.000000,69.500000,68.000000,31.000000
162.000000,69.500000,68.000000,31.000000
162.000000,69.500000,68.000000,31.000000
162.000000,69.500000,68.000000,31.000000
2
0
0
0
0
1
80.889999,79.099998,59.639999,40.620003
80.889999,79.099998,59.639999,40.620003
80.889999,79.099998,59.639999,40.620003
80.889999,79.099998,59.639999,40.620003
80.889999,79.099998,59.639999,40.620003
80.889999,79.099998,59.639999,40.620003
80.889999,79.099998,59.639999,40.620003
80.889999,79.099998,59.639999,40.620003
80.889999,79.099998,59.639999,40.620003
80.889999,79.099998,59.639999,40.620003
80.889999,79.099998,59.639999,40.620003
80.889999,79.099998,59.639999,40.620003
80.889999,79.099998,59.639999,40.620003
80.889999,79.099998,59.639999,40.620003
80.889999,79.099998,59.639999,40.620003
80.889999,79.099998,59.639999,40.620003
80.889999,79.099998,59.639999,40.620003
80.889999,79.099998,59.639999,40.620003
80.889999,79.099998,59.639999,40.620003
80.889999,79.099998,59.639999,40.620003
80.889999,79.099998,59.639999,40.620003
80.889999,79.099998,59.639999,40.620003
80.889999,79.099998,59.639999,40.620003
80.889999,79.099998,59.639999,40.620003
80.889999,79.099998,59.639999,40.620003
80.889999,79.099998,59.639999,40.620003
2
0
0
0
0
1
48.000000,116.000000,26.000000,45.000000
48.000000,116.000000,26.000000,45.000000
48.000000,116.000000,26.000000,45.000000
48.000000,116.000000,26.000000,45.000000
48.000000,116.000000,26.000000,45.000000
48.000000,116.000000,26.000000,45.000000
48.000000,116.000000,26.000000,45.000000
48.000000,116.000000,26.000000,45.000000
39.000000,107.500000,26.000000,45.000000
39.000000,107.500000,26.000000,45.000000
39.000000,107.500000,26.000000,45.000000
39.000000,107.500000,26.000000,45.000000
39.000000,107.500000,26.000000,45.000000
39.000000,107.500000,26.000000,45.000000
39.000000,107.500000,26.000000,45.000000
39.000000,107.500000,26.000000,45.000000
39.000000,107.500000,26.000000,45.000000
39.000000,107.500000,26.000000,45.000000
39.000000,107.500000,26.000000,45.000000
39.000000,107.500000,26.000000,45.000000
39.000000,107.500000,26.000000,45.000000
39.000000,107.500000,26.000000,45.000000
39.000000,107.500000,26.000000,45.000000
39.000000,107.500000,26.000000,45.000000
39.000000,107.500000,26.000000,45.000000
39.000000,107.500000,26.000000,45.000000
39.000000,107.500000,26.000000,45.000000
39.000000,107.500000,26.000000,45.000000
39.000000,107.500000,26.000000,45.000000
39.000000,107.500000,26.000000,45.000000
39.000000,107.500000,26.000000,45.000000
39.000000,107.500000,26.000000,45.000000
39.000000,107.500000,26.000000,45.000000
39.000000,107.500000,26.000000,45.000000
39.000000,107.500000,26.000000,45.000000
39.000000,107.500000,26.000000,45.000000
39.000000,107.500000,26.000000,45.000000
39.000000,107.500000,26.000000,45.000000
39.000000,107.500000,26.000000,45.000000
2
0
0
0
0
1
77.000000,94.000000,80.000000,38.000000
77.000000,94.000000,80.000000,38.000000
77.000000,94.000000,80.000000,38.000000
77.000000,94.000000,80.000000,38.000000
77.000000,94.000000,80.000000,38.000000
77.000000,94.000000,80.000000,38.000000
77.000000,94.000000,80.000000,38.000000
77.000000,94.000000,80.000000,38.000000
77.000000,94.000000,80.000000,38.000000
77.000000,94.000000,80.000000,38.000000
77.000000,94.000000,80.000000,38.000000
77.000000,94.000000,80.000000,38.000000
77.000000,94.000000,80.000000,38.000000
77.000000,94.000000,80.000000,38.000000
77.000000,94.000000,80.000000,38.000000
77.000000,94.000000,80.000000,38.000000
77.000000,94.000000,80.000000,38.000000
77.000000,94.000000,80.000000,38.000000
2
0
0
0
0
1
188.000000,86.000000,33.000000,38.000000
188.000000,86.000000,33.000000,38.000000
188.000000,86.000000,33.000000,38.000000
188.000000,86.000000,33.000000,38.000000
188.000000,86.000000,33.000000,38.000000
188.000000,86.000000,33.000000,38.000000
165.500000,60.000000,33.000000,38.000000
165.500000,60.000000,33.000000,38.000000
165.500000,60.000000,33.000000,38.000000
165.500000,60.000000,33.000000,38.000000
165.500000,60.000000,33.000000,38.000000
165.500000,60.000000,33.000000,38.000000
165.500000,60.000000,33.000000,38.000000
165.500000,60.000000,33.000000,38.000000
165.500000,60.000000,33.000000,38.000000
165.500000,60.000000,33.000000,38.000000
165.500000,60.000000,33.000000,38.000000
165.500000,60.000000,33.000000,38.000000
165.500000,60.000000,33.000000,38.000000
165.500000,60.000000,33.000000,38.000000
165.500000,60.000000,33.000000,38.000000
165.500000,60.000000,33.000000,38.000000
165.500000,60.000000,33.000000,38.000000
165.500000,60.000000,33.000000,38.000000
165.500000,60.000000,33.000000,38.000000
165.500000,60.000000,33.000000,38.000000
165.500000,60.000000,33.000000,38.000000
165.500000,60.000000,33.000000,38.000000
165.500000,60.000000,33.000000,38.000000
165.500000,60.000000,33.000000,38.000000
165.500000,60.000000,33.000000,38.000000
165.500000,60.000000,33.000000,38.000000
165.500000,60.000000,33.000000,38.000000
165.500000,60.000000,33.000000,38.000000
165.500000,60.000000,33.000000,38.000000
165.500000,60.000000,33.000000,38.000000
165.500000,60.000000,33.000000,38.000000
165.500000,60.000000,33.000000,38.000000
165.500000,60.000000,33.000000,38.000000
165.500000,60.000000,33.000000,38.000000
165.500000,60.000000,33.000000,38.000000
2
0
0
0
0
1
85.000000,88.000000,64.000000,35.000000
85.000000,88.000000,64.000000,35.000000
85.000000,88.000000,64.000000,35.000000
85.000000,88.000000,64.000000,35.000000
85.000000,88.000000,64.000000,35.000000
85.000000,88.000000,64.000000,35.000000
85.000000,88.000000,64.000000,35.000000
85.000000,88.000000,64.000000,35.000000
85.000000,88.000000,64.000000,35.000000
85.000000,88.000000,64.000000,35.000000
85.000000,88.000000,64.000000,35.000000
85.000000,88.000000,64.000000,35.000000
85.000000,88.000000,64.000000,35.000000
85.000000,88.000000,64.000000,35.000000
85.000000,88.000000,64.000000,35.000000
85.000000,88.000000,64.000000,35.000000
85.000000,88.000000,64.000000,35.000000
85.000000,88.000000,64.000000,35.000000
85.000000,88.000000,64.000000,35.000000
85.000000,88.000000,64.000000,35.000000
85.000000,88.000000,64.000000,35.000000
85.000000,88.000000,64.000000,35.000000
85.000000,88.000000,64.000000,35.000000
85.000000,88.000000,64.000000,35.000000
85.000000,88.000000,64.000000,35.000000
85.000000,88.000000,64.000000,35.000000
85.000000,88.000000,64.000000,35.000000
2
0
0
0
0
1
77.000000,67.000000,45.000000,37.000000
77.000000,67.000000,45.000000,37.000000
77.000000,67.000000,45.000000,37.000000
77.000000,67.000000,45.000000,37.000000
77.000000,67.000000,45.000000,37.000000
77.000000,67.000000,45.000000,37.000000
77.000000,67.000000,45.000000,37.000000
77.000000,67.000000,45.000000,37.000000
77.000000,67.000000,45.000000,37.000000
77.000000,67.000000,45.000000,37.000000
77.000000,67.000000,45.000000,37.000000
77.000000,67.000000,45.000000,37.000000
77.000000,67.000000,45.000000,37.000000
77.000000,67.000000,45.000000,37.000000
92.500000,41.500000,45.000000,37.000000
92.500000,41.500000,45.000000,37.000000
108.500000,40.500000,45.000000,37.000000
108.500000,40.500000,45.000000,37.000000
108.500000,40.500000,45.000000,37.000000
108.500000,40.500000,45.000000,37.000000
108.500000,40.500000,45.000000,37.000000
108.500000,40.500000,45.000000,37.000000
2
0
0
0
0
1
182.000000,42.000000,50.000000,34.000000
182.000000,42.000000,50.000000,34.000000
182.000000,42.000000,50.000000,34.000000
182.000000,42.000000,50.000000,34.000000
182.000000,42.000000,50.000000,34.000000
182.000000,42.000000,50.000000,34.000000
182.000000,42.000000,50.000000,34.000000
206.000000,32.000000,50.000000,34.000000
206.000000,32.000000,50.000000,34.000000
206.000000,32.000000,50.000000,34.000000
206.000000,32.000000,50.000000,34.000000
