1
125.800003,20.180000,46.399994,35.639999
125.800003,20.180000,46.399994,35.639999
125.800003,20.180000,46.399994,35.639999
125.800003,20.180000,46.399994,35.639999
125.800003,20.180000,46.399994,35.639999
125.800003,20.180000,46.399994,35.639999
125.800003,20.180000,46.399994,35.639999
125.800003,20.180000,46.399994,35.639999
125.800003,19.180000,46.399994,35.639999
125.800003,19.180000,46.399994,35.639999
125.800003,19.180000,46.399994,35.639999
125.800003,19.180000,46.399994,35.639999
125.800003,19.180000,46.399994,35.639999
125.800003,19.180000,46.399994,35.639999
125.800003,19.180000,46.399994,35.639999
125.800003,19.180000,46.399994,35.639999
125.800003,19.180000,46.399994,35.639999
125.800003,19.180000,46.399994,35.639999
125.800003,19.180000,46.399994,35.639999
125.800003,19.180000,46.399994,35.639999
125.800003,19.180000,46.399994,35.639999
125.800003,19.180000,46.399994,35.639999
125.800003,19.180000,46.399994,35.639999
125.800003,19.180000,46.399994,35.639999
125.800003,19.180000,46.399994,35.639999
125.800003,19.180000,46.399994,35.639999
125.800003,19.180000,46.399994,35.639999
125.800003,19.180000,46.399994,35.639999
125.800003,19.180000,46.399994,35.639999
125.800003,19.180000,46.399994,35.639999
125.800003,19.180000,46.399994,35.639999
125.800003,19.180000,46.399994,35.639999
125.800003,19.180000,46.399994,35.639999
125.800003,19.180000,46.399994,35.639999
125.800003,19.180000,46.399994,35.639999
125.800003,19.180000,46.399994,35.639999
125.800003,19.180000,46.399994,35.639999
2
0
0
0
0
1
121.000000,65.000000,13.000000,28.000000
121.000000,65.000000,13.000000,28.000000
121.000000,65.000000,13.000000,28.000000
121.000000,65.000000,13.000000,28.000000
121.000000,65.000000,13.000000,28.000000
121.000000,65.000000,13.000000,28.000000
121.000000,65.000000,13.000000,28.000000
2
0
0
0
0
1
99.000000,71.000000,16.000000,28.000000
99.000000,71.000000,16.000000,28.000000
99.000000,71.000000,16.000000,28.000000
99.000000,71.000000,16.000000,28.000000
99.000000,71.000000,16.000000,28.000000
99.000000,71.000000,16.000000,28.000000
99.000000,71.000000,16.000000,28.000000
99.000000,71.000000,16.000000,28.000000
99.000000,71.000000,16.000000,28.000000
99.000000,71.000000,16.000000,28.000000
99.000000,71.000000,16.000000,28.000000
99.000000,71.000000,16.000000,28.000000
99.000000,71.000000,16.000000,28.000000
99.000000,71.000000,16.000000,28.000000
99.000000,71.000000,16.000000,28.000000
92.000000,69.000000,16.000000,28.000000
92.000000,69.000000,16.000000,28.000000
92.000000,69.000000,16.000000,28.000000
92.000000,69.000000,16.000000,28.000000
92.000000,69.000000,16.000000,28.000000
92.000000,69.000000,16.000000,28.000000
92.000000,69.000000,16.000000,28.000000
92.000000,69.000000,16.000000,28.000000
92.000000,69.000000,16.000000,28.000000
2
0
0
0
0
1
115.000000,72.000000,23.000000,31.000000
115.000000,72.000000,23.000000,31.000000
115.000000,72.000000,23.000000,31.000000
115.000000,72.000000,23.000000,31.000000
115.000000,72.000000,23.000000,31.000000
115.000000,72.000000,23.000000,31.000000
115.000000,72.000000,23.000000,31.000000
115.000000,72.000000,23.000000,31.000000
115.000000,72.000000,23.000000,31.000000
115.000000,72.000000,23.000000,31.000000
115.000000,72.000000,23.000000,31.000000
115.000000,72.000000,23.000000,31.000000
115.000000,72.000000,23.000000,31.000000
100.500000,72.500000,23.000000,31.000000
100.500000,72.500000,23.000000,31.000000
100.500000,72.500000,23.000000,31.000000
100.500000,72.500000,23.000000,31.000000
100.500000,72.500000,23.000000,31.000000
100.500000,72.500000,23.000000,31.000000
100.500000,72.500000,23.000000,31.000000
100.500000,72.500000,23.000000,31.000000
2
0
0
0
0
1
136.000000,77.000000,63.000000,36.000000
136.000000,77.000000,63.000000,36.000000
136.000000,77.000000,63.000000,36.000000
136.000000,77.000000,63.000000,36.000000
136.000000,77.000000,63.000000,36.000000
136.000000,77.000000,63.000000,36.000000
136.000000,77.000000,63.000000,36.000000
136.000000,77.000000,63.000000,36.000000
136.000000,77.000000,63.000000,36.000000
136.000000,77.000000,63.000000,36.000000
136.000000,77.000000,63.000000,36.000000
136.000000,77.000000,63.000000,36.000000
162.500000,89.000000,63.000000,36.000000
162.500000,89.000000,63.000000,36.000000
162.500000,89.000000,63.000000,36.000000
162.500000,89.000000,63.000000,36.000000
162.500000,89.000000,63.000000,36.000000
162.500000,89.000000,63.000000,36.000000
162.500000,89.000000,63.000000,36.000000
162.500000,89.000000,63.000000,36.000000
162.500000,89.000000,63.000000,36.000000
162.500000,89.000000,63.000000,36.000000
185.500000,89.000000,63.000000,36.000000
185.500000,89.000000,63.000000,36.000000
185.500000,89.000000,63.000000,36.000000
185.500000,89.000000,63.000000,36.000000
185.500000,89.000000,63.000000,36.000000
185.500000,89.000000,63.000000,36.000000
185.500000,89.000000,63.000000,36.000000
185.500000,89.000000,63.000000,36.000000
185.500000,89.000000,63.000000,36.000000
185.500000,89.000000,63.000000,36.000000
185.500000,89.000000,63.000000,36.000000
185.500000,89.000000,63.000000,36.000000
185.500000,89.000000,63.000000,36.000000
185.500000,89.000000,63.000000,36.000000
2
0
0
0
0
1
266.000000,70.000000,40.000000,36.000000
266.000000,70.000000,40.000000,36.000000
266.000000,70.000000,40.000000,36.000000
266.000000,70.000000,40.000000,36.000000
266.000000,70.000000,40.000000,36.000000
266.000000,70.000000,40.000000,36.000000
266.000000,70.000000,40.000000,36.000000
266.000000,70.000000,40.000000,36.000000
266.000000,70.000000,40.000000,36.000000
266.000000,70.000000,40.000000,36.000000
266.000000,70.000000,40.000000,36.000000
266.000000,70.000000,40.000000,36.000000
266.000000,70.000000,40.000000,36.000000
266.000000,70.000000,40.000000,36.000000
266.000000,70.000000,40.000000,36.000000
266.000000,70.000000,40.000000,36.000000
266.000000,70.000000,40.000000,36.000000
266.000000,70.000000,40.000000,36.000000
266.000000,70.000000,40.000000,36.000000
266.000000,70.000000,40.000000,36.000000
266.000000,70.000000,40.000000,36.000000
266.000000,70.000000,40.000000,36.000000
266.000000,70.000000,40.000000,36.000000
266.000000,70.000000,40.000000,36.000000
266.000000,70.000000,40.000000,36.000000
266.000000,70.000000,40.000000,36.000000
266.000000,70.000000,40.000000,36.000000
266.000000,70.000000,40.000000,36.000000
216.000000,41.000000,40.000000,36.000000
216.000000,41.000000,40.000000,36.000000
216.000000,41.000000,40.000000,36.000000
216.000000,41.000000,40.000000,36.000000
216.000000,41.000000,40.000000,36.000000
216.000000,41.000000,40.000000,36.000000
216.000000,41.000000,40.000000,36.000000
216.000000,41.000000,40.000000,36.000000
216.000000,41.000000,40.000000,36.000000
216.000000,41.000000,40.000000,36.000000
166.000000,51.000000,40.000000,36.000000
166.000000,51.000000,40.000000,36.000000
166.000000,51.000000,40.000000,36.000000
166.000000,51.000000,40.000000,36.000000
166.000000,51.000000,40.000000,36.000000
166.000000,51.000000,40.000000,36.000000
166.000000,51.000000,40.000000,36.000000
166.000000,51.000000,40.000000,36.000000
166.000000,51.000000,40.000000,36.000000
166.000000,51.000000,40.000000,36.000000
166.000000,51.000000,40.000000,36.000000
166.000000,51.000000,40.000000,36.000000
115.000000,72.000000,40.000000,36.000000
115.000000,72.000000,40.000000,36.000000
115.000000,72.000000,40.000000,36.000000
115.000000,72.000000,40.000000,36.000000
115.000000,72.000000,40.000000,36.000000
115.000000,72.000000,40.000000,36.000000
115.000000,72.000000,40.000000,36.000000
115.000000,72.000000,40.000000,36.000000
115.000000,72.000000,40.000000,36.000000
115.000000,72.000000,40.000000,36.000000
102.000000,58.000000,40.000000,36.000000
102.000000,58.000000,40.000000,36.000000
102.000000,58.000000,40.000000,36.000000
102.000000,58.000000,40.000000,36.000000
102.000000,58.000000,40.000000,36.000000
102.000000,58.000000,40.000000,36.000000
102.000000,58.000000,40.000000,36.000000
102.000000,58.000000,40.000000,36.000000
102.000000,58.000000,40.000000,36.000000
102.000000,58.000000,40.000000,36.000000
2
0
0
0
0
1
69.000000,96.000000,26.000000,40.000000
69.000000,96.000000,26.000000,40.000000
69.000000,96.000000,26.000000,40.000000
69.000000,96.000000,26.000000,40.000000
69.000000,96.000000,26.000000,40.000000
69.000000,96.000000,26.000000,40.000000
69.000000,96.000000,26.000000,40.000000
69.000000,96.000000,26.000000,40.000000
69.000000,96.000000,26.000000,40.000000
69.000000,96.000000,26.000000,40.000000
69.000000,96.000000,26.000000,40.000000
55.000000,106.000000,26.000000,40.000000
55.000000,106.000000,26.000000,40.000000
55.000000,106.000000,26.000000,40.000000
55.000000,106.000000,26.000000,40.000000
55.000000,106.000000,26.000000,40.000000
55.000000,106.000000,26.000000,40.000000
55.000000,106.000000,26.000000,40.000000
55.000000,106.000000,26.000000,40.000000
55.000000,106.000000,26.000000,40.000000
55.000000,106.000000,26.000000,40.000000
55.000000,106.000000,26.000000,40.000000
55.000000,106.000000,26.000000,40.000000
55.000000,106.000000,26.000000,40.000000
55.000000,106.000000,26.000000,40.000000
55.000000,106.000000,26.000000,40.000000
55.000000,106.000000,26.000000,40.000000
55.000000,106.000000,26.000000,40.000000
55.000000,106.000000,26.000000,40.000000
55.000000,106.000000,26.000000,40.000000
55.000000,106.000000,26.000000,40.000000
55.000000,106.000000,26.000000,40.000000
55.000000,106.000000,26.000000,40.000000
55.000000,106.000000,26.000000,40.000000
55.000000,106.000000,26.000000,40.000000
55.000000,106.000000,26.000000,40.000000
55.000000,106.000000,26.000000,40.000000
55.000000,106.000000,26.000000,40.000000
55.000000,106.000000,26.000000,40.000000
55.000000,106.000000,26.000000,40.000000
55.000000,106.000000,26.000000,40.000000
55.000000,106.000000,26.000000,40.000000
55.000000,106.000000,26.000000,40.000000
55.000000,106.000000,26.000000,40.000000
55.000000,106.000000,26.000000,40.000000
55.000000,106.000000,26.000000,40.000000
55.000000,106.000000,26.000000,40.000000
55.000000,106.000000,26.000000,40.000000
55.000000,106.000000,26.000000,40.000000
55.000000,106.000000,26.000000,40.000000
55.000000,106.000000,26.000000,40.000000
55.000000,106.000000,26.000000,40.000000
55.000000,106.000000,26.000000,40.000000
55.000000,106.000000,26.000000,40.000000
55.000000,106.000000,26.000000,40.000000
55.000000,106.000000,26.000000,40.000000
55.000000,106.000000,26.000000,40.000000
55.000000,106.000000,26.000000,40.000000
55.000000,106.000000,26.000000,40.000000
55.000000,106.000000,26.000000,40.000000
55.000000,106.000000,26.000000,40.000000
55.000000,106.000000,26.000000,40.000000
2
0
0
0
0
1
97.000000,90.000000,87.000000,38.000000
97.000000,90.000000,87.000000,38.000000
97.000000,90.000000,87.000000,38.000000
97.000000,90.000000,87.000000,38.000000
97.000000,90.000000,87.000000,38.000000
97.000000,90.000000,87.000000,38.000000
97.000000,90.000000,87.000000,38.000000
97.000000,90.000000,87.000000,38.000000
97.000000,90.000000,87.000000,38.000000
97.000000,90.000000,87.000000,38.000000
97.000000,90.000000,87.000000,38.000000
97.000000,90.000000,87.000000,38.000000
97.000000,90.000000,87.000000,38.000000
97.000000,90.000000,87.000000,38.000000
97.000000,90.000000,87.000000,38.000000
97.000000,90.000000,87.000000,38.000000
2
0
0
0
0
1
196.000000,85.000000,31.000000,36.000000
196.000000,85.000000,31.000000,36.000000
196.000000,85.000000,31.000000,36.000000
196.000000,85.000000,31.000000,36.000000
196.000000,85.000000,31.000000,36.000000
196.000000,85.000000,31.000000,36.000000
196.000000,85.000000,31.000000,36.000000
196.000000,85.000000,31.000000,36.000000
196.000000,85.000000,31.000000,36.000000
196.000000,85.000000,31.000000,36.000000
196.000000,85.000000,31.000000,36.000000
196.000000,85.000000,31.000000,36.000000
196.000000,85.000000,31.000000,36.000000
196.000000,85.000000,31.000000,36.000000
196.000000,85.000000,31.000000,36.000000
196.000000,85.000000,31.000000,36.000000
195.500000,85.000000,31.000000,36.000000
195.500000,85.000000,31.000000,36.000000
195.500000,85.000000,31.000000,36.000000
195.500000,85.000000,31.000000,36.000000
195.500000,85.000000,31.000000,36.000000
195.500000,85.000000,31.000000,36.000000
195.500000,85.000000,31.000000,36.000000
195.500000,85.000000,31.000000,36.000000
195.500000,85.000000,31.000000,36.000000
195.500000,85.000000,31.000000,36.000000
2
0
0
0
0
1
105.000000,88.000000,75.000000,33.000000
105.000000,88.000000,75.000000,33.000000
105.000000,88.000000,75.000000,33.000000
105.000000,88.000000,75.000000,33.000000
105.000000,88.000000,75.000000,33.000000
105.000000,88.000000,75.000000,33.000000
105.000000,88.000000,75.000000,33.000000
105.000000,88.000000,75.000000,33.000000
105.000000,88.000000,75.000000,33.000000
105.000000,88.000000,75.000000,33.000000
105.000000,88.000000,75.000000,33.000000
105.000000,88.000000,75.000000,33.000000
105.000000,88.000000,75.000000,33.000000
105.000000,88.000000,75.000000,33.000000
105.000000,88.000000,75.000000,33.000000
105.000000,88.000000,75.000000,33.000000
105.000000,88.000000,75.000000,33.000000
105.000000,88.000000,75.000000,33.000000
105.000000,88.000000,75.000000,33.000000
105.000000,88.000000,75.000000,33.000000
105.000000,88.000000,75.000000,33.000000
105.000000,88.000000,75.000000,33.000000
105.000000,88.000000,75.000000,33.000000
105.000000,88.000000,75.000000,33.000000
105.000000,88.000000,75.000000,33.000000
105.000000,88.000000,75.000000,33.000000
105.000000,88.000000,75.000000,33.000000
105.000000,88.000000,75.000000,33.000000
105.000000,88.000000,75.000000,33.000000
105.000000,88.000000,75.000000,33.000000
2
0
0
0
0
1
84.000000,74.000000,18.000000,38.000000
84.000000,74.000000,18.000000,38.000000
84.000000,74.000000,18.000000,38.000000
84.000000,74.000000,18.000000,38.000000
84.000000,74.000000,18.000000,38.000000
84.000000,74.000000,18.000000,38.000000
84.000000,74.000000,18.000000,38.000000
84.000000,74.000000,18.000000,38.000000
84.000000,74.000000,18.000000,38.000000
84.000000,74.000000,18.000000,38.000000
84.000000,74.000000,18.000000,38.000000
84.000000,74.000000,18.000000,38.000000
84.000000,74.000000,18.000000,38.000000
84.000000,74.000000,18.000000,38.000000
84.000000,74.000000,18.000000,38.000000
84.000000,74.000000,18.000000,38.000000
84.000000,74.000000,18.000000,38.000000
84.000000,74.000000,18.000000,38.000000
84.000000,74.000000,18.000000,38.000000
84.000000,74.000000,18.000000,38.000000
2
0
0
0
0
1
132.000000,46.000000,70.000000,34.000000
132.000000,46.000000,70.000000,34.000000
132.000000,46.000000,70.000000,34.000000
132.000000,46.000000,70.000000,34.000000
132.000000,46.000000,70.000000,34.000000
132.000000,46.000000,70.000000,34.000000
162.000000,44.000000,70.000000,34.000000
162.000000,44.000000,70.000000,34.000000
162.000000,44.000000,70.000000,34.000000
162.000000,44.000000,70.000000,34.000000
162.000000,44.000000,70.000000,34.000000
162.000000,44.000000,70.000000,34.000000
162.000000,44.000000,70.000000,34.000000
162.000000,44.000000,70.000000,34.000000
162.000000,44.000000,70.000000,34.000000
168.000000,34.000000,70.000000,34.000000
168.000000,34.000000,70.000000,34.000000
168.000000,34.000000,70.000000,34.000000
216.000000,26.000000,70.000000,34.000000
216.000000,26.000000,70.000000,34.000000
