1
125.800003,20.180000,46.399994,35.639999
125.800003,20.180000,46.399994,35.639999
125.800003,20.180000,46.399994,35.639999
125.800003,20.180000,46.399994,35.639999
125.800003,20.180000,46.399994,35.639999
125.800003,20.180000,46.399994,35.639999
125.800003,20.180000,46.399994,35.639999
125.800003,20.180000,46.399994,35.639999
125.800003,19.180000,46.399994,35.639999
125.800003,19.180000,46.399994,35.639999
125.800003,19.180000,46.399994,35.639999
125.800003,19.180000,46.399994,35.639999
125.800003,19.180000,46.399994,35.639999
125.800003,19.180000,46.399994,35.639999
125.800003,19.180000,46.399994,35.639999
125.800003,19.180000,46.399994,35.639999
125.800003,19.180000,46.399994,35.639999
125.800003,19.180000,46.399994,35.639999
125.800003,19.180000,46.399994,35.639999
125.800003,19.180000,46.399994,35.639999
125.800003,19.180000,46.399994,35.639999
125.800003,19.180000,46.399994,35.639999
125.800003,19.180000,46.399994,35.639999
125.800003,19.180000,46.399994,35.639999
125.800003,19.180000,46.399994,35.639999
125.800003,19.180000,46.399994,35.639999
125.800003,19.180000,46.399994,35.639999
125.800003,19.180000,46.399994,35.639999
125.800003,19.180000,46.399994,35.639999
125.800003,19.180000,46.399994,35.639999
125.800003,19.180000,46.399994,35.639999
125.800003,19.180000,46.399994,35.639999
125.800003,19.180000,46.399994,35.639999
125.800003,19.180000,46.399994,35.639999
125.800003,19.180000,46.399994,35.639999
125.800003,19.180000,46.399994,35.639999
125.800003,19.180000,46.399994,35.639999
2
0
0
0
0
1
121.000000,65.000000,13.000000,28.000000
121.000000,65.000000,13.000000,28.000000
121.000000,65.000000,13.000000,28.000000
121.000000,65.000000,13.000000,28.000000
121.000000,65.000000,13.000000,28.000000
111.500000,65.000000,13.000000,28.000000
111.500000,65.000000,13.000000,28.000000
111.500000,65.000000,13.000000,28.000000
111.500000,65.000000,13.000000,28.000000
111.500000,65.000000,13.000000,28.000000
111.500000,65.000000,13.000000,28.000000
111.500000,65.000000,13.000000,28.000000
111.500000,65.000000,13.000000,28.000000
111.500000,65.000000,13.000000,28.000000
111.500000,65.000000,13.000000,28.000000
111.500000,65.000000,13.000000,28.000000
111.500000,65.000000,13.000000,28.000000
111.500000,65.000000,13.000000,28.000000
102.500000,67.000000,13.000000,28.000000
102.500000,67.000000,13.000000,28.000000
102.500000,67.000000,13.000000,28.000000
102.500000,67.000000,13.000000,28.000000
102.500000,67.000000,13.000000,28.000000
102.500000,67.000000,13.000000,28.000000
102.500000,67.000000,13.000000,28.000000
102.500000,67.000000,13.000000,28.000000
102.500000,67.000000,13.000000,28.000000
102.500000,67.000000,13.000000,28.000000
102.500000,67.000000,13.000000,28.000000
102.500000,67.000000,13.000000,28.000000
102.500000,67.000000,13.000000,28.000000
102.500000,67.000000,13.000000,28.000000
102.500000,67.000000,13.000000,28.000000
102.500000,67.000000,13.000000,28.000000
102.500000,67.000000,13.000000,28.000000
102.500000,67.000000,13.000000,28.000000
102.500000,67.000000,13.000000,28.000000
102.500000,67.000000,13.000000,28.000000
121.500000,69.000000,13.000000,28.000000
121.500000,69.000000,13.000000,28.000000
121.500000,69.000000,13.000000,28.000000
121.500000,69.000000,13.000000,28.000000
121.500000,69.000000,13.000000,28.000000
121.500000,69.000000,13.000000,28.000000
121.500000,69.000000,13.000000,28.000000
121.500000,69.000000,13.000000,28.000000
121.500000,69.000000,13.000000,28.000000
121.500000,69.000000,13.000000,28.000000
121.500000,69.000000,13.000000,28.000000
121.500000,69.000000,13.000000,28.000000
121.500000,69.000000,13.000000,28.000000
116.500000,62.000000,13.000000,28.000000
116.500000,62.000000,13.000000,28.000000
116.500000,62.000000,13.000000,28.000000
116.500000,62.000000,13.000000,28.000000
116.500000,62.000000,13.000000,28.000000
116.500000,62.000000,13.000000,28.000000
116.500000,62.000000,13.000000,28.000000
116.500000,62.000000,13.000000,28.000000
116.500000,62.000000,13.000000,28.000000
116.500000,62.000000,13.000000,28.000000
116.500000,62.000000,13.000000,28.000000
116.500000,62.000000,13.000000,28.000000
116.500000,62.000000,13.000000,28.000000
116.500000,62.000000,13.000000,28.000000
116.500000,62.000000,13.000000,28.000000
116.500000,62.000000,13.000000,28.000000
2
0
0
0
0
1
143.000000,79.000000,65.000000,36.000000
143.000000,79.000000,65.000000,36.000000
143.000000,79.000000,65.000000,36.000000
143.000000,79.000000,65.000000,36.000000
143.000000,79.000000,65.000000,36.000000
143.000000,79.000000,65.000000,36.000000
143.000000,79.000000,65.000000,36.000000
143.000000,79.000000,65.000000,36.000000
143.000000,79.000000,65.000000,36.000000
172.500000,86.000000,65.000000,36.000000
172.500000,86.000000,65.000000,36.000000
172.500000,86.000000,65.000000,36.000000
172.500000,86.000000,65.000000,36.000000
172.500000,86.000000,65.000000,36.000000
172.500000,86.000000,65.000000,36.000000
172.500000,86.000000,65.000000,36.000000
172.500000,86.000000,65.000000,36.000000
172.500000,86.000000,65.000000,36.000000
172.500000,86.000000,65.000000,36.000000
172.500000,86.000000,65.000000,36.000000
172.500000,86.000000,65.000000,36.000000
172.500000,86.000000,65.000000,36.000000
172.500000,86.000000,65.000000,36.000000
172.500000,86.000000,65.000000,36.000000
172.500000,86.000000,65.000000,36.000000
172.500000,86.000000,65.000000,36.000000
172.500000,86.000000,65.000000,36.000000
172.500000,86.000000,65.000000,36.000000
172.500000,86.000000,65.000000,36.000000
172.500000,86.000000,65.000000,36.000000
172.500000,86.000000,65.000000,36.000000
2
0
0
0
0
1
260.000000,72.000000,46.000000,36.000000
260.000000,72.000000,46.000000,36.000000
260.000000,72.000000,46.000000,36.000000
260.000000,72.000000,46.000000,36.000000
260.000000,72.000000,46.000000,36.000000
260.000000,72.000000,46.000000,36.000000
260.000000,72.000000,46.000000,36.000000
260.000000,72.000000,46.000000,36.000000
260.000000,72.000000,46.000000,36.000000
260.000000,72.000000,46.000000,36.000000
260.000000,72.000000,46.000000,36.000000
260.000000,72.000000,46.000000,36.000000
260.000000,72.000000,46.000000,36.000000
260.000000,72.000000,46.000000,36.000000
260.000000,72.000000,46.000000,36.000000
260.000000,72.000000,46.000000,36.000000
260.000000,72.000000,46.000000,36.000000
260.000000,72.000000,46.000000,36.000000
260.000000,72.000000,46.000000,36.000000
260.000000,72.000000,46.000000,36.000000
260.000000,72.000000,46.000000,36.000000
260.000000,72.000000,46.000000,36.000000
260.000000,72.000000,46.000000,36.000000
260.000000,72.000000,46.000000,36.000000
260.000000,72.000000,46.000000,36.000000
260.000000,72.000000,46.000000,36.000000
260.000000,72.000000,46.000000,36.000000
260.000000,72.000000,46.000000,36.000000
260.000000,72.000000,46.000000,36.000000
260.000000,72.000000,46.000000,36.000000
260.000000,72.000000,46.000000,36.000000
260.000000,72.000000,46.000000,36.000000
2
0
0
0
0
1
165.910004,57.320000,71.479996,37.930000
165.910004,57.320000,71.479996,37.930000
165.910004,57.320000,71.479996,37.930000
165.910004,57.320000,71.479996,37.930000
165.910004,57.320000,71.479996,37.930000
165.910004,57.320000,71.479996,37.930000
165.910004,57.320000,71.479996,37.930000
165.910004,57.320000,71.479996,37.930000
165.910004,57.320000,71.479996,37.930000
148.259995,51.035000,71.479996,37.930000
148.259995,51.035000,71.479996,37.930000
148.259995,51.035000,71.479996,37.930000
148.259995,51.035000,71.479996,37.930000
148.259995,51.035000,71.479996,37.930000
148.259995,51.035000,71.479996,37.930000
148.259995,51.035000,71.479996,37.930000
148.259995,51.035000,71.479996,37.930000
148.259995,51.035000,71.479996,37.930000
148.259995,51.035000,71.479996,37.930000
148.259995,51.035000,71.479996,37.930000
148.259995,51.035000,71.479996,37.930000
2
0
0
0
0
1
82.419998,82.150002,46.520004,36.900002
82.419998,82.150002,46.520004,36.900002
82.419998,82.150002,46.520004,36.900002
82.419998,82.150002,46.520004,36.900002
82.419998,82.150002,46.520004,36.900002
82.419998,82.150002,46.520004,36.900002
82.419998,82.150002,46.520004,36.900002
82.419998,82.150002,46.520004,36.900002
82.419998,82.150002,46.520004,36.900002
82.419998,82.150002,46.520004,36.900002
82.419998,82.150002,46.520004,36.900002
82.419998,82.150002,46.520004,36.900002
82.419998,82.150002,46.520004,36.900002
82.419998,82.150002,46.520004,36.900002
82.419998,82.150002,46.520004,36.900002
82.419998,82.150002,46.520004,36.900002
82.419998,82.150002,46.520004,36.900002
82.419998,82.150002,46.520004,36.900002
82.419998,82.150002,46.520004,36.900002
82.419998,82.150002,46.520004,36.900002
82.419998,82.150002,46.520004,36.900002
82.419998,82.150002,46.520004,36.900002
2
0
0
0
0
1
49.000000,115.000000,26.000000,45.000000
49.000000,115.000000,26.000000,45.000000
49.000000,115.000000,26.000000,45.000000
49.000000,115.000000,26.000000,45.000000
49.000000,115.000000,26.000000,45.000000
49.000000,115.000000,26.000000,45.000000
49.000000,115.000000,26.000000,45.000000
49.000000,115.000000,26.000000,45.000000
49.000000,115.000000,26.000000,45.000000
49.000000,115.000000,26.000000,45.000000
49.000000,115.000000,26.000000,45.000000
49.000000,115.000000,26.000000,45.000000
49.000000,115.000000,26.000000,45.000000
49.000000,115.000000,26.000000,45.000000
49.000000,115.000000,26.000000,45.000000
49.000000,115.000000,26.000000,45.000000
49.000000,114.500000,26.000000,45.000000
49.000000,114.500000,26.000000,45.000000
49.000000,114.500000,26.000000,45.000000
49.000000,114.500000,26.000000,45.000000
49.000000,114.500000,26.000000,45.000000
49.000000,114.500000,26.000000,45.000000
49.000000,114.500000,26.000000,45.000000
49.000000,114.500000,26.000000,45.000000
49.000000,114.500000,26.000000,45.000000
49.000000,114.500000,26.000000,45.000000
49.000000,114.500000,26.000000,45.000000
49.000000,114.500000,26.000000,45.000000
49.000000,114.500000,26.000000,45.000000
49.000000,114.500000,26.000000,45.000000
49.000000,114.500000,26.000000,45.000000
49.000000,114.500000,26.000000,45.000000
49.000000,114.500000,26.000000,45.000000
49.000000,114.500000,26.000000,45.000000
49.000000,114.500000,26.000000,45.000000
49.000000,114.500000,26.000000,45.000000
49.000000,114.500000,26.000000,45.000000
49.000000,114.500000,26.000000,45.000000
49.000000,114.500000,26.000000,45.000000
49.000000,114.500000,26.000000,45.000000
49.000000,114.500000,26.000000,45.000000
49.000000,114.500000,26.000000,45.000000
49.000000,114.500000,26.000000,45.000000
49.000000,114.500000,26.000000,45.000000
2
0
0
0
0
1
86.000000,92.000000,89.000000,38.000000
86.000000,92.000000,89.000000,38.000000
86.000000,92.000000,89.000000,38.000000
86.000000,92.000000,89.000000,38.000000
86.000000,92.000000,89.000000,38.000000
86.000000,92.000000,89.000000,38.000000
86.000000,92.000000,89.000000,38.000000
86.000000,92.000000,89.000000,38.000000
85.500000,92.000000,89.000000,38.000000
85.500000,92.000000,89.000000,38.000000
85.500000,92.000000,89.000000,38.000000
85.500000,92.000000,89.000000,38.000000
85.500000,92.000000,89.000000,38.000000
85.500000,92.000000,89.000000,38.000000
85.500000,92.000000,89.000000,38.000000
85.500000,92.000000,89.000000,38.000000
85.500000,92.000000,89.000000,38.000000
2
0
0
0
0
1
198.000000,85.000000,27.000000,38.000000
198.000000,85.000000,27.000000,38.000000
198.000000,85.000000,27.000000,38.000000
198.000000,85.000000,27.000000,38.000000
198.000000,85.000000,27.000000,38.000000
198.000000,85.000000,27.000000,38.000000
198.000000,85.000000,27.000000,38.000000
198.000000,85.000000,27.000000,38.000000
198.000000,85.000000,27.000000,38.000000
198.000000,85.000000,27.000000,38.000000
198.000000,85.000000,27.000000,38.000000
198.000000,85.000000,27.000000,38.000000
198.000000,85.000000,27.000000,38.000000
198.000000,85.000000,27.000000,38.000000
198.000000,85.000000,27.000000,38.000000
198.000000,85.000000,27.000000,38.000000
198.000000,85.000000,27.000000,38.000000
198.000000,85.000000,27.000000,38.000000
198.000000,85.000000,27.000000,38.000000
198.000000,85.000000,27.000000,38.000000
198.000000,85.000000,27.000000,38.000000
198.000000,85.000000,27.000000,38.000000
198.000000,85.000000,27.000000,38.000000
198.000000,85.000000,27.000000,38.000000
198.000000,85.000000,27.000000,38.000000
198.000000,85.000000,27.000000,38.000000
198.000000,85.000000,27.000000,38.000000
2
0
0
0
0
1
107.000000,89.000000,77.000000,33.000000
107.000000,89.000000,77.000000,33.000000
107.000000,89.000000,77.000000,33.000000
107.000000,89.000000,77.000000,33.000000
107.000000,89.000000,77.000000,33.000000
107.000000,89.000000,77.000000,33.000000
107.000000,89.000000,77.000000,33.000000
107.000000,89.000000,77.000000,33.000000
107.000000,89.000000,77.000000,33.000000
107.000000,89.000000,77.000000,33.000000
107.000000,89.000000,77.000000,33.000000
107.000000,89.000000,77.000000,33.000000
107.000000,89.000000,77.000000,33.000000
107.000000,89.000000,77.000000,33.000000
107.000000,89.000000,77.000000,33.000000
107.000000,89.000000,77.000000,33.000000
106.500000,88.500000,77.000000,33.000000
106.500000,88.500000,77.000000,33.000000
106.500000,88.500000,77.000000,33.000000
106.500000,88.500000,77.000000,33.000000
106.500000,88.500000,77.000000,33.000000
106.500000,88.500000,77.000000,33.000000
106.500000,88.500000,77.000000,33.000000
106.500000,88.500000,77.000000,33.000000
106.500000,88.500000,77.000000,33.000000
106.500000,88.500000,77.000000,33.000000
106.500000,88.500000,77.000000,33.000000
106.500000,88.500000,77.000000,33.000000
106.500000,88.500000,77.000000,33.000000
106.500000,88.500000,77.000000,33.000000
2
0
0
0
0
1
83.000000,75.000000,19.000000,37.000000
83.000000,75.000000,19.000000,37.000000
83.000000,75.000000,19.000000,37.000000
83.000000,75.000000,19.000000,37.000000
83.000000,75.000000,19.000000,37.000000
83.000000,75.000000,19.000000,37.000000
80.500000,52.500000,19.000000,37.000000
80.500000,52.500000,19.000000,37.000000
80.500000,52.500000,19.000000,37.000000
80.500000,52.500000,19.000000,37.000000
80.500000,52.500000,19.000000,37.000000
80.500000,52.500000,19.000000,37.000000
80.500000,52.500000,19.000000,37.000000
80.500000,52.500000,19.000000,37.000000
80.500000,52.500000,19.000000,37.000000
80.500000,52.500000,19.000000,37.000000
80.500000,52.500000,19.000000,37.000000
80.500000,52.500000,19.000000,37.000000
80.500000,52.500000,19.000000,37.000000
80.500000,52.500000,19.000000,37.000000
2
0
0
0
0
1
126.000000,46.000000,72.000000,34.000000
126.000000,46.000000,72.000000,34.000000
126.000000,46.000000,72.000000,34.000000
126.000000,46.000000,72.000000,34.000000
126.000000,46.000000,72.000000,34.000000
126.000000,46.000000,72.000000,34.000000
126.000000,46.000000,72.000000,34.000000
126.000000,46.000000,72.000000,34.000000
126.000000,46.000000,72.000000,34.000000
147.000000,68.000000,72.000000,34.000000
147.000000,68.000000,72.000000,34.000000
147.000000,68.000000,72.000000,34.000000
147.000000,68.000000,72.000000,34.000000
147.000000,68.000000,72.000000,34.000000
147.000000,68.000000,72.000000,34.000000
147.000000,68.000000,72.000000,34.000000
2
0
0
0
0
