1
125.800003,20.180000,46.399994,35.639999
125.800003,20.180000,46.399994,35.639999
125.800003,20.180000,46.399994,35.639999
125.800003,20.180000,46.399994,35.639999
125.800003,20.180000,46.399994,35.639999
125.800003,20.180000,46.399994,35.639999
125.800003,20.180000,46.399994,35.639999
125.800003,20.180000,46.399994,35.639999
125.800003,19.180000,46.399994,35.639999
125.800003,19.180000,46.399994,35.639999
125.800003,19.180000,46.399994,35.639999
125.800003,19.180000,46.399994,35.639999
125.800003,19.180000,46.399994,35.639999
125.800003,19.180000,46.399994,35.639999
125.800003,19.180000,46.399994,35.639999
125.800003,19.180000,46.399994,35.639999
125.800003,19.180000,46.399994,35.639999
125.800003,19.180000,46.399994,35.639999
125.800003,19.180000,46.399994,35.639999
125.800003,19.180000,46.399994,35.639999
125.800003,19.180000,46.399994,35.639999
125.800003,19.180000,46.399994,35.639999
125.800003,19.180000,46.399994,35.639999
125.800003,19.180000,46.399994,35.639999
125.800003,19.180000,46.399994,35.639999
125.800003,19.180000,46.399994,35.639999
125.800003,19.180000,46.399994,35.639999
125.800003,19.180000,46.399994,35.639999
125.800003,19.180000,46.399994,35.639999
125.800003,19.180000,46.399994,35.639999
125.800003,19.180000,46.399994,35.639999
125.800003,19.180000,46.399994,35.639999
125.800003,19.180000,46.399994,35.639999
125.800003,19.180000,46.399994,35.639999
125.800003,19.180000,46.399994,35.639999
125.800003,19.180000,46.399994,35.639999
125.800003,19.180000,46.399994,35.639999
2
0
0
0
0
1
121.000000,65.000000,13.000000,28.000000
121.000000,65.000000,13.000000,28.000000
121.000000,65.000000,13.000000,28.000000
121.000000,65.000000,13.000000,28.000000
121.000000,65.000000,13.000000,28.000000
111.500000,65.000000,13.000000,28.000000
111.500000,65.000000,13.000000,28.000000
111.500000,65.000000,13.000000,28.000000
111.500000,65.000000,13.000000,28.000000
111.500000,65.000000,13.000000,28.000000
111.500000,65.000000,13.000000,28.000000
111.500000,65.000000,13.000000,28.000000
111.500000,65.000000,13.000000,28.000000
111.500000,65.000000,13.000000,28.000000
107.500000,67.000000,13.000000,28.000000
107.500000,67.000000,13.000000,28.000000
107.500000,67.000000,13.000000,28.000000
107.500000,67.000000,13.000000,28.000000
107.500000,67.000000,13.000000,28.000000
107.500000,67.000000,13.000000,28.000000
107.500000,67.000000,13.000000,28.000000
107.500000,67.000000,13.000000,28.000000
107.500000,67.000000,13.000000,28.000000
107.500000,67.000000,13.000000,28.000000
107.500000,67.000000,13.000000,28.000000
107.500000,67.000000,13.000000,28.000000
107.500000,67.000000,13.000000,28.000000
107.500000,67.000000,13.000000,28.000000
107.500000,67.000000,13.000000,28.000000
97.500000,68.000000,13.000000,28.000000
97.500000,68.000000,13.000000,28.000000
97.500000,68.000000,13.000000,28.000000
97.500000,68.000000,13.000000,28.000000
97.500000,68.000000,13.000000,28.000000
97.500000,68.000000,13.000000,28.000000
97.500000,68.000000,13.000000,28.000000
97.500000,68.000000,13.000000,28.000000
97.500000,68.000000,13.000000,28.000000
119.500000,68.000000,13.000000,28.000000
119.500000,68.000000,13.000000,28.000000
119.500000,68.000000,13.000000,28.000000
119.500000,68.000000,13.000000,28.000000
119.500000,68.000000,13.000000,28.000000
119.500000,68.000000,13.000000,28.000000
119.500000,68.000000,13.000000,28.000000
119.500000,68.000000,13.000000,28.000000
119.500000,68.000000,13.000000,28.000000
119.500000,68.000000,13.000000,28.000000
119.500000,68.000000,13.000000,28.000000
119.500000,68.000000,13.000000,28.000000
119.500000,68.000000,13.000000,28.000000
119.500000,68.000000,13.000000,28.000000
119.500000,68.000000,13.000000,28.000000
119.500000,68.000000,13.000000,28.000000
119.500000,68.000000,13.000000,28.000000
119.500000,68.000000,13.000000,28.000000
119.500000,68.000000,13.000000,28.000000
119.500000,68.000000,13.000000,28.000000
2
0
0
0
0
1
121.000000,74.000000,60.000000,34.000000
121.000000,74.000000,60.000000,34.000000
121.000000,74.000000,60.000000,34.000000
121.000000,74.000000,60.000000,34.000000
121.000000,74.000000,60.000000,34.000000
121.000000,74.000000,60.000000,34.000000
121.000000,74.000000,60.000000,34.000000
121.000000,74.000000,60.000000,34.000000
121.000000,74.000000,60.000000,34.000000
121.000000,74.000000,60.000000,34.000000
147.000000,83.000000,60.000000,34.000000
147.000000,83.000000,60.000000,34.000000
147.000000,83.000000,60.000000,34.000000
147.000000,83.000000,60.000000,34.000000
147.000000,83.000000,60.000000,34.000000
147.000000,83.000000,60.000000,34.000000
147.000000,83.000000,60.000000,34.000000
147.000000,83.000000,60.000000,34.000000
147.000000,83.000000,60.000000,34.000000
147.000000,83.000000,60.000000,34.000000
147.000000,83.000000,60.000000,34.000000
147.000000,83.000000,60.000000,34.000000
147.000000,83.000000,60.000000,34.000000
147.000000,83.000000,60.000000,34.000000
147.000000,83.000000,60.000000,34.000000
147.000000,83.000000,60.000000,34.000000
147.000000,83.000000,60.000000,34.000000
147.000000,83.000000,60.000000,34.000000
147.000000,83.000000,60.000000,34.000000
147.000000,83.000000,60.000000,34.000000
147.000000,83.000000,60.000000,34.000000
2
0
0
0
0
1
223.000000,80.000000,71.000000,32.000000
223.000000,80.000000,71.000000,32.000000
223.000000,80.000000,71.000000,32.000000
223.000000,80.000000,71.000000,32.000000
223.000000,80.000000,71.000000,32.000000
223.000000,80.000000,71.000000,32.000000
223.000000,80.000000,71.000000,32.000000
223.000000,80.000000,71.000000,32.000000
223.000000,80.000000,71.000000,32.000000
223.000000,80.000000,71.000000,32.000000
223.000000,80.000000,71.000000,32.000000
223.000000,80.000000,71.000000,32.000000
223.000000,80.000000,71.000000,32.000000
223.000000,80.000000,71.000000,32.000000
223.000000,80.000000,71.000000,32.000000
223.000000,80.000000,71.000000,32.000000
223.000000,80.000000,71.000000,32.000000
223.000000,80.000000,71.000000,32.000000
223.000000,80.000000,71.000000,32.000000
223.000000,80.000000,71.000000,32.000000
223.000000,80.000000,71.000000,32.000000
223.000000,80.000000,71.000000,32.000000
223.000000,80.000000,71.000000,32.000000
223.000000,80.000000,71.000000,32.000000
222.500000,80.000000,71.000000,32.000000
222.500000,80.000000,71.000000,32.000000
222.500000,80.000000,71.000000,32.000000
222.500000,80.000000,71.000000,32.000000
222.500000,80.000000,71.000000,32.000000
222.500000,80.000000,71.000000,32.000000
222.500000,80.000000,71.000000,32.000000
222.500000,80.000000,71.000000,32.000000
222.500000,80.000000,71.000000,32.000000
222.500000,80.000000,71.000000,32.000000
222.500000,80.000000,71.000000,32.000000
222.500000,80.000000,71.000000,32.000000
206.500000,47.000000,71.000000,32.000000
206.500000,47.000000,71.000000,32.000000
206.500000,47.000000,71.000000,32.000000
206.500000,47.000000,71.000000,32.000000
180.500000,60.000000,71.000000,32.000000
180.500000,60.000000,71.000000,32.000000
180.500000,60.000000,71.000000,32.000000
180.500000,60.000000,71.000000,32.000000
180.500000,60.000000,71.000000,32.000000
180.500000,60.000000,71.000000,32.000000
180.500000,60.000000,71.000000,32.000000
180.500000,60.000000,71.000000,32.000000
180.500000,60.000000,71.000000,32.000000
180.500000,60.000000,71.000000,32.000000
158.500000,58.000000,71.000000,32.000000
158.500000,58.000000,71.000000,32.000000
158.500000,58.000000,71.000000,32.000000
158.500000,58.000000,71.000000,32.000000
158.500000,58.000000,71.000000,32.000000
108.500000,63.000000,71.000000,32.000000
108.500000,63.000000,71.000000,32.000000
108.500000,63.000000,71.000000,32.000000
108.500000,63.000000,71.000000,32.000000
108.500000,63.000000,71.000000,32.000000
108.500000,63.000000,71.000000,32.000000
108.500000,63.000000,71.000000,32.000000
108.500000,63.000000,71.000000,32.000000
108.500000,63.000000,71.000000,32.000000
108.500000,63.000000,71.000000,32.000000
108.500000,63.000000,71.000000,32.000000
108.500000,63.000000,71.000000,32.000000
108.500000,63.000000,71.000000,32.000000
108.500000,63.000000,71.000000,32.000000
108.500000,63.000000,71.000000,32.000000
108.500000,63.000000,71.000000,32.000000
108.500000,63.000000,71.000000,32.000000
108.500000,63.000000,71.000000,32.000000
108.500000,63.000000,71.000000,32.000000
108.500000,63.000000,71.000000,32.000000
108.500000,63.000000,71.000000,32.000000
108.500000,63.000000,71.000000,32.000000
108.500000,63.000000,71.000000,32.000000
108.500000,63.000000,71.000000,32.000000
2
0
0
0
0
1
71.000000,94.000000,26.000000,40.000000
71.000000,94.000000,26.000000,40.000000
71.000000,94.000000,26.000000,40.000000
71.000000,94.000000,26.000000,40.000000
71.000000,94.000000,26.000000,40.000000
71.000000,94.000000,26.000000,40.000000
71.000000,94.000000,26.000000,40.000000
71.000000,94.000000,26.000000,40.000000
71.000000,94.000000,26.000000,40.000000
71.000000,94.000000,26.000000,40.000000
71.000000,94.000000,26.000000,40.000000
71.000000,94.000000,26.000000,40.000000
71.000000,94.000000,26.000000,40.000000
71.000000,94.000000,26.000000,40.000000
71.000000,94.000000,26.000000,40.000000
71.000000,94.000000,26.000000,40.000000
71.000000,94.000000,26.000000,40.000000
71.000000,94.000000,26.000000,40.000000
71.000000,94.000000,26.000000,40.000000
2
0
0
0
0
1
43.000000,118.000000,22.000000,42.000000
43.000000,118.000000,22.000000,42.000000
43.000000,118.000000,22.000000,42.000000
43.000000,118.000000,22.000000,42.000000
43.000000,118.000000,22.000000,42.000000
43.000000,118.000000,22.000000,42.000000
43.000000,118.000000,22.000000,42.000000
43.000000,118.000000,22.000000,42.000000
43.000000,118.000000,22.000000,42.000000
43.000000,118.000000,22.000000,42.000000
43.000000,118.000000,22.000000,42.000000
43.000000,118.000000,22.000000,42.000000
43.000000,118.000000,22.000000,42.000000
43.000000,118.000000,22.000000,42.000000
43.000000,118.000000,22.000000,42.000000
43.000000,118.000000,22.000000,42.000000
43.000000,118.000000,22.000000,42.000000
43.000000,118.000000,22.000000,42.000000
43.000000,118.000000,22.000000,42.000000
43.000000,118.000000,22.000000,42.000000
43.000000,118.000000,22.000000,42.000000
43.000000,118.000000,22.000000,42.000000
43.000000,118.000000,22.000000,42.000000
43.000000,118.000000,22.000000,42.000000
43.000000,118.000000,22.000000,42.000000
43.000000,118.000000,22.000000,42.000000
43.000000,118.000000,22.000000,42.000000
43.000000,118.000000,22.000000,42.000000
43.000000,118.000000,22.000000,42.000000
43.000000,118.000000,22.000000,42.000000
43.000000,118.000000,22.000000,42.000000
43.000000,118.000000,22.000000,42.000000
2
0
0
0
0
1
77.000000,94.000000,80.000000,38.000000
77.000000,94.000000,80.000000,38.000000
77.000000,94.000000,80.000000,38.000000
77.000000,94.000000,80.000000,38.000000
77.000000,94.000000,80.000000,38.000000
77.000000,94.000000,80.000000,38.000000
77.000000,94.000000,80.000000,38.000000
77.000000,94.000000,80.000000,38.000000
77.000000,94.000000,80.000000,38.000000
77.000000,94.000000,80.000000,38.000000
77.000000,94.000000,80.000000,38.000000
77.000000,94.000000,80.000000,38.000000
77.000000,94.000000,80.000000,38.000000
77.000000,94.000000,80.000000,38.000000
77.000000,94.000000,80.000000,38.000000
77.000000,94.000000,80.000000,38.000000
77.000000,94.000000,80.000000,38.000000
77.000000,94.000000,80.000000,38.000000
2
0
0
0
0
1
188.000000,86.000000,33.000000,38.000000
188.000000,86.000000,33.000000,38.000000
188.000000,86.000000,33.000000,38.000000
188.000000,86.000000,33.000000,38.000000
188.000000,86.000000,33.000000,38.000000
188.000000,86.000000,33.000000,38.000000
188.000000,86.000000,33.000000,38.000000
188.000000,86.000000,33.000000,38.000000
188.000000,86.000000,33.000000,38.000000
188.000000,86.000000,33.000000,38.000000
188.000000,86.000000,33.000000,38.000000
188.000000,86.000000,33.000000,38.000000
188.000000,86.000000,33.000000,38.000000
188.000000,86.000000,33.000000,38.000000
188.000000,86.000000,33.000000,38.000000
188.000000,86.000000,33.000000,38.000000
188.000000,86.000000,33.000000,38.000000
188.000000,86.000000,33.000000,38.000000
188.000000,86.000000,33.000000,38.000000
188.000000,86.000000,33.000000,38.000000
188.000000,86.000000,33.000000,38.000000
188.000000,86.000000,33.000000,38.000000
188.000000,86.000000,33.000000,38.000000
188.000000,86.000000,33.000000,38.000000
188.000000,86.000000,33.000000,38.000000
188.000000,86.000000,33.000000,38.000000
188.000000,86.000000,33.000000,38.000000
188.000000,86.000000,33.000000,38.000000
188.000000,86.000000,33.000000,38.000000
188.000000,86.000000,33.000000,38.000000
188.000000,86.000000,33.000000,38.000000
188.000000,86.000000,33.000000,38.000000
188.000000,86.000000,33.000000,38.000000
188.000000,86.000000,33.000000,38.000000
2
0
0
0
0
1
99.000000,88.000000,72.000000,34.000000
99.000000,88.000000,72.000000,34.000000
99.000000,88.000000,72.000000,34.000000
99.000000,88.000000,72.000000,34.000000
99.000000,88.000000,72.000000,34.000000
99.000000,88.000000,72.000000,34.000000
99.000000,88.000000,72.000000,34.000000
99.000000,88.000000,72.000000,34.000000
99.000000,88.000000,72.000000,34.000000
99.000000,88.000000,72.000000,34.000000
99.000000,88.000000,72.000000,34.000000
99.000000,88.000000,72.000000,34.000000
99.000000,88.000000,72.000000,34.000000
99.000000,88.000000,72.000000,34.000000
99.000000,88.000000,72.000000,34.000000
99.000000,88.000000,72.000000,34.000000
99.000000,88.000000,72.000000,34.000000
99.000000,88.000000,72.000000,34.000000
99.000000,88.000000,72.000000,34.000000
99.000000,88.000000,72.000000,34.000000
99.000000,88.000000,72.000000,34.000000
99.000000,88.000000,72.000000,34.000000
99.000000,88.000000,72.000000,34.000000
99.000000,88.000000,72.000000,34.000000
99.000000,88.000000,72.000000,34.000000
99.000000,88.000000,72.000000,34.000000
99.000000,88.000000,72.000000,34.000000
99.000000,88.000000,72.000000,34.000000
99.000000,88.000000,72.000000,34.000000
99.000000,88.000000,72.000000,34.000000
99.000000,88.000000,72.000000,34.000000
99.000000,88.000000,72.000000,34.000000
99.000000,88.000000,72.000000,34.000000
99.000000,88.000000,72.000000,34.000000
99.000000,88.000000,72.000000,34.000000
99.000000,88.000000,72.000000,34.000000
99.000000,88.000000,72.000000,34.000000
99.000000,88.000000,72.000000,34.000000
99.000000,88.000000,72.000000,34.000000
99.000000,88.000000,72.000000,34.000000
99.000000,88.000000,72.000000,34.000000
99.000000,88.000000,72.000000,34.000000
99.000000,88.000000,72.000000,34.000000
99.000000,88.000000,72.000000,34.000000
99.000000,88.000000,72.000000,34.000000
99.000000,88.000000,72.000000,34.000000
99.000000,88.000000,72.000000,34.000000
99.000000,88.000000,72.000000,34.000000
99.000000,88.000000,72.000000,34.000000
99.000000,88.000000,72.000000,34.000000
99.000000,88.000000,72.000000,34.000000
2
0
0
0
0
1
121.000000,47.000000,75.000000,34.000000
121.000000,47.000000,75.000000,34.000000
121.000000,47.000000,75.000000,34.000000
121.000000,47.000000,75.000000,34.000000
121.000000,47.000000,75.000000,34.000000
121.000000,47.000000,75.000000,34.000000
121.000000,47.000000,75.000000,34.000000
121.000000,47.000000,75.000000,34.000000
121.000000,47.000000,75.000000,34.000000
121.000000,47.000000,75.000000,34.000000
121.000000,47.000000,75.000000,34.000000
121.000000,47.000000,75.000000,34.000000
121.000000,47.000000,75.000000,34.000000
2
0
0
0
0
1
227.000000,39.000000,33.000000,34.000000
227.000000,39.000000,33.000000,34.000000
227.000000,39.000000,33.000000,34.000000
