1
125.800003,20.180000,46.399994,35.639999
125.800003,20.180000,46.399994,35.639999
125.800003,20.180000,46.399994,35.639999
125.800003,20.180000,46.399994,35.639999
125.800003,20.180000,46.399994,35.639999
125.800003,20.180000,46.399994,35.639999
125.800003,20.180000,46.399994,35.639999
125.800003,20.180000,46.399994,35.639999
125.800003,20.180000,46.399994,35.639999
125.800003,20.180000,46.399994,35.639999
125.800003,20.180000,46.399994,35.639999
125.800003,20.180000,46.399994,35.639999
125.800003,20.180000,46.399994,35.639999
125.800003,20.180000,46.399994,35.639999
125.800003,20.180000,46.399994,35.639999
125.800003,20.180000,46.399994,35.639999
125.800003,20.180000,46.399994,35.639999
125.800003,20.180000,46.399994,35.639999
125.800003,20.180000,46.399994,35.639999
125.800003,20.180000,46.399994,35.639999
125.800003,20.180000,46.399994,35.639999
125.800003,20.180000,46.399994,35.639999
125.800003,20.180000,46.399994,35.639999
125.800003,20.180000,46.399994,35.639999
125.800003,20.180000,46.399994,35.639999
125.800003,20.180000,46.399994,35.639999
125.800003,20.180000,46.399994,35.639999
125.800003,20.180000,46.399994,35.639999
125.800003,20.180000,46.399994,35.639999
125.800003,20.180000,46.399994,35.639999
125.800003,20.180000,46.399994,35.639999
125.800003,20.180000,46.399994,35.639999
125.800003,20.180000,46.399994,35.639999
125.800003,20.180000,46.399994,35.639999
125.800003,20.180000,46.399994,35.639999
125.800003,20.180000,46.399994,35.639999
125.800003,20.180000,46.399994,35.639999
2
0
0
0
0
1
121.000000,65.000000,13.000000,28.000000
121.000000,65.000000,13.000000,28.000000
121.000000,65.000000,13.000000,28.000000
121.000000,65.000000,13.000000,28.000000
121.000000,65.000000,13.000000,28.000000
121.000000,65.000000,13.000000,28.000000
121.000000,65.000000,13.000000,28.000000
2
0
0
0
0
1
99.000000,71.000000,16.000000,28.000000
99.000000,71.000000,16.000000,28.000000
99.000000,71.000000,16.000000,28.000000
99.000000,71.000000,16.000000,28.000000
99.000000,71.000000,16.000000,28.000000
99.000000,71.000000,16.000000,28.000000
99.000000,71.000000,16.000000,28.000000
99.000000,71.000000,16.000000,28.000000
99.000000,71.000000,16.000000,28.000000
99.000000,71.000000,16.000000,28.000000
99.000000,71.000000,16.000000,28.000000
99.000000,71.000000,16.000000,28.000000
99.000000,71.000000,16.000000,28.000000
99.000000,71.000000,16.000000,28.000000
99.000000,71.000000,16.000000,28.000000
99.000000,71.000000,16.000000,28.000000
94.000000,69.000000,16.000000,28.000000
94.000000,69.000000,16.000000,28.000000
94.000000,69.000000,16.000000,28.000000
94.000000,69.000000,16.000000,28.000000
94.000000,69.000000,16.000000,28.000000
104.000000,69.000000,16.000000,28.000000
104.000000,69.000000,16.000000,28.000000
104.000000,69.000000,16.000000,28.000000
104.000000,69.000000,16.000000,28.000000
104.000000,69.000000,16.000000,28.000000
104.000000,69.000000,16.000000,28.000000
119.000000,71.000000,16.000000,28.000000
119.000000,71.000000,16.000000,28.000000
119.000000,71.000000,16.000000,28.000000
119.000000,71.000000,16.000000,28.000000
119.000000,71.000000,16.000000,28.000000
119.000000,71.000000,16.000000,28.000000
119.000000,71.000000,16.000000,28.000000
119.000000,71.000000,16.000000,28.000000
119.000000,71.000000,16.000000,28.000000
119.000000,71.000000,16.000000,28.000000
119.000000,71.000000,16.000000,28.000000
119.000000,71.000000,16.000000,28.000000
119.000000,71.000000,16.000000,28.000000
126.000000,70.000000,16.000000,28.000000
126.000000,70.000000,16.000000,28.000000
126.000000,70.000000,16.000000,28.000000
126.000000,70.000000,16.000000,28.000000
126.000000,70.000000,16.000000,28.000000
126.000000,70.000000,16.000000,28.000000
126.000000,70.000000,16.000000,28.000000
126.000000,70.000000,16.000000,28.000000
126.000000,70.000000,16.000000,28.000000
126.000000,70.000000,16.000000,28.000000
126.000000,70.000000,16.000000,28.000000
126.000000,70.000000,16.000000,28.000000
126.000000,70.000000,16.000000,28.000000
153.000000,61.000000,16.000000,28.000000
160.000000,56.000000,16.000000,28.000000
160.000000,56.000000,16.000000,28.000000
160.000000,56.000000,16.000000,28.000000
160.000000,56.000000,16.000000,28.000000
160.000000,56.000000,16.000000,28.000000
160.000000,56.000000,16.000000,28.000000
160.000000,56.000000,16.000000,28.000000
160.000000,56.000000,16.000000,28.000000
160.000000,56.000000,16.000000,28.000000
160.000000,56.000000,16.000000,28.000000
160.000000,56.000000,16.000000,28.000000
160.000000,56.000000,16.000000,28.000000
160.000000,56.000000,16.000000,28.000000
160.000000,56.000000,16.000000,28.000000
160.000000,56.000000,16.000000,28.000000
169.000000,54.000000,16.000000,28.000000
169.000000,54.000000,16.000000,28.000000
2
0
0
0
0
1
188.000000,84.000000,71.000000,36.000000
188.000000,84.000000,71.000000,36.000000
188.000000,84.000000,71.000000,36.000000
188.000000,84.000000,71.000000,36.000000
188.000000,84.000000,71.000000,36.000000
188.000000,84.000000,71.000000,36.000000
188.000000,84.000000,71.000000,36.000000
188.000000,84.000000,71.000000,36.000000
215.500000,80.000000,71.000000,36.000000
215.500000,80.000000,71.000000,36.000000
215.500000,80.000000,71.000000,36.000000
215.500000,80.000000,71.000000,36.000000
215.500000,80.000000,71.000000,36.000000
215.500000,80.000000,71.000000,36.000000
215.500000,80.000000,71.000000,36.000000
215.500000,80.000000,71.000000,36.000000
215.500000,80.000000,71.000000,36.000000
215.500000,80.000000,71.000000,36.000000
215.500000,80.000000,71.000000,36.000000
215.500000,80.000000,71.000000,36.000000
215.500000,80.000000,71.000000,36.000000
215.500000,80.000000,71.000000,36.000000
215.500000,80.000000,71.000000,36.000000
215.500000,80.000000,71.000000,36.000000
215.500000,80.000000,71.000000,36.000000
215.500000,80.000000,71.000000,36.000000
215.500000,80.000000,71.000000,36.000000
215.500000,80.000000,71.000000,36.000000
2
0
0
0
0
1
272.000000,58.000000,34.000000,37.000000
272.000000,58.000000,34.000000,37.000000
272.000000,58.000000,34.000000,37.000000
272.000000,58.000000,34.000000,37.000000
272.000000,58.000000,34.000000,37.000000
272.000000,58.000000,34.000000,37.000000
272.000000,58.000000,34.000000,37.000000
272.000000,58.000000,34.000000,37.000000
272.000000,58.000000,34.000000,37.000000
272.000000,58.000000,34.000000,37.000000
272.000000,58.000000,34.000000,37.000000
272.000000,58.000000,34.000000,37.000000
263.000000,40.500000,34.000000,37.000000
263.000000,40.500000,34.000000,37.000000
263.000000,40.500000,34.000000,37.000000
263.000000,40.500000,34.000000,37.000000
263.000000,40.500000,34.000000,37.000000
263.000000,40.500000,34.000000,37.000000
2
0
0
0
0
1
165.910004,57.320000,71.479996,37.930000
165.910004,57.320000,71.479996,37.930000
165.910004,57.320000,71.479996,37.930000
165.910004,57.320000,71.479996,37.930000
165.910004,57.320000,71.479996,37.930000
165.910004,57.320000,71.479996,37.930000
165.910004,57.320000,71.479996,37.930000
165.910004,57.320000,71.479996,37.930000
165.910004,57.320000,71.479996,37.930000
165.910004,57.320000,71.479996,37.930000
165.910004,57.320000,71.479996,37.930000
165.910004,57.320000,71.479996,37.930000
165.910004,57.320000,71.479996,37.930000
165.910004,57.320000,71.479996,37.930000
165.910004,57.320000,71.479996,37.930000
165.910004,57.320000,71.479996,37.930000
165.910004,57.320000,71.479996,37.930000
2
0
0
0
0
1
83.980003,78.169998,60.400002,40.550003
83.980003,78.169998,60.400002,40.550003
83.980003,78.169998,60.400002,40.550003
83.980003,78.169998,60.400002,40.550003
83.980003,78.169998,60.400002,40.550003
83.980003,78.169998,60.400002,40.550003
83.980003,78.169998,60.400002,40.550003
83.980003,78.169998,60.400002,40.550003
83.980003,78.169998,60.400002,40.550003
83.980003,78.169998,60.400002,40.550003
83.980003,78.169998,60.400002,40.550003
83.980003,78.169998,60.400002,40.550003
83.980003,78.169998,60.400002,40.550003
83.980003,78.169998,60.400002,40.550003
83.980003,78.169998,60.400002,40.550003
83.980003,78.169998,60.400002,40.550003
83.980003,78.169998,60.400002,40.550003
83.980003,78.169998,60.400002,40.550003
83.980003,78.169998,60.400002,40.550003
83.980003,78.169998,60.400002,40.550003
83.980003,78.169998,60.400002,40.550003
83.980003,78.169998,60.400002,40.550003
83.980003,78.169998,60.400002,40.550003
83.980003,78.169998,60.400002,40.550003
83.980003,78.169998,60.400002,40.550003
2
0
0
0
0
1
50.000000,114.000000,26.000000,45.000000
50.000000,114.000000,26.000000,45.000000
50.000000,114.000000,26.000000,45.000000
50.000000,114.000000,26.000000,45.000000
50.000000,114.000000,26.000000,45.000000
50.000000,114.000000,26.000000,45.000000
50.000000,114.000000,26.000000,45.000000
50.000000,114.000000,26.000000,45.000000
50.000000,114.000000,26.000000,45.000000
41.000000,106.500000,26.000000,45.000000
41.000000,106.500000,26.000000,45.000000
41.000000,106.500000,26.000000,45.000000
41.000000,106.500000,26.000000,45.000000
41.000000,106.500000,26.000000,45.000000
41.000000,106.500000,26.000000,45.000000
41.000000,106.500000,26.000000,45.000000
41.000000,106.500000,26.000000,45.000000
41.000000,106.500000,26.000000,45.000000
41.000000,106.500000,26.000000,45.000000
41.000000,106.500000,26.000000,45.000000
41.000000,106.500000,26.000000,45.000000
41.000000,106.500000,26.000000,45.000000
41.000000,106.500000,26.000000,45.000000
41.000000,106.500000,26.000000,45.000000
41.000000,106.500000,26.000000,45.000000
41.000000,106.500000,26.000000,45.000000
41.000000,106.500000,26.000000,45.000000
41.000000,106.500000,26.000000,45.000000
41.000000,106.500000,26.000000,45.000000
41.000000,106.500000,26.000000,45.000000
41.000000,106.500000,26.000000,45.000000
41.000000,106.500000,26.000000,45.000000
41.000000,106.500000,26.000000,45.000000
63.000000,96.500000,26.000000,45.000000
63.000000,96.500000,26.000000,45.000000
50.000000,91.500000,26.000000,45.000000
50.000000,91.500000,26.000000,45.000000
50.000000,91.500000,26.000000,45.000000
50.000000,91.500000,26.000000,45.000000
50.000000,91.500000,26.000000,45.000000
50.000000,91.500000,26.000000,45.000000
50.000000,91.500000,26.000000,45.000000
50.000000,91.500000,26.000000,45.000000
50.000000,91.500000,26.000000,45.000000
50.000000,91.500000,26.000000,45.000000
50.000000,91.500000,26.000000,45.000000
2
0
0
0
0
1
89.000000,91.000000,88.000000,38.000000
89.000000,91.000000,88.000000,38.000000
89.000000,91.000000,88.000000,38.000000
89.000000,91.000000,88.000000,38.000000
89.000000,91.000000,88.000000,38.000000
89.000000,91.000000,88.000000,38.000000
89.000000,91.000000,88.000000,38.000000
141.000000,93.000000,88.000000,38.000000
141.000000,93.000000,88.000000,38.000000
141.000000,93.000000,88.000000,38.000000
141.000000,93.000000,88.000000,38.000000
141.000000,93.000000,88.000000,38.000000
141.000000,93.000000,88.000000,38.000000
141.000000,93.000000,88.000000,38.000000
141.000000,93.000000,88.000000,38.000000
141.000000,93.000000,88.000000,38.000000
141.000000,93.000000,88.000000,38.000000
141.000000,93.000000,88.000000,38.000000
141.000000,93.000000,88.000000,38.000000
141.000000,93.000000,88.000000,38.000000
141.000000,93.000000,88.000000,38.000000
141.000000,93.000000,88.000000,38.000000
141.000000,93.000000,88.000000,38.000000
141.000000,93.000000,88.000000,38.000000
141.000000,93.000000,88.000000,38.000000
141.000000,93.000000,88.000000,38.000000
141.000000,93.000000,88.000000,38.000000
141.000000,93.000000,88.000000,38.000000
141.000000,93.000000,88.000000,38.000000
141.000000,93.000000,88.000000,38.000000
141.000000,93.000000,88.000000,38.000000
141.000000,93.000000,88.000000,38.000000
141.000000,93.000000,88.000000,38.000000
141.000000,93.000000,88.000000,38.000000
141.000000,93.000000,88.000000,38.000000
141.000000,93.000000,88.000000,38.000000
141.000000,93.000000,88.000000,38.000000
141.000000,93.000000,88.000000,38.000000
141.000000,93.000000,88.000000,38.000000
141.000000,93.000000,88.000000,38.000000
141.000000,93.000000,88.000000,38.000000
141.000000,93.000000,88.000000,38.000000
141.000000,93.000000,88.000000,38.000000
141.000000,93.000000,88.000000,38.000000
141.000000,93.000000,88.000000,38.000000
141.000000,93.000000,88.000000,38.000000
141.000000,93.000000,88.000000,38.000000
141.000000,93.000000,88.000000,38.000000
141.000000,93.000000,88.000000,38.000000
141.000000,93.000000,88.000000,38.000000
141.000000,93.000000,88.000000,38.000000
141.000000,93.000000,88.000000,38.000000
141.000000,93.000000,88.000000,38.000000
141.000000,93.000000,88.000000,38.000000
138.000000,84.000000,88.000000,38.000000
138.000000,84.000000,88.000000,38.000000
138.000000,84.000000,88.000000,38.000000
138.000000,84.000000,88.000000,38.000000
138.000000,84.000000,88.000000,38.000000
98.000000,59.000000,88.000000,38.000000
98.000000,59.000000,88.000000,38.000000
98.000000,59.000000,88.000000,38.000000
98.000000,59.000000,88.000000,38.000000
98.000000,59.000000,88.000000,38.000000
98.000000,59.000000,88.000000,38.000000
98.000000,59.000000,88.000000,38.000000
98.000000,59.000000,88.000000,38.000000
98.000000,59.000000,88.000000,38.000000
76.000000,90.000000,88.000000,38.000000
76.000000,90.000000,88.000000,38.000000
76.000000,90.000000,88.000000,38.000000
76.000000,90.000000,88.000000,38.000000
76.000000,90.000000,88.000000,38.000000
76.000000,90.000000,88.000000,38.000000
76.000000,90.000000,88.000000,38.000000
76.000000,90.000000,88.000000,38.000000
76.000000,90.000000,88.000000,38.000000
76.000000,90.000000,88.000000,38.000000
76.000000,90.000000,88.000000,38.000000
76.000000,90.000000,88.000000,38.000000
76.000000,90.000000,88.000000,38.000000
76.000000,90.000000,88.000000,38.000000
76.000000,90.000000,88.000000,38.000000
76.000000,90.000000,88.000000,38.000000
76.000000,90.000000,88.000000,38.000000
76.000000,90.000000,88.000000,38.000000
76.000000,90.000000,88.000000,38.000000
76.000000,90.000000,88.000000,38.000000
76.000000,90.000000,88.000000,38.000000
76.000000,90.000000,88.000000,38.000000
76.000000,90.000000,88.000000,38.000000
76.000000,90.000000,88.000000,38.000000
76.000000,90.000000,88.000000,38.000000
76.000000,90.000000,88.000000,38.000000
76.000000,90.000000,88.000000,38.000000
76.000000,90.000000,88.000000,38.000000
76.000000,90.000000,88.000000,38.000000
76.000000,90.000000,88.000000,38.000000
76.000000,90.000000,88.000000,38.000000
76.000000,90.000000,88.000000,38.000000
76.000000,90.000000,88.000000,38.000000
76.000000,90.000000,88.000000,38.000000
76.000000,90.000000,88.000000,38.000000
52.000000,54.000000,88.000000,38.000000
52.000000,54.000000,88.000000,38.000000
52.000000,54.000000,88.000000,38.000000
52.000000,54.000000,88.000000,38.000000
52.000000,54.000000,88.000000,38.000000
52.000000,54.000000,88.000000,38.000000
52.000000,54.000000,88.000000,38.000000
109.000000,55.000000,88.000000,38.000000
109.000000,55.000000,88.000000,38.000000
109.000000,55.000000,88.000000,38.000000
109.000000,55.000000,88.000000,38.000000
109.000000,55.000000,88.000000,38.000000
109.000000,55.000000,88.000000,38.000000
109.000000,55.000000,88.000000,38.000000
109.000000,55.000000,88.000000,38.000000
109.000000,55.000000,88.000000,38.000000
109.000000,55.000000,88.000000,38.000000
109.000000,55.000000,88.000000,38.000000
109.000000,55.000000,88.000000,38.000000
109.000000,55.000000,88.000000,38.000000
109.000000,55.000000,88.000000,38.000000
167.000000,45.000000,88.000000,38.000000
167.000000,45.000000,88.000000,38.000000
167.000000,45.000000,88.000000,38.000000
167.000000,45.000000,88.000000,38.000000
167.000000,45.000000,88.000000,38.000000
167.000000,45.000000,88.000000,38.000000
167.000000,45.000000,88.000000,38.000000
167.000000,45.000000,88.000000,38.000000
167.000000,45.000000,88.000000,38.000000
167.000000,45.000000,88.000000,38.000000
167.000000,45.000000,88.000000,38.000000
167.000000,45.000000,88.000000,38.000000
167.000000,45.000000,88.000000,38.000000
167.000000,45.000000,88.000000,38.000000
