1
125.800003,20.180000,46.399994,35.639999
125.800003,20.180000,46.399994,35.639999
125.800003,20.180000,46.399994,35.639999
125.800003,20.180000,46.399994,35.639999
125.800003,20.180000,46.399994,35.639999
125.800003,20.180000,46.399994,35.639999
125.800003,20.180000,46.399994,35.639999
125.800003,20.180000,46.399994,35.639999
125.800003,19.180000,46.399994,35.639999
125.800003,19.180000,46.399994,35.639999
125.800003,19.180000,46.399994,35.639999
125.800003,19.180000,46.399994,35.639999
125.800003,19.180000,46.399994,35.639999
125.800003,19.180000,46.399994,35.639999
125.800003,19.180000,46.399994,35.639999
125.800003,19.180000,46.399994,35.639999
125.800003,19.180000,46.399994,35.639999
125.800003,19.180000,46.399994,35.639999
125.800003,19.180000,46.399994,35.639999
125.800003,19.180000,46.399994,35.639999
125.800003,19.180000,46.399994,35.639999
125.800003,19.180000,46.399994,35.639999
125.800003,19.180000,46.399994,35.639999
125.800003,19.180000,46.399994,35.639999
125.800003,19.180000,46.399994,35.639999
125.800003,19.180000,46.399994,35.639999
125.800003,19.180000,46.399994,35.639999
125.800003,19.180000,46.399994,35.639999
125.800003,19.180000,46.399994,35.639999
125.800003,19.180000,46.399994,35.639999
125.800003,19.180000,46.399994,35.639999
125.800003,19.180000,46.399994,35.639999
125.800003,19.180000,46.399994,35.639999
125.800003,19.180000,46.399994,35.639999
125.800003,19.180000,46.399994,35.639999
125.800003,19.180000,46.399994,35.639999
125.800003,19.180000,46.399994,35.639999
2
0
0
0
0
1
121.000000,65.000000,13.000000,28.000000
121.000000,65.000000,13.000000,28.000000
121.000000,65.000000,13.000000,28.000000
121.000000,65.000000,13.000000,28.000000
121.000000,65.000000,13.000000,28.000000
111.500000,70.000000,13.000000,28.000000
111.500000,70.000000,13.000000,28.000000
111.500000,70.000000,13.000000,28.000000
111.500000,70.000000,13.000000,28.000000
111.500000,70.000000,13.000000,28.000000
111.500000,70.000000,13.000000,28.000000
111.500000,70.000000,13.000000,28.000000
111.500000,70.000000,13.000000,28.000000
111.500000,70.000000,13.000000,28.000000
104.500000,71.000000,13.000000,28.000000
104.500000,71.000000,13.000000,28.000000
104.500000,71.000000,13.000000,28.000000
104.500000,71.000000,13.000000,28.000000
104.500000,71.000000,13.000000,28.000000
104.500000,71.000000,13.000000,28.000000
104.500000,71.000000,13.000000,28.000000
104.500000,71.000000,13.000000,28.000000
104.500000,71.000000,13.000000,28.000000
104.500000,71.000000,13.000000,28.000000
104.500000,71.000000,13.000000,28.000000
104.500000,71.000000,13.000000,28.000000
104.500000,71.000000,13.000000,28.000000
104.500000,71.000000,13.000000,28.000000
104.500000,71.000000,13.000000,28.000000
104.500000,71.000000,13.000000,28.000000
104.500000,71.000000,13.000000,28.000000
104.500000,71.000000,13.000000,28.000000
104.500000,71.000000,13.000000,28.000000
104.500000,71.000000,13.000000,28.000000
104.500000,71.000000,13.000000,28.000000
104.500000,71.000000,13.000000,28.000000
104.500000,71.000000,13.000000,28.000000
104.500000,71.000000,13.000000,28.000000
104.500000,71.000000,13.000000,28.000000
104.500000,71.000000,13.000000,28.000000
104.500000,71.000000,13.000000,28.000000
104.500000,71.000000,13.000000,28.000000
104.500000,71.000000,13.000000,28.000000
104.500000,71.000000,13.000000,28.000000
104.500000,71.000000,13.000000,28.000000
104.500000,71.000000,13.000000,28.000000
104.500000,71.000000,13.000000,28.000000
104.500000,71.000000,13.000000,28.000000
104.500000,71.000000,13.000000,28.000000
104.500000,71.000000,13.000000,28.000000
104.500000,71.000000,13.000000,28.000000
104.500000,71.000000,13.000000,28.000000
104.500000,71.000000,13.000000,28.000000
104.500000,71.000000,13.000000,28.000000
104.500000,71.000000,13.000000,28.000000
104.500000,71.000000,13.000000,28.000000
104.500000,71.000000,13.000000,28.000000
104.500000,71.000000,13.000000,28.000000
104.500000,71.000000,13.000000,28.000000
104.500000,71.000000,13.000000,28.000000
104.500000,71.000000,13.000000,28.000000
104.500000,71.000000,13.000000,28.000000
2
0
0
0
0
1
131.000000,76.000000,62.000000,35.000000
131.000000,76.000000,62.000000,35.000000
131.000000,76.000000,62.000000,35.000000
131.000000,76.000000,62.000000,35.000000
131.000000,76.000000,62.000000,35.000000
131.000000,76.000000,62.000000,35.000000
131.000000,76.000000,62.000000,35.000000
131.000000,76.000000,62.000000,35.000000
163.000000,82.500000,62.000000,35.000000
163.000000,82.500000,62.000000,35.000000
163.000000,82.500000,62.000000,35.000000
163.000000,82.500000,62.000000,35.000000
163.000000,82.500000,62.000000,35.000000
163.000000,82.500000,62.000000,35.000000
163.000000,82.500000,62.000000,35.000000
163.000000,82.500000,62.000000,35.000000
163.000000,82.500000,62.000000,35.000000
163.000000,82.500000,62.000000,35.000000
163.000000,82.500000,62.000000,35.000000
163.000000,82.500000,62.000000,35.000000
163.000000,82.500000,62.000000,35.000000
163.000000,82.500000,62.000000,35.000000
163.000000,82.500000,62.000000,35.000000
163.000000,82.500000,62.000000,35.000000
163.000000,82.500000,62.000000,35.000000
163.000000,82.500000,62.000000,35.000000
191.000000,88.500000,62.000000,35.000000
191.000000,88.500000,62.000000,35.000000
191.000000,88.500000,62.000000,35.000000
191.000000,88.500000,62.000000,35.000000
240.000000,77.500000,62.000000,35.000000
240.000000,77.500000,62.000000,35.000000
240.000000,77.500000,62.000000,35.000000
240.000000,77.500000,62.000000,35.000000
240.000000,77.500000,62.000000,35.000000
240.000000,77.500000,62.000000,35.000000
240.000000,77.500000,62.000000,35.000000
240.000000,77.500000,62.000000,35.000000
240.000000,77.500000,62.000000,35.000000
240.000000,77.500000,62.000000,35.000000
240.000000,77.500000,62.000000,35.000000
240.000000,77.500000,62.000000,35.000000
240.000000,77.500000,62.000000,35.000000
240.000000,77.500000,62.000000,35.000000
240.000000,77.500000,62.000000,35.000000
240.000000,77.500000,62.000000,35.000000
240.000000,77.500000,62.000000,35.000000
240.000000,77.500000,62.000000,35.000000
240.000000,77.500000,62.000000,35.000000
240.000000,77.500000,62.000000,35.000000
240.000000,77.500000,62.000000,35.000000
240.000000,77.500000,62.000000,35.000000
240.000000,77.500000,62.000000,35.000000
240.000000,77.500000,62.000000,35.000000
240.000000,77.500000,62.000000,35.000000
240.000000,77.500000,62.000000,35.000000
240.000000,77.500000,62.000000,35.000000
240.000000,77.500000,62.000000,35.000000
240.000000,77.500000,62.000000,35.000000
240.000000,77.500000,62.000000,35.000000
240.000000,77.500000,62.000000,35.000000
240.000000,77.500000,62.000000,35.000000
240.000000,77.500000,62.000000,35.000000
240.000000,77.500000,62.000000,35.000000
240.000000,77.500000,62.000000,35.000000
240.000000,77.500000,62.000000,35.000000
240.000000,77.500000,62.000000,35.000000
240.000000,77.500000,62.000000,35.000000
201.000000,55.500000,62.000000,35.000000
201.000000,55.500000,62.000000,35.000000
201.000000,55.500000,62.000000,35.000000
201.000000,55.500000,62.000000,35.000000
201.000000,55.500000,62.000000,35.000000
181.000000,70.500000,62.000000,35.000000
181.000000,70.500000,62.000000,35.000000
181.000000,70.500000,62.000000,35.000000
181.000000,70.500000,62.000000,35.000000
181.000000,70.500000,62.000000,35.000000
181.000000,70.500000,62.000000,35.000000
181.000000,70.500000,62.000000,35.000000
181.000000,70.500000,62.000000,35.000000
181.000000,70.500000,62.000000,35.000000
152.000000,78.500000,62.000000,35.000000
152.000000,78.500000,62.000000,35.000000
152.000000,78.500000,62.000000,35.000000
152.000000,78.500000,62.000000,35.000000
152.000000,78.500000,62.000000,35.000000
152.000000,78.500000,62.000000,35.000000
152.000000,78.500000,62.000000,35.000000
152.000000,78.500000,62.000000,35.000000
152.000000,78.500000,62.000000,35.000000
152.000000,78.500000,62.000000,35.000000
152.000000,78.500000,62.000000,35.000000
152.000000,78.500000,62.000000,35.000000
152.000000,78.500000,62.000000,35.000000
152.000000,78.500000,62.000000,35.000000
152.000000,78.500000,62.000000,35.000000
152.000000,78.500000,62.000000,35.000000
152.000000,78.500000,62.000000,35.000000
152.000000,78.500000,62.000000,35.000000
2
0
0
0
0
1
81.870003,81.220001,50.969994,37.970001
81.870003,81.220001,50.969994,37.970001
81.870003,81.220001,50.969994,37.970001
81.870003,81.220001,50.969994,37.970001
81.870003,81.220001,50.969994,37.970001
81.870003,81.220001,50.969994,37.970001
81.870003,81.220001,50.969994,37.970001
81.870003,81.220001,50.969994,37.970001
81.870003,81.220001,50.969994,37.970001
81.870003,81.220001,50.969994,37.970001
81.870003,81.220001,50.969994,37.970001
81.870003,81.220001,50.969994,37.970001
81.870003,81.220001,50.969994,37.970001
81.870003,81.220001,50.969994,37.970001
81.870003,81.220001,50.969994,37.970001
81.870003,81.220001,50.969994,37.970001
81.870003,81.220001,50.969994,37.970001
81.870003,81.220001,50.969994,37.970001
81.870003,81.220001,50.969994,37.970001
81.870003,81.220001,50.969994,37.970001
81.870003,81.220001,50.969994,37.970001
81.870003,81.220001,50.969994,37.970001
81.870003,81.220001,50.969994,37.970001
81.870003,81.220001,50.969994,37.970001
2
0
0
0
0
1
48.000000,116.000000,26.000000,45.000000
48.000000,116.000000,26.000000,45.000000
48.000000,116.000000,26.000000,45.000000
48.000000,116.000000,26.000000,45.000000
48.000000,116.000000,26.000000,45.000000
48.000000,116.000000,26.000000,45.000000
48.000000,116.000000,26.000000,45.000000
48.000000,116.000000,26.000000,45.000000
48.000000,116.000000,26.000000,45.000000
48.000000,116.000000,26.000000,45.000000
48.000000,116.000000,26.000000,45.000000
48.000000,116.000000,26.000000,45.000000
48.000000,116.000000,26.000000,45.000000
48.000000,116.000000,26.000000,45.000000
48.000000,116.000000,26.000000,45.000000
48.000000,116.000000,26.000000,45.000000
48.000000,116.000000,26.000000,45.000000
48.000000,116.000000,26.000000,45.000000
48.000000,116.000000,26.000000,45.000000
48.000000,116.000000,26.000000,45.000000
48.000000,116.000000,26.000000,45.000000
48.000000,116.000000,26.000000,45.000000
48.000000,116.000000,26.000000,45.000000
48.000000,116.000000,26.000000,45.000000
48.000000,116.000000,26.000000,45.000000
48.000000,116.000000,26.000000,45.000000
48.000000,116.000000,26.000000,45.000000
48.000000,116.000000,26.000000,45.000000
48.000000,116.000000,26.000000,45.000000
48.000000,116.000000,26.000000,45.000000
48.000000,116.000000,26.000000,45.000000
48.000000,116.000000,26.000000,45.000000
48.000000,116.000000,26.000000,45.000000
48.000000,116.000000,26.000000,45.000000
48.000000,116.000000,26.000000,45.000000
48.000000,116.000000,26.000000,45.000000
48.000000,116.000000,26.000000,45.000000
48.000000,116.000000,26.000000,45.000000
48.000000,116.000000,26.000000,45.000000
48.000000,116.000000,26.000000,45.000000
48.000000,115.500000,26.000000,45.000000
48.000000,115.500000,26.000000,45.000000
48.000000,115.500000,26.000000,45.000000
2
0
0
0
0
1
86.000000,92.000000,89.000000,38.000000
86.000000,92.000000,89.000000,38.000000
86.000000,92.000000,89.000000,38.000000
86.000000,92.000000,89.000000,38.000000
86.000000,92.000000,89.000000,38.000000
86.000000,92.000000,89.000000,38.000000
86.000000,92.000000,89.000000,38.000000
86.000000,92.000000,89.000000,38.000000
85.500000,92.000000,89.000000,38.000000
85.500000,92.000000,89.000000,38.000000
85.500000,92.000000,89.000000,38.000000
85.500000,92.000000,89.000000,38.000000
85.500000,92.000000,89.000000,38.000000
85.500000,92.000000,89.000000,38.000000
85.500000,92.000000,89.000000,38.000000
85.500000,92.000000,89.000000,38.000000
85.500000,92.000000,89.000000,38.000000
2
0
0
0
0
1
198.000000,85.000000,27.000000,38.000000
198.000000,85.000000,27.000000,38.000000
198.000000,85.000000,27.000000,38.000000
198.000000,85.000000,27.000000,38.000000
198.000000,85.000000,27.000000,38.000000
198.000000,85.000000,27.000000,38.000000
198.000000,85.000000,27.000000,38.000000
198.000000,85.000000,27.000000,38.000000
198.000000,85.000000,27.000000,38.000000
198.000000,85.000000,27.000000,38.000000
198.000000,85.000000,27.000000,38.000000
198.000000,85.000000,27.000000,38.000000
198.000000,85.000000,27.000000,38.000000
198.000000,85.000000,27.000000,38.000000
198.000000,85.000000,27.000000,38.000000
198.000000,85.000000,27.000000,38.000000
198.000000,85.000000,27.000000,38.000000
198.000000,85.000000,27.000000,38.000000
198.000000,85.000000,27.000000,38.000000
198.000000,85.000000,27.000000,38.000000
198.000000,85.000000,27.000000,38.000000
198.000000,85.000000,27.000000,38.000000
198.000000,85.000000,27.000000,38.000000
198.000000,85.000000,27.000000,38.000000
198.000000,85.000000,27.000000,38.000000
198.000000,85.000000,27.000000,38.000000
198.000000,85.000000,27.000000,38.000000
2
0
0
0
0
1
107.000000,89.000000,77.000000,33.000000
107.000000,89.000000,77.000000,33.000000
107.000000,89.000000,77.000000,33.000000
107.000000,89.000000,77.000000,33.000000
107.000000,89.000000,77.000000,33.000000
107.000000,89.000000,77.000000,33.000000
107.000000,89.000000,77.000000,33.000000
107.000000,89.000000,77.000000,33.000000
107.000000,89.000000,77.000000,33.000000
107.000000,89.000000,77.000000,33.000000
107.000000,89.000000,77.000000,33.000000
107.000000,89.000000,77.000000,33.000000
107.000000,89.000000,77.000000,33.000000
80.500000,93.500000,77.000000,33.000000
80.500000,93.500000,77.000000,33.000000
80.500000,93.500000,77.000000,33.000000
80.500000,93.500000,77.000000,33.000000
80.500000,93.500000,77.000000,33.000000
80.500000,93.500000,77.000000,33.000000
80.500000,93.500000,77.000000,33.000000
80.500000,93.500000,77.000000,33.000000
80.500000,93.500000,77.000000,33.000000
80.500000,93.500000,77.000000,33.000000
80.500000,93.500000,77.000000,33.000000
80.500000,93.500000,77.000000,33.000000
80.500000,93.500000,77.000000,33.000000
80.500000,93.500000,77.000000,33.000000
80.500000,93.500000,77.000000,33.000000
80.500000,93.500000,77.000000,33.000000
80.500000,93.500000,77.000000,33.000000
80.500000,93.500000,77.000000,33.000000
80.500000,93.500000,77.000000,33.000000
80.500000,93.500000,77.000000,33.000000
80.500000,93.500000,77.000000,33.000000
80.500000,93.500000,77.000000,33.000000
80.500000,93.500000,77.000000,33.000000
80.500000,93.500000,77.000000,33.000000
80.500000,93.500000,77.000000,33.000000
80.500000,93.500000,77.000000,33.000000
2
0
0
0
0
1
76.000000,66.000000,48.000000,36.000000
76.000000,66.000000,48.000000,36.000000
76.000000,66.000000,48.000000,36.000000
76.000000,66.000000,48.000000,36.000000
76.000000,66.000000,48.000000,36.000000
76.000000,66.000000,48.000000,36.000000
76.000000,66.000000,48.000000,36.000000
76.000000,66.000000,48.000000,36.000000
76.000000,66.000000,48.000000,36.000000
76.000000,66.000000,48.000000,36.000000
76.000000,66.000000,48.000000,36.000000
95.000000,54.000000,48.000000,36.000000
95.000000,54.000000,48.000000,36.000000
95.000000,54.000000,48.000000,36.000000
115.000000,47.000000,48.000000,36.000000
115.000000,47.000000,48.000000,36.000000
115.000000,47.000000,48.000000,36.000000
115.000000,47.000000,48.000000,36.000000
155.000000,46.000000,48.000000,36.000000
155.000000,46.000000,48.000000,36.000000
155.000000,46.000000,48.000000,36.000000
155.000000,46.000000,48.000000,36.000000
155.000000,46.000000,48.000000,36.000000
155.000000,46.000000,48.000000,36.000000
155.000000,46.000000,48.000000,36.000000
155.000000,46.000000,48.000000,36.000000
155.000000,46.000000,48.000000,36.000000
155.000000,46.000000,48.000000,36.000000
155.000000,46.000000,48.000000,36.000000
155.000000,46.000000,48.000000,36.000000
2
0
0
0
0
1
232.000000,38.000000,31.000000,34.000000
232.000000,38.000000,31.000000,34.000000
