1
174.500000,17.000000,37.000000,162.000000
174.500000,17.000000,37.000000,162.000000
174.500000,17.000000,37.000000,162.000000
174.500000,17.000000,37.000000,162.000000
174.500000,17.000000,37.000000,162.000000
174.500000,17.000000,37.000000,162.000000
174.500000,17.000000,37.000000,162.000000
174.500000,17.000000,37.000000,162.000000
174.500000,17.000000,37.000000,162.000000
174.500000,17.000000,37.000000,162.000000
174.500000,17.000000,37.000000,162.000000
174.500000,17.000000,37.000000,162.000000
174.500000,17.000000,37.000000,162.000000
174.500000,17.000000,37.000000,162.000000
174.500000,17.000000,37.000000,162.000000
174.500000,17.000000,37.000000,162.000000
174.500000,17.000000,37.000000,162.000000
174.500000,17.000000,37.000000,162.000000
174.500000,17.000000,37.000000,162.000000
174.500000,17.000000,37.000000,162.000000
174.500000,17.000000,37.000000,162.000000
174.500000,17.000000,37.000000,162.000000
174.500000,17.000000,37.000000,162.000000
174.500000,17.000000,37.000000,162.000000
174.500000,17.000000,37.000000,162.000000
174.500000,17.000000,37.000000,162.000000
174.500000,17.000000,37.000000,162.000000
174.500000,17.000000,37.000000,162.000000
174.500000,17.000000,37.000000,162.000000
174.500000,17.000000,37.000000,162.000000
174.500000,17.000000,37.000000,162.000000
174.500000,17.000000,37.000000,162.000000
174.500000,17.000000,37.000000,162.000000
174.500000,17.000000,37.000000,162.000000
174.500000,17.000000,37.000000,162.000000
174.500000,17.000000,37.000000,162.000000
164.500000,45.000000,37.000000,162.000000
164.500000,45.000000,37.000000,162.000000
164.500000,45.000000,37.000000,162.000000
164.500000,45.000000,37.000000,162.000000
164.500000,45.000000,37.000000,162.000000
164.500000,45.000000,37.000000,162.000000
164.500000,45.000000,37.000000,162.000000
164.500000,45.000000,37.000000,162.000000
164.500000,45.000000,37.000000,162.000000
164.500000,45.000000,37.000000,162.000000
164.500000,45.000000,37.000000,162.000000
164.500000,45.000000,37.000000,162.000000
164.500000,45.000000,37.000000,162.000000
164.500000,45.000000,37.000000,162.000000
164.500000,45.000000,37.000000,162.000000
164.500000,45.000000,37.000000,162.000000
164.500000,45.000000,37.000000,162.000000
164.500000,45.000000,37.000000,162.000000
164.500000,45.000000,37.000000,162.000000
164.500000,45.000000,37.000000,162.000000
164.500000,45.000000,37.000000,162.000000
164.500000,45.000000,37.000000,162.000000
164.500000,45.000000,37.000000,162.000000
164.500000,45.000000,37.000000,162.000000
164.500000,45.000000,37.000000,162.000000
164.500000,45.000000,37.000000,162.000000
164.500000,45.000000,37.000000,162.000000
164.500000,45.000000,37.000000,162.000000
164.500000,45.000000,37.000000,162.000000
164.500000,45.000000,37.000000,162.000000
164.500000,45.000000,37.000000,162.000000
164.500000,45.000000,37.000000,162.000000
164.500000,45.000000,37.000000,162.000000
164.500000,45.000000,37.000000,162.000000
164.500000,45.000000,37.000000,162.000000
164.500000,45.000000,37.000000,162.000000
164.500000,45.000000,37.000000,162.000000
164.500000,45.000000,37.000000,162.000000
164.500000,45.000000,37.000000,162.000000
164.500000,45.000000,37.000000,162.000000
164.500000,45.000000,37.000000,162.000000
164.500000,45.000000,37.000000,162.000000
164.500000,45.000000,37.000000,162.000000
164.500000,45.000000,37.000000,162.000000
164.500000,45.000000,37.000000,162.000000
164.500000,45.000000,37.000000,162.000000
164.500000,45.000000,37.000000,162.000000
164.500000,45.000000,37.000000,162.000000
152.500000,48.000000,37.000000,162.000000
152.500000,48.000000,37.000000,162.000000
152.500000,48.000000,37.000000,162.000000
152.500000,48.000000,37.000000,162.000000
152.500000,48.000000,37.000000,162.000000
152.500000,48.000000,37.000000,162.000000
152.500000,48.000000,37.000000,162.000000
152.500000,48.000000,37.000000,162.000000
152.500000,48.000000,37.000000,162.000000
152.500000,48.000000,37.000000,162.000000
183.500000,60.000000,37.000000,162.000000
183.500000,60.000000,37.000000,162.000000
183.500000,60.000000,37.000000,162.000000
183.500000,60.000000,37.000000,162.000000
183.500000,60.000000,37.000000,162.000000
183.500000,60.000000,37.000000,162.000000
183.500000,60.000000,37.000000,162.000000
170.500000,60.000000,37.000000,162.000000
151.500000,35.000000,37.000000,162.000000
151.500000,35.000000,37.000000,162.000000
151.500000,35.000000,37.000000,162.000000
169.500000,60.000000,37.000000,162.000000
169.500000,60.000000,37.000000,162.000000
169.500000,60.000000,37.000000,162.000000
169.500000,60.000000,37.000000,162.000000
169.500000,60.000000,37.000000,162.000000
169.500000,60.000000,37.000000,162.000000
169.500000,60.000000,37.000000,162.000000
169.500000,60.000000,37.000000,162.000000
155.500000,50.000000,37.000000,162.000000
155.500000,50.000000,37.000000,162.000000
155.500000,50.000000,37.000000,162.000000
155.500000,50.000000,37.000000,162.000000
155.500000,50.000000,37.000000,162.000000
155.500000,50.000000,37.000000,162.000000
155.500000,50.000000,37.000000,162.000000
155.500000,50.000000,37.000000,162.000000
166.500000,41.000000,37.000000,162.000000
166.500000,41.000000,37.000000,162.000000
166.500000,41.000000,37.000000,162.000000
166.500000,41.000000,37.000000,162.000000
166.500000,41.000000,37.000000,162.000000
166.500000,41.000000,37.000000,162.000000
166.500000,41.000000,37.000000,162.000000
166.500000,41.000000,37.000000,162.000000
166.500000,41.000000,37.000000,162.000000
166.500000,41.000000,37.000000,162.000000
2
0
0
0
0
1
135.509995,31.049999,97.100006,96.869995
135.509995,31.049999,97.100006,96.869995
135.509995,31.049999,97.100006,96.869995
135.509995,31.049999,97.100006,96.869995
135.509995,31.049999,97.100006,96.869995
135.509995,31.049999,97.100006,96.869995
135.509995,31.049999,97.100006,96.869995
135.509995,31.049999,97.100006,96.869995
135.449997,30.565002,97.100006,96.869995
135.449997,30.565002,97.100006,96.869995
135.449997,30.565002,97.100006,96.869995
135.449997,30.565002,97.100006,96.869995
135.449997,30.565002,97.100006,96.869995
135.449997,30.565002,97.100006,96.869995
135.449997,30.565002,97.100006,96.869995
135.449997,30.565002,97.100006,96.869995
135.449997,30.565002,97.100006,96.869995
109.449997,24.565002,97.100006,96.869995
109.449997,24.565002,97.100006,96.869995
109.449997,24.565002,97.100006,96.869995
109.449997,24.565002,97.100006,96.869995
109.449997,24.565002,97.100006,96.869995
109.449997,24.565002,97.100006,96.869995
109.449997,24.565002,97.100006,96.869995
109.449997,24.565002,97.100006,96.869995
109.449997,24.565002,97.100006,96.869995
110.449997,4.565002,97.100006,96.869995
110.449997,4.565002,97.100006,96.869995
110.449997,4.565002,97.100006,96.869995
110.449997,4.565002,97.100006,96.869995
110.449997,4.565002,97.100006,96.869995
110.449997,4.565002,97.100006,96.869995
110.449997,4.565002,97.100006,96.869995
110.449997,4.565002,97.100006,96.869995
110.449997,4.565002,97.100006,96.869995
110.449997,4.565002,97.100006,96.869995
110.449997,4.565002,97.100006,96.869995
110.449997,4.565002,97.100006,96.869995
110.449997,4.565002,97.100006,96.869995
110.449997,4.565002,97.100006,96.869995
110.449997,4.565002,97.100006,96.869995
2
0
0
0
0
1
149.309998,91.260002,95.919998,69.469994
149.309998,91.260002,95.919998,69.469994
149.309998,91.260002,95.919998,69.469994
149.309998,91.260002,95.919998,69.469994
149.309998,91.260002,95.919998,69.469994
149.309998,91.260002,95.919998,69.469994
149.309998,91.260002,95.919998,69.469994
149.309998,91.260002,95.919998,69.469994
149.309998,91.260002,95.919998,69.469994
149.309998,91.260002,95.919998,69.469994
149.309998,91.260002,95.919998,69.469994
149.309998,91.260002,95.919998,69.469994
149.309998,91.260002,95.919998,69.469994
149.309998,91.260002,95.919998,69.469994
149.309998,91.260002,95.919998,69.469994
149.309998,91.260002,95.919998,69.469994
149.309998,91.260002,95.919998,69.469994
149.309998,91.260002,95.919998,69.469994
149.309998,91.260002,95.919998,69.469994
149.309998,91.260002,95.919998,69.469994
149.309998,91.260002,95.919998,69.469994
149.309998,91.260002,95.919998,69.469994
149.309998,91.260002,95.919998,69.469994
149.309998,91.260002,95.919998,69.469994
149.309998,91.260002,95.919998,69.469994
149.309998,91.260002,95.919998,69.469994
149.309998,91.260002,95.919998,69.469994
149.309998,91.260002,95.919998,69.469994
149.309998,91.260002,95.919998,69.469994
149.309998,91.260002,95.919998,69.469994
149.309998,91.260002,95.919998,69.469994
149.309998,91.260002,95.919998,69.469994
149.040009,90.264999,95.919998,69.469994
149.040009,90.264999,95.919998,69.469994
