1
174.500000,17.000000,37.000000,162.000000
174.500000,17.000000,37.000000,162.000000
174.500000,17.000000,37.000000,162.000000
174.500000,17.000000,37.000000,162.000000
174.500000,17.000000,37.000000,162.000000
174.500000,17.000000,37.000000,162.000000
174.500000,17.000000,37.000000,162.000000
174.500000,17.000000,37.000000,162.000000
174.500000,17.000000,37.000000,162.000000
174.500000,17.000000,37.000000,162.000000
174.500000,17.000000,37.000000,162.000000
174.500000,17.000000,37.000000,162.000000
174.500000,17.000000,37.000000,162.000000
174.500000,17.000000,37.000000,162.000000
174.500000,17.000000,37.000000,162.000000
174.500000,17.000000,37.000000,162.000000
174.500000,17.000000,37.000000,162.000000
174.500000,17.000000,37.000000,162.000000
174.500000,17.000000,37.000000,162.000000
174.500000,17.000000,37.000000,162.000000
174.500000,17.000000,37.000000,162.000000
174.500000,17.000000,37.000000,162.000000
174.500000,17.000000,37.000000,162.000000
174.500000,17.000000,37.000000,162.000000
174.500000,17.000000,37.000000,162.000000
174.500000,17.000000,37.000000,162.000000
174.500000,17.000000,37.000000,162.000000
174.500000,17.000000,37.000000,162.000000
174.500000,17.000000,37.000000,162.000000
174.500000,17.000000,37.000000,162.000000
174.500000,17.000000,37.000000,162.000000
161.500000,45.000000,37.000000,162.000000
161.500000,45.000000,37.000000,162.000000
161.500000,45.000000,37.000000,162.000000
161.500000,45.000000,37.000000,162.000000
161.500000,45.000000,37.000000,162.000000
161.500000,45.000000,37.000000,162.000000
161.500000,45.000000,37.000000,162.000000
161.500000,45.000000,37.000000,162.000000
161.500000,45.000000,37.000000,162.000000
161.500000,45.000000,37.000000,162.000000
161.500000,45.000000,37.000000,162.000000
161.500000,45.000000,37.000000,162.000000
161.500000,45.000000,37.000000,162.000000
161.500000,45.000000,37.000000,162.000000
161.500000,45.000000,37.000000,162.000000
161.500000,45.000000,37.000000,162.000000
161.500000,45.000000,37.000000,162.000000
161.500000,45.000000,37.000000,162.000000
161.500000,45.000000,37.000000,162.000000
161.500000,45.000000,37.000000,162.000000
161.500000,45.000000,37.000000,162.000000
161.500000,45.000000,37.000000,162.000000
161.500000,45.000000,37.000000,162.000000
161.500000,45.000000,37.000000,162.000000
161.500000,45.000000,37.000000,162.000000
161.500000,45.000000,37.000000,162.000000
161.500000,45.000000,37.000000,162.000000
161.500000,45.000000,37.000000,162.000000
161.500000,45.000000,37.000000,162.000000
161.500000,45.000000,37.000000,162.000000
161.500000,45.000000,37.000000,162.000000
161.500000,45.000000,37.000000,162.000000
161.500000,45.000000,37.000000,162.000000
161.500000,45.000000,37.000000,162.000000
161.500000,45.000000,37.000000,162.000000
161.500000,45.000000,37.000000,162.000000
161.500000,45.000000,37.000000,162.000000
161.500000,45.000000,37.000000,162.000000
161.500000,45.000000,37.000000,162.000000
161.500000,45.000000,37.000000,162.000000
161.500000,45.000000,37.000000,162.000000
161.500000,45.000000,37.000000,162.000000
161.500000,45.000000,37.000000,162.000000
161.500000,45.000000,37.000000,162.000000
161.500000,45.000000,37.000000,162.000000
161.500000,45.000000,37.000000,162.000000
161.500000,45.000000,37.000000,162.000000
161.500000,45.000000,37.000000,162.000000
161.500000,45.000000,37.000000,162.000000
161.500000,45.000000,37.000000,162.000000
161.500000,45.000000,37.000000,162.000000
178.500000,30.000000,37.000000,162.000000
178.500000,30.000000,37.000000,162.000000
178.500000,30.000000,37.000000,162.000000
178.500000,30.000000,37.000000,162.000000
178.500000,30.000000,37.000000,162.000000
198.500000,25.000000,37.000000,162.000000
198.500000,25.000000,37.000000,162.000000
179.500000,25.000000,37.000000,162.000000
179.500000,25.000000,37.000000,162.000000
179.500000,25.000000,37.000000,162.000000
147.500000,0.000000,37.000000,162.000000
147.500000,0.000000,37.000000,162.000000
147.500000,0.000000,37.000000,162.000000
147.500000,0.000000,37.000000,162.000000
147.500000,0.000000,37.000000,162.000000
137.500000,10.000000,37.000000,162.000000
137.500000,10.000000,37.000000,162.000000
137.500000,10.000000,37.000000,162.000000
137.500000,10.000000,37.000000,162.000000
137.500000,10.000000,37.000000,162.000000
137.500000,10.000000,37.000000,162.000000
137.500000,10.000000,37.000000,162.000000
164.500000,23.000000,37.000000,162.000000
164.500000,23.000000,37.000000,162.000000
164.500000,23.000000,37.000000,162.000000
164.500000,23.000000,37.000000,162.000000
164.500000,23.000000,37.000000,162.000000
179.500000,58.000000,37.000000,162.000000
179.500000,58.000000,37.000000,162.000000
158.500000,18.000000,37.000000,162.000000
158.500000,18.000000,37.000000,162.000000
158.500000,18.000000,37.000000,162.000000
158.500000,18.000000,37.000000,162.000000
158.500000,18.000000,37.000000,162.000000
158.500000,18.000000,37.000000,162.000000
158.500000,18.000000,37.000000,162.000000
158.500000,18.000000,37.000000,162.000000
158.500000,18.000000,37.000000,162.000000
158.500000,18.000000,37.000000,162.000000
158.500000,18.000000,37.000000,162.000000
158.500000,18.000000,37.000000,162.000000
158.500000,18.000000,37.000000,162.000000
158.500000,18.000000,37.000000,162.000000
158.500000,18.000000,37.000000,162.000000
158.500000,18.000000,37.000000,162.000000
158.500000,18.000000,37.000000,162.000000
158.500000,18.000000,37.000000,162.000000
158.500000,18.000000,37.000000,162.000000
158.500000,18.000000,37.000000,162.000000
158.500000,18.000000,37.000000,162.000000
142.500000,50.000000,37.000000,162.000000
142.500000,50.000000,37.000000,162.000000
142.500000,50.000000,37.000000,162.000000
142.500000,50.000000,37.000000,162.000000
142.500000,50.000000,37.000000,162.000000
157.500000,60.000000,37.000000,162.000000
173.500000,60.000000,37.000000,162.000000
173.500000,60.000000,37.000000,162.000000
173.500000,60.000000,37.000000,162.000000
173.500000,60.000000,37.000000,162.000000
162.500000,55.000000,37.000000,162.000000
162.500000,55.000000,37.000000,162.000000
162.500000,55.000000,37.000000,162.000000
162.500000,55.000000,37.000000,162.000000
141.500000,35.000000,37.000000,162.000000
141.500000,35.000000,37.000000,162.000000
141.500000,35.000000,37.000000,162.000000
141.500000,35.000000,37.000000,162.000000
141.500000,35.000000,37.000000,162.000000
141.500000,35.000000,37.000000,162.000000
141.500000,35.000000,37.000000,162.000000
141.500000,35.000000,37.000000,162.000000
141.500000,35.000000,37.000000,162.000000
141.500000,35.000000,37.000000,162.000000
141.500000,35.000000,37.000000,162.000000
141.500000,35.000000,37.000000,162.000000
141.500000,35.000000,37.000000,162.000000
141.500000,35.000000,37.000000,162.000000
141.500000,35.000000,37.000000,162.000000
141.500000,35.000000,37.000000,162.000000
141.500000,35.000000,37.000000,162.000000
141.500000,35.000000,37.000000,162.000000
141.500000,35.000000,37.000000,162.000000
185.500000,35.000000,37.000000,162.000000
185.500000,35.000000,37.000000,162.000000
185.500000,35.000000,37.000000,162.000000
185.500000,35.000000,37.000000,162.000000
185.500000,35.000000,37.000000,162.000000
185.500000,35.000000,37.000000,162.000000
185.500000,35.000000,37.000000,162.000000
185.500000,35.000000,37.000000,162.000000
185.500000,35.000000,37.000000,162.000000
185.500000,35.000000,37.000000,162.000000
185.500000,35.000000,37.000000,162.000000
185.500000,35.000000,37.000000,162.000000
185.500000,35.000000,37.000000,162.000000
185.500000,35.000000,37.000000,162.000000
154.500000,30.000000,37.000000,162.000000
154.500000,30.000000,37.000000,162.000000
154.500000,30.000000,37.000000,162.000000
154.500000,30.000000,37.000000,162.000000
154.500000,30.000000,37.000000,162.000000
154.500000,30.000000,37.000000,162.000000
154.500000,30.000000,37.000000,162.000000
154.500000,30.000000,37.000000,162.000000
154.500000,30.000000,37.000000,162.000000
154.500000,30.000000,37.000000,162.000000
154.500000,30.000000,37.000000,162.000000
154.500000,30.000000,37.000000,162.000000
154.500000,30.000000,37.000000,162.000000
154.500000,30.000000,37.000000,162.000000
154.500000,30.000000,37.000000,162.000000
154.500000,30.000000,37.000000,162.000000
154.500000,30.000000,37.000000,162.000000
154.500000,30.000000,37.000000,162.000000
154.500000,30.000000,37.000000,162.000000
154.500000,30.000000,37.000000,162.000000
154.500000,30.000000,37.000000,162.000000
154.500000,30.000000,37.000000,162.000000
154.500000,30.000000,37.000000,162.000000
154.500000,30.000000,37.000000,162.000000
154.500000,30.000000,37.000000,162.000000
154.500000,30.000000,37.000000,162.000000
154.500000,30.000000,37.000000,162.000000
154.500000,30.000000,37.000000,162.000000
154.500000,30.000000,37.000000,162.000000
154.500000,30.000000,37.000000,162.000000
154.500000,30.000000,37.000000,162.000000
154.500000,30.000000,37.000000,162.000000
154.500000,30.000000,37.000000,162.000000
154.500000,30.000000,37.000000,162.000000
154.500000,30.000000,37.000000,162.000000
154.500000,30.000000,37.000000,162.000000
154.500000,30.000000,37.000000,162.000000
154.500000,30.000000,37.000000,162.000000
154.500000,30.000000,37.000000,162.000000
