1
174.500000,17.000000,37.000000,162.000000
174.500000,17.000000,37.000000,162.000000
174.500000,17.000000,37.000000,162.000000
174.500000,17.000000,37.000000,162.000000
174.500000,17.000000,37.000000,162.000000
174.500000,17.000000,37.000000,162.000000
174.500000,17.000000,37.000000,162.000000
174.500000,17.000000,37.000000,162.000000
174.500000,17.000000,37.000000,162.000000
174.500000,17.000000,37.000000,162.000000
174.500000,17.000000,37.000000,162.000000
174.500000,17.000000,37.000000,162.000000
174.500000,17.000000,37.000000,162.000000
174.500000,17.000000,37.000000,162.000000
174.500000,17.000000,37.000000,162.000000
174.500000,17.000000,37.000000,162.000000
174.500000,17.000000,37.000000,162.000000
174.500000,17.000000,37.000000,162.000000
174.500000,17.000000,37.000000,162.000000
174.500000,17.000000,37.000000,162.000000
174.500000,17.000000,37.000000,162.000000
174.500000,17.000000,37.000000,162.000000
174.500000,17.000000,37.000000,162.000000
174.500000,17.000000,37.000000,162.000000
174.500000,17.000000,37.000000,162.000000
174.500000,17.000000,37.000000,162.000000
174.500000,17.000000,37.000000,162.000000
174.500000,17.000000,37.000000,162.000000
174.500000,17.000000,37.000000,162.000000
174.500000,17.000000,37.000000,162.000000
174.500000,17.000000,37.000000,162.000000
174.500000,17.000000,37.000000,162.000000
150.500000,29.000000,37.000000,162.000000
150.500000,29.000000,37.000000,162.000000
150.500000,29.000000,37.000000,162.000000
150.500000,29.000000,37.000000,162.000000
150.500000,29.000000,37.000000,162.000000
150.500000,29.000000,37.000000,162.000000
150.500000,29.000000,37.000000,162.000000
150.500000,29.000000,37.000000,162.000000
150.500000,29.000000,37.000000,162.000000
150.500000,29.000000,37.000000,162.000000
150.500000,29.000000,37.000000,162.000000
150.500000,29.000000,37.000000,162.000000
150.500000,29.000000,37.000000,162.000000
150.500000,29.000000,37.000000,162.000000
150.500000,29.000000,37.000000,162.000000
150.500000,29.000000,37.000000,162.000000
150.500000,29.000000,37.000000,162.000000
150.500000,29.000000,37.000000,162.000000
150.500000,29.000000,37.000000,162.000000
150.500000,29.000000,37.000000,162.000000
150.500000,29.000000,37.000000,162.000000
150.500000,29.000000,37.000000,162.000000
150.500000,29.000000,37.000000,162.000000
150.500000,29.000000,37.000000,162.000000
150.500000,29.000000,37.000000,162.000000
150.500000,29.000000,37.000000,162.000000
150.500000,29.000000,37.000000,162.000000
150.500000,29.000000,37.000000,162.000000
150.500000,29.000000,37.000000,162.000000
150.500000,29.000000,37.000000,162.000000
150.500000,29.000000,37.000000,162.000000
150.500000,29.000000,37.000000,162.000000
150.500000,29.000000,37.000000,162.000000
150.500000,29.000000,37.000000,162.000000
150.500000,29.000000,37.000000,162.000000
150.500000,29.000000,37.000000,162.000000
150.500000,29.000000,37.000000,162.000000
150.500000,29.000000,37.000000,162.000000
150.500000,29.000000,37.000000,162.000000
150.500000,29.000000,37.000000,162.000000
150.500000,29.000000,37.000000,162.000000
150.500000,29.000000,37.000000,162.000000
150.500000,29.000000,37.000000,162.000000
150.500000,29.000000,37.000000,162.000000
150.500000,29.000000,37.000000,162.000000
150.500000,29.000000,37.000000,162.000000
150.500000,29.000000,37.000000,162.000000
150.500000,29.000000,37.000000,162.000000
150.500000,29.000000,37.000000,162.000000
150.500000,29.000000,37.000000,162.000000
150.500000,29.000000,37.000000,162.000000
150.500000,29.000000,37.000000,162.000000
150.500000,29.000000,37.000000,162.000000
150.500000,29.000000,37.000000,162.000000
150.500000,29.000000,37.000000,162.000000
150.500000,29.000000,37.000000,162.000000
150.500000,29.000000,37.000000,162.000000
150.500000,29.000000,37.000000,162.000000
150.500000,29.000000,37.000000,162.000000
150.500000,29.000000,37.000000,162.000000
150.500000,29.000000,37.000000,162.000000
150.500000,29.000000,37.000000,162.000000
150.500000,29.000000,37.000000,162.000000
150.500000,29.000000,37.000000,162.000000
168.500000,35.000000,37.000000,162.000000
168.500000,35.000000,37.000000,162.000000
168.500000,35.000000,37.000000,162.000000
168.500000,35.000000,37.000000,162.000000
168.500000,35.000000,37.000000,162.000000
153.500000,35.000000,37.000000,162.000000
153.500000,35.000000,37.000000,162.000000
153.500000,35.000000,37.000000,162.000000
153.500000,35.000000,37.000000,162.000000
153.500000,35.000000,37.000000,162.000000
153.500000,35.000000,37.000000,162.000000
169.500000,55.000000,37.000000,162.000000
169.500000,55.000000,37.000000,162.000000
169.500000,55.000000,37.000000,162.000000
181.500000,48.000000,37.000000,162.000000
181.500000,48.000000,37.000000,162.000000
181.500000,48.000000,37.000000,162.000000
181.500000,48.000000,37.000000,162.000000
168.500000,60.000000,37.000000,162.000000
168.500000,60.000000,37.000000,162.000000
168.500000,60.000000,37.000000,162.000000
168.500000,60.000000,37.000000,162.000000
168.500000,60.000000,37.000000,162.000000
168.500000,60.000000,37.000000,162.000000
168.500000,60.000000,37.000000,162.000000
168.500000,60.000000,37.000000,162.000000
168.500000,60.000000,37.000000,162.000000
168.500000,60.000000,37.000000,162.000000
168.500000,60.000000,37.000000,162.000000
168.500000,60.000000,37.000000,162.000000
168.500000,60.000000,37.000000,162.000000
168.500000,60.000000,37.000000,162.000000
168.500000,60.000000,37.000000,162.000000
168.500000,60.000000,37.000000,162.000000
168.500000,60.000000,37.000000,162.000000
168.500000,60.000000,37.000000,162.000000
168.500000,60.000000,37.000000,162.000000
168.500000,60.000000,37.000000,162.000000
168.500000,60.000000,37.000000,162.000000
168.500000,60.000000,37.000000,162.000000
168.500000,60.000000,37.000000,162.000000
168.500000,60.000000,37.000000,162.000000
168.500000,60.000000,37.000000,162.000000
168.500000,60.000000,37.000000,162.000000
168.500000,60.000000,37.000000,162.000000
168.500000,60.000000,37.000000,162.000000
168.500000,60.000000,37.000000,162.000000
168.500000,60.000000,37.000000,162.000000
168.500000,60.000000,37.000000,162.000000
168.500000,60.000000,37.000000,162.000000
190.500000,45.000000,37.000000,162.000000
190.500000,45.000000,37.000000,162.000000
190.500000,45.000000,37.000000,162.000000
190.500000,45.000000,37.000000,162.000000
190.500000,45.000000,37.000000,162.000000
190.500000,45.000000,37.000000,162.000000
190.500000,45.000000,37.000000,162.000000
162.500000,60.000000,37.000000,162.000000
162.500000,60.000000,37.000000,162.000000
162.500000,60.000000,37.000000,162.000000
175.500000,45.000000,37.000000,162.000000
175.500000,45.000000,37.000000,162.000000
175.500000,45.000000,37.000000,162.000000
175.500000,45.000000,37.000000,162.000000
175.500000,45.000000,37.000000,162.000000
175.500000,45.000000,37.000000,162.000000
2
0
0
0
0
1
135.979996,65.230003,91.809998,77.650002
135.979996,65.230003,91.809998,77.650002
135.979996,65.230003,91.809998,77.650002
135.979996,65.230003,91.809998,77.650002
135.979996,65.230003,91.809998,77.650002
135.979996,65.230003,91.809998,77.650002
135.979996,65.230003,91.809998,77.650002
135.979996,65.230003,91.809998,77.650002
120.095001,40.174999,91.809998,77.650002
120.095001,40.174999,91.809998,77.650002
120.095001,40.174999,91.809998,77.650002
120.095001,40.174999,91.809998,77.650002
120.095001,40.174999,91.809998,77.650002
120.095001,40.174999,91.809998,77.650002
120.095001,40.174999,91.809998,77.650002
120.095001,40.174999,91.809998,77.650002
120.095001,40.174999,91.809998,77.650002
120.095001,40.174999,91.809998,77.650002
2
0
0
0
0
1
140.000000,93.029999,97.720001,105.880005
140.000000,93.029999,97.720001,105.880005
140.000000,93.029999,97.720001,105.880005
140.000000,93.029999,97.720001,105.880005
140.000000,93.029999,97.720001,105.880005
140.000000,93.029999,97.720001,105.880005
140.000000,93.029999,97.720001,105.880005
140.000000,93.029999,97.720001,105.880005
172.139999,93.059998,97.720001,105.880005
172.139999,93.059998,97.720001,105.880005
172.139999,93.059998,97.720001,105.880005
172.139999,93.059998,97.720001,105.880005
172.139999,93.059998,97.720001,105.880005
172.139999,93.059998,97.720001,105.880005
172.139999,93.059998,97.720001,105.880005
172.139999,93.059998,97.720001,105.880005
172.139999,93.059998,97.720001,105.880005
172.139999,93.059998,97.720001,105.880005
172.139999,93.059998,97.720001,105.880005
172.139999,93.059998,97.720001,105.880005
172.139999,93.059998,97.720001,105.880005
172.139999,93.059998,97.720001,105.880005
172.139999,93.059998,97.720001,105.880005
172.139999,93.059998,97.720001,105.880005
172.139999,93.059998,97.720001,105.880005
172.139999,93.059998,97.720001,105.880005
