1
174.500000,17.000000,37.000000,162.000000
174.500000,17.000000,37.000000,162.000000
174.500000,17.000000,37.000000,162.000000
174.500000,17.000000,37.000000,162.000000
174.500000,17.000000,37.000000,162.000000
174.500000,17.000000,37.000000,162.000000
174.500000,17.000000,37.000000,162.000000
174.500000,17.000000,37.000000,162.000000
174.500000,17.000000,37.000000,162.000000
174.500000,17.000000,37.000000,162.000000
174.500000,17.000000,37.000000,162.000000
174.500000,17.000000,37.000000,162.000000
174.500000,17.000000,37.000000,162.000000
174.500000,17.000000,37.000000,162.000000
174.500000,17.000000,37.000000,162.000000
174.500000,17.000000,37.000000,162.000000
174.500000,17.000000,37.000000,162.000000
174.500000,17.000000,37.000000,162.000000
174.500000,17.000000,37.000000,162.000000
174.500000,17.000000,37.000000,162.000000
174.500000,17.000000,37.000000,162.000000
174.500000,17.000000,37.000000,162.000000
174.500000,17.000000,37.000000,162.000000
174.500000,17.000000,37.000000,162.000000
174.500000,17.000000,37.000000,162.000000
174.500000,17.000000,37.000000,162.000000
174.500000,17.000000,37.000000,162.000000
174.500000,17.000000,37.000000,162.000000
174.500000,17.000000,37.000000,162.000000
174.500000,17.000000,37.000000,162.000000
174.500000,17.000000,37.000000,162.000000
159.500000,36.000000,37.000000,162.000000
159.500000,36.000000,37.000000,162.000000
159.500000,36.000000,37.000000,162.000000
159.500000,36.000000,37.000000,162.000000
159.500000,36.000000,37.000000,162.000000
159.500000,36.000000,37.000000,162.000000
159.500000,36.000000,37.000000,162.000000
159.500000,36.000000,37.000000,162.000000
159.500000,36.000000,37.000000,162.000000
159.500000,36.000000,37.000000,162.000000
159.500000,36.000000,37.000000,162.000000
159.500000,36.000000,37.000000,162.000000
159.500000,36.000000,37.000000,162.000000
159.500000,36.000000,37.000000,162.000000
159.500000,36.000000,37.000000,162.000000
159.500000,36.000000,37.000000,162.000000
159.500000,36.000000,37.000000,162.000000
159.500000,36.000000,37.000000,162.000000
159.500000,36.000000,37.000000,162.000000
159.500000,36.000000,37.000000,162.000000
159.500000,36.000000,37.000000,162.000000
159.500000,36.000000,37.000000,162.000000
159.500000,36.000000,37.000000,162.000000
159.500000,36.000000,37.000000,162.000000
159.500000,36.000000,37.000000,162.000000
159.500000,36.000000,37.000000,162.000000
159.500000,36.000000,37.000000,162.000000
159.500000,36.000000,37.000000,162.000000
159.500000,36.000000,37.000000,162.000000
159.500000,36.000000,37.000000,162.000000
159.500000,36.000000,37.000000,162.000000
159.500000,36.000000,37.000000,162.000000
159.500000,36.000000,37.000000,162.000000
159.500000,36.000000,37.000000,162.000000
159.500000,36.000000,37.000000,162.000000
159.500000,36.000000,37.000000,162.000000
159.500000,36.000000,37.000000,162.000000
159.500000,36.000000,37.000000,162.000000
159.500000,36.000000,37.000000,162.000000
159.500000,36.000000,37.000000,162.000000
159.500000,36.000000,37.000000,162.000000
159.500000,36.000000,37.000000,162.000000
159.500000,36.000000,37.000000,162.000000
159.500000,36.000000,37.000000,162.000000
159.500000,36.000000,37.000000,162.000000
159.500000,36.000000,37.000000,162.000000
159.500000,36.000000,37.000000,162.000000
159.500000,36.000000,37.000000,162.000000
159.500000,36.000000,37.000000,162.000000
159.500000,36.000000,37.000000,162.000000
159.500000,36.000000,37.000000,162.000000
159.500000,36.000000,37.000000,162.000000
159.500000,36.000000,37.000000,162.000000
159.500000,36.000000,37.000000,162.000000
159.500000,36.000000,37.000000,162.000000
159.500000,36.000000,37.000000,162.000000
159.500000,36.000000,37.000000,162.000000
159.500000,36.000000,37.000000,162.000000
159.500000,36.000000,37.000000,162.000000
159.500000,36.000000,37.000000,162.000000
159.500000,36.000000,37.000000,162.000000
159.500000,36.000000,37.000000,162.000000
159.500000,36.000000,37.000000,162.000000
184.500000,48.000000,37.000000,162.000000
184.500000,48.000000,37.000000,162.000000
184.500000,48.000000,37.000000,162.000000
155.500000,53.000000,37.000000,162.000000
172.500000,53.000000,37.000000,162.000000
172.500000,53.000000,37.000000,162.000000
191.500000,58.000000,37.000000,162.000000
191.500000,58.000000,37.000000,162.000000
155.500000,48.000000,37.000000,162.000000
155.500000,48.000000,37.000000,162.000000
155.500000,48.000000,37.000000,162.000000
155.500000,48.000000,37.000000,162.000000
155.500000,48.000000,37.000000,162.000000
175.500000,53.000000,37.000000,162.000000
162.500000,58.000000,37.000000,162.000000
162.500000,58.000000,37.000000,162.000000
178.500000,60.000000,37.000000,162.000000
178.500000,60.000000,37.000000,162.000000
178.500000,60.000000,37.000000,162.000000
2
0
0
0
0
1
142.149994,40.910000,103.020004,93.500000
142.149994,40.910000,103.020004,93.500000
142.149994,40.910000,103.020004,93.500000
142.149994,40.910000,103.020004,93.500000
142.149994,40.910000,103.020004,93.500000
142.149994,40.910000,103.020004,93.500000
142.149994,40.910000,103.020004,93.500000
142.149994,40.910000,103.020004,93.500000
142.149994,40.910000,103.020004,93.500000
142.149994,40.910000,103.020004,93.500000
142.149994,40.910000,103.020004,93.500000
142.149994,40.910000,103.020004,93.500000
142.149994,40.910000,103.020004,93.500000
142.149994,40.910000,103.020004,93.500000
142.149994,40.910000,103.020004,93.500000
142.149994,40.910000,103.020004,93.500000
142.149994,40.910000,103.020004,93.500000
142.149994,40.910000,103.020004,93.500000
142.149994,40.910000,103.020004,93.500000
142.149994,40.910000,103.020004,93.500000
142.149994,40.910000,103.020004,93.500000
142.149994,40.910000,103.020004,93.500000
142.149994,40.910000,103.020004,93.500000
142.149994,40.910000,103.020004,93.500000
142.149994,40.910000,103.020004,93.500000
142.149994,40.910000,103.020004,93.500000
142.149994,40.910000,103.020004,93.500000
93.489998,39.250000,103.020004,93.500000
93.489998,39.250000,103.020004,93.500000
93.489998,39.250000,103.020004,93.500000
93.489998,39.250000,103.020004,93.500000
93.489998,39.250000,103.020004,93.500000
93.489998,39.250000,103.020004,93.500000
93.489998,39.250000,103.020004,93.500000
93.489998,39.250000,103.020004,93.500000
93.489998,39.250000,103.020004,93.500000
135.490005,24.250000,103.020004,93.500000
135.490005,24.250000,103.020004,93.500000
135.490005,24.250000,103.020004,93.500000
135.490005,24.250000,103.020004,93.500000
135.490005,24.250000,103.020004,93.500000
135.490005,24.250000,103.020004,93.500000
135.490005,24.250000,103.020004,93.500000
135.490005,24.250000,103.020004,93.500000
135.490005,24.250000,103.020004,93.500000
135.490005,24.250000,103.020004,93.500000
135.490005,24.250000,103.020004,93.500000
103.489998,14.250000,103.020004,93.500000
103.489998,14.250000,103.020004,93.500000
103.489998,14.250000,103.020004,93.500000
103.489998,14.250000,103.020004,93.500000
103.489998,14.250000,103.020004,93.500000
73.489998,9.250000,103.020004,93.500000
73.489998,9.250000,103.020004,93.500000
73.489998,9.250000,103.020004,93.500000
73.489998,9.250000,103.020004,93.500000
2
0
0
0
0
1
151.119995,91.080002,93.210007,56.319992
151.119995,91.080002,93.210007,56.319992
151.119995,91.080002,93.210007,56.319992
151.119995,91.080002,93.210007,56.319992
133.394989,58.840004,93.210007,56.319992
133.394989,58.840004,93.210007,56.319992
133.394989,58.840004,93.210007,56.319992
133.394989,58.840004,93.210007,56.319992
133.394989,58.840004,93.210007,56.319992
133.394989,58.840004,93.210007,56.319992
133.394989,58.840004,93.210007,56.319992
133.394989,58.840004,93.210007,56.319992
133.394989,58.840004,93.210007,56.319992
133.394989,58.840004,93.210007,56.319992
133.394989,58.840004,93.210007,56.319992
133.394989,58.840004,93.210007,56.319992
133.394989,58.840004,93.210007,56.319992
133.394989,58.840004,93.210007,56.319992
133.394989,58.840004,93.210007,56.319992
133.394989,58.840004,93.210007,56.319992
133.394989,58.840004,93.210007,56.319992
133.394989,58.840004,93.210007,56.319992
133.394989,58.840004,93.210007,56.319992
133.394989,58.840004,93.210007,56.319992
133.394989,58.840004,93.210007,56.319992
133.394989,58.840004,93.210007,56.319992
133.394989,58.840004,93.210007,56.319992
133.394989,58.840004,93.210007,56.319992
133.394989,58.840004,93.210007,56.319992
133.394989,58.840004,93.210007,56.319992
133.394989,58.840004,93.210007,56.319992
133.394989,58.840004,93.210007,56.319992
133.394989,58.840004,93.210007,56.319992
133.394989,58.840004,93.210007,56.319992
133.394989,58.840004,93.210007,56.319992
133.394989,58.840004,93.210007,56.319992
133.394989,58.840004,93.210007,56.319992
