1
147.000000,114.000000,83.000000,217.000000
147.000000,114.000000,83.000000,217.000000
147.000000,114.000000,83.000000,217.000000
147.000000,114.000000,83.000000,217.000000
147.000000,114.000000,83.000000,217.000000
147.000000,114.000000,83.000000,217.000000
147.000000,114.000000,83.000000,217.000000
147.000000,114.000000,83.000000,217.000000
147.000000,114.000000,83.000000,217.000000
147.000000,114.000000,83.000000,217.000000
112.500000,124.500000,83.000000,217.000000
112.500000,124.500000,83.000000,217.000000
112.500000,124.500000,83.000000,217.000000
112.500000,124.500000,83.000000,217.000000
112.500000,124.500000,83.000000,217.000000
112.500000,124.500000,83.000000,217.000000
112.500000,124.500000,83.000000,217.000000
112.500000,124.500000,83.000000,217.000000
112.500000,124.500000,83.000000,217.000000
112.500000,124.500000,83.000000,217.000000
112.500000,124.500000,83.000000,217.000000
112.500000,124.500000,83.000000,217.000000
112.500000,124.500000,83.000000,217.000000
112.500000,124.500000,83.000000,217.000000
112.500000,124.500000,83.000000,217.000000
112.500000,124.500000,83.000000,217.000000
112.500000,124.500000,83.000000,217.000000
112.500000,124.500000,83.000000,217.000000
112.500000,124.500000,83.000000,217.000000
112.500000,124.500000,83.000000,217.000000
112.500000,124.500000,83.000000,217.000000
112.500000,124.500000,83.000000,217.000000
112.500000,124.500000,83.000000,217.000000
112.500000,124.500000,83.000000,217.000000
112.500000,124.500000,83.000000,217.000000
112.500000,124.500000,83.000000,217.000000
112.500000,124.500000,83.000000,217.000000
112.500000,124.500000,83.000000,217.000000
112.500000,124.500000,83.000000,217.000000
112.500000,124.500000,83.000000,217.000000
112.500000,124.500000,83.000000,217.000000
112.500000,124.500000,83.000000,217.000000
112.500000,124.500000,83.000000,217.000000
112.500000,124.500000,83.000000,217.000000
112.500000,124.500000,83.000000,217.000000
112.500000,124.500000,83.000000,217.000000
112.500000,124.500000,83.000000,217.000000
112.500000,124.500000,83.000000,217.000000
112.500000,124.500000,83.000000,217.000000
112.500000,124.500000,83.000000,217.000000
112.500000,124.500000,83.000000,217.000000
83.500000,194.500000,83.000000,217.000000
83.500000,194.500000,83.000000,217.000000
83.500000,194.500000,83.000000,217.000000
60.500000,183.500000,83.000000,217.000000
60.500000,183.500000,83.000000,217.000000
60.500000,183.500000,83.000000,217.000000
60.500000,183.500000,83.000000,217.000000
60.500000,183.500000,83.000000,217.000000
60.500000,183.500000,83.000000,217.000000
144.500000,131.500000,83.000000,217.000000
144.500000,131.500000,83.000000,217.000000
144.500000,131.500000,83.000000,217.000000
144.500000,131.500000,83.000000,217.000000
144.500000,131.500000,83.000000,217.000000
144.500000,131.500000,83.000000,217.000000
144.500000,131.500000,83.000000,217.000000
144.500000,131.500000,83.000000,217.000000
144.500000,131.500000,83.000000,217.000000
115.500000,168.500000,83.000000,217.000000
115.500000,168.500000,83.000000,217.000000
115.500000,168.500000,83.000000,217.000000
115.500000,168.500000,83.000000,217.000000
115.500000,168.500000,83.000000,217.000000
115.500000,168.500000,83.000000,217.000000
115.500000,168.500000,83.000000,217.000000
115.500000,168.500000,83.000000,217.000000
115.500000,168.500000,83.000000,217.000000
115.500000,168.500000,83.000000,217.000000
115.500000,168.500000,83.000000,217.000000
115.500000,168.500000,83.000000,217.000000
115.500000,168.500000,83.000000,217.000000
115.500000,168.500000,83.000000,217.000000
115.500000,168.500000,83.000000,217.000000
115.500000,168.500000,83.000000,217.000000
115.500000,168.500000,83.000000,217.000000
115.500000,168.500000,83.000000,217.000000
115.500000,168.500000,83.000000,217.000000
115.500000,168.500000,83.000000,217.000000
115.500000,168.500000,83.000000,217.000000
115.500000,168.500000,83.000000,217.000000
115.500000,168.500000,83.000000,217.000000
115.500000,168.500000,83.000000,217.000000
115.500000,168.500000,83.000000,217.000000
115.500000,168.500000,83.000000,217.000000
115.500000,168.500000,83.000000,217.000000
115.500000,168.500000,83.000000,217.000000
115.500000,168.500000,83.000000,217.000000
115.500000,168.500000,83.000000,217.000000
115.500000,168.500000,83.000000,217.000000
115.500000,168.500000,83.000000,217.000000
115.500000,168.500000,83.000000,217.000000
115.500000,168.500000,83.000000,217.000000
115.500000,168.500000,83.000000,217.000000
115.500000,168.500000,83.000000,217.000000
115.500000,168.500000,83.000000,217.000000
115.500000,168.500000,83.000000,217.000000
115.500000,168.500000,83.000000,217.000000
115.500000,168.500000,83.000000,217.000000
115.500000,168.500000,83.000000,217.000000
115.500000,168.500000,83.000000,217.000000
115.500000,168.500000,83.000000,217.000000
115.500000,168.500000,83.000000,217.000000
115.500000,168.500000,83.000000,217.000000
115.500000,168.500000,83.000000,217.000000
115.500000,168.500000,83.000000,217.000000
115.500000,168.500000,83.000000,217.000000
115.500000,168.500000,83.000000,217.000000
115.500000,168.500000,83.000000,217.000000
115.500000,168.500000,83.000000,217.000000
115.500000,168.500000,83.000000,217.000000
115.500000,168.500000,83.000000,217.000000
115.500000,168.500000,83.000000,217.000000
115.500000,168.500000,83.000000,217.000000
115.500000,168.500000,83.000000,217.000000
115.500000,168.500000,83.000000,217.000000
115.500000,168.500000,83.000000,217.000000
115.500000,168.500000,83.000000,217.000000
115.500000,168.500000,83.000000,217.000000
115.500000,168.500000,83.000000,217.000000
115.500000,168.500000,83.000000,217.000000
115.500000,168.500000,83.000000,217.000000
115.500000,168.500000,83.000000,217.000000
115.500000,168.500000,83.000000,217.000000
115.500000,168.500000,83.000000,217.000000
115.500000,168.500000,83.000000,217.000000
115.500000,168.500000,83.000000,217.000000
115.500000,168.500000,83.000000,217.000000
115.500000,168.500000,83.000000,217.000000
115.500000,168.500000,83.000000,217.000000
115.500000,168.500000,83.000000,217.000000
115.500000,168.500000,83.000000,217.000000
115.500000,168.500000,83.000000,217.000000
115.500000,168.500000,83.000000,217.000000
115.500000,168.500000,83.000000,217.000000
115.500000,168.500000,83.000000,217.000000
115.500000,168.500000,83.000000,217.000000
115.500000,168.500000,83.000000,217.000000
115.500000,168.500000,83.000000,217.000000
115.500000,168.500000,83.000000,217.000000
115.500000,168.500000,83.000000,217.000000
115.500000,168.500000,83.000000,217.000000
115.500000,168.500000,83.000000,217.000000
115.500000,168.500000,83.000000,217.000000
115.500000,168.500000,83.000000,217.000000
115.500000,168.500000,83.000000,217.000000
115.500000,168.500000,83.000000,217.000000
115.500000,168.500000,83.000000,217.000000
115.500000,168.500000,83.000000,217.000000
115.500000,168.500000,83.000000,217.000000
115.500000,168.500000,83.000000,217.000000
115.500000,168.500000,83.000000,217.000000
115.500000,168.500000,83.000000,217.000000
115.500000,168.500000,83.000000,217.000000
115.500000,168.500000,83.000000,217.000000
115.500000,168.500000,83.000000,217.000000
115.500000,168.500000,83.000000,217.000000
115.500000,168.500000,83.000000,217.000000
115.500000,168.500000,83.000000,217.000000
115.500000,168.500000,83.000000,217.000000
115.500000,168.500000,83.000000,217.000000
115.500000,168.500000,83.000000,217.000000
115.500000,168.500000,83.000000,217.000000
115.500000,168.500000,83.000000,217.000000
115.500000,168.500000,83.000000,217.000000
115.500000,168.500000,83.000000,217.000000
115.500000,168.500000,83.000000,217.000000
115.500000,168.500000,83.000000,217.000000
115.500000,168.500000,83.000000,217.000000
67.500000,138.500000,83.000000,217.000000
67.500000,138.500000,83.000000,217.000000
67.500000,138.500000,83.000000,217.000000
67.500000,138.500000,83.000000,217.000000
67.500000,138.500000,83.000000,217.000000
67.500000,138.500000,83.000000,217.000000
67.500000,138.500000,83.000000,217.000000
67.500000,138.500000,83.000000,217.000000
67.500000,138.500000,83.000000,217.000000
31.500000,53.500000,83.000000,217.000000
31.500000,53.500000,83.000000,217.000000
31.500000,53.500000,83.000000,217.000000
31.500000,53.500000,83.000000,217.000000
8.500000,63.500000,83.000000,217.000000
8.500000,63.500000,83.000000,217.000000
8.500000,63.500000,83.000000,217.000000
8.500000,63.500000,83.000000,217.000000
8.500000,63.500000,83.000000,217.000000
8.500000,63.500000,83.000000,217.000000
8.500000,63.500000,83.000000,217.000000
8.500000,63.500000,83.000000,217.000000
8.500000,63.500000,83.000000,217.000000
2
0
0
0
0
1
106.000000,151.000000,79.000000,96.000000
106.000000,151.000000,79.000000,96.000000
106.000000,151.000000,79.000000,96.000000
116.500000,192.000000,79.000000,96.000000
116.500000,159.000000,79.000000,96.000000
116.500000,159.000000,79.000000,96.000000
116.500000,159.000000,79.000000,96.000000
116.500000,159.000000,79.000000,96.000000
84.500000,117.000000,79.000000,96.000000
84.500000,117.000000,79.000000,96.000000
84.500000,117.000000,79.000000,96.000000
84.500000,117.000000,79.000000,96.000000
84.500000,117.000000,79.000000,96.000000
2
0
0
0
0
1
137.000000,159.000000,71.000000,99.000000
137.000000,159.000000,71.000000,99.000000
137.000000,159.000000,71.000000,99.000000
164.500000,164.500000,71.000000,99.000000
164.500000,164.500000,71.000000,99.000000
164.500000,164.500000,71.000000,99.000000
146.500000,164.500000,71.000000,99.000000
146.500000,164.500000,71.000000,99.000000
146.500000,164.500000,71.000000,99.000000
146.500000,164.500000,71.000000,99.000000
146.500000,164.500000,71.000000,99.000000
146.500000,164.500000,71.000000,99.000000
146.500000,164.500000,71.000000,99.000000
146.500000,164.500000,71.000000,99.000000
146.500000,164.500000,71.000000,99.000000
146.500000,164.500000,71.000000,99.000000
146.500000,164.500000,71.000000,99.000000
200.500000,199.500000,71.000000,99.000000
200.500000,199.500000,71.000000,99.000000
218.500000,254.500000,71.000000,99.000000
218.500000,254.500000,71.000000,99.000000
218.500000,254.500000,71.000000,99.000000
185.500000,214.500000,71.000000,99.000000
185.500000,214.500000,71.000000,99.000000
173.500000,264.500000,71.000000,99.000000
173.500000,264.500000,71.000000,99.000000
216.500000,234.500000,71.000000,99.000000
216.500000,234.500000,71.000000,99.000000
216.500000,234.500000,71.000000,99.000000
183.500000,254.500000,71.000000,99.000000
183.500000,254.500000,71.000000,99.000000
183.500000,254.500000,71.000000,99.000000
183.500000,254.500000,71.000000,99.000000
183.500000,254.500000,71.000000,99.000000
183.500000,254.500000,71.000000,99.000000
183.500000,254.500000,71.000000,99.000000
183.500000,254.500000,71.000000,99.000000
183.500000,254.500000,71.000000,99.000000
183.500000,254.500000,71.000000,99.000000
183.500000,254.500000,71.000000,99.000000
183.500000,254.500000,71.000000,99.000000
183.500000,254.500000,71.000000,99.000000
183.500000,254.500000,71.000000,99.000000
181.500000,165.500000,71.000000,99.000000
181.500000,165.500000,71.000000,99.000000
181.500000,165.500000,71.000000,99.000000
181.500000,165.500000,71.000000,99.000000
181.500000,165.500000,71.000000,99.000000
181.500000,165.500000,71.000000,99.000000
181.500000,165.500000,71.000000,99.000000
181.500000,165.500000,71.000000,99.000000
181.500000,165.500000,71.000000,99.000000
181.500000,165.500000,71.000000,99.000000
181.500000,165.500000,71.000000,99.000000
181.500000,165.500000,71.000000,99.000000
214.500000,157.500000,71.000000,99.000000
214.500000,157.500000,71.000000,99.000000
245.500000,166.500000,71.000000,99.000000
273.500000,169.500000,71.000000,99.000000
2
0
0
0
0
1
