1
147.000000,114.000000,83.000000,217.000000
147.000000,114.000000,83.000000,217.000000
147.000000,114.000000,83.000000,217.000000
147.000000,114.000000,83.000000,217.000000
147.000000,114.000000,83.000000,217.000000
147.000000,114.000000,83.000000,217.000000
147.000000,114.000000,83.000000,217.000000
147.000000,114.000000,83.000000,217.000000
147.000000,114.000000,83.000000,217.000000
147.000000,114.000000,83.000000,217.000000
147.000000,114.000000,83.000000,217.000000
105.500000,137.500000,83.000000,217.000000
105.500000,137.500000,83.000000,217.000000
105.500000,137.500000,83.000000,217.000000
105.500000,137.500000,83.000000,217.000000
105.500000,137.500000,83.000000,217.000000
105.500000,137.500000,83.000000,217.000000
105.500000,137.500000,83.000000,217.000000
105.500000,137.500000,83.000000,217.000000
105.500000,137.500000,83.000000,217.000000
105.500000,137.500000,83.000000,217.000000
105.500000,137.500000,83.000000,217.000000
105.500000,137.500000,83.000000,217.000000
105.500000,137.500000,83.000000,217.000000
105.500000,137.500000,83.000000,217.000000
105.500000,137.500000,83.000000,217.000000
105.500000,137.500000,83.000000,217.000000
105.500000,137.500000,83.000000,217.000000
105.500000,137.500000,83.000000,217.000000
105.500000,137.500000,83.000000,217.000000
105.500000,137.500000,83.000000,217.000000
105.500000,137.500000,83.000000,217.000000
105.500000,137.500000,83.000000,217.000000
105.500000,137.500000,83.000000,217.000000
105.500000,137.500000,83.000000,217.000000
105.500000,137.500000,83.000000,217.000000
105.500000,137.500000,83.000000,217.000000
105.500000,137.500000,83.000000,217.000000
105.500000,137.500000,83.000000,217.000000
105.500000,137.500000,83.000000,217.000000
105.500000,137.500000,83.000000,217.000000
105.500000,137.500000,83.000000,217.000000
105.500000,137.500000,83.000000,217.000000
105.500000,137.500000,83.000000,217.000000
105.500000,137.500000,83.000000,217.000000
105.500000,137.500000,83.000000,217.000000
105.500000,137.500000,83.000000,217.000000
105.500000,137.500000,83.000000,217.000000
105.500000,137.500000,83.000000,217.000000
105.500000,137.500000,83.000000,217.000000
105.500000,137.500000,83.000000,217.000000
105.500000,137.500000,83.000000,217.000000
105.500000,137.500000,83.000000,217.000000
80.500000,182.500000,83.000000,217.000000
80.500000,182.500000,83.000000,217.000000
80.500000,182.500000,83.000000,217.000000
80.500000,182.500000,83.000000,217.000000
80.500000,182.500000,83.000000,217.000000
80.500000,182.500000,83.000000,217.000000
80.500000,182.500000,83.000000,217.000000
80.500000,182.500000,83.000000,217.000000
80.500000,182.500000,83.000000,217.000000
80.500000,182.500000,83.000000,217.000000
125.500000,147.500000,83.000000,217.000000
125.500000,147.500000,83.000000,217.000000
125.500000,147.500000,83.000000,217.000000
125.500000,147.500000,83.000000,217.000000
125.500000,147.500000,83.000000,217.000000
125.500000,147.500000,83.000000,217.000000
125.500000,147.500000,83.000000,217.000000
125.500000,147.500000,83.000000,217.000000
125.500000,147.500000,83.000000,217.000000
125.500000,147.500000,83.000000,217.000000
125.500000,147.500000,83.000000,217.000000
125.500000,147.500000,83.000000,217.000000
125.500000,147.500000,83.000000,217.000000
125.500000,147.500000,83.000000,217.000000
125.500000,147.500000,83.000000,217.000000
125.500000,147.500000,83.000000,217.000000
125.500000,147.500000,83.000000,217.000000
125.500000,147.500000,83.000000,217.000000
125.500000,147.500000,83.000000,217.000000
125.500000,147.500000,83.000000,217.000000
125.500000,147.500000,83.000000,217.000000
125.500000,147.500000,83.000000,217.000000
125.500000,147.500000,83.000000,217.000000
125.500000,147.500000,83.000000,217.000000
125.500000,147.500000,83.000000,217.000000
125.500000,147.500000,83.000000,217.000000
125.500000,147.500000,83.000000,217.000000
125.500000,147.500000,83.000000,217.000000
125.500000,147.500000,83.000000,217.000000
125.500000,147.500000,83.000000,217.000000
125.500000,147.500000,83.000000,217.000000
125.500000,147.500000,83.000000,217.000000
125.500000,147.500000,83.000000,217.000000
125.500000,147.500000,83.000000,217.000000
125.500000,147.500000,83.000000,217.000000
125.500000,147.500000,83.000000,217.000000
125.500000,147.500000,83.000000,217.000000
125.500000,147.500000,83.000000,217.000000
125.500000,147.500000,83.000000,217.000000
125.500000,147.500000,83.000000,217.000000
125.500000,147.500000,83.000000,217.000000
125.500000,147.500000,83.000000,217.000000
125.500000,147.500000,83.000000,217.000000
125.500000,147.500000,83.000000,217.000000
125.500000,147.500000,83.000000,217.000000
125.500000,147.500000,83.000000,217.000000
125.500000,147.500000,83.000000,217.000000
125.500000,147.500000,83.000000,217.000000
125.500000,147.500000,83.000000,217.000000
125.500000,147.500000,83.000000,217.000000
125.500000,147.500000,83.000000,217.000000
125.500000,147.500000,83.000000,217.000000
125.500000,147.500000,83.000000,217.000000
125.500000,147.500000,83.000000,217.000000
125.500000,147.500000,83.000000,217.000000
125.500000,147.500000,83.000000,217.000000
125.500000,147.500000,83.000000,217.000000
125.500000,147.500000,83.000000,217.000000
125.500000,147.500000,83.000000,217.000000
125.500000,147.500000,83.000000,217.000000
125.500000,147.500000,83.000000,217.000000
125.500000,147.500000,83.000000,217.000000
125.500000,147.500000,83.000000,217.000000
125.500000,147.500000,83.000000,217.000000
125.500000,147.500000,83.000000,217.000000
125.500000,147.500000,83.000000,217.000000
125.500000,147.500000,83.000000,217.000000
125.500000,147.500000,83.000000,217.000000
125.500000,147.500000,83.000000,217.000000
125.500000,147.500000,83.000000,217.000000
125.500000,147.500000,83.000000,217.000000
125.500000,147.500000,83.000000,217.000000
125.500000,147.500000,83.000000,217.000000
125.500000,147.500000,83.000000,217.000000
125.500000,147.500000,83.000000,217.000000
125.500000,147.500000,83.000000,217.000000
125.500000,147.500000,83.000000,217.000000
125.500000,147.500000,83.000000,217.000000
125.500000,147.500000,83.000000,217.000000
125.500000,147.500000,83.000000,217.000000
125.500000,147.500000,83.000000,217.000000
125.500000,147.500000,83.000000,217.000000
125.500000,147.500000,83.000000,217.000000
125.500000,147.500000,83.000000,217.000000
125.500000,147.500000,83.000000,217.000000
125.500000,147.500000,83.000000,217.000000
125.500000,147.500000,83.000000,217.000000
125.500000,147.500000,83.000000,217.000000
125.500000,147.500000,83.000000,217.000000
125.500000,147.500000,83.000000,217.000000
125.500000,147.500000,83.000000,217.000000
125.500000,147.500000,83.000000,217.000000
125.500000,147.500000,83.000000,217.000000
125.500000,147.500000,83.000000,217.000000
125.500000,147.500000,83.000000,217.000000
125.500000,147.500000,83.000000,217.000000
125.500000,147.500000,83.000000,217.000000
125.500000,147.500000,83.000000,217.000000
125.500000,147.500000,83.000000,217.000000
125.500000,147.500000,83.000000,217.000000
125.500000,147.500000,83.000000,217.000000
125.500000,147.500000,83.000000,217.000000
125.500000,147.500000,83.000000,217.000000
125.500000,147.500000,83.000000,217.000000
125.500000,147.500000,83.000000,217.000000
125.500000,147.500000,83.000000,217.000000
125.500000,147.500000,83.000000,217.000000
125.500000,147.500000,83.000000,217.000000
125.500000,147.500000,83.000000,217.000000
125.500000,147.500000,83.000000,217.000000
125.500000,147.500000,83.000000,217.000000
125.500000,147.500000,83.000000,217.000000
125.500000,147.500000,83.000000,217.000000
125.500000,147.500000,83.000000,217.000000
125.500000,147.500000,83.000000,217.000000
125.500000,147.500000,83.000000,217.000000
125.500000,147.500000,83.000000,217.000000
125.500000,147.500000,83.000000,217.000000
125.500000,147.500000,83.000000,217.000000
125.500000,147.500000,83.000000,217.000000
125.500000,147.500000,83.000000,217.000000
125.500000,147.500000,83.000000,217.000000
125.500000,147.500000,83.000000,217.000000
125.500000,147.500000,83.000000,217.000000
125.500000,147.500000,83.000000,217.000000
125.500000,147.500000,83.000000,217.000000
125.500000,147.500000,83.000000,217.000000
125.500000,147.500000,83.000000,217.000000
125.500000,147.500000,83.000000,217.000000
125.500000,147.500000,83.000000,217.000000
125.500000,147.500000,83.000000,217.000000
125.500000,147.500000,83.000000,217.000000
125.500000,147.500000,83.000000,217.000000
125.500000,147.500000,83.000000,217.000000
125.500000,147.500000,83.000000,217.000000
125.500000,147.500000,83.000000,217.000000
125.500000,147.500000,83.000000,217.000000
125.500000,147.500000,83.000000,217.000000
125.500000,147.500000,83.000000,217.000000
125.500000,147.500000,83.000000,217.000000
125.500000,147.500000,83.000000,217.000000
125.500000,147.500000,83.000000,217.000000
125.500000,147.500000,83.000000,217.000000
125.500000,147.500000,83.000000,217.000000
125.500000,147.500000,83.000000,217.000000
125.500000,147.500000,83.000000,217.000000
125.500000,147.500000,83.000000,217.000000
125.500000,147.500000,83.000000,217.000000
125.500000,147.500000,83.000000,217.000000
125.500000,147.500000,83.000000,217.000000
125.500000,147.500000,83.000000,217.000000
125.500000,147.500000,83.000000,217.000000
125.500000,147.500000,83.000000,217.000000
125.500000,147.500000,83.000000,217.000000
125.500000,147.500000,83.000000,217.000000
125.500000,147.500000,83.000000,217.000000
125.500000,147.500000,83.000000,217.000000
99.500000,138.500000,83.000000,217.000000
99.500000,138.500000,83.000000,217.000000
99.500000,138.500000,83.000000,217.000000
99.500000,138.500000,83.000000,217.000000
99.500000,138.500000,83.000000,217.000000
129.500000,18.500000,83.000000,217.000000
129.500000,18.500000,83.000000,217.000000
102.500000,43.500000,83.000000,217.000000
102.500000,43.500000,83.000000,217.000000
102.500000,43.500000,83.000000,217.000000
102.500000,43.500000,83.000000,217.000000
102.500000,43.500000,83.000000,217.000000
102.500000,43.500000,83.000000,217.000000
102.500000,43.500000,83.000000,217.000000
102.500000,43.500000,83.000000,217.000000
2
0
0
0
0
1
211.000000,158.000000,36.000000,131.000000
211.000000,158.000000,36.000000,131.000000
225.000000,171.500000,36.000000,131.000000
217.000000,130.500000,36.000000,131.000000
217.000000,130.500000,36.000000,131.000000
217.000000,130.500000,36.000000,131.000000
233.000000,207.500000,36.000000,131.000000
233.000000,207.500000,36.000000,131.000000
217.000000,160.500000,36.000000,131.000000
217.000000,160.500000,36.000000,131.000000
221.000000,243.500000,36.000000,131.000000
221.000000,243.500000,36.000000,131.000000
221.000000,243.500000,36.000000,131.000000
221.000000,243.500000,36.000000,131.000000
233.000000,243.500000,36.000000,131.000000
233.000000,243.500000,36.000000,131.000000
233.000000,243.500000,36.000000,131.000000
215.000000,231.500000,36.000000,131.000000
215.000000,231.500000,36.000000,131.000000
215.000000,231.500000,36.000000,131.000000
215.000000,231.500000,36.000000,131.000000
215.000000,231.500000,36.000000,131.000000
215.000000,231.500000,36.000000,131.000000
215.000000,231.500000,36.000000,131.000000
215.000000,231.500000,36.000000,131.000000
215.000000,231.500000,36.000000,131.000000
215.000000,231.500000,36.000000,131.000000
215.000000,231.500000,36.000000,131.000000
215.000000,231.500000,36.000000,131.000000
215.000000,231.500000,36.000000,131.000000
215.000000,231.500000,36.000000,131.000000
215.000000,231.500000,36.000000,131.000000
215.000000,231.500000,36.000000,131.000000
215.000000,231.500000,36.000000,131.000000
215.000000,231.500000,36.000000,131.000000
215.000000,231.500000,36.000000,131.000000
215.000000,231.500000,36.000000,131.000000
215.000000,231.500000,36.000000,131.000000
215.000000,231.500000,36.000000,131.000000
215.000000,231.500000,36.000000,131.000000
215.000000,231.500000,36.000000,131.000000
215.000000,231.500000,36.000000,131.000000
215.000000,231.500000,36.000000,131.000000
2
0
0
0
0
1
373.630005,205.110001,283.529968,253.409988
