1
147.000000,114.000000,83.000000,217.000000
147.000000,114.000000,83.000000,217.000000
147.000000,114.000000,83.000000,217.000000
147.000000,114.000000,83.000000,217.000000
147.000000,114.000000,83.000000,217.000000
147.000000,114.000000,83.000000,217.000000
147.000000,114.000000,83.000000,217.000000
147.000000,114.000000,83.000000,217.000000
147.000000,114.000000,83.000000,217.000000
124.500000,118.500000,83.000000,217.000000
124.500000,118.500000,83.000000,217.000000
124.500000,118.500000,83.000000,217.000000
124.500000,118.500000,83.000000,217.000000
124.500000,118.500000,83.000000,217.000000
124.500000,118.500000,83.000000,217.000000
124.500000,118.500000,83.000000,217.000000
124.500000,118.500000,83.000000,217.000000
124.500000,118.500000,83.000000,217.000000
124.500000,118.500000,83.000000,217.000000
124.500000,118.500000,83.000000,217.000000
124.500000,118.500000,83.000000,217.000000
124.500000,118.500000,83.000000,217.000000
124.500000,118.500000,83.000000,217.000000
124.500000,118.500000,83.000000,217.000000
124.500000,118.500000,83.000000,217.000000
124.500000,118.500000,83.000000,217.000000
124.500000,118.500000,83.000000,217.000000
124.500000,118.500000,83.000000,217.000000
124.500000,118.500000,83.000000,217.000000
124.500000,118.500000,83.000000,217.000000
124.500000,118.500000,83.000000,217.000000
124.500000,118.500000,83.000000,217.000000
124.500000,118.500000,83.000000,217.000000
124.500000,118.500000,83.000000,217.000000
124.500000,118.500000,83.000000,217.000000
124.500000,118.500000,83.000000,217.000000
124.500000,118.500000,83.000000,217.000000
124.500000,118.500000,83.000000,217.000000
124.500000,118.500000,83.000000,217.000000
124.500000,118.500000,83.000000,217.000000
124.500000,118.500000,83.000000,217.000000
124.500000,118.500000,83.000000,217.000000
124.500000,118.500000,83.000000,217.000000
124.500000,118.500000,83.000000,217.000000
124.500000,118.500000,83.000000,217.000000
124.500000,118.500000,83.000000,217.000000
124.500000,118.500000,83.000000,217.000000
124.500000,118.500000,83.000000,217.000000
124.500000,118.500000,83.000000,217.000000
124.500000,118.500000,83.000000,217.000000
124.500000,118.500000,83.000000,217.000000
124.500000,118.500000,83.000000,217.000000
124.500000,118.500000,83.000000,217.000000
65.500000,172.500000,83.000000,217.000000
65.500000,172.500000,83.000000,217.000000
131.500000,126.500000,83.000000,217.000000
131.500000,126.500000,83.000000,217.000000
131.500000,126.500000,83.000000,217.000000
131.500000,126.500000,83.000000,217.000000
131.500000,126.500000,83.000000,217.000000
131.500000,126.500000,83.000000,217.000000
131.500000,126.500000,83.000000,217.000000
131.500000,126.500000,83.000000,217.000000
131.500000,126.500000,83.000000,217.000000
131.500000,126.500000,83.000000,217.000000
131.500000,126.500000,83.000000,217.000000
131.500000,126.500000,83.000000,217.000000
131.500000,126.500000,83.000000,217.000000
131.500000,126.500000,83.000000,217.000000
131.500000,126.500000,83.000000,217.000000
131.500000,126.500000,83.000000,217.000000
131.500000,126.500000,83.000000,217.000000
131.500000,126.500000,83.000000,217.000000
131.500000,126.500000,83.000000,217.000000
131.500000,126.500000,83.000000,217.000000
131.500000,126.500000,83.000000,217.000000
131.500000,126.500000,83.000000,217.000000
131.500000,126.500000,83.000000,217.000000
131.500000,126.500000,83.000000,217.000000
131.500000,126.500000,83.000000,217.000000
131.500000,126.500000,83.000000,217.000000
131.500000,126.500000,83.000000,217.000000
131.500000,126.500000,83.000000,217.000000
131.500000,126.500000,83.000000,217.000000
131.500000,126.500000,83.000000,217.000000
131.500000,126.500000,83.000000,217.000000
131.500000,126.500000,83.000000,217.000000
131.500000,126.500000,83.000000,217.000000
131.500000,126.500000,83.000000,217.000000
131.500000,126.500000,83.000000,217.000000
131.500000,126.500000,83.000000,217.000000
131.500000,126.500000,83.000000,217.000000
87.500000,188.500000,83.000000,217.000000
87.500000,188.500000,83.000000,217.000000
87.500000,188.500000,83.000000,217.000000
87.500000,188.500000,83.000000,217.000000
59.500000,162.500000,83.000000,217.000000
59.500000,162.500000,83.000000,217.000000
59.500000,162.500000,83.000000,217.000000
59.500000,162.500000,83.000000,217.000000
59.500000,162.500000,83.000000,217.000000
59.500000,162.500000,83.000000,217.000000
59.500000,162.500000,83.000000,217.000000
105.500000,174.500000,83.000000,217.000000
105.500000,174.500000,83.000000,217.000000
105.500000,174.500000,83.000000,217.000000
105.500000,174.500000,83.000000,217.000000
105.500000,174.500000,83.000000,217.000000
105.500000,174.500000,83.000000,217.000000
105.500000,174.500000,83.000000,217.000000
105.500000,174.500000,83.000000,217.000000
105.500000,174.500000,83.000000,217.000000
105.500000,174.500000,83.000000,217.000000
105.500000,174.500000,83.000000,217.000000
105.500000,174.500000,83.000000,217.000000
105.500000,174.500000,83.000000,217.000000
105.500000,174.500000,83.000000,217.000000
105.500000,174.500000,83.000000,217.000000
105.500000,174.500000,83.000000,217.000000
105.500000,174.500000,83.000000,217.000000
105.500000,174.500000,83.000000,217.000000
105.500000,174.500000,83.000000,217.000000
105.500000,174.500000,83.000000,217.000000
105.500000,174.500000,83.000000,217.000000
105.500000,174.500000,83.000000,217.000000
105.500000,174.500000,83.000000,217.000000
105.500000,174.500000,83.000000,217.000000
105.500000,174.500000,83.000000,217.000000
105.500000,174.500000,83.000000,217.000000
105.500000,174.500000,83.000000,217.000000
105.500000,174.500000,83.000000,217.000000
105.500000,174.500000,83.000000,217.000000
105.500000,174.500000,83.000000,217.000000
105.500000,174.500000,83.000000,217.000000
105.500000,174.500000,83.000000,217.000000
105.500000,174.500000,83.000000,217.000000
105.500000,174.500000,83.000000,217.000000
105.500000,174.500000,83.000000,217.000000
105.500000,174.500000,83.000000,217.000000
105.500000,174.500000,83.000000,217.000000
105.500000,174.500000,83.000000,217.000000
105.500000,174.500000,83.000000,217.000000
105.500000,174.500000,83.000000,217.000000
105.500000,174.500000,83.000000,217.000000
105.500000,174.500000,83.000000,217.000000
105.500000,174.500000,83.000000,217.000000
105.500000,174.500000,83.000000,217.000000
105.500000,174.500000,83.000000,217.000000
105.500000,174.500000,83.000000,217.000000
105.500000,174.500000,83.000000,217.000000
105.500000,174.500000,83.000000,217.000000
105.500000,174.500000,83.000000,217.000000
105.500000,174.500000,83.000000,217.000000
105.500000,174.500000,83.000000,217.000000
105.500000,174.500000,83.000000,217.000000
105.500000,174.500000,83.000000,217.000000
105.500000,174.500000,83.000000,217.000000
105.500000,174.500000,83.000000,217.000000
105.500000,174.500000,83.000000,217.000000
105.500000,174.500000,83.000000,217.000000
105.500000,174.500000,83.000000,217.000000
105.500000,174.500000,83.000000,217.000000
105.500000,174.500000,83.000000,217.000000
105.500000,174.500000,83.000000,217.000000
105.500000,174.500000,83.000000,217.000000
105.500000,174.500000,83.000000,217.000000
105.500000,174.500000,83.000000,217.000000
105.500000,174.500000,83.000000,217.000000
105.500000,174.500000,83.000000,217.000000
105.500000,174.500000,83.000000,217.000000
105.500000,174.500000,83.000000,217.000000
105.500000,174.500000,83.000000,217.000000
105.500000,174.500000,83.000000,217.000000
105.500000,174.500000,83.000000,217.000000
105.500000,174.500000,83.000000,217.000000
105.500000,174.500000,83.000000,217.000000
105.500000,174.500000,83.000000,217.000000
105.500000,174.500000,83.000000,217.000000
105.500000,174.500000,83.000000,217.000000
105.500000,174.500000,83.000000,217.000000
105.500000,174.500000,83.000000,217.000000
105.500000,174.500000,83.000000,217.000000
105.500000,174.500000,83.000000,217.000000
105.500000,174.500000,83.000000,217.000000
105.500000,174.500000,83.000000,217.000000
105.500000,174.500000,83.000000,217.000000
105.500000,174.500000,83.000000,217.000000
105.500000,174.500000,83.000000,217.000000
105.500000,174.500000,83.000000,217.000000
105.500000,174.500000,83.000000,217.000000
105.500000,174.500000,83.000000,217.000000
105.500000,174.500000,83.000000,217.000000
105.500000,174.500000,83.000000,217.000000
105.500000,174.500000,83.000000,217.000000
105.500000,174.500000,83.000000,217.000000
105.500000,174.500000,83.000000,217.000000
105.500000,174.500000,83.000000,217.000000
105.500000,174.500000,83.000000,217.000000
105.500000,174.500000,83.000000,217.000000
105.500000,174.500000,83.000000,217.000000
105.500000,174.500000,83.000000,217.000000
105.500000,174.500000,83.000000,217.000000
105.500000,174.500000,83.000000,217.000000
105.500000,174.500000,83.000000,217.000000
105.500000,174.500000,83.000000,217.000000
105.500000,174.500000,83.000000,217.000000
105.500000,174.500000,83.000000,217.000000
105.500000,174.500000,83.000000,217.000000
105.500000,174.500000,83.000000,217.000000
105.500000,174.500000,83.000000,217.000000
105.500000,174.500000,83.000000,217.000000
105.500000,174.500000,83.000000,217.000000
105.500000,174.500000,83.000000,217.000000
105.500000,174.500000,83.000000,217.000000
105.500000,174.500000,83.000000,217.000000
105.500000,174.500000,83.000000,217.000000
105.500000,174.500000,83.000000,217.000000
105.500000,174.500000,83.000000,217.000000
105.500000,174.500000,83.000000,217.000000
105.500000,174.500000,83.000000,217.000000
105.500000,174.500000,83.000000,217.000000
105.500000,174.500000,83.000000,217.000000
105.500000,174.500000,83.000000,217.000000
105.500000,174.500000,83.000000,217.000000
105.500000,174.500000,83.000000,217.000000
105.500000,174.500000,83.000000,217.000000
105.500000,174.500000,83.000000,217.000000
105.500000,174.500000,83.000000,217.000000
105.500000,174.500000,83.000000,217.000000
105.500000,174.500000,83.000000,217.000000
105.500000,174.500000,83.000000,217.000000
105.500000,174.500000,83.000000,217.000000
105.500000,174.500000,83.000000,217.000000
105.500000,174.500000,83.000000,217.000000
105.500000,174.500000,83.000000,217.000000
2
0
0
0
0
1
211.000000,158.000000,36.000000,131.000000
211.000000,158.000000,36.000000,131.000000
225.000000,171.500000,36.000000,131.000000
217.000000,125.500000,36.000000,131.000000
217.000000,125.500000,36.000000,131.000000
217.000000,125.500000,36.000000,131.000000
233.000000,207.500000,36.000000,131.000000
233.000000,207.500000,36.000000,131.000000
217.000000,160.500000,36.000000,131.000000
217.000000,160.500000,36.000000,131.000000
217.000000,160.500000,36.000000,131.000000
217.000000,160.500000,36.000000,131.000000
217.000000,160.500000,36.000000,131.000000
217.000000,160.500000,36.000000,131.000000
217.000000,160.500000,36.000000,131.000000
217.000000,160.500000,36.000000,131.000000
203.000000,247.500000,36.000000,131.000000
203.000000,247.500000,36.000000,131.000000
203.000000,247.500000,36.000000,131.000000
203.000000,247.500000,36.000000,131.000000
203.000000,247.500000,36.000000,131.000000
203.000000,247.500000,36.000000,131.000000
203.000000,247.500000,36.000000,131.000000
203.000000,247.500000,36.000000,131.000000
203.000000,247.500000,36.000000,131.000000
203.000000,247.500000,36.000000,131.000000
203.000000,247.500000,36.000000,131.000000
203.000000,247.500000,36.000000,131.000000
203.000000,247.500000,36.000000,131.000000
196.000000,146.500000,36.000000,131.000000
196.000000,146.500000,36.000000,131.000000
196.000000,146.500000,36.000000,131.000000
196.000000,146.500000,36.000000,131.000000
196.000000,146.500000,36.000000,131.000000
196.000000,146.500000,36.000000,131.000000
196.000000,146.500000,36.000000,131.000000
196.000000,146.500000,36.000000,131.000000
196.000000,146.500000,36.000000,131.000000
210.000000,75.500000,36.000000,131.000000
210.000000,75.500000,36.000000,131.000000
221.000000,124.500000,36.000000,131.000000
221.000000,124.500000,36.000000,131.000000
221.000000,124.500000,36.000000,131.000000
2
0
0
0
0
1
373.630005,205.110001,283.529968,253.409988
