1
147.000000,114.000000,83.000000,217.000000
147.000000,114.000000,83.000000,217.000000
147.000000,114.000000,83.000000,217.000000
147.000000,114.000000,83.000000,217.000000
147.000000,114.000000,83.000000,217.000000
147.000000,114.000000,83.000000,217.000000
147.000000,114.000000,83.000000,217.000000
147.000000,114.000000,83.000000,217.000000
147.000000,114.000000,83.000000,217.000000
119.500000,123.500000,83.000000,217.000000
119.500000,123.500000,83.000000,217.000000
119.500000,123.500000,83.000000,217.000000
119.500000,123.500000,83.000000,217.000000
119.500000,123.500000,83.000000,217.000000
119.500000,123.500000,83.000000,217.000000
119.500000,123.500000,83.000000,217.000000
119.500000,123.500000,83.000000,217.000000
119.500000,123.500000,83.000000,217.000000
119.500000,123.500000,83.000000,217.000000
119.500000,123.500000,83.000000,217.000000
119.500000,123.500000,83.000000,217.000000
119.500000,123.500000,83.000000,217.000000
119.500000,123.500000,83.000000,217.000000
119.500000,123.500000,83.000000,217.000000
119.500000,123.500000,83.000000,217.000000
119.500000,123.500000,83.000000,217.000000
119.500000,123.500000,83.000000,217.000000
119.500000,123.500000,83.000000,217.000000
119.500000,123.500000,83.000000,217.000000
119.500000,123.500000,83.000000,217.000000
119.500000,123.500000,83.000000,217.000000
119.500000,123.500000,83.000000,217.000000
119.500000,123.500000,83.000000,217.000000
119.500000,123.500000,83.000000,217.000000
119.500000,123.500000,83.000000,217.000000
119.500000,123.500000,83.000000,217.000000
119.500000,123.500000,83.000000,217.000000
119.500000,123.500000,83.000000,217.000000
119.500000,123.500000,83.000000,217.000000
119.500000,123.500000,83.000000,217.000000
119.500000,123.500000,83.000000,217.000000
119.500000,123.500000,83.000000,217.000000
119.500000,123.500000,83.000000,217.000000
119.500000,123.500000,83.000000,217.000000
119.500000,123.500000,83.000000,217.000000
119.500000,123.500000,83.000000,217.000000
119.500000,123.500000,83.000000,217.000000
119.500000,123.500000,83.000000,217.000000
119.500000,123.500000,83.000000,217.000000
119.500000,123.500000,83.000000,217.000000
119.500000,123.500000,83.000000,217.000000
119.500000,123.500000,83.000000,217.000000
106.500000,198.500000,83.000000,217.000000
106.500000,198.500000,83.000000,217.000000
106.500000,198.500000,83.000000,217.000000
106.500000,198.500000,83.000000,217.000000
137.500000,155.500000,83.000000,217.000000
137.500000,155.500000,83.000000,217.000000
137.500000,155.500000,83.000000,217.000000
137.500000,155.500000,83.000000,217.000000
137.500000,155.500000,83.000000,217.000000
137.500000,155.500000,83.000000,217.000000
137.500000,155.500000,83.000000,217.000000
137.500000,155.500000,83.000000,217.000000
137.500000,155.500000,83.000000,217.000000
137.500000,155.500000,83.000000,217.000000
137.500000,155.500000,83.000000,217.000000
111.500000,178.500000,83.000000,217.000000
111.500000,178.500000,83.000000,217.000000
111.500000,178.500000,83.000000,217.000000
111.500000,178.500000,83.000000,217.000000
111.500000,178.500000,83.000000,217.000000
111.500000,178.500000,83.000000,217.000000
111.500000,178.500000,83.000000,217.000000
111.500000,178.500000,83.000000,217.000000
111.500000,178.500000,83.000000,217.000000
111.500000,178.500000,83.000000,217.000000
111.500000,178.500000,83.000000,217.000000
111.500000,178.500000,83.000000,217.000000
111.500000,178.500000,83.000000,217.000000
111.500000,178.500000,83.000000,217.000000
111.500000,178.500000,83.000000,217.000000
111.500000,178.500000,83.000000,217.000000
111.500000,178.500000,83.000000,217.000000
111.500000,178.500000,83.000000,217.000000
111.500000,178.500000,83.000000,217.000000
111.500000,178.500000,83.000000,217.000000
111.500000,178.500000,83.000000,217.000000
111.500000,178.500000,83.000000,217.000000
111.500000,178.500000,83.000000,217.000000
111.500000,178.500000,83.000000,217.000000
111.500000,178.500000,83.000000,217.000000
111.500000,178.500000,83.000000,217.000000
111.500000,178.500000,83.000000,217.000000
111.500000,178.500000,83.000000,217.000000
111.500000,178.500000,83.000000,217.000000
111.500000,178.500000,83.000000,217.000000
111.500000,178.500000,83.000000,217.000000
111.500000,178.500000,83.000000,217.000000
111.500000,178.500000,83.000000,217.000000
111.500000,178.500000,83.000000,217.000000
111.500000,178.500000,83.000000,217.000000
111.500000,178.500000,83.000000,217.000000
111.500000,178.500000,83.000000,217.000000
111.500000,178.500000,83.000000,217.000000
111.500000,178.500000,83.000000,217.000000
111.500000,178.500000,83.000000,217.000000
111.500000,178.500000,83.000000,217.000000
111.500000,178.500000,83.000000,217.000000
111.500000,178.500000,83.000000,217.000000
111.500000,178.500000,83.000000,217.000000
111.500000,178.500000,83.000000,217.000000
111.500000,178.500000,83.000000,217.000000
111.500000,178.500000,83.000000,217.000000
111.500000,178.500000,83.000000,217.000000
111.500000,178.500000,83.000000,217.000000
111.500000,178.500000,83.000000,217.000000
111.500000,178.500000,83.000000,217.000000
111.500000,178.500000,83.000000,217.000000
111.500000,178.500000,83.000000,217.000000
111.500000,178.500000,83.000000,217.000000
111.500000,178.500000,83.000000,217.000000
111.500000,178.500000,83.000000,217.000000
111.500000,178.500000,83.000000,217.000000
111.500000,178.500000,83.000000,217.000000
111.500000,178.500000,83.000000,217.000000
111.500000,178.500000,83.000000,217.000000
111.500000,178.500000,83.000000,217.000000
111.500000,178.500000,83.000000,217.000000
111.500000,178.500000,83.000000,217.000000
111.500000,178.500000,83.000000,217.000000
111.500000,178.500000,83.000000,217.000000
111.500000,178.500000,83.000000,217.000000
111.500000,178.500000,83.000000,217.000000
111.500000,178.500000,83.000000,217.000000
111.500000,178.500000,83.000000,217.000000
111.500000,178.500000,83.000000,217.000000
111.500000,178.500000,83.000000,217.000000
111.500000,178.500000,83.000000,217.000000
111.500000,178.500000,83.000000,217.000000
111.500000,178.500000,83.000000,217.000000
111.500000,178.500000,83.000000,217.000000
111.500000,178.500000,83.000000,217.000000
111.500000,178.500000,83.000000,217.000000
111.500000,178.500000,83.000000,217.000000
111.500000,178.500000,83.000000,217.000000
111.500000,178.500000,83.000000,217.000000
111.500000,178.500000,83.000000,217.000000
111.500000,178.500000,83.000000,217.000000
111.500000,178.500000,83.000000,217.000000
111.500000,178.500000,83.000000,217.000000
111.500000,178.500000,83.000000,217.000000
111.500000,178.500000,83.000000,217.000000
111.500000,178.500000,83.000000,217.000000
111.500000,178.500000,83.000000,217.000000
111.500000,178.500000,83.000000,217.000000
111.500000,178.500000,83.000000,217.000000
111.500000,178.500000,83.000000,217.000000
111.500000,178.500000,83.000000,217.000000
111.500000,178.500000,83.000000,217.000000
111.500000,178.500000,83.000000,217.000000
111.500000,178.500000,83.000000,217.000000
111.500000,178.500000,83.000000,217.000000
111.500000,178.500000,83.000000,217.000000
111.500000,178.500000,83.000000,217.000000
111.500000,178.500000,83.000000,217.000000
111.500000,178.500000,83.000000,217.000000
111.500000,178.500000,83.000000,217.000000
111.500000,178.500000,83.000000,217.000000
111.500000,178.500000,83.000000,217.000000
111.500000,178.500000,83.000000,217.000000
111.500000,178.500000,83.000000,217.000000
111.500000,178.500000,83.000000,217.000000
111.500000,178.500000,83.000000,217.000000
111.500000,178.500000,83.000000,217.000000
111.500000,178.500000,83.000000,217.000000
111.500000,178.500000,83.000000,217.000000
111.500000,178.500000,83.000000,217.000000
111.500000,178.500000,83.000000,217.000000
111.500000,178.500000,83.000000,217.000000
111.500000,178.500000,83.000000,217.000000
111.500000,178.500000,83.000000,217.000000
111.500000,178.500000,83.000000,217.000000
111.500000,178.500000,83.000000,217.000000
111.500000,178.500000,83.000000,217.000000
111.500000,178.500000,83.000000,217.000000
111.500000,178.500000,83.000000,217.000000
111.500000,178.500000,83.000000,217.000000
111.500000,178.500000,83.000000,217.000000
111.500000,178.500000,83.000000,217.000000
111.500000,178.500000,83.000000,217.000000
111.500000,178.500000,83.000000,217.000000
111.500000,178.500000,83.000000,217.000000
111.500000,178.500000,83.000000,217.000000
111.500000,178.500000,83.000000,217.000000
111.500000,178.500000,83.000000,217.000000
111.500000,178.500000,83.000000,217.000000
111.500000,178.500000,83.000000,217.000000
111.500000,178.500000,83.000000,217.000000
111.500000,178.500000,83.000000,217.000000
111.500000,178.500000,83.000000,217.000000
111.500000,178.500000,83.000000,217.000000
111.500000,178.500000,83.000000,217.000000
111.500000,178.500000,83.000000,217.000000
111.500000,178.500000,83.000000,217.000000
111.500000,178.500000,83.000000,217.000000
111.500000,178.500000,83.000000,217.000000
111.500000,178.500000,83.000000,217.000000
111.500000,178.500000,83.000000,217.000000
111.500000,178.500000,83.000000,217.000000
111.500000,178.500000,83.000000,217.000000
111.500000,178.500000,83.000000,217.000000
111.500000,178.500000,83.000000,217.000000
111.500000,178.500000,83.000000,217.000000
111.500000,178.500000,83.000000,217.000000
111.500000,178.500000,83.000000,217.000000
111.500000,178.500000,83.000000,217.000000
111.500000,178.500000,83.000000,217.000000
176.500000,127.500000,83.000000,217.000000
170.500000,70.500000,83.000000,217.000000
170.500000,70.500000,83.000000,217.000000
113.500000,88.500000,83.000000,217.000000
113.500000,88.500000,83.000000,217.000000
113.500000,88.500000,83.000000,217.000000
113.500000,88.500000,83.000000,217.000000
113.500000,88.500000,83.000000,217.000000
113.500000,88.500000,83.000000,217.000000
113.500000,88.500000,83.000000,217.000000
101.500000,13.500000,83.000000,217.000000
101.500000,13.500000,83.000000,217.000000
101.500000,13.500000,83.000000,217.000000
101.500000,13.500000,83.000000,217.000000
101.500000,13.500000,83.000000,217.000000
101.500000,13.500000,83.000000,217.000000
101.500000,13.500000,83.000000,217.000000
2
0
0
0
0
1
211.000000,158.000000,36.000000,131.000000
211.000000,158.000000,36.000000,131.000000
225.000000,161.500000,36.000000,131.000000
217.000000,120.500000,36.000000,131.000000
217.000000,120.500000,36.000000,131.000000
217.000000,120.500000,36.000000,131.000000
217.000000,120.500000,36.000000,131.000000
210.000000,176.500000,36.000000,131.000000
210.000000,176.500000,36.000000,131.000000
229.000000,234.500000,36.000000,131.000000
229.000000,234.500000,36.000000,131.000000
248.000000,192.500000,36.000000,131.000000
230.000000,211.500000,36.000000,131.000000
230.000000,211.500000,36.000000,131.000000
230.000000,211.500000,36.000000,131.000000
230.000000,211.500000,36.000000,131.000000
230.000000,211.500000,36.000000,131.000000
215.000000,241.500000,36.000000,131.000000
215.000000,241.500000,36.000000,131.000000
215.000000,241.500000,36.000000,131.000000
215.000000,241.500000,36.000000,131.000000
215.000000,241.500000,36.000000,131.000000
215.000000,241.500000,36.000000,131.000000
215.000000,241.500000,36.000000,131.000000
215.000000,241.500000,36.000000,131.000000
215.000000,241.500000,36.000000,131.000000
215.000000,241.500000,36.000000,131.000000
215.000000,241.500000,36.000000,131.000000
215.000000,241.500000,36.000000,131.000000
189.000000,149.500000,36.000000,131.000000
189.000000,149.500000,36.000000,131.000000
189.000000,149.500000,36.000000,131.000000
189.000000,149.500000,36.000000,131.000000
189.000000,149.500000,36.000000,131.000000
189.000000,149.500000,36.000000,131.000000
189.000000,149.500000,36.000000,131.000000
225.000000,126.500000,36.000000,131.000000
225.000000,126.500000,36.000000,131.000000
223.000000,105.500000,36.000000,131.000000
223.000000,105.500000,36.000000,131.000000
223.000000,105.500000,36.000000,131.000000
255.000000,121.500000,36.000000,131.000000
255.000000,121.500000,36.000000,131.000000
281.000000,173.500000,36.000000,131.000000
281.000000,173.500000,36.000000,131.000000
305.000000,183.500000,36.000000,131.000000
322.000000,218.500000,36.000000,131.000000
322.000000,218.500000,36.000000,131.000000
2
0
