1
147.000000,114.000000,83.000000,217.000000
147.000000,114.000000,83.000000,217.000000
147.000000,114.000000,83.000000,217.000000
147.000000,114.000000,83.000000,217.000000
147.000000,114.000000,83.000000,217.000000
147.000000,114.000000,83.000000,217.000000
147.000000,114.000000,83.000000,217.000000
147.000000,114.000000,83.000000,217.000000
147.000000,114.000000,83.000000,217.000000
147.000000,114.000000,83.000000,217.000000
147.000000,114.000000,83.000000,217.000000
147.000000,114.000000,83.000000,217.000000
147.000000,114.000000,83.000000,217.000000
147.000000,114.000000,83.000000,217.000000
147.000000,114.000000,83.000000,217.000000
147.000000,114.000000,83.000000,217.000000
146.500000,113.500000,83.000000,217.000000
146.500000,113.500000,83.000000,217.000000
146.500000,113.500000,83.000000,217.000000
146.500000,113.500000,83.000000,217.000000
146.500000,113.500000,83.000000,217.000000
146.500000,113.500000,83.000000,217.000000
146.500000,113.500000,83.000000,217.000000
146.500000,113.500000,83.000000,217.000000
146.500000,113.500000,83.000000,217.000000
146.500000,113.500000,83.000000,217.000000
146.500000,113.500000,83.000000,217.000000
146.500000,113.500000,83.000000,217.000000
146.500000,113.500000,83.000000,217.000000
146.500000,113.500000,83.000000,217.000000
146.500000,113.500000,83.000000,217.000000
146.500000,113.500000,83.000000,217.000000
146.500000,113.500000,83.000000,217.000000
146.500000,113.500000,83.000000,217.000000
146.500000,113.500000,83.000000,217.000000
146.500000,113.500000,83.000000,217.000000
88.500000,162.500000,83.000000,217.000000
88.500000,162.500000,83.000000,217.000000
88.500000,162.500000,83.000000,217.000000
88.500000,162.500000,83.000000,217.000000
88.500000,162.500000,83.000000,217.000000
88.500000,162.500000,83.000000,217.000000
88.500000,162.500000,83.000000,217.000000
88.500000,162.500000,83.000000,217.000000
88.500000,162.500000,83.000000,217.000000
88.500000,162.500000,83.000000,217.000000
88.500000,162.500000,83.000000,217.000000
88.500000,162.500000,83.000000,217.000000
88.500000,162.500000,83.000000,217.000000
88.500000,162.500000,83.000000,217.000000
135.500000,136.500000,83.000000,217.000000
135.500000,136.500000,83.000000,217.000000
135.500000,136.500000,83.000000,217.000000
135.500000,136.500000,83.000000,217.000000
135.500000,136.500000,83.000000,217.000000
135.500000,136.500000,83.000000,217.000000
135.500000,136.500000,83.000000,217.000000
135.500000,136.500000,83.000000,217.000000
135.500000,136.500000,83.000000,217.000000
135.500000,136.500000,83.000000,217.000000
135.500000,136.500000,83.000000,217.000000
135.500000,136.500000,83.000000,217.000000
135.500000,136.500000,83.000000,217.000000
135.500000,136.500000,83.000000,217.000000
135.500000,136.500000,83.000000,217.000000
135.500000,136.500000,83.000000,217.000000
135.500000,136.500000,83.000000,217.000000
111.500000,178.500000,83.000000,217.000000
111.500000,178.500000,83.000000,217.000000
111.500000,178.500000,83.000000,217.000000
111.500000,178.500000,83.000000,217.000000
111.500000,178.500000,83.000000,217.000000
111.500000,178.500000,83.000000,217.000000
111.500000,178.500000,83.000000,217.000000
111.500000,178.500000,83.000000,217.000000
111.500000,178.500000,83.000000,217.000000
111.500000,178.500000,83.000000,217.000000
111.500000,178.500000,83.000000,217.000000
111.500000,178.500000,83.000000,217.000000
111.500000,178.500000,83.000000,217.000000
111.500000,178.500000,83.000000,217.000000
111.500000,178.500000,83.000000,217.000000
111.500000,178.500000,83.000000,217.000000
111.500000,178.500000,83.000000,217.000000
111.500000,178.500000,83.000000,217.000000
111.500000,178.500000,83.000000,217.000000
111.500000,178.500000,83.000000,217.000000
111.500000,178.500000,83.000000,217.000000
111.500000,178.500000,83.000000,217.000000
111.500000,178.500000,83.000000,217.000000
111.500000,178.500000,83.000000,217.000000
111.500000,178.500000,83.000000,217.000000
111.500000,178.500000,83.000000,217.000000
111.500000,178.500000,83.000000,217.000000
111.500000,178.500000,83.000000,217.000000
111.500000,178.500000,83.000000,217.000000
111.500000,178.500000,83.000000,217.000000
111.500000,178.500000,83.000000,217.000000
111.500000,178.500000,83.000000,217.000000
111.500000,178.500000,83.000000,217.000000
111.500000,178.500000,83.000000,217.000000
111.500000,178.500000,83.000000,217.000000
111.500000,178.500000,83.000000,217.000000
111.500000,178.500000,83.000000,217.000000
111.500000,178.500000,83.000000,217.000000
111.500000,178.500000,83.000000,217.000000
111.500000,178.500000,83.000000,217.000000
111.500000,178.500000,83.000000,217.000000
111.500000,178.500000,83.000000,217.000000
111.500000,178.500000,83.000000,217.000000
111.500000,178.500000,83.000000,217.000000
111.500000,178.500000,83.000000,217.000000
111.500000,178.500000,83.000000,217.000000
111.500000,178.500000,83.000000,217.000000
111.500000,178.500000,83.000000,217.000000
111.500000,178.500000,83.000000,217.000000
111.500000,178.500000,83.000000,217.000000
111.500000,178.500000,83.000000,217.000000
111.500000,178.500000,83.000000,217.000000
111.500000,178.500000,83.000000,217.000000
111.500000,178.500000,83.000000,217.000000
111.500000,178.500000,83.000000,217.000000
111.500000,178.500000,83.000000,217.000000
111.500000,178.500000,83.000000,217.000000
111.500000,178.500000,83.000000,217.000000
111.500000,178.500000,83.000000,217.000000
111.500000,178.500000,83.000000,217.000000
111.500000,178.500000,83.000000,217.000000
111.500000,178.500000,83.000000,217.000000
111.500000,178.500000,83.000000,217.000000
111.500000,178.500000,83.000000,217.000000
111.500000,178.500000,83.000000,217.000000
111.500000,178.500000,83.000000,217.000000
111.500000,178.500000,83.000000,217.000000
111.500000,178.500000,83.000000,217.000000
111.500000,178.500000,83.000000,217.000000
111.500000,178.500000,83.000000,217.000000
111.500000,178.500000,83.000000,217.000000
111.500000,178.500000,83.000000,217.000000
111.500000,178.500000,83.000000,217.000000
111.500000,178.500000,83.000000,217.000000
111.500000,178.500000,83.000000,217.000000
111.500000,178.500000,83.000000,217.000000
111.500000,178.500000,83.000000,217.000000
111.500000,178.500000,83.000000,217.000000
111.500000,178.500000,83.000000,217.000000
111.500000,178.500000,83.000000,217.000000
111.500000,178.500000,83.000000,217.000000
111.500000,178.500000,83.000000,217.000000
111.500000,178.500000,83.000000,217.000000
111.500000,178.500000,83.000000,217.000000
111.500000,178.500000,83.000000,217.000000
111.500000,178.500000,83.000000,217.000000
111.500000,178.500000,83.000000,217.000000
111.500000,178.500000,83.000000,217.000000
111.500000,178.500000,83.000000,217.000000
111.500000,178.500000,83.000000,217.000000
111.500000,178.500000,83.000000,217.000000
111.500000,178.500000,83.000000,217.000000
111.500000,178.500000,83.000000,217.000000
111.500000,178.500000,83.000000,217.000000
111.500000,178.500000,83.000000,217.000000
111.500000,178.500000,83.000000,217.000000
111.500000,178.500000,83.000000,217.000000
111.500000,178.500000,83.000000,217.000000
111.500000,178.500000,83.000000,217.000000
111.500000,178.500000,83.000000,217.000000
111.500000,178.500000,83.000000,217.000000
111.500000,178.500000,83.000000,217.000000
111.500000,178.500000,83.000000,217.000000
111.500000,178.500000,83.000000,217.000000
111.500000,178.500000,83.000000,217.000000
111.500000,178.500000,83.000000,217.000000
111.500000,178.500000,83.000000,217.000000
111.500000,178.500000,83.000000,217.000000
111.500000,178.500000,83.000000,217.000000
111.500000,178.500000,83.000000,217.000000
111.500000,178.500000,83.000000,217.000000
111.500000,178.500000,83.000000,217.000000
111.500000,178.500000,83.000000,217.000000
111.500000,178.500000,83.000000,217.000000
111.500000,178.500000,83.000000,217.000000
111.500000,178.500000,83.000000,217.000000
111.500000,178.500000,83.000000,217.000000
111.500000,178.500000,83.000000,217.000000
111.500000,178.500000,83.000000,217.000000
111.500000,178.500000,83.000000,217.000000
111.500000,178.500000,83.000000,217.000000
111.500000,178.500000,83.000000,217.000000
111.500000,178.500000,83.000000,217.000000
111.500000,178.500000,83.000000,217.000000
111.500000,178.500000,83.000000,217.000000
111.500000,178.500000,83.000000,217.000000
111.500000,178.500000,83.000000,217.000000
111.500000,178.500000,83.000000,217.000000
111.500000,178.500000,83.000000,217.000000
111.500000,178.500000,83.000000,217.000000
111.500000,178.500000,83.000000,217.000000
111.500000,178.500000,83.000000,217.000000
111.500000,178.500000,83.000000,217.000000
111.500000,178.500000,83.000000,217.000000
111.500000,178.500000,83.000000,217.000000
111.500000,178.500000,83.000000,217.000000
111.500000,178.500000,83.000000,217.000000
111.500000,178.500000,83.000000,217.000000
111.500000,178.500000,83.000000,217.000000
111.500000,178.500000,83.000000,217.000000
111.500000,178.500000,83.000000,217.000000
111.500000,178.500000,83.000000,217.000000
111.500000,178.500000,83.000000,217.000000
111.500000,178.500000,83.000000,217.000000
111.500000,178.500000,83.000000,217.000000
111.500000,178.500000,83.000000,217.000000
111.500000,178.500000,83.000000,217.000000
111.500000,178.500000,83.000000,217.000000
111.500000,178.500000,83.000000,217.000000
111.500000,178.500000,83.000000,217.000000
111.500000,178.500000,83.000000,217.000000
111.500000,178.500000,83.000000,217.000000
113.500000,90.500000,83.000000,217.000000
113.500000,90.500000,83.000000,217.000000
113.500000,90.500000,83.000000,217.000000
113.500000,90.500000,83.000000,217.000000
65.500000,215.500000,83.000000,217.000000
65.500000,215.500000,83.000000,217.000000
65.500000,215.500000,83.000000,217.000000
65.500000,215.500000,83.000000,217.000000
65.500000,215.500000,83.000000,217.000000
2
0
0
0
0
1
177.000000,158.000000,58.000000,94.000000
177.000000,158.000000,58.000000,94.000000
177.000000,158.000000,58.000000,94.000000
177.000000,158.000000,58.000000,94.000000
177.000000,158.000000,58.000000,94.000000
177.000000,158.000000,58.000000,94.000000
177.000000,158.000000,58.000000,94.000000
177.000000,158.000000,58.000000,94.000000
177.000000,158.000000,58.000000,94.000000
177.000000,158.000000,58.000000,94.000000
177.000000,158.000000,58.000000,94.000000
209.000000,202.000000,58.000000,94.000000
209.000000,202.000000,58.000000,94.000000
209.000000,202.000000,58.000000,94.000000
209.000000,202.000000,58.000000,94.000000
209.000000,202.000000,58.000000,94.000000
209.000000,202.000000,58.000000,94.000000
209.000000,202.000000,58.000000,94.000000
209.000000,202.000000,58.000000,94.000000
209.000000,202.000000,58.000000,94.000000
209.000000,202.000000,58.000000,94.000000
209.000000,202.000000,58.000000,94.000000
209.000000,202.000000,58.000000,94.000000
209.000000,202.000000,58.000000,94.000000
209.000000,202.000000,58.000000,94.000000
209.000000,202.000000,58.000000,94.000000
209.000000,202.000000,58.000000,94.000000
209.000000,202.000000,58.000000,94.000000
209.000000,202.000000,58.000000,94.000000
209.000000,202.000000,58.000000,94.000000
209.000000,202.000000,58.000000,94.000000
209.000000,202.000000,58.000000,94.000000
209.000000,202.000000,58.000000,94.000000
209.000000,202.000000,58.000000,94.000000
186.000000,162.000000,58.000000,94.000000
186.000000,162.000000,58.000000,94.000000
186.000000,162.000000,58.000000,94.000000
186.000000,162.000000,58.000000,94.000000
186.000000,162.000000,58.000000,94.000000
186.000000,162.000000,58.000000,94.000000
186.000000,162.000000,58.000000,94.000000
186.000000,162.000000,58.000000,94.000000
186.000000,162.000000,58.000000,94.000000
186.000000,162.000000,58.000000,94.000000
186.000000,162.000000,58.000000,94.000000
186.000000,162.000000,58.000000,94.000000
186.000000,162.000000,58.000000,94.000000
186.000000,162.000000,58.000000,94.000000
186.000000,162.000000,58.000000,94.000000
186.000000,162.000000,58.000000,94.000000
256.000000,200.000000,58.000000,94.000000
256.000000,200.000000,58.000000,94.000000
2
0
0
0
0
