1
147.000000,114.000000,83.000000,217.000000
147.000000,114.000000,83.000000,217.000000
147.000000,114.000000,83.000000,217.000000
147.000000,114.000000,83.000000,217.000000
147.000000,114.000000,83.000000,217.000000
147.000000,114.000000,83.000000,217.000000
147.000000,114.000000,83.000000,217.000000
147.000000,114.000000,83.000000,217.000000
147.000000,114.000000,83.000000,217.000000
119.500000,123.500000,83.000000,217.000000
119.500000,123.500000,83.000000,217.000000
119.500000,123.500000,83.000000,217.000000
119.500000,123.500000,83.000000,217.000000
119.500000,123.500000,83.000000,217.000000
119.500000,123.500000,83.000000,217.000000
119.500000,123.500000,83.000000,217.000000
119.500000,123.500000,83.000000,217.000000
119.500000,123.500000,83.000000,217.000000
119.500000,123.500000,83.000000,217.000000
119.500000,123.500000,83.000000,217.000000
119.500000,123.500000,83.000000,217.000000
119.500000,123.500000,83.000000,217.000000
119.500000,123.500000,83.000000,217.000000
119.500000,123.500000,83.000000,217.000000
119.500000,123.500000,83.000000,217.000000
119.500000,123.500000,83.000000,217.000000
119.500000,123.500000,83.000000,217.000000
119.500000,123.500000,83.000000,217.000000
119.500000,123.500000,83.000000,217.000000
119.500000,123.500000,83.000000,217.000000
119.500000,123.500000,83.000000,217.000000
119.500000,123.500000,83.000000,217.000000
119.500000,123.500000,83.000000,217.000000
119.500000,123.500000,83.000000,217.000000
119.500000,123.500000,83.000000,217.000000
119.500000,123.500000,83.000000,217.000000
119.500000,123.500000,83.000000,217.000000
119.500000,123.500000,83.000000,217.000000
119.500000,123.500000,83.000000,217.000000
119.500000,123.500000,83.000000,217.000000
119.500000,123.500000,83.000000,217.000000
119.500000,123.500000,83.000000,217.000000
119.500000,123.500000,83.000000,217.000000
119.500000,123.500000,83.000000,217.000000
119.500000,123.500000,83.000000,217.000000
119.500000,123.500000,83.000000,217.000000
119.500000,123.500000,83.000000,217.000000
119.500000,123.500000,83.000000,217.000000
119.500000,123.500000,83.000000,217.000000
119.500000,123.500000,83.000000,217.000000
119.500000,123.500000,83.000000,217.000000
119.500000,123.500000,83.000000,217.000000
81.500000,193.500000,83.000000,217.000000
81.500000,193.500000,83.000000,217.000000
81.500000,193.500000,83.000000,217.000000
113.500000,177.500000,83.000000,217.000000
113.500000,177.500000,83.000000,217.000000
113.500000,177.500000,83.000000,217.000000
75.500000,186.500000,83.000000,217.000000
75.500000,186.500000,83.000000,217.000000
75.500000,186.500000,83.000000,217.000000
122.500000,150.500000,83.000000,217.000000
122.500000,150.500000,83.000000,217.000000
122.500000,150.500000,83.000000,217.000000
122.500000,150.500000,83.000000,217.000000
122.500000,150.500000,83.000000,217.000000
122.500000,150.500000,83.000000,217.000000
122.500000,150.500000,83.000000,217.000000
95.500000,181.500000,83.000000,217.000000
95.500000,181.500000,83.000000,217.000000
95.500000,181.500000,83.000000,217.000000
95.500000,181.500000,83.000000,217.000000
95.500000,181.500000,83.000000,217.000000
95.500000,181.500000,83.000000,217.000000
95.500000,181.500000,83.000000,217.000000
95.500000,181.500000,83.000000,217.000000
95.500000,181.500000,83.000000,217.000000
95.500000,181.500000,83.000000,217.000000
95.500000,181.500000,83.000000,217.000000
95.500000,181.500000,83.000000,217.000000
95.500000,181.500000,83.000000,217.000000
95.500000,181.500000,83.000000,217.000000
95.500000,181.500000,83.000000,217.000000
95.500000,181.500000,83.000000,217.000000
95.500000,181.500000,83.000000,217.000000
95.500000,181.500000,83.000000,217.000000
95.500000,181.500000,83.000000,217.000000
95.500000,181.500000,83.000000,217.000000
95.500000,181.500000,83.000000,217.000000
95.500000,181.500000,83.000000,217.000000
95.500000,181.500000,83.000000,217.000000
95.500000,181.500000,83.000000,217.000000
95.500000,181.500000,83.000000,217.000000
95.500000,181.500000,83.000000,217.000000
95.500000,181.500000,83.000000,217.000000
95.500000,181.500000,83.000000,217.000000
95.500000,181.500000,83.000000,217.000000
95.500000,181.500000,83.000000,217.000000
95.500000,181.500000,83.000000,217.000000
95.500000,181.500000,83.000000,217.000000
95.500000,181.500000,83.000000,217.000000
95.500000,181.500000,83.000000,217.000000
95.500000,181.500000,83.000000,217.000000
95.500000,181.500000,83.000000,217.000000
133.500000,177.500000,83.000000,217.000000
133.500000,177.500000,83.000000,217.000000
133.500000,177.500000,83.000000,217.000000
133.500000,177.500000,83.000000,217.000000
133.500000,177.500000,83.000000,217.000000
133.500000,177.500000,83.000000,217.000000
133.500000,177.500000,83.000000,217.000000
133.500000,177.500000,83.000000,217.000000
133.500000,177.500000,83.000000,217.000000
133.500000,177.500000,83.000000,217.000000
133.500000,177.500000,83.000000,217.000000
133.500000,177.500000,83.000000,217.000000
133.500000,177.500000,83.000000,217.000000
133.500000,177.500000,83.000000,217.000000
133.500000,177.500000,83.000000,217.000000
133.500000,177.500000,83.000000,217.000000
133.500000,177.500000,83.000000,217.000000
133.500000,177.500000,83.000000,217.000000
133.500000,177.500000,83.000000,217.000000
133.500000,177.500000,83.000000,217.000000
133.500000,177.500000,83.000000,217.000000
133.500000,177.500000,83.000000,217.000000
133.500000,177.500000,83.000000,217.000000
133.500000,177.500000,83.000000,217.000000
133.500000,177.500000,83.000000,217.000000
133.500000,177.500000,83.000000,217.000000
133.500000,177.500000,83.000000,217.000000
133.500000,177.500000,83.000000,217.000000
133.500000,177.500000,83.000000,217.000000
133.500000,177.500000,83.000000,217.000000
133.500000,177.500000,83.000000,217.000000
133.500000,177.500000,83.000000,217.000000
133.500000,177.500000,83.000000,217.000000
133.500000,177.500000,83.000000,217.000000
133.500000,177.500000,83.000000,217.000000
133.500000,177.500000,83.000000,217.000000
133.500000,177.500000,83.000000,217.000000
133.500000,177.500000,83.000000,217.000000
133.500000,177.500000,83.000000,217.000000
133.500000,177.500000,83.000000,217.000000
133.500000,177.500000,83.000000,217.000000
133.500000,177.500000,83.000000,217.000000
133.500000,177.500000,83.000000,217.000000
133.500000,177.500000,83.000000,217.000000
133.500000,177.500000,83.000000,217.000000
102.500000,141.500000,83.000000,217.000000
102.500000,141.500000,83.000000,217.000000
102.500000,141.500000,83.000000,217.000000
102.500000,141.500000,83.000000,217.000000
102.500000,141.500000,83.000000,217.000000
102.500000,141.500000,83.000000,217.000000
102.500000,141.500000,83.000000,217.000000
102.500000,141.500000,83.000000,217.000000
102.500000,141.500000,83.000000,217.000000
102.500000,141.500000,83.000000,217.000000
102.500000,141.500000,83.000000,217.000000
102.500000,141.500000,83.000000,217.000000
102.500000,141.500000,83.000000,217.000000
102.500000,141.500000,83.000000,217.000000
102.500000,141.500000,83.000000,217.000000
102.500000,141.500000,83.000000,217.000000
102.500000,141.500000,83.000000,217.000000
102.500000,141.500000,83.000000,217.000000
102.500000,141.500000,83.000000,217.000000
102.500000,141.500000,83.000000,217.000000
102.500000,141.500000,83.000000,217.000000
102.500000,141.500000,83.000000,217.000000
102.500000,141.500000,83.000000,217.000000
102.500000,141.500000,83.000000,217.000000
102.500000,141.500000,83.000000,217.000000
102.500000,141.500000,83.000000,217.000000
102.500000,141.500000,83.000000,217.000000
102.500000,141.500000,83.000000,217.000000
102.500000,141.500000,83.000000,217.000000
102.500000,141.500000,83.000000,217.000000
102.500000,141.500000,83.000000,217.000000
58.500000,131.500000,83.000000,217.000000
58.500000,131.500000,83.000000,217.000000
58.500000,131.500000,83.000000,217.000000
58.500000,131.500000,83.000000,217.000000
58.500000,131.500000,83.000000,217.000000
58.500000,131.500000,83.000000,217.000000
58.500000,131.500000,83.000000,217.000000
58.500000,131.500000,83.000000,217.000000
58.500000,131.500000,83.000000,217.000000
58.500000,131.500000,83.000000,217.000000
58.500000,131.500000,83.000000,217.000000
58.500000,131.500000,83.000000,217.000000
58.500000,131.500000,83.000000,217.000000
58.500000,131.500000,83.000000,217.000000
58.500000,131.500000,83.000000,217.000000
118.500000,151.500000,83.000000,217.000000
118.500000,151.500000,83.000000,217.000000
118.500000,151.500000,83.000000,217.000000
118.500000,151.500000,83.000000,217.000000
118.500000,151.500000,83.000000,217.000000
118.500000,151.500000,83.000000,217.000000
118.500000,151.500000,83.000000,217.000000
118.500000,151.500000,83.000000,217.000000
118.500000,151.500000,83.000000,217.000000
118.500000,151.500000,83.000000,217.000000
118.500000,151.500000,83.000000,217.000000
118.500000,151.500000,83.000000,217.000000
118.500000,151.500000,83.000000,217.000000
118.500000,151.500000,83.000000,217.000000
118.500000,151.500000,83.000000,217.000000
118.500000,151.500000,83.000000,217.000000
118.500000,151.500000,83.000000,217.000000
118.500000,151.500000,83.000000,217.000000
118.500000,151.500000,83.000000,217.000000
118.500000,151.500000,83.000000,217.000000
118.500000,151.500000,83.000000,217.000000
104.500000,87.500000,83.000000,217.000000
104.500000,87.500000,83.000000,217.000000
104.500000,87.500000,83.000000,217.000000
104.500000,87.500000,83.000000,217.000000
104.500000,87.500000,83.000000,217.000000
104.500000,87.500000,83.000000,217.000000
72.500000,181.500000,83.000000,217.000000
72.500000,181.500000,83.000000,217.000000
72.500000,181.500000,83.000000,217.000000
72.500000,181.500000,83.000000,217.000000
72.500000,181.500000,83.000000,217.000000
72.500000,181.500000,83.000000,217.000000
72.500000,181.500000,83.000000,217.000000
72.500000,181.500000,83.000000,217.000000
2
0
0
0
0
1
189.000000,157.000000,52.000000,96.000000
189.000000,157.000000,52.000000,96.000000
189.000000,157.000000,52.000000,96.000000
189.000000,157.000000,52.000000,96.000000
190.000000,100.000000,52.000000,96.000000
190.000000,100.000000,52.000000,96.000000
190.000000,100.000000,52.000000,96.000000
190.000000,100.000000,52.000000,96.000000
190.000000,100.000000,52.000000,96.000000
190.000000,100.000000,52.000000,96.000000
190.000000,100.000000,52.000000,96.000000
190.000000,100.000000,52.000000,96.000000
2
0
0
0
0
1
212.000000,190.000000,60.000000,121.000000
212.000000,190.000000,60.000000,121.000000
212.000000,190.000000,60.000000,121.000000
212.000000,190.000000,60.000000,121.000000
177.000000,201.500000,60.000000,121.000000
177.000000,201.500000,60.000000,121.000000
177.000000,201.500000,60.000000,121.000000
177.000000,201.500000,60.000000,121.000000
177.000000,201.500000,60.000000,121.000000
177.000000,201.500000,60.000000,121.000000
177.000000,201.500000,60.000000,121.000000
177.000000,201.500000,60.000000,121.000000
177.000000,201.500000,60.000000,121.000000
177.000000,201.500000,60.000000,121.000000
177.000000,201.500000,60.000000,121.000000
177.000000,201.500000,60.000000,121.000000
177.000000,201.500000,60.000000,121.000000
177.000000,201.500000,60.000000,121.000000
177.000000,201.500000,60.000000,121.000000
177.000000,201.500000,60.000000,121.000000
177.000000,201.500000,60.000000,121.000000
177.000000,201.500000,60.000000,121.000000
177.000000,201.500000,60.000000,121.000000
177.000000,201.500000,60.000000,121.000000
177.000000,201.500000,60.000000,121.000000
177.000000,201.500000,60.000000,121.000000
177.000000,201.500000,60.000000,121.000000
177.000000,201.500000,60.000000,121.000000
177.000000,201.500000,60.000000,121.000000
2
0
0
0
0
1
347.670013,197.779999,276.230011,251.700012
347.670013,197.779999,276.230011,251.700012
