1
168.000000,80.000000,49.000000,50.000000
168.000000,80.000000,49.000000,50.000000
168.000000,80.000000,49.000000,50.000000
168.000000,80.000000,49.000000,50.000000
168.000000,80.000000,49.000000,50.000000
168.000000,80.000000,49.000000,50.000000
168.000000,80.000000,49.000000,50.000000
168.000000,80.000000,49.000000,50.000000
168.000000,80.000000,49.000000,50.000000
168.000000,80.000000,49.000000,50.000000
168.000000,80.000000,49.000000,50.000000
153.500000,75.000000,49.000000,50.000000
153.500000,75.000000,49.000000,50.000000
153.500000,75.000000,49.000000,50.000000
153.500000,75.000000,49.000000,50.000000
153.500000,75.000000,49.000000,50.000000
153.500000,75.000000,49.000000,50.000000
153.500000,75.000000,49.000000,50.000000
131.500000,67.000000,49.000000,50.000000
131.500000,67.000000,49.000000,50.000000
131.500000,67.000000,49.000000,50.000000
131.500000,67.000000,49.000000,50.000000
131.500000,67.000000,49.000000,50.000000
131.500000,67.000000,49.000000,50.000000
131.500000,67.000000,49.000000,50.000000
131.500000,67.000000,49.000000,50.000000
131.500000,67.000000,49.000000,50.000000
131.500000,67.000000,49.000000,50.000000
131.500000,67.000000,49.000000,50.000000
131.500000,67.000000,49.000000,50.000000
131.500000,67.000000,49.000000,50.000000
2
0
0
0
0
1
83.000000,76.000000,40.000000,48.000000
83.000000,76.000000,40.000000,48.000000
83.000000,76.000000,40.000000,48.000000
83.000000,76.000000,40.000000,48.000000
83.000000,76.000000,40.000000,48.000000
83.000000,76.000000,40.000000,48.000000
83.000000,76.000000,40.000000,48.000000
83.000000,76.000000,40.000000,48.000000
83.000000,99.000000,40.000000,48.000000
83.000000,99.000000,40.000000,48.000000
83.000000,99.000000,40.000000,48.000000
83.000000,99.000000,40.000000,48.000000
83.000000,99.000000,40.000000,48.000000
83.000000,99.000000,40.000000,48.000000
83.000000,99.000000,40.000000,48.000000
83.000000,99.000000,40.000000,48.000000
83.000000,99.000000,40.000000,48.000000
2
0
0
0
0
1
148.000000,106.000000,51.000000,50.000000
148.000000,106.000000,51.000000,50.000000
148.000000,106.000000,51.000000,50.000000
148.000000,106.000000,51.000000,50.000000
148.000000,106.000000,51.000000,50.000000
148.000000,106.000000,51.000000,50.000000
148.000000,106.000000,51.000000,50.000000
148.000000,106.000000,51.000000,50.000000
177.500000,109.000000,51.000000,50.000000
177.500000,109.000000,51.000000,50.000000
177.500000,109.000000,51.000000,50.000000
177.500000,109.000000,51.000000,50.000000
205.500000,127.000000,51.000000,50.000000
205.500000,127.000000,51.000000,50.000000
205.500000,127.000000,51.000000,50.000000
205.500000,127.000000,51.000000,50.000000
205.500000,127.000000,51.000000,50.000000
205.500000,127.000000,51.000000,50.000000
205.500000,127.000000,51.000000,50.000000
205.500000,127.000000,51.000000,50.000000
205.500000,127.000000,51.000000,50.000000
205.500000,127.000000,51.000000,50.000000
205.500000,127.000000,51.000000,50.000000
205.500000,127.000000,51.000000,50.000000
205.500000,127.000000,51.000000,50.000000
205.500000,127.000000,51.000000,50.000000
205.500000,127.000000,51.000000,50.000000
205.500000,127.000000,51.000000,50.000000
205.500000,127.000000,51.000000,50.000000
205.500000,127.000000,51.000000,50.000000
179.500000,134.000000,51.000000,50.000000
179.500000,134.000000,51.000000,50.000000
179.500000,134.000000,51.000000,50.000000
179.500000,134.000000,51.000000,50.000000
179.500000,134.000000,51.000000,50.000000
179.500000,134.000000,51.000000,50.000000
179.500000,134.000000,51.000000,50.000000
179.500000,134.000000,51.000000,50.000000
168.500000,118.000000,51.000000,50.000000
168.500000,118.000000,51.000000,50.000000
168.500000,118.000000,51.000000,50.000000
168.500000,118.000000,51.000000,50.000000
168.500000,118.000000,51.000000,50.000000
168.500000,118.000000,51.000000,50.000000
168.500000,118.000000,51.000000,50.000000
168.500000,118.000000,51.000000,50.000000
168.500000,118.000000,51.000000,50.000000
168.500000,118.000000,51.000000,50.000000
168.500000,118.000000,51.000000,50.000000
168.500000,118.000000,51.000000,50.000000
168.500000,118.000000,51.000000,50.000000
168.500000,118.000000,51.000000,50.000000
168.500000,118.000000,51.000000,50.000000
168.500000,118.000000,51.000000,50.000000
168.500000,118.000000,51.000000,50.000000
168.500000,118.000000,51.000000,50.000000
168.500000,118.000000,51.000000,50.000000
168.500000,118.000000,51.000000,50.000000
168.500000,118.000000,51.000000,50.000000
168.500000,118.000000,51.000000,50.000000
168.500000,118.000000,51.000000,50.000000
168.500000,118.000000,51.000000,50.000000
168.500000,118.000000,51.000000,50.000000
168.500000,118.000000,51.000000,50.000000
168.500000,118.000000,51.000000,50.000000
168.500000,118.000000,51.000000,50.000000
168.500000,118.000000,51.000000,50.000000
168.500000,118.000000,51.000000,50.000000
168.500000,118.000000,51.000000,50.000000
168.500000,118.000000,51.000000,50.000000
168.500000,118.000000,51.000000,50.000000
168.500000,118.000000,51.000000,50.000000
168.500000,118.000000,51.000000,50.000000
168.500000,118.000000,51.000000,50.000000
2
0
0
0
0
1
189.000000,50.000000,36.000000,50.000000
189.000000,50.000000,36.000000,50.000000
189.000000,50.000000,36.000000,50.000000
189.000000,50.000000,36.000000,50.000000
189.000000,50.000000,36.000000,50.000000
189.000000,50.000000,36.000000,50.000000
189.000000,50.000000,36.000000,50.000000
189.000000,50.000000,36.000000,50.000000
189.000000,50.000000,36.000000,50.000000
189.000000,50.000000,36.000000,50.000000
189.000000,50.000000,36.000000,50.000000
189.000000,50.000000,36.000000,50.000000
189.000000,50.000000,36.000000,50.000000
175.000000,45.000000,36.000000,50.000000
175.000000,45.000000,36.000000,50.000000
175.000000,45.000000,36.000000,50.000000
175.000000,45.000000,36.000000,50.000000
175.000000,45.000000,36.000000,50.000000
175.000000,45.000000,36.000000,50.000000
175.000000,45.000000,36.000000,50.000000
184.000000,65.000000,36.000000,50.000000
184.000000,65.000000,36.000000,50.000000
184.000000,65.000000,36.000000,50.000000
184.000000,65.000000,36.000000,50.000000
189.000000,113.000000,36.000000,50.000000
189.000000,113.000000,36.000000,50.000000
189.000000,97.000000,36.000000,50.000000
189.000000,97.000000,36.000000,50.000000
189.000000,97.000000,36.000000,50.000000
189.000000,97.000000,36.000000,50.000000
189.000000,97.000000,36.000000,50.000000
189.000000,97.000000,36.000000,50.000000
189.000000,97.000000,36.000000,50.000000
189.000000,97.000000,36.000000,50.000000
189.000000,97.000000,36.000000,50.000000
189.000000,97.000000,36.000000,50.000000
189.000000,117.000000,36.000000,50.000000
175.000000,111.000000,36.000000,50.000000
175.000000,111.000000,36.000000,50.000000
175.000000,111.000000,36.000000,50.000000
153.000000,88.000000,36.000000,50.000000
153.000000,88.000000,36.000000,50.000000
2
0
0
0
0
1
68.000000,67.000000,45.000000,52.000000
68.000000,67.000000,45.000000,52.000000
68.000000,67.000000,45.000000,52.000000
49.500000,69.000000,45.000000,52.000000
49.500000,69.000000,45.000000,52.000000
49.500000,69.000000,45.000000,52.000000
49.500000,69.000000,45.000000,52.000000
49.500000,69.000000,45.000000,52.000000
49.500000,69.000000,45.000000,52.000000
49.500000,69.000000,45.000000,52.000000
49.500000,69.000000,45.000000,52.000000
49.500000,69.000000,45.000000,52.000000
49.500000,69.000000,45.000000,52.000000
49.500000,69.000000,45.000000,52.000000
49.500000,69.000000,45.000000,52.000000
49.500000,69.000000,45.000000,52.000000
2
0
0
0
0
1
74.000000,141.000000,47.000000,47.000000
74.000000,141.000000,47.000000,47.000000
74.000000,141.000000,47.000000,47.000000
74.000000,141.000000,47.000000,47.000000
74.000000,141.000000,47.000000,47.000000
74.000000,141.000000,47.000000,47.000000
74.000000,141.000000,47.000000,47.000000
96.500000,148.500000,47.000000,47.000000
96.500000,148.500000,47.000000,47.000000
96.500000,148.500000,47.000000,47.000000
96.500000,148.500000,47.000000,47.000000
119.500000,156.500000,47.000000,47.000000
119.500000,156.500000,47.000000,47.000000
119.500000,156.500000,47.000000,47.000000
119.500000,156.500000,47.000000,47.000000
119.500000,156.500000,47.000000,47.000000
119.500000,156.500000,47.000000,47.000000
150.500000,187.500000,47.000000,47.000000
150.500000,187.500000,47.000000,47.000000
150.500000,187.500000,47.000000,47.000000
150.500000,187.500000,47.000000,47.000000
150.500000,187.500000,47.000000,47.000000
150.500000,187.500000,47.000000,47.000000
150.500000,187.500000,47.000000,47.000000
150.500000,187.500000,47.000000,47.000000
184.500000,156.500000,47.000000,47.000000
184.500000,156.500000,47.000000,47.000000
183.500000,135.500000,47.000000,47.000000
183.500000,135.500000,47.000000,47.000000
183.500000,135.500000,47.000000,47.000000
183.500000,135.500000,47.000000,47.000000
183.500000,135.500000,47.000000,47.000000
183.500000,135.500000,47.000000,47.000000
183.500000,135.500000,47.000000,47.000000
183.500000,135.500000,47.000000,47.000000
183.500000,135.500000,47.000000,47.000000
183.500000,135.500000,47.000000,47.000000
183.500000,135.500000,47.000000,47.000000
183.500000,135.500000,47.000000,47.000000
183.500000,135.500000,47.000000,47.000000
183.500000,135.500000,47.000000,47.000000
183.500000,135.500000,47.000000,47.000000
183.500000,115.500000,47.000000,47.000000
183.500000,115.500000,47.000000,47.000000
183.500000,115.500000,47.000000,47.000000
183.500000,115.500000,47.000000,47.000000
183.500000,115.500000,47.000000,47.000000
175.500000,102.500000,47.000000,47.000000
175.500000,102.500000,47.000000,47.000000
175.500000,102.500000,47.000000,47.000000
175.500000,102.500000,47.000000,47.000000
175.500000,102.500000,47.000000,47.000000
175.500000,102.500000,47.000000,47.000000
