1
168.000000,80.000000,49.000000,50.000000
168.000000,80.000000,49.000000,50.000000
168.000000,80.000000,49.000000,50.000000
168.000000,80.000000,49.000000,50.000000
168.000000,80.000000,49.000000,50.000000
168.000000,80.000000,49.000000,50.000000
168.000000,80.000000,49.000000,50.000000
168.000000,80.000000,49.000000,50.000000
168.000000,80.000000,49.000000,50.000000
168.000000,80.000000,49.000000,50.000000
168.000000,80.000000,49.000000,50.000000
168.000000,80.000000,49.000000,50.000000
168.000000,80.000000,49.000000,50.000000
153.500000,75.000000,49.000000,50.000000
153.500000,75.000000,49.000000,50.000000
153.500000,75.000000,49.000000,50.000000
153.500000,75.000000,49.000000,50.000000
138.500000,70.000000,49.000000,50.000000
138.500000,70.000000,49.000000,50.000000
138.500000,70.000000,49.000000,50.000000
123.500000,70.000000,49.000000,50.000000
123.500000,70.000000,49.000000,50.000000
123.500000,70.000000,49.000000,50.000000
123.500000,70.000000,49.000000,50.000000
123.500000,70.000000,49.000000,50.000000
123.500000,70.000000,49.000000,50.000000
123.500000,70.000000,49.000000,50.000000
123.500000,70.000000,49.000000,50.000000
123.500000,70.000000,49.000000,50.000000
123.500000,70.000000,49.000000,50.000000
123.500000,70.000000,49.000000,50.000000
123.500000,70.000000,49.000000,50.000000
123.500000,70.000000,49.000000,50.000000
123.500000,70.000000,49.000000,50.000000
123.500000,70.000000,49.000000,50.000000
123.500000,70.000000,49.000000,50.000000
2
0
0
0
0
1
84.000000,86.000000,40.000000,48.000000
84.000000,86.000000,40.000000,48.000000
84.000000,86.000000,40.000000,48.000000
84.000000,104.000000,40.000000,48.000000
89.000000,90.000000,40.000000,48.000000
89.000000,90.000000,40.000000,48.000000
89.000000,90.000000,40.000000,48.000000
89.000000,90.000000,40.000000,48.000000
89.000000,90.000000,40.000000,48.000000
89.000000,90.000000,40.000000,48.000000
89.000000,90.000000,40.000000,48.000000
89.000000,90.000000,40.000000,48.000000
89.000000,90.000000,40.000000,48.000000
2
0
0
0
0
1
153.000000,105.000000,51.000000,50.000000
153.000000,105.000000,51.000000,50.000000
153.000000,105.000000,51.000000,50.000000
153.000000,105.000000,51.000000,50.000000
153.000000,105.000000,51.000000,50.000000
153.000000,105.000000,51.000000,50.000000
153.000000,105.000000,51.000000,50.000000
153.000000,105.000000,51.000000,50.000000
180.500000,110.000000,51.000000,50.000000
180.500000,110.000000,51.000000,50.000000
180.500000,110.000000,51.000000,50.000000
180.500000,110.000000,51.000000,50.000000
180.500000,110.000000,51.000000,50.000000
210.500000,135.000000,51.000000,50.000000
210.500000,135.000000,51.000000,50.000000
210.500000,135.000000,51.000000,50.000000
210.500000,135.000000,51.000000,50.000000
210.500000,135.000000,51.000000,50.000000
210.500000,135.000000,51.000000,50.000000
210.500000,135.000000,51.000000,50.000000
210.500000,135.000000,51.000000,50.000000
210.500000,135.000000,51.000000,50.000000
210.500000,135.000000,51.000000,50.000000
210.500000,135.000000,51.000000,50.000000
210.500000,135.000000,51.000000,50.000000
194.500000,129.000000,51.000000,50.000000
194.500000,129.000000,51.000000,50.000000
194.500000,129.000000,51.000000,50.000000
194.500000,129.000000,51.000000,50.000000
194.500000,129.000000,51.000000,50.000000
194.500000,129.000000,51.000000,50.000000
194.500000,129.000000,51.000000,50.000000
194.500000,129.000000,51.000000,50.000000
180.500000,140.000000,51.000000,50.000000
180.500000,140.000000,51.000000,50.000000
180.500000,140.000000,51.000000,50.000000
180.500000,140.000000,51.000000,50.000000
158.500000,118.000000,51.000000,50.000000
158.500000,118.000000,51.000000,50.000000
158.500000,118.000000,51.000000,50.000000
158.500000,118.000000,51.000000,50.000000
158.500000,118.000000,51.000000,50.000000
158.500000,118.000000,51.000000,50.000000
158.500000,118.000000,51.000000,50.000000
158.500000,118.000000,51.000000,50.000000
177.500000,110.000000,51.000000,50.000000
177.500000,110.000000,51.000000,50.000000
177.500000,110.000000,51.000000,50.000000
177.500000,110.000000,51.000000,50.000000
177.500000,110.000000,51.000000,50.000000
177.500000,110.000000,51.000000,50.000000
177.500000,110.000000,51.000000,50.000000
177.500000,110.000000,51.000000,50.000000
177.500000,110.000000,51.000000,50.000000
177.500000,110.000000,51.000000,50.000000
177.500000,110.000000,51.000000,50.000000
177.500000,110.000000,51.000000,50.000000
177.500000,110.000000,51.000000,50.000000
177.500000,110.000000,51.000000,50.000000
177.500000,110.000000,51.000000,50.000000
177.500000,110.000000,51.000000,50.000000
177.500000,110.000000,51.000000,50.000000
177.500000,110.000000,51.000000,50.000000
177.500000,110.000000,51.000000,50.000000
177.500000,110.000000,51.000000,50.000000
181.500000,95.000000,51.000000,50.000000
181.500000,95.000000,51.000000,50.000000
181.500000,95.000000,51.000000,50.000000
181.500000,95.000000,51.000000,50.000000
181.500000,95.000000,51.000000,50.000000
181.500000,95.000000,51.000000,50.000000
201.500000,88.000000,51.000000,50.000000
201.500000,88.000000,51.000000,50.000000
201.500000,88.000000,51.000000,50.000000
201.500000,88.000000,51.000000,50.000000
201.500000,88.000000,51.000000,50.000000
172.500000,73.000000,51.000000,50.000000
186.500000,58.000000,51.000000,50.000000
186.500000,58.000000,51.000000,50.000000
186.500000,58.000000,51.000000,50.000000
186.500000,58.000000,51.000000,50.000000
186.500000,58.000000,51.000000,50.000000
186.500000,58.000000,51.000000,50.000000
186.500000,58.000000,51.000000,50.000000
186.500000,58.000000,51.000000,50.000000
186.500000,58.000000,51.000000,50.000000
186.500000,58.000000,51.000000,50.000000
186.500000,58.000000,51.000000,50.000000
186.500000,58.000000,51.000000,50.000000
186.500000,58.000000,51.000000,50.000000
186.500000,58.000000,51.000000,50.000000
186.500000,58.000000,51.000000,50.000000
186.500000,58.000000,51.000000,50.000000
186.500000,58.000000,51.000000,50.000000
164.500000,47.000000,51.000000,50.000000
164.500000,47.000000,51.000000,50.000000
175.500000,63.000000,51.000000,50.000000
175.500000,63.000000,51.000000,50.000000
175.500000,63.000000,51.000000,50.000000
175.500000,63.000000,51.000000,50.000000
175.500000,63.000000,51.000000,50.000000
165.500000,83.000000,51.000000,50.000000
165.500000,83.000000,51.000000,50.000000
165.500000,83.000000,51.000000,50.000000
165.500000,83.000000,51.000000,50.000000
165.500000,83.000000,51.000000,50.000000
165.500000,83.000000,51.000000,50.000000
165.500000,83.000000,51.000000,50.000000
191.500000,99.000000,51.000000,50.000000
170.500000,98.000000,51.000000,50.000000
170.500000,98.000000,51.000000,50.000000
170.500000,98.000000,51.000000,50.000000
170.500000,98.000000,51.000000,50.000000
170.500000,98.000000,51.000000,50.000000
170.500000,98.000000,51.000000,50.000000
170.500000,98.000000,51.000000,50.000000
170.500000,98.000000,51.000000,50.000000
157.500000,85.000000,51.000000,50.000000
157.500000,85.000000,51.000000,50.000000
140.500000,78.000000,51.000000,50.000000
114.500000,92.000000,51.000000,50.000000
114.500000,92.000000,51.000000,50.000000
114.500000,92.000000,51.000000,50.000000
114.500000,92.000000,51.000000,50.000000
114.500000,92.000000,51.000000,50.000000
114.500000,92.000000,51.000000,50.000000
2
0
0
0
0
1
41.000000,74.000000,45.000000,51.000000
41.000000,74.000000,45.000000,51.000000
41.000000,74.000000,45.000000,51.000000
41.000000,74.000000,45.000000,51.000000
41.000000,74.000000,45.000000,51.000000
41.000000,74.000000,45.000000,51.000000
41.000000,74.000000,45.000000,51.000000
41.000000,74.000000,45.000000,51.000000
41.000000,74.000000,45.000000,51.000000
41.000000,74.000000,45.000000,51.000000
41.000000,74.000000,45.000000,51.000000
62.500000,107.500000,45.000000,51.000000
62.500000,107.500000,45.000000,51.000000
62.500000,107.500000,45.000000,51.000000
71.500000,127.500000,45.000000,51.000000
71.500000,127.500000,45.000000,51.000000
71.500000,127.500000,45.000000,51.000000
71.500000,127.500000,45.000000,51.000000
71.500000,127.500000,45.000000,51.000000
71.500000,127.500000,45.000000,51.000000
71.500000,127.500000,45.000000,51.000000
89.500000,134.500000,45.000000,51.000000
89.500000,134.500000,45.000000,51.000000
89.500000,134.500000,45.000000,51.000000
89.500000,134.500000,45.000000,51.000000
89.500000,134.500000,45.000000,51.000000
108.500000,148.500000,45.000000,51.000000
108.500000,148.500000,45.000000,51.000000
108.500000,148.500000,45.000000,51.000000
123.500000,156.500000,45.000000,51.000000
123.500000,156.500000,45.000000,51.000000
123.500000,156.500000,45.000000,51.000000
123.500000,156.500000,45.000000,51.000000
123.500000,156.500000,45.000000,51.000000
123.500000,156.500000,45.000000,51.000000
141.500000,145.500000,45.000000,51.000000
141.500000,145.500000,45.000000,51.000000
141.500000,145.500000,45.000000,51.000000
141.500000,145.500000,45.000000,51.000000
141.500000,145.500000,45.000000,51.000000
141.500000,145.500000,45.000000,51.000000
141.500000,145.500000,45.000000,51.000000
141.500000,145.500000,45.000000,51.000000
184.500000,124.500000,45.000000,51.000000
184.500000,124.500000,45.000000,51.000000
184.500000,124.500000,45.000000,51.000000
184.500000,124.500000,45.000000,51.000000
184.500000,124.500000,45.000000,51.000000
184.500000,124.500000,45.000000,51.000000
184.500000,124.500000,45.000000,51.000000
184.500000,124.500000,45.000000,51.000000
184.500000,124.500000,45.000000,51.000000
184.500000,124.500000,45.000000,51.000000
200.500000,125.500000,45.000000,51.000000
200.500000,125.500000,45.000000,51.000000
200.500000,125.500000,45.000000,51.000000
200.500000,125.500000,45.000000,51.000000
200.500000,125.500000,45.000000,51.000000
200.500000,125.500000,45.000000,51.000000
185.500000,102.500000,45.000000,51.000000
185.500000,102.500000,45.000000,51.000000
185.500000,102.500000,45.000000,51.000000
185.500000,102.500000,45.000000,51.000000
170.500000,90.500000,45.000000,51.000000
170.500000,90.500000,45.000000,51.000000
170.500000,90.500000,45.000000,51.000000
170.500000,90.500000,45.000000,51.000000
170.500000,90.500000,45.000000,51.000000
170.500000,90.500000,45.000000,51.000000
170.500000,90.500000,45.000000,51.000000
