1
168.000000,80.000000,49.000000,50.000000
168.000000,80.000000,49.000000,50.000000
168.000000,80.000000,49.000000,50.000000
168.000000,80.000000,49.000000,50.000000
168.000000,80.000000,49.000000,50.000000
168.000000,80.000000,49.000000,50.000000
168.000000,80.000000,49.000000,50.000000
168.000000,80.000000,49.000000,50.000000
168.000000,80.000000,49.000000,50.000000
168.000000,80.000000,49.000000,50.000000
168.000000,80.000000,49.000000,50.000000
168.000000,80.000000,49.000000,50.000000
168.000000,80.000000,49.000000,50.000000
168.000000,80.000000,49.000000,50.000000
153.500000,75.000000,49.000000,50.000000
153.500000,75.000000,49.000000,50.000000
153.500000,75.000000,49.000000,50.000000
153.500000,75.000000,49.000000,50.000000
153.500000,75.000000,49.000000,50.000000
130.500000,69.000000,49.000000,50.000000
130.500000,69.000000,49.000000,50.000000
130.500000,69.000000,49.000000,50.000000
130.500000,69.000000,49.000000,50.000000
130.500000,69.000000,49.000000,50.000000
109.500000,63.000000,49.000000,50.000000
109.500000,63.000000,49.000000,50.000000
109.500000,63.000000,49.000000,50.000000
109.500000,63.000000,49.000000,50.000000
109.500000,63.000000,49.000000,50.000000
109.500000,63.000000,49.000000,50.000000
109.500000,63.000000,49.000000,50.000000
109.500000,63.000000,49.000000,50.000000
109.500000,63.000000,49.000000,50.000000
109.500000,63.000000,49.000000,50.000000
109.500000,63.000000,49.000000,50.000000
109.500000,63.000000,49.000000,50.000000
109.500000,63.000000,49.000000,50.000000
109.500000,63.000000,49.000000,50.000000
109.500000,63.000000,49.000000,50.000000
109.500000,63.000000,49.000000,50.000000
109.500000,63.000000,49.000000,50.000000
109.500000,63.000000,49.000000,50.000000
109.500000,63.000000,49.000000,50.000000
109.500000,63.000000,49.000000,50.000000
109.500000,63.000000,49.000000,50.000000
91.500000,96.000000,49.000000,50.000000
91.500000,96.000000,49.000000,50.000000
91.500000,96.000000,49.000000,50.000000
91.500000,96.000000,49.000000,50.000000
91.500000,96.000000,49.000000,50.000000
91.500000,96.000000,49.000000,50.000000
91.500000,96.000000,49.000000,50.000000
91.500000,96.000000,49.000000,50.000000
91.500000,96.000000,49.000000,50.000000
125.500000,106.000000,49.000000,50.000000
125.500000,106.000000,49.000000,50.000000
125.500000,106.000000,49.000000,50.000000
125.500000,106.000000,49.000000,50.000000
125.500000,106.000000,49.000000,50.000000
125.500000,106.000000,49.000000,50.000000
155.500000,105.000000,49.000000,50.000000
155.500000,105.000000,49.000000,50.000000
155.500000,105.000000,49.000000,50.000000
155.500000,105.000000,49.000000,50.000000
155.500000,105.000000,49.000000,50.000000
155.500000,105.000000,49.000000,50.000000
155.500000,105.000000,49.000000,50.000000
155.500000,105.000000,49.000000,50.000000
185.500000,102.000000,49.000000,50.000000
185.500000,102.000000,49.000000,50.000000
185.500000,102.000000,49.000000,50.000000
185.500000,102.000000,49.000000,50.000000
185.500000,102.000000,49.000000,50.000000
185.500000,102.000000,49.000000,50.000000
185.500000,102.000000,49.000000,50.000000
185.500000,102.000000,49.000000,50.000000
185.500000,102.000000,49.000000,50.000000
185.500000,102.000000,49.000000,50.000000
215.500000,127.000000,49.000000,50.000000
215.500000,127.000000,49.000000,50.000000
215.500000,127.000000,49.000000,50.000000
215.500000,127.000000,49.000000,50.000000
215.500000,127.000000,49.000000,50.000000
215.500000,127.000000,49.000000,50.000000
215.500000,127.000000,49.000000,50.000000
215.500000,127.000000,49.000000,50.000000
215.500000,127.000000,49.000000,50.000000
215.500000,127.000000,49.000000,50.000000
185.500000,127.000000,49.000000,50.000000
185.500000,127.000000,49.000000,50.000000
185.500000,127.000000,49.000000,50.000000
185.500000,127.000000,49.000000,50.000000
185.500000,127.000000,49.000000,50.000000
185.500000,127.000000,49.000000,50.000000
185.500000,127.000000,49.000000,50.000000
185.500000,127.000000,49.000000,50.000000
174.500000,125.000000,49.000000,50.000000
174.500000,125.000000,49.000000,50.000000
174.500000,125.000000,49.000000,50.000000
174.500000,125.000000,49.000000,50.000000
174.500000,125.000000,49.000000,50.000000
174.500000,125.000000,49.000000,50.000000
176.500000,102.000000,49.000000,50.000000
176.500000,102.000000,49.000000,50.000000
176.500000,102.000000,49.000000,50.000000
176.500000,102.000000,49.000000,50.000000
176.500000,102.000000,49.000000,50.000000
176.500000,102.000000,49.000000,50.000000
176.500000,102.000000,49.000000,50.000000
176.500000,102.000000,49.000000,50.000000
176.500000,102.000000,49.000000,50.000000
176.500000,102.000000,49.000000,50.000000
176.500000,102.000000,49.000000,50.000000
176.500000,102.000000,49.000000,50.000000
166.500000,87.000000,49.000000,50.000000
166.500000,87.000000,49.000000,50.000000
166.500000,87.000000,49.000000,50.000000
166.500000,87.000000,49.000000,50.000000
166.500000,87.000000,49.000000,50.000000
166.500000,87.000000,49.000000,50.000000
166.500000,87.000000,49.000000,50.000000
166.500000,87.000000,49.000000,50.000000
166.500000,87.000000,49.000000,50.000000
166.500000,87.000000,49.000000,50.000000
166.500000,87.000000,49.000000,50.000000
166.500000,87.000000,49.000000,50.000000
166.500000,87.000000,49.000000,50.000000
166.500000,87.000000,49.000000,50.000000
166.500000,87.000000,49.000000,50.000000
181.500000,117.000000,49.000000,50.000000
181.500000,117.000000,49.000000,50.000000
181.500000,117.000000,49.000000,50.000000
181.500000,117.000000,49.000000,50.000000
181.500000,117.000000,49.000000,50.000000
2
0
0
0
0
1
189.000000,50.000000,36.000000,50.000000
189.000000,50.000000,36.000000,50.000000
189.000000,50.000000,36.000000,50.000000
189.000000,50.000000,36.000000,50.000000
189.000000,50.000000,36.000000,50.000000
189.000000,50.000000,36.000000,50.000000
189.000000,50.000000,36.000000,50.000000
189.000000,50.000000,36.000000,50.000000
189.000000,50.000000,36.000000,50.000000
189.000000,50.000000,36.000000,50.000000
189.000000,50.000000,36.000000,50.000000
189.000000,50.000000,36.000000,50.000000
189.000000,50.000000,36.000000,50.000000
173.000000,58.000000,36.000000,50.000000
173.000000,58.000000,36.000000,50.000000
173.000000,58.000000,36.000000,50.000000
173.000000,58.000000,36.000000,50.000000
173.000000,58.000000,36.000000,50.000000
173.000000,78.000000,36.000000,50.000000
185.000000,63.000000,36.000000,50.000000
185.000000,63.000000,36.000000,50.000000
185.000000,63.000000,36.000000,50.000000
185.000000,63.000000,36.000000,50.000000
185.000000,63.000000,36.000000,50.000000
185.000000,63.000000,36.000000,50.000000
185.000000,63.000000,36.000000,50.000000
185.000000,63.000000,36.000000,50.000000
191.000000,103.000000,36.000000,50.000000
191.000000,103.000000,36.000000,50.000000
191.000000,103.000000,36.000000,50.000000
191.000000,103.000000,36.000000,50.000000
191.000000,103.000000,36.000000,50.000000
191.000000,103.000000,36.000000,50.000000
191.000000,103.000000,36.000000,50.000000
191.000000,103.000000,36.000000,50.000000
191.000000,103.000000,36.000000,50.000000
191.000000,103.000000,36.000000,50.000000
191.000000,103.000000,36.000000,50.000000
173.000000,103.000000,36.000000,50.000000
173.000000,103.000000,36.000000,50.000000
156.000000,92.000000,36.000000,50.000000
156.000000,92.000000,36.000000,50.000000
139.000000,86.000000,36.000000,50.000000
139.000000,86.000000,36.000000,50.000000
112.000000,90.000000,36.000000,50.000000
112.000000,90.000000,36.000000,50.000000
112.000000,90.000000,36.000000,50.000000
112.000000,90.000000,36.000000,50.000000
95.000000,75.000000,36.000000,50.000000
95.000000,75.000000,36.000000,50.000000
95.000000,75.000000,36.000000,50.000000
2
0
0
0
0
1
36.000000,85.000000,44.000000,50.000000
36.000000,85.000000,44.000000,50.000000
36.000000,85.000000,44.000000,50.000000
36.000000,85.000000,44.000000,50.000000
36.000000,85.000000,44.000000,50.000000
36.000000,85.000000,44.000000,50.000000
54.000000,105.000000,44.000000,50.000000
54.000000,105.000000,44.000000,50.000000
54.000000,105.000000,44.000000,50.000000
54.000000,105.000000,44.000000,50.000000
66.000000,125.000000,44.000000,50.000000
66.000000,125.000000,44.000000,50.000000
66.000000,125.000000,44.000000,50.000000
66.000000,125.000000,44.000000,50.000000
66.000000,125.000000,44.000000,50.000000
66.000000,125.000000,44.000000,50.000000
66.000000,125.000000,44.000000,50.000000
66.000000,125.000000,44.000000,50.000000
66.000000,125.000000,44.000000,50.000000
66.000000,125.000000,44.000000,50.000000
66.000000,125.000000,44.000000,50.000000
2
0
0
0
0
1
133.000000,182.000000,49.000000,43.000000
133.000000,182.000000,49.000000,43.000000
133.000000,182.000000,49.000000,43.000000
133.000000,182.000000,49.000000,43.000000
133.000000,182.000000,49.000000,43.000000
133.000000,182.000000,49.000000,43.000000
168.500000,175.500000,49.000000,43.000000
168.500000,175.500000,49.000000,43.000000
168.500000,175.500000,49.000000,43.000000
168.500000,175.500000,49.000000,43.000000
168.500000,175.500000,49.000000,43.000000
168.500000,175.500000,49.000000,43.000000
168.500000,175.500000,49.000000,43.000000
168.500000,175.500000,49.000000,43.000000
168.500000,175.500000,49.000000,43.000000
168.500000,175.500000,49.000000,43.000000
168.500000,175.500000,49.000000,43.000000
168.500000,175.500000,49.000000,43.000000
168.500000,175.500000,49.000000,43.000000
185.500000,151.500000,49.000000,43.000000
185.500000,151.500000,49.000000,43.000000
185.500000,151.500000,49.000000,43.000000
185.500000,151.500000,49.000000,43.000000
185.500000,151.500000,49.000000,43.000000
185.500000,151.500000,49.000000,43.000000
185.500000,151.500000,49.000000,43.000000
185.500000,151.500000,49.000000,43.000000
185.500000,151.500000,49.000000,43.000000
185.500000,151.500000,49.000000,43.000000
185.500000,151.500000,49.000000,43.000000
2
0
0
0
0
1
172.000000,98.000000,47.000000,46.000000
172.000000,98.000000,47.000000,46.000000
172.000000,98.000000,47.000000,46.000000
