1
168.000000,80.000000,49.000000,50.000000
168.000000,80.000000,49.000000,50.000000
168.000000,80.000000,49.000000,50.000000
168.000000,80.000000,49.000000,50.000000
168.000000,80.000000,49.000000,50.000000
168.000000,80.000000,49.000000,50.000000
168.000000,80.000000,49.000000,50.000000
168.000000,80.000000,49.000000,50.000000
168.000000,80.000000,49.000000,50.000000
168.000000,80.000000,49.000000,50.000000
168.000000,80.000000,49.000000,50.000000
153.500000,75.000000,49.000000,50.000000
153.500000,75.000000,49.000000,50.000000
153.500000,75.000000,49.000000,50.000000
153.500000,75.000000,49.000000,50.000000
153.500000,75.000000,49.000000,50.000000
153.500000,75.000000,49.000000,50.000000
153.500000,75.000000,49.000000,50.000000
133.500000,60.000000,49.000000,50.000000
133.500000,60.000000,49.000000,50.000000
133.500000,60.000000,49.000000,50.000000
133.500000,60.000000,49.000000,50.000000
133.500000,60.000000,49.000000,50.000000
109.500000,59.000000,49.000000,50.000000
109.500000,59.000000,49.000000,50.000000
109.500000,59.000000,49.000000,50.000000
109.500000,59.000000,49.000000,50.000000
109.500000,59.000000,49.000000,50.000000
109.500000,59.000000,49.000000,50.000000
109.500000,59.000000,49.000000,50.000000
109.500000,59.000000,49.000000,50.000000
109.500000,59.000000,49.000000,50.000000
109.500000,59.000000,49.000000,50.000000
109.500000,59.000000,49.000000,50.000000
109.500000,59.000000,49.000000,50.000000
109.500000,59.000000,49.000000,50.000000
109.500000,59.000000,49.000000,50.000000
109.500000,59.000000,49.000000,50.000000
109.500000,59.000000,49.000000,50.000000
109.500000,59.000000,49.000000,50.000000
109.500000,59.000000,49.000000,50.000000
109.500000,59.000000,49.000000,50.000000
109.500000,59.000000,49.000000,50.000000
109.500000,59.000000,49.000000,50.000000
109.500000,59.000000,49.000000,50.000000
109.500000,59.000000,49.000000,50.000000
109.500000,59.000000,49.000000,50.000000
109.500000,59.000000,49.000000,50.000000
95.500000,98.000000,49.000000,50.000000
95.500000,98.000000,49.000000,50.000000
95.500000,98.000000,49.000000,50.000000
95.500000,98.000000,49.000000,50.000000
95.500000,98.000000,49.000000,50.000000
95.500000,98.000000,49.000000,50.000000
95.500000,98.000000,49.000000,50.000000
95.500000,98.000000,49.000000,50.000000
95.500000,98.000000,49.000000,50.000000
95.500000,98.000000,49.000000,50.000000
95.500000,98.000000,49.000000,50.000000
2
0
0
0
0
1
171.000000,105.000000,52.000000,52.000000
171.000000,105.000000,52.000000,52.000000
171.000000,105.000000,52.000000,52.000000
171.000000,105.000000,52.000000,52.000000
171.000000,105.000000,52.000000,52.000000
171.000000,105.000000,52.000000,52.000000
171.000000,105.000000,52.000000,52.000000
209.000000,113.000000,52.000000,52.000000
209.000000,113.000000,52.000000,52.000000
209.000000,113.000000,52.000000,52.000000
209.000000,113.000000,52.000000,52.000000
209.000000,113.000000,52.000000,52.000000
209.000000,113.000000,52.000000,52.000000
209.000000,113.000000,52.000000,52.000000
209.000000,113.000000,52.000000,52.000000
209.000000,113.000000,52.000000,52.000000
209.000000,113.000000,52.000000,52.000000
209.000000,113.000000,52.000000,52.000000
209.000000,113.000000,52.000000,52.000000
209.000000,113.000000,52.000000,52.000000
209.000000,113.000000,52.000000,52.000000
210.000000,144.000000,52.000000,52.000000
194.000000,128.000000,52.000000,52.000000
194.000000,128.000000,52.000000,52.000000
194.000000,128.000000,52.000000,52.000000
194.000000,128.000000,52.000000,52.000000
194.000000,128.000000,52.000000,52.000000
194.000000,128.000000,52.000000,52.000000
194.000000,128.000000,52.000000,52.000000
194.000000,128.000000,52.000000,52.000000
194.000000,128.000000,52.000000,52.000000
180.000000,124.000000,52.000000,52.000000
180.000000,124.000000,52.000000,52.000000
180.000000,124.000000,52.000000,52.000000
180.000000,124.000000,52.000000,52.000000
180.000000,124.000000,52.000000,52.000000
180.000000,124.000000,52.000000,52.000000
180.000000,124.000000,52.000000,52.000000
180.000000,124.000000,52.000000,52.000000
180.000000,124.000000,52.000000,52.000000
181.000000,95.000000,52.000000,52.000000
181.000000,95.000000,52.000000,52.000000
181.000000,95.000000,52.000000,52.000000
181.000000,95.000000,52.000000,52.000000
181.000000,95.000000,52.000000,52.000000
181.000000,95.000000,52.000000,52.000000
181.000000,95.000000,52.000000,52.000000
181.000000,95.000000,52.000000,52.000000
181.000000,95.000000,52.000000,52.000000
181.000000,95.000000,52.000000,52.000000
181.000000,95.000000,52.000000,52.000000
181.000000,95.000000,52.000000,52.000000
181.000000,95.000000,52.000000,52.000000
181.000000,95.000000,52.000000,52.000000
181.000000,95.000000,52.000000,52.000000
181.000000,95.000000,52.000000,52.000000
181.000000,95.000000,52.000000,52.000000
181.000000,95.000000,52.000000,52.000000
177.000000,121.000000,52.000000,52.000000
177.000000,121.000000,52.000000,52.000000
182.000000,106.000000,52.000000,52.000000
182.000000,106.000000,52.000000,52.000000
182.000000,106.000000,52.000000,52.000000
182.000000,106.000000,52.000000,52.000000
182.000000,106.000000,52.000000,52.000000
182.000000,106.000000,52.000000,52.000000
182.000000,106.000000,52.000000,52.000000
182.000000,106.000000,52.000000,52.000000
182.000000,106.000000,52.000000,52.000000
182.000000,106.000000,52.000000,52.000000
182.000000,106.000000,52.000000,52.000000
182.000000,71.000000,52.000000,52.000000
182.000000,71.000000,52.000000,52.000000
182.000000,71.000000,52.000000,52.000000
182.000000,71.000000,52.000000,52.000000
182.000000,71.000000,52.000000,52.000000
182.000000,71.000000,52.000000,52.000000
182.000000,71.000000,52.000000,52.000000
182.000000,71.000000,52.000000,52.000000
182.000000,71.000000,52.000000,52.000000
182.000000,71.000000,52.000000,52.000000
182.000000,71.000000,52.000000,52.000000
182.000000,71.000000,52.000000,52.000000
182.000000,71.000000,52.000000,52.000000
182.000000,71.000000,52.000000,52.000000
182.000000,71.000000,52.000000,52.000000
182.000000,71.000000,52.000000,52.000000
182.000000,71.000000,52.000000,52.000000
182.000000,71.000000,52.000000,52.000000
182.000000,71.000000,52.000000,52.000000
182.000000,71.000000,52.000000,52.000000
182.000000,71.000000,52.000000,52.000000
182.000000,71.000000,52.000000,52.000000
182.000000,71.000000,52.000000,52.000000
182.000000,71.000000,52.000000,52.000000
182.000000,71.000000,52.000000,52.000000
182.000000,71.000000,52.000000,52.000000
182.000000,71.000000,52.000000,52.000000
182.000000,71.000000,52.000000,52.000000
182.000000,71.000000,52.000000,52.000000
165.000000,99.000000,52.000000,52.000000
165.000000,99.000000,52.000000,52.000000
165.000000,99.000000,52.000000,52.000000
189.000000,103.000000,52.000000,52.000000
189.000000,103.000000,52.000000,52.000000
189.000000,103.000000,52.000000,52.000000
189.000000,103.000000,52.000000,52.000000
171.000000,105.000000,52.000000,52.000000
171.000000,105.000000,52.000000,52.000000
171.000000,105.000000,52.000000,52.000000
171.000000,105.000000,52.000000,52.000000
152.000000,106.000000,52.000000,52.000000
152.000000,106.000000,52.000000,52.000000
152.000000,106.000000,52.000000,52.000000
152.000000,106.000000,52.000000,52.000000
125.000000,89.000000,52.000000,52.000000
125.000000,89.000000,52.000000,52.000000
125.000000,89.000000,52.000000,52.000000
109.000000,88.000000,52.000000,52.000000
109.000000,88.000000,52.000000,52.000000
109.000000,88.000000,52.000000,52.000000
109.000000,88.000000,52.000000,52.000000
109.000000,88.000000,52.000000,52.000000
67.000000,66.000000,52.000000,52.000000
67.000000,66.000000,52.000000,52.000000
67.000000,66.000000,52.000000,52.000000
67.000000,66.000000,52.000000,52.000000
45.000000,74.000000,52.000000,52.000000
45.000000,74.000000,52.000000,52.000000
45.000000,74.000000,52.000000,52.000000
45.000000,74.000000,52.000000,52.000000
45.000000,74.000000,52.000000,52.000000
45.000000,74.000000,52.000000,52.000000
45.000000,74.000000,52.000000,52.000000
39.000000,93.000000,52.000000,52.000000
39.000000,93.000000,52.000000,52.000000
39.000000,93.000000,52.000000,52.000000
39.000000,93.000000,52.000000,52.000000
39.000000,93.000000,52.000000,52.000000
39.000000,93.000000,52.000000,52.000000
61.000000,135.000000,52.000000,52.000000
61.000000,135.000000,52.000000,52.000000
61.000000,135.000000,52.000000,52.000000
61.000000,135.000000,52.000000,52.000000
61.000000,135.000000,52.000000,52.000000
61.000000,135.000000,52.000000,52.000000
61.000000,135.000000,52.000000,52.000000
61.000000,135.000000,52.000000,52.000000
96.000000,145.000000,52.000000,52.000000
96.000000,145.000000,52.000000,52.000000
96.000000,145.000000,52.000000,52.000000
96.000000,145.000000,52.000000,52.000000
96.000000,145.000000,52.000000,52.000000
96.000000,145.000000,52.000000,52.000000
96.000000,145.000000,52.000000,52.000000
96.000000,145.000000,52.000000,52.000000
96.000000,145.000000,52.000000,52.000000
96.000000,145.000000,52.000000,52.000000
130.000000,149.000000,52.000000,52.000000
130.000000,149.000000,52.000000,52.000000
130.000000,149.000000,52.000000,52.000000
130.000000,149.000000,52.000000,52.000000
130.000000,149.000000,52.000000,52.000000
130.000000,149.000000,52.000000,52.000000
130.000000,149.000000,52.000000,52.000000
130.000000,149.000000,52.000000,52.000000
130.000000,149.000000,52.000000,52.000000
130.000000,149.000000,52.000000,52.000000
130.000000,149.000000,52.000000,52.000000
130.000000,149.000000,52.000000,52.000000
130.000000,149.000000,52.000000,52.000000
164.000000,133.000000,52.000000,52.000000
164.000000,133.000000,52.000000,52.000000
164.000000,133.000000,52.000000,52.000000
179.000000,128.000000,52.000000,52.000000
201.000000,140.000000,52.000000,52.000000
201.000000,140.000000,52.000000,52.000000
201.000000,140.000000,52.000000,52.000000
201.000000,140.000000,52.000000,52.000000
201.000000,140.000000,52.000000,52.000000
201.000000,140.000000,52.000000,52.000000
201.000000,140.000000,52.000000,52.000000
201.000000,140.000000,52.000000,52.000000
201.000000,140.000000,52.000000,52.000000
201.000000,140.000000,52.000000,52.000000
197.000000,126.000000,52.000000,52.000000
197.000000,126.000000,52.000000,52.000000
197.000000,126.000000,52.000000,52.000000
197.000000,126.000000,52.000000,52.000000
173.000000,112.000000,52.000000,52.000000
173.000000,112.000000,52.000000,52.000000
173.000000,112.000000,52.000000,52.000000
173.000000,112.000000,52.000000,52.000000
173.000000,112.000000,52.000000,52.000000
173.000000,112.000000,52.000000,52.000000
173.000000,112.000000,52.000000,52.000000
173.000000,112.000000,52.000000,52.000000
173.000000,112.000000,52.000000,52.000000
