1
168.000000,80.000000,49.000000,50.000000
168.000000,80.000000,49.000000,50.000000
168.000000,80.000000,49.000000,50.000000
168.000000,80.000000,49.000000,50.000000
168.000000,80.000000,49.000000,50.000000
168.000000,80.000000,49.000000,50.000000
168.000000,80.000000,49.000000,50.000000
168.000000,80.000000,49.000000,50.000000
168.000000,80.000000,49.000000,50.000000
168.000000,80.000000,49.000000,50.000000
168.000000,80.000000,49.000000,50.000000
168.000000,80.000000,49.000000,50.000000
151.500000,72.000000,49.000000,50.000000
151.500000,72.000000,49.000000,50.000000
151.500000,72.000000,49.000000,50.000000
151.500000,72.000000,49.000000,50.000000
151.500000,72.000000,49.000000,50.000000
151.500000,72.000000,49.000000,50.000000
134.500000,69.000000,49.000000,50.000000
134.500000,69.000000,49.000000,50.000000
134.500000,69.000000,49.000000,50.000000
117.500000,69.000000,49.000000,50.000000
117.500000,69.000000,49.000000,50.000000
117.500000,69.000000,49.000000,50.000000
117.500000,69.000000,49.000000,50.000000
117.500000,69.000000,49.000000,50.000000
117.500000,69.000000,49.000000,50.000000
117.500000,69.000000,49.000000,50.000000
117.500000,69.000000,49.000000,50.000000
117.500000,69.000000,49.000000,50.000000
117.500000,69.000000,49.000000,50.000000
117.500000,69.000000,49.000000,50.000000
117.500000,69.000000,49.000000,50.000000
117.500000,69.000000,49.000000,50.000000
117.500000,69.000000,49.000000,50.000000
117.500000,69.000000,49.000000,50.000000
117.500000,69.000000,49.000000,50.000000
117.500000,69.000000,49.000000,50.000000
117.500000,69.000000,49.000000,50.000000
117.500000,69.000000,49.000000,50.000000
117.500000,69.000000,49.000000,50.000000
117.500000,69.000000,49.000000,50.000000
117.500000,69.000000,49.000000,50.000000
117.500000,69.000000,49.000000,50.000000
117.500000,69.000000,49.000000,50.000000
117.500000,69.000000,49.000000,50.000000
117.500000,69.000000,49.000000,50.000000
117.500000,69.000000,49.000000,50.000000
117.500000,69.000000,49.000000,50.000000
117.500000,69.000000,49.000000,50.000000
102.500000,109.000000,49.000000,50.000000
102.500000,109.000000,49.000000,50.000000
102.500000,109.000000,49.000000,50.000000
102.500000,109.000000,49.000000,50.000000
102.500000,109.000000,49.000000,50.000000
102.500000,109.000000,49.000000,50.000000
102.500000,109.000000,49.000000,50.000000
102.500000,109.000000,49.000000,50.000000
102.500000,109.000000,49.000000,50.000000
151.500000,105.000000,49.000000,50.000000
151.500000,105.000000,49.000000,50.000000
151.500000,105.000000,49.000000,50.000000
151.500000,105.000000,49.000000,50.000000
151.500000,105.000000,49.000000,50.000000
151.500000,105.000000,49.000000,50.000000
151.500000,105.000000,49.000000,50.000000
176.500000,115.000000,49.000000,50.000000
176.500000,115.000000,49.000000,50.000000
176.500000,115.000000,49.000000,50.000000
176.500000,115.000000,49.000000,50.000000
176.500000,115.000000,49.000000,50.000000
196.500000,105.000000,49.000000,50.000000
196.500000,105.000000,49.000000,50.000000
196.500000,105.000000,49.000000,50.000000
196.500000,105.000000,49.000000,50.000000
196.500000,105.000000,49.000000,50.000000
196.500000,105.000000,49.000000,50.000000
206.500000,125.000000,49.000000,50.000000
206.500000,125.000000,49.000000,50.000000
206.500000,125.000000,49.000000,50.000000
206.500000,125.000000,49.000000,50.000000
206.500000,125.000000,49.000000,50.000000
206.500000,125.000000,49.000000,50.000000
206.500000,125.000000,49.000000,50.000000
206.500000,125.000000,49.000000,50.000000
206.500000,125.000000,49.000000,50.000000
206.500000,125.000000,49.000000,50.000000
206.500000,125.000000,49.000000,50.000000
206.500000,125.000000,49.000000,50.000000
206.500000,125.000000,49.000000,50.000000
181.500000,135.000000,49.000000,50.000000
181.500000,135.000000,49.000000,50.000000
181.500000,135.000000,49.000000,50.000000
181.500000,135.000000,49.000000,50.000000
181.500000,135.000000,49.000000,50.000000
181.500000,135.000000,49.000000,50.000000
181.500000,135.000000,49.000000,50.000000
181.500000,135.000000,49.000000,50.000000
181.500000,135.000000,49.000000,50.000000
181.500000,135.000000,49.000000,50.000000
173.500000,108.000000,49.000000,50.000000
173.500000,108.000000,49.000000,50.000000
173.500000,108.000000,49.000000,50.000000
173.500000,108.000000,49.000000,50.000000
173.500000,108.000000,49.000000,50.000000
173.500000,108.000000,49.000000,50.000000
173.500000,108.000000,49.000000,50.000000
173.500000,108.000000,49.000000,50.000000
178.500000,85.000000,49.000000,50.000000
178.500000,85.000000,49.000000,50.000000
178.500000,85.000000,49.000000,50.000000
178.500000,85.000000,49.000000,50.000000
178.500000,85.000000,49.000000,50.000000
162.500000,99.000000,49.000000,50.000000
162.500000,99.000000,49.000000,50.000000
162.500000,99.000000,49.000000,50.000000
162.500000,99.000000,49.000000,50.000000
162.500000,99.000000,49.000000,50.000000
162.500000,99.000000,49.000000,50.000000
162.500000,99.000000,49.000000,50.000000
162.500000,99.000000,49.000000,50.000000
162.500000,99.000000,49.000000,50.000000
162.500000,99.000000,49.000000,50.000000
162.500000,99.000000,49.000000,50.000000
162.500000,99.000000,49.000000,50.000000
162.500000,99.000000,49.000000,50.000000
162.500000,99.000000,49.000000,50.000000
162.500000,99.000000,49.000000,50.000000
181.500000,103.000000,49.000000,50.000000
181.500000,103.000000,49.000000,50.000000
181.500000,103.000000,49.000000,50.000000
181.500000,103.000000,49.000000,50.000000
181.500000,103.000000,49.000000,50.000000
181.500000,103.000000,49.000000,50.000000
181.500000,103.000000,49.000000,50.000000
181.500000,103.000000,49.000000,50.000000
192.500000,76.000000,49.000000,50.000000
192.500000,76.000000,49.000000,50.000000
192.500000,76.000000,49.000000,50.000000
192.500000,76.000000,49.000000,50.000000
192.500000,76.000000,49.000000,50.000000
192.500000,76.000000,49.000000,50.000000
192.500000,76.000000,49.000000,50.000000
192.500000,76.000000,49.000000,50.000000
192.500000,76.000000,49.000000,50.000000
192.500000,76.000000,49.000000,50.000000
192.500000,76.000000,49.000000,50.000000
192.500000,76.000000,49.000000,50.000000
192.500000,76.000000,49.000000,50.000000
192.500000,76.000000,49.000000,50.000000
192.500000,76.000000,49.000000,50.000000
192.500000,76.000000,49.000000,50.000000
192.500000,76.000000,49.000000,50.000000
192.500000,76.000000,49.000000,50.000000
192.500000,76.000000,49.000000,50.000000
192.500000,76.000000,49.000000,50.000000
192.500000,76.000000,49.000000,50.000000
192.500000,76.000000,49.000000,50.000000
192.500000,76.000000,49.000000,50.000000
192.500000,76.000000,49.000000,50.000000
192.500000,76.000000,49.000000,50.000000
192.500000,76.000000,49.000000,50.000000
192.500000,76.000000,49.000000,50.000000
192.500000,76.000000,49.000000,50.000000
192.500000,76.000000,49.000000,50.000000
192.500000,76.000000,49.000000,50.000000
192.500000,76.000000,49.000000,50.000000
192.500000,76.000000,49.000000,50.000000
192.500000,76.000000,49.000000,50.000000
192.500000,76.000000,49.000000,50.000000
192.500000,76.000000,49.000000,50.000000
192.500000,76.000000,49.000000,50.000000
192.500000,76.000000,49.000000,50.000000
192.500000,76.000000,49.000000,50.000000
192.500000,76.000000,49.000000,50.000000
192.500000,76.000000,49.000000,50.000000
192.500000,76.000000,49.000000,50.000000
192.500000,76.000000,49.000000,50.000000
2
0
0
0
0
1
98.000000,73.000000,47.000000,50.000000
98.000000,73.000000,47.000000,50.000000
98.000000,73.000000,47.000000,50.000000
98.000000,73.000000,47.000000,50.000000
75.500000,70.000000,47.000000,50.000000
75.500000,70.000000,47.000000,50.000000
75.500000,70.000000,47.000000,50.000000
75.500000,70.000000,47.000000,50.000000
46.500000,73.000000,47.000000,50.000000
46.500000,73.000000,47.000000,50.000000
46.500000,73.000000,47.000000,50.000000
46.500000,73.000000,47.000000,50.000000
46.500000,73.000000,47.000000,50.000000
46.500000,73.000000,47.000000,50.000000
46.500000,91.000000,47.000000,50.000000
46.500000,91.000000,47.000000,50.000000
46.500000,91.000000,47.000000,50.000000
46.500000,91.000000,47.000000,50.000000
46.500000,91.000000,47.000000,50.000000
46.500000,91.000000,47.000000,50.000000
58.500000,116.000000,47.000000,50.000000
58.500000,116.000000,47.000000,50.000000
58.500000,116.000000,47.000000,50.000000
74.500000,126.000000,47.000000,50.000000
74.500000,126.000000,47.000000,50.000000
74.500000,126.000000,47.000000,50.000000
74.500000,126.000000,47.000000,50.000000
74.500000,126.000000,47.000000,50.000000
74.500000,126.000000,47.000000,50.000000
74.500000,126.000000,47.000000,50.000000
74.500000,126.000000,47.000000,50.000000
74.500000,126.000000,47.000000,50.000000
74.500000,126.000000,47.000000,50.000000
74.500000,126.000000,47.000000,50.000000
74.500000,126.000000,47.000000,50.000000
74.500000,126.000000,47.000000,50.000000
74.500000,126.000000,47.000000,50.000000
2
0
0
0
0
1
148.000000,184.000000,49.000000,42.000000
148.000000,184.000000,49.000000,42.000000
148.000000,184.000000,49.000000,42.000000
148.000000,184.000000,49.000000,42.000000
148.000000,184.000000,49.000000,42.000000
148.000000,184.000000,49.000000,42.000000
148.000000,184.000000,49.000000,42.000000
148.000000,184.000000,49.000000,42.000000
173.500000,161.000000,49.000000,42.000000
173.500000,161.000000,49.000000,42.000000
173.500000,161.000000,49.000000,42.000000
173.500000,161.000000,49.000000,42.000000
173.500000,161.000000,49.000000,42.000000
173.500000,161.000000,49.000000,42.000000
173.500000,161.000000,49.000000,42.000000
173.500000,161.000000,49.000000,42.000000
173.500000,161.000000,49.000000,42.000000
169.500000,143.000000,49.000000,42.000000
169.500000,143.000000,49.000000,42.000000
169.500000,143.000000,49.000000,42.000000
169.500000,143.000000,49.000000,42.000000
169.500000,143.000000,49.000000,42.000000
169.500000,143.000000,49.000000,42.000000
169.500000,143.000000,49.000000,42.000000
169.500000,143.000000,49.000000,42.000000
169.500000,143.000000,49.000000,42.000000
169.500000,131.000000,49.000000,42.000000
169.500000,131.000000,49.000000,42.000000
169.500000,131.000000,49.000000,42.000000
169.500000,131.000000,49.000000,42.000000
2
0
0
0
0
1
