1
225.000000,92.000000,43.000000,45.000000
225.000000,92.000000,43.000000,45.000000
225.000000,92.000000,43.000000,45.000000
225.000000,92.000000,43.000000,45.000000
225.000000,92.000000,43.000000,45.000000
225.000000,92.000000,43.000000,45.000000
225.000000,92.000000,43.000000,45.000000
225.000000,92.000000,43.000000,45.000000
225.000000,92.000000,43.000000,45.000000
225.000000,92.000000,43.000000,45.000000
225.000000,92.000000,43.000000,45.000000
225.000000,92.000000,43.000000,45.000000
225.000000,92.000000,43.000000,45.000000
225.000000,92.000000,43.000000,45.000000
225.000000,92.000000,43.000000,45.000000
225.000000,92.000000,43.000000,45.000000
225.000000,92.000000,43.000000,45.000000
225.000000,92.000000,43.000000,45.000000
225.000000,92.000000,43.000000,45.000000
225.000000,92.000000,43.000000,45.000000
2
0
0
0
0
1
134.889999,83.019997,58.419998,67.050011
134.889999,83.019997,58.419998,67.050011
134.889999,83.019997,58.419998,67.050011
134.889999,83.019997,58.419998,67.050011
134.889999,83.019997,58.419998,67.050011
2
0
0
0
0
1
31.209999,111.959999,71.910004,66.920006
31.209999,111.959999,71.910004,66.920006
31.209999,111.959999,71.910004,66.920006
31.209999,111.959999,71.910004,66.920006
31.209999,111.959999,71.910004,66.920006
31.209999,111.959999,71.910004,66.920006
31.209999,111.959999,71.910004,66.920006
31.209999,111.959999,71.910004,66.920006
31.209999,111.959999,71.910004,66.920006
31.209999,111.959999,71.910004,66.920006
31.209999,111.959999,71.910004,66.920006
31.209999,111.959999,71.910004,66.920006
2
0
0
0
0
1
144.309998,84.139999,55.559998,59.339996
144.309998,84.139999,55.559998,59.339996
147.220001,68.330002,55.559998,59.339996
147.220001,68.330002,55.559998,59.339996
147.220001,68.330002,55.559998,59.339996
147.220001,68.330002,55.559998,59.339996
147.220001,68.330002,55.559998,59.339996
147.220001,68.330002,55.559998,59.339996
147.220001,68.330002,55.559998,59.339996
2
0
0
0
0
1
232.080002,58.139999,46.099991,63.410004
232.080002,58.139999,46.099991,63.410004
232.080002,58.139999,46.099991,63.410004
232.080002,58.139999,46.099991,63.410004
232.080002,58.139999,46.099991,63.410004
232.080002,58.139999,46.099991,63.410004
232.080002,58.139999,46.099991,63.410004
232.080002,58.139999,46.099991,63.410004
237.949997,81.294998,46.099991,63.410004
237.949997,81.294998,46.099991,63.410004
237.949997,81.294998,46.099991,63.410004
237.949997,81.294998,46.099991,63.410004
237.949997,81.294998,46.099991,63.410004
237.949997,81.294998,46.099991,63.410004
237.949997,81.294998,46.099991,63.410004
237.949997,81.294998,46.099991,63.410004
237.949997,81.294998,46.099991,63.410004
237.949997,81.294998,46.099991,63.410004
237.949997,81.294998,46.099991,63.410004
237.949997,81.294998,46.099991,63.410004
251.949997,127.294998,46.099991,63.410004
251.949997,127.294998,46.099991,63.410004
251.949997,127.294998,46.099991,63.410004
251.949997,127.294998,46.099991,63.410004
251.949997,127.294998,46.099991,63.410004
251.949997,127.294998,46.099991,63.410004
251.949997,127.294998,46.099991,63.410004
251.949997,127.294998,46.099991,63.410004
251.949997,127.294998,46.099991,63.410004
251.949997,127.294998,46.099991,63.410004
251.949997,127.294998,46.099991,63.410004
2
0
0
0
0
1
158.000000,105.000000,36.000000,74.000000
158.000000,105.000000,36.000000,74.000000
158.000000,105.000000,36.000000,74.000000
158.000000,105.000000,36.000000,74.000000
158.000000,105.000000,36.000000,74.000000
158.000000,105.000000,36.000000,74.000000
158.000000,105.000000,36.000000,74.000000
158.000000,105.000000,36.000000,74.000000
158.000000,105.000000,36.000000,74.000000
158.000000,105.000000,36.000000,74.000000
158.000000,105.000000,36.000000,74.000000
158.000000,105.000000,36.000000,74.000000
158.000000,105.000000,36.000000,74.000000
158.000000,105.000000,36.000000,74.000000
158.000000,105.000000,36.000000,74.000000
158.000000,105.000000,36.000000,74.000000
158.000000,105.000000,36.000000,74.000000
158.000000,105.000000,36.000000,74.000000
158.000000,105.000000,36.000000,74.000000
158.000000,105.000000,36.000000,74.000000
158.000000,105.000000,36.000000,74.000000
158.000000,105.000000,36.000000,74.000000
158.000000,105.000000,36.000000,74.000000
158.000000,105.000000,36.000000,74.000000
158.000000,105.000000,36.000000,74.000000
158.000000,105.000000,36.000000,74.000000
158.000000,105.000000,36.000000,74.000000
158.000000,105.000000,36.000000,74.000000
158.000000,105.000000,36.000000,74.000000
158.000000,105.000000,36.000000,74.000000
2
0
0
0
0
1
181.000000,51.000000,43.000000,60.000000
181.000000,51.000000,43.000000,60.000000
181.000000,51.000000,43.000000,60.000000
181.000000,51.000000,43.000000,60.000000
181.000000,51.000000,43.000000,60.000000
181.000000,51.000000,43.000000,60.000000
181.000000,51.000000,43.000000,60.000000
167.500000,76.000000,43.000000,60.000000
167.500000,76.000000,43.000000,60.000000
167.500000,76.000000,43.000000,60.000000
167.500000,76.000000,43.000000,60.000000
167.500000,76.000000,43.000000,60.000000
2
0
0
0
0
1
82.370003,149.000000,57.010002,55.220001
82.370003,149.000000,57.010002,55.220001
82.370003,149.000000,57.010002,55.220001
82.370003,149.000000,57.010002,55.220001
81.495003,171.389999,57.010002,55.220001
81.495003,171.389999,57.010002,55.220001
81.495003,171.389999,57.010002,55.220001
81.495003,171.389999,57.010002,55.220001
81.495003,171.389999,57.010002,55.220001
81.495003,171.389999,57.010002,55.220001
81.495003,171.389999,57.010002,55.220001
53.494999,160.389999,57.010002,55.220001
53.494999,160.389999,57.010002,55.220001
53.494999,160.389999,57.010002,55.220001
53.494999,160.389999,57.010002,55.220001
53.494999,160.389999,57.010002,55.220001
53.494999,160.389999,57.010002,55.220001
53.494999,160.389999,57.010002,55.220001
53.494999,160.389999,57.010002,55.220001
53.494999,160.389999,57.010002,55.220001
53.494999,160.389999,57.010002,55.220001
53.494999,160.389999,57.010002,55.220001
53.494999,160.389999,57.010002,55.220001
53.494999,160.389999,57.010002,55.220001
53.494999,160.389999,57.010002,55.220001
2
0
0
0
0
1
67.110001,62.090000,75.330002,81.380005
67.110001,62.090000,75.330002,81.380005
67.110001,62.090000,75.330002,81.380005
67.110001,62.090000,75.330002,81.380005
94.334999,52.309998,75.330002,81.380005
94.334999,52.309998,75.330002,81.380005
94.334999,52.309998,75.330002,81.380005
94.334999,52.309998,75.330002,81.380005
94.334999,52.309998,75.330002,81.380005
94.334999,27.309998,75.330002,81.380005
94.334999,27.309998,75.330002,81.380005
94.334999,27.309998,75.330002,81.380005
94.334999,27.309998,75.330002,81.380005
94.334999,27.309998,75.330002,81.380005
94.334999,27.309998,75.330002,81.380005
2
0
0
0
0
1
145.809998,109.839996,63.490005,67.660004
145.809998,109.839996,63.490005,67.660004
145.809998,109.839996,63.490005,67.660004
145.809998,109.839996,63.490005,67.660004
145.809998,109.839996,63.490005,67.660004
150.255005,70.169998,63.490005,67.660004
150.255005,70.169998,63.490005,67.660004
150.255005,70.169998,63.490005,67.660004
150.255005,70.169998,63.490005,67.660004
150.255005,70.169998,63.490005,67.660004
2
0
0
0
0
1
224.000000,106.000000,46.000000,55.000000
224.000000,106.000000,46.000000,55.000000
224.000000,106.000000,46.000000,55.000000
224.000000,106.000000,46.000000,55.000000
224.000000,106.000000,46.000000,55.000000
224.000000,106.000000,46.000000,55.000000
224.000000,106.000000,46.000000,55.000000
224.000000,106.000000,46.000000,55.000000
224.000000,106.000000,46.000000,55.000000
217.000000,129.500000,46.000000,55.000000
217.000000,129.500000,46.000000,55.000000
217.000000,129.500000,46.000000,55.000000
217.000000,129.500000,46.000000,55.000000
217.000000,129.500000,46.000000,55.000000
