1
225.000000,92.000000,43.000000,45.000000
225.000000,92.000000,43.000000,45.000000
225.000000,92.000000,43.000000,45.000000
225.000000,92.000000,43.000000,45.000000
225.000000,92.000000,43.000000,45.000000
225.000000,92.000000,43.000000,45.000000
225.000000,92.000000,43.000000,45.000000
225.000000,92.000000,43.000000,45.000000
225.000000,92.000000,43.000000,45.000000
225.000000,92.000000,43.000000,45.000000
225.000000,92.000000,43.000000,45.000000
225.000000,92.000000,43.000000,45.000000
225.000000,92.000000,43.000000,45.000000
225.000000,92.000000,43.000000,45.000000
225.000000,92.000000,43.000000,45.000000
225.000000,92.000000,43.000000,45.000000
224.500000,91.500000,43.000000,45.000000
224.500000,91.500000,43.000000,45.000000
224.500000,91.500000,43.000000,45.000000
224.500000,91.500000,43.000000,45.000000
2
0
0
0
0
1
134.889999,83.019997,58.419998,67.050011
134.889999,83.019997,58.419998,67.050011
134.889999,83.019997,58.419998,67.050011
134.889999,83.019997,58.419998,67.050011
118.790001,121.474991,58.419998,67.050011
89.790001,117.474991,58.419998,67.050011
89.790001,117.474991,58.419998,67.050011
71.790001,104.474991,58.419998,67.050011
71.790001,104.474991,58.419998,67.050011
28.790001,101.474991,58.419998,67.050011
28.790001,101.474991,58.419998,67.050011
28.790001,101.474991,58.419998,67.050011
28.790001,101.474991,58.419998,67.050011
28.790001,101.474991,58.419998,67.050011
28.790001,101.474991,58.419998,67.050011
28.790001,101.474991,58.419998,67.050011
28.790001,101.474991,58.419998,67.050011
28.790001,101.474991,58.419998,67.050011
28.790001,101.474991,58.419998,67.050011
2
0
0
0
0
1
116.470001,96.559998,66.779999,70.100006
116.470001,96.559998,66.779999,70.100006
116.470001,96.559998,66.779999,70.100006
116.470001,96.559998,66.779999,70.100006
116.470001,96.559998,66.779999,70.100006
131.610001,66.949997,66.779999,70.100006
131.610001,66.949997,66.779999,70.100006
131.610001,66.949997,66.779999,70.100006
131.610001,66.949997,66.779999,70.100006
131.610001,66.949997,66.779999,70.100006
153.610001,65.949997,66.779999,70.100006
153.610001,65.949997,66.779999,70.100006
153.610001,65.949997,66.779999,70.100006
153.610001,65.949997,66.779999,70.100006
153.610001,65.949997,66.779999,70.100006
189.610001,61.949997,66.779999,70.100006
189.610001,61.949997,66.779999,70.100006
189.610001,61.949997,66.779999,70.100006
189.610001,61.949997,66.779999,70.100006
217.610001,71.949997,66.779999,70.100006
194.610001,71.949997,66.779999,70.100006
194.610001,71.949997,66.779999,70.100006
194.610001,71.949997,66.779999,70.100006
194.610001,71.949997,66.779999,70.100006
227.610001,31.949997,66.779999,70.100006
227.610001,31.949997,66.779999,70.100006
227.610001,31.949997,66.779999,70.100006
227.610001,31.949997,66.779999,70.100006
227.610001,31.949997,66.779999,70.100006
227.610001,31.949997,66.779999,70.100006
227.610001,31.949997,66.779999,70.100006
227.610001,31.949997,66.779999,70.100006
227.610001,31.949997,66.779999,70.100006
227.610001,31.949997,66.779999,70.100006
2
0
0
0
0
1
256.000000,140.000000,35.000000,52.000000
256.000000,140.000000,35.000000,52.000000
256.000000,140.000000,35.000000,52.000000
256.000000,140.000000,35.000000,52.000000
256.000000,140.000000,35.000000,52.000000
256.500000,110.000000,35.000000,52.000000
256.500000,110.000000,35.000000,52.000000
256.500000,110.000000,35.000000,52.000000
256.500000,110.000000,35.000000,52.000000
224.500000,126.000000,35.000000,52.000000
224.500000,126.000000,35.000000,52.000000
224.500000,126.000000,35.000000,52.000000
2
0
0
0
0
1
129.000000,104.000000,48.000000,73.000000
129.000000,104.000000,48.000000,73.000000
129.000000,104.000000,48.000000,73.000000
129.000000,104.000000,48.000000,73.000000
129.000000,104.000000,48.000000,73.000000
129.000000,104.000000,48.000000,73.000000
130.000000,52.500000,48.000000,73.000000
130.000000,52.500000,48.000000,73.000000
130.000000,52.500000,48.000000,73.000000
130.000000,52.500000,48.000000,73.000000
130.000000,52.500000,48.000000,73.000000
130.000000,52.500000,48.000000,73.000000
130.000000,52.500000,48.000000,73.000000
130.000000,52.500000,48.000000,73.000000
130.000000,52.500000,48.000000,73.000000
130.000000,52.500000,48.000000,73.000000
130.000000,52.500000,48.000000,73.000000
130.000000,52.500000,48.000000,73.000000
147.000000,58.500000,48.000000,73.000000
147.000000,58.500000,48.000000,73.000000
147.000000,58.500000,48.000000,73.000000
147.000000,58.500000,48.000000,73.000000
147.000000,58.500000,48.000000,73.000000
147.000000,58.500000,48.000000,73.000000
147.000000,58.500000,48.000000,73.000000
149.000000,38.500000,48.000000,73.000000
149.000000,38.500000,48.000000,73.000000
149.000000,38.500000,48.000000,73.000000
149.000000,38.500000,48.000000,73.000000
149.000000,38.500000,48.000000,73.000000
149.000000,38.500000,48.000000,73.000000
130.000000,29.500000,48.000000,73.000000
2
0
0
0
0
1
177.000000,68.000000,43.000000,55.000000
177.000000,68.000000,43.000000,55.000000
177.000000,68.000000,43.000000,55.000000
177.000000,68.000000,43.000000,55.000000
177.000000,68.000000,43.000000,55.000000
177.000000,68.000000,43.000000,55.000000
177.000000,68.000000,43.000000,55.000000
2
0
0
0
0
1
86.570000,146.369995,57.859993,56.260010
86.570000,146.369995,57.859993,56.260010
86.570000,146.369995,57.859993,56.260010
86.570000,146.369995,57.859993,56.260010
86.570000,146.369995,57.859993,56.260010
86.570000,146.369995,57.859993,56.260010
86.570000,146.369995,57.859993,56.260010
86.570000,146.369995,57.859993,56.260010
86.570000,146.369995,57.859993,56.260010
86.570000,146.369995,57.859993,56.260010
86.570000,146.369995,57.859993,56.260010
86.570000,146.369995,57.859993,56.260010
86.570000,146.369995,57.859993,56.260010
86.570000,146.369995,57.859993,56.260010
86.570000,146.369995,57.859993,56.260010
46.070004,154.869995,57.859993,56.260010
46.070004,154.869995,57.859993,56.260010
46.070004,154.869995,57.859993,56.260010
46.070004,154.869995,57.859993,56.260010
46.070004,154.869995,57.859993,56.260010
46.070004,154.869995,57.859993,56.260010
46.070004,154.869995,57.859993,56.260010
46.070004,154.869995,57.859993,56.260010
46.070004,154.869995,57.859993,56.260010
46.070004,154.869995,57.859993,56.260010
46.070004,154.869995,57.859993,56.260010
46.070004,154.869995,57.859993,56.260010
2
0
0
0
0
1
70.379997,60.250000,75.280006,81.539993
70.379997,60.250000,75.280006,81.539993
70.379997,60.250000,75.280006,81.539993
70.379997,60.250000,75.280006,81.539993
70.379997,60.250000,75.280006,81.539993
70.379997,60.250000,75.280006,81.539993
70.379997,60.250000,75.280006,81.539993
70.379997,60.250000,75.280006,81.539993
96.360001,29.230003,75.280006,81.539993
96.360001,29.230003,75.280006,81.539993
96.360001,29.230003,75.280006,81.539993
96.360001,29.230003,75.280006,81.539993
96.360001,29.230003,75.280006,81.539993
96.360001,29.230003,75.280006,81.539993
96.360001,29.230003,75.280006,81.539993
2
0
0
0
0
1
152.380005,108.599998,61.830002,66.909996
152.380005,108.599998,61.830002,66.909996
152.380005,108.599998,61.830002,66.909996
152.380005,108.599998,61.830002,66.909996
152.380005,108.599998,61.830002,66.909996
152.380005,108.599998,61.830002,66.909996
152.380005,108.599998,61.830002,66.909996
152.380005,108.599998,61.830002,66.909996
152.380005,108.599998,61.830002,66.909996
2
0
0
0
0
1
224.000000,106.000000,46.000000,55.000000
224.000000,106.000000,46.000000,55.000000
224.000000,106.000000,46.000000,55.000000
224.000000,106.000000,46.000000,55.000000
224.000000,106.000000,46.000000,55.000000
224.000000,106.000000,46.000000,55.000000
224.000000,106.000000,46.000000,55.000000
224.000000,106.000000,46.000000,55.000000
224.000000,106.000000,46.000000,55.000000
224.000000,106.000000,46.000000,55.000000
224.000000,106.000000,46.000000,55.000000
216.000000,133.500000,46.000000,55.000000
216.000000,133.500000,46.000000,55.000000
216.000000,133.500000,46.000000,55.000000
