1
225.000000,92.000000,43.000000,45.000000
225.000000,92.000000,43.000000,45.000000
225.000000,92.000000,43.000000,45.000000
225.000000,92.000000,43.000000,45.000000
225.000000,92.000000,43.000000,45.000000
225.000000,92.000000,43.000000,45.000000
225.000000,92.000000,43.000000,45.000000
225.000000,92.000000,43.000000,45.000000
225.000000,92.000000,43.000000,45.000000
225.000000,92.000000,43.000000,45.000000
225.000000,92.000000,43.000000,45.000000
225.000000,92.000000,43.000000,45.000000
225.000000,92.000000,43.000000,45.000000
225.000000,92.000000,43.000000,45.000000
225.000000,92.000000,43.000000,45.000000
225.000000,92.000000,43.000000,45.000000
225.000000,92.000000,43.000000,45.000000
225.000000,92.000000,43.000000,45.000000
225.000000,92.000000,43.000000,45.000000
225.000000,92.000000,43.000000,45.000000
2
0
0
0
0
1
134.889999,83.019997,58.419998,67.050011
134.889999,83.019997,58.419998,67.050011
134.889999,83.019997,58.419998,67.050011
134.889999,83.019997,58.419998,67.050011
134.889999,83.019997,58.419998,67.050011
89.790001,107.474991,58.419998,67.050011
89.790001,107.474991,58.419998,67.050011
89.790001,107.474991,58.419998,67.050011
89.790001,107.474991,58.419998,67.050011
89.790001,107.474991,58.419998,67.050011
89.790001,107.474991,58.419998,67.050011
89.790001,107.474991,58.419998,67.050011
89.790001,107.474991,58.419998,67.050011
89.790001,107.474991,58.419998,67.050011
89.790001,107.474991,58.419998,67.050011
89.790001,107.474991,58.419998,67.050011
89.790001,107.474991,58.419998,67.050011
89.790001,107.474991,58.419998,67.050011
89.790001,107.474991,58.419998,67.050011
89.790001,107.474991,58.419998,67.050011
89.790001,107.474991,58.419998,67.050011
89.790001,107.474991,58.419998,67.050011
89.790001,107.474991,58.419998,67.050011
89.790001,107.474991,58.419998,67.050011
129.790009,96.474991,58.419998,67.050011
129.790009,96.474991,58.419998,67.050011
129.790009,96.474991,58.419998,67.050011
129.790009,96.474991,58.419998,67.050011
129.790009,96.474991,58.419998,67.050011
134.790009,66.474991,58.419998,67.050011
134.790009,66.474991,58.419998,67.050011
134.790009,66.474991,58.419998,67.050011
134.790009,66.474991,58.419998,67.050011
134.790009,66.474991,58.419998,67.050011
134.790009,66.474991,58.419998,67.050011
134.790009,66.474991,58.419998,67.050011
134.790009,66.474991,58.419998,67.050011
2
0
0
0
0
1
232.710007,58.360001,41.979996,62.239998
232.710007,58.360001,41.979996,62.239998
232.710007,58.360001,41.979996,62.239998
232.710007,58.360001,41.979996,62.239998
232.710007,58.360001,41.979996,62.239998
232.710007,58.360001,41.979996,62.239998
232.710007,58.360001,41.979996,62.239998
232.710007,58.360001,41.979996,62.239998
232.710007,58.360001,41.979996,62.239998
232.710007,58.360001,41.979996,62.239998
232.710007,58.360001,41.979996,62.239998
232.710007,58.360001,41.979996,62.239998
232.710007,58.360001,41.979996,62.239998
232.710007,58.360001,41.979996,62.239998
232.710007,58.360001,41.979996,62.239998
232.710007,58.360001,41.979996,62.239998
232.009995,57.880001,41.979996,62.239998
232.009995,57.880001,41.979996,62.239998
2
0
0
0
0
1
244.000000,138.000000,46.000000,56.000000
244.000000,138.000000,46.000000,56.000000
244.000000,138.000000,46.000000,56.000000
244.000000,138.000000,46.000000,56.000000
232.000000,116.000000,46.000000,56.000000
232.000000,116.000000,46.000000,56.000000
232.000000,116.000000,46.000000,56.000000
232.000000,116.000000,46.000000,56.000000
215.000000,124.000000,46.000000,56.000000
202.000000,121.000000,46.000000,56.000000
202.000000,121.000000,46.000000,56.000000
202.000000,121.000000,46.000000,56.000000
168.000000,132.000000,46.000000,56.000000
168.000000,132.000000,46.000000,56.000000
168.000000,132.000000,46.000000,56.000000
168.000000,132.000000,46.000000,56.000000
151.000000,140.000000,46.000000,56.000000
151.000000,140.000000,46.000000,56.000000
151.000000,140.000000,46.000000,56.000000
2
0
0
0
0
1
121.809998,64.139999,46.240005,59.430000
121.809998,64.139999,46.240005,59.430000
121.809998,64.139999,46.240005,59.430000
121.809998,64.139999,46.240005,59.430000
121.809998,64.139999,46.240005,59.430000
121.809998,64.139999,46.240005,59.430000
121.809998,64.139999,46.240005,59.430000
121.809998,64.139999,46.240005,59.430000
121.809998,64.139999,46.240005,59.430000
119.879997,48.285000,46.240005,59.430000
119.879997,48.285000,46.240005,59.430000
119.879997,48.285000,46.240005,59.430000
119.879997,48.285000,46.240005,59.430000
119.879997,48.285000,46.240005,59.430000
119.879997,48.285000,46.240005,59.430000
2
0
0
0
0
1
174.000000,54.000000,41.000000,55.000000
174.000000,54.000000,41.000000,55.000000
174.000000,54.000000,41.000000,55.000000
174.000000,54.000000,41.000000,55.000000
174.000000,54.000000,41.000000,55.000000
174.000000,54.000000,41.000000,55.000000
174.000000,54.000000,41.000000,55.000000
174.000000,54.000000,41.000000,55.000000
173.500000,53.500000,41.000000,55.000000
173.500000,53.500000,41.000000,55.000000
173.500000,53.500000,41.000000,55.000000
173.500000,53.500000,41.000000,55.000000
173.500000,53.500000,41.000000,55.000000
173.500000,53.500000,41.000000,55.000000
2
0
0
0
0
1
91.260002,141.360001,59.180000,59.179993
91.260002,141.360001,59.180000,59.179993
91.260002,141.360001,59.180000,59.179993
91.260002,141.360001,59.180000,59.179993
91.260002,141.360001,59.180000,59.179993
91.260002,141.360001,59.180000,59.179993
91.260002,141.360001,59.180000,59.179993
91.260002,141.360001,59.180000,59.179993
91.260002,141.360001,59.180000,59.179993
91.260002,141.360001,59.180000,59.179993
91.260002,141.360001,59.180000,59.179993
91.260002,141.360001,59.180000,59.179993
91.260002,141.360001,59.180000,59.179993
91.260002,141.360001,59.180000,59.179993
91.260002,141.360001,59.180000,59.179993
91.260002,141.360001,59.180000,59.179993
90.410004,140.410004,59.180000,59.179993
90.410004,140.410004,59.180000,59.179993
60.410000,140.410004,59.180000,59.179993
60.410000,140.410004,59.180000,59.179993
60.410000,140.410004,59.180000,59.179993
30.410000,120.410004,59.180000,59.179993
30.410000,120.410004,59.180000,59.179993
30.410000,120.410004,59.180000,59.179993
30.410000,120.410004,59.180000,59.179993
2
0
0
0
0
1
60.590000,65.769997,75.410004,81.050011
60.590000,65.769997,75.410004,81.050011
60.590000,65.769997,75.410004,81.050011
60.590000,65.769997,75.410004,81.050011
60.590000,65.769997,75.410004,81.050011
60.590000,65.769997,75.410004,81.050011
60.590000,65.769997,75.410004,81.050011
60.590000,65.769997,75.410004,81.050011
60.590000,65.769997,75.410004,81.050011
60.590000,65.769997,75.410004,81.050011
60.590000,65.769997,75.410004,81.050011
72.294998,44.474995,75.410004,81.050011
72.294998,44.474995,75.410004,81.050011
72.294998,44.474995,75.410004,81.050011
72.294998,44.474995,75.410004,81.050011
72.294998,44.474995,75.410004,81.050011
2
0
0
0
0
1
139.419998,111.250000,64.779999,68.059998
139.419998,111.250000,64.779999,68.059998
139.419998,111.250000,64.779999,68.059998
139.419998,111.250000,64.779999,68.059998
139.419998,111.250000,64.779999,68.059998
139.419998,111.250000,64.779999,68.059998
139.419998,111.250000,64.779999,68.059998
139.419998,111.250000,64.779999,68.059998
139.419998,111.250000,64.779999,68.059998
2
0
0
0
0
1
223.000000,98.000000,44.000000,59.000000
223.000000,98.000000,44.000000,59.000000
223.000000,98.000000,44.000000,59.000000
223.000000,98.000000,44.000000,59.000000
223.000000,98.000000,44.000000,59.000000
223.000000,98.000000,44.000000,59.000000
223.000000,98.000000,44.000000,59.000000
223.000000,98.000000,44.000000,59.000000
217.000000,118.500000,44.000000,59.000000
217.000000,118.500000,44.000000,59.000000
217.000000,118.500000,44.000000,59.000000
217.000000,118.500000,44.000000,59.000000
217.000000,118.500000,44.000000,59.000000
217.000000,118.500000,44.000000,59.000000
217.000000,118.500000,44.000000,59.000000
218.000000,143.500000,44.000000,59.000000
