1
225.000000,92.000000,43.000000,45.000000
225.000000,92.000000,43.000000,45.000000
225.000000,92.000000,43.000000,45.000000
225.000000,92.000000,43.000000,45.000000
225.000000,92.000000,43.000000,45.000000
225.000000,92.000000,43.000000,45.000000
225.000000,92.000000,43.000000,45.000000
225.000000,92.000000,43.000000,45.000000
225.000000,92.000000,43.000000,45.000000
225.000000,92.000000,43.000000,45.000000
225.000000,92.000000,43.000000,45.000000
225.000000,92.000000,43.000000,45.000000
225.000000,92.000000,43.000000,45.000000
225.000000,92.000000,43.000000,45.000000
225.000000,92.000000,43.000000,45.000000
225.000000,92.000000,43.000000,45.000000
224.500000,91.500000,43.000000,45.000000
202.500000,83.500000,43.000000,45.000000
202.500000,83.500000,43.000000,45.000000
202.500000,83.500000,43.000000,45.000000
202.500000,83.500000,43.000000,45.000000
202.500000,83.500000,43.000000,45.000000
202.500000,83.500000,43.000000,45.000000
175.500000,60.500000,43.000000,45.000000
175.500000,60.500000,43.000000,45.000000
175.500000,60.500000,43.000000,45.000000
175.500000,60.500000,43.000000,45.000000
2
0
0
0
0
1
45.330002,95.690002,74.339996,76.619995
45.330002,95.690002,74.339996,76.619995
45.330002,95.690002,74.339996,76.619995
45.330002,95.690002,74.339996,76.619995
45.330002,95.690002,74.339996,76.619995
45.330002,95.690002,74.339996,76.619995
45.330002,95.690002,74.339996,76.619995
45.330002,95.690002,74.339996,76.619995
45.330002,95.690002,74.339996,76.619995
45.330002,95.690002,74.339996,76.619995
45.330002,95.690002,74.339996,76.619995
45.330002,95.690002,74.339996,76.619995
45.330002,95.690002,74.339996,76.619995
45.330002,95.690002,74.339996,76.619995
45.330002,95.690002,74.339996,76.619995
45.330002,95.690002,74.339996,76.619995
45.330002,95.690002,74.339996,76.619995
45.330002,95.690002,74.339996,76.619995
2
0
0
0
0
1
161.059998,75.279999,53.339996,64.990005
161.059998,75.279999,53.339996,64.990005
161.059998,75.279999,53.339996,64.990005
161.059998,75.279999,53.339996,64.990005
161.059998,75.279999,53.339996,64.990005
161.059998,75.279999,53.339996,64.990005
161.059998,75.279999,53.339996,64.990005
186.330002,64.504997,53.339996,64.990005
186.330002,64.504997,53.339996,64.990005
186.330002,64.504997,53.339996,64.990005
230.330002,45.504997,53.339996,64.990005
230.330002,45.504997,53.339996,64.990005
230.330002,45.504997,53.339996,64.990005
234.330002,71.504997,53.339996,64.990005
234.330002,71.504997,53.339996,64.990005
234.330002,71.504997,53.339996,64.990005
234.330002,71.504997,53.339996,64.990005
234.330002,71.504997,53.339996,64.990005
234.330002,71.504997,53.339996,64.990005
234.330002,71.504997,53.339996,64.990005
234.330002,71.504997,53.339996,64.990005
234.330002,71.504997,53.339996,64.990005
237.330002,98.504997,53.339996,64.990005
237.330002,98.504997,53.339996,64.990005
237.330002,98.504997,53.339996,64.990005
237.330002,98.504997,53.339996,64.990005
237.330002,98.504997,53.339996,64.990005
237.330002,98.504997,53.339996,64.990005
237.330002,98.504997,53.339996,64.990005
243.330002,122.504997,53.339996,64.990005
243.330002,122.504997,53.339996,64.990005
243.330002,122.504997,53.339996,64.990005
252.330002,148.505005,53.339996,64.990005
252.330002,148.505005,53.339996,64.990005
252.330002,148.505005,53.339996,64.990005
246.330002,124.504997,53.339996,64.990005
246.330002,124.504997,53.339996,64.990005
246.330002,124.504997,53.339996,64.990005
246.330002,124.504997,53.339996,64.990005
243.330002,97.504997,53.339996,64.990005
243.330002,97.504997,53.339996,64.990005
243.330002,97.504997,53.339996,64.990005
243.330002,97.504997,53.339996,64.990005
243.330002,97.504997,53.339996,64.990005
193.330002,97.504997,53.339996,64.990005
193.330002,97.504997,53.339996,64.990005
193.330002,97.504997,53.339996,64.990005
172.330002,83.504997,53.339996,64.990005
172.330002,83.504997,53.339996,64.990005
172.330002,83.504997,53.339996,64.990005
172.330002,83.504997,53.339996,64.990005
172.330002,83.504997,53.339996,64.990005
132.330002,113.504997,53.339996,64.990005
132.330002,113.504997,53.339996,64.990005
132.330002,113.504997,53.339996,64.990005
132.330002,113.504997,53.339996,64.990005
132.330002,113.504997,53.339996,64.990005
132.330002,113.504997,53.339996,64.990005
132.330002,113.504997,53.339996,64.990005
132.330002,113.504997,53.339996,64.990005
136.330002,69.504997,53.339996,64.990005
136.330002,69.504997,53.339996,64.990005
136.330002,69.504997,53.339996,64.990005
136.330002,69.504997,53.339996,64.990005
136.330002,69.504997,53.339996,64.990005
136.330002,69.504997,53.339996,64.990005
136.330002,69.504997,53.339996,64.990005
136.330002,69.504997,53.339996,64.990005
136.330002,69.504997,53.339996,64.990005
136.330002,69.504997,53.339996,64.990005
136.330002,69.504997,53.339996,64.990005
136.330002,69.504997,53.339996,64.990005
136.330002,69.504997,53.339996,64.990005
159.330002,61.504997,53.339996,64.990005
159.330002,61.504997,53.339996,64.990005
159.330002,61.504997,53.339996,64.990005
159.330002,61.504997,53.339996,64.990005
159.330002,61.504997,53.339996,64.990005
159.330002,61.504997,53.339996,64.990005
159.330002,61.504997,53.339996,64.990005
159.330002,61.504997,53.339996,64.990005
159.330002,61.504997,53.339996,64.990005
159.330002,61.504997,53.339996,64.990005
159.330002,61.504997,53.339996,64.990005
159.330002,61.504997,53.339996,64.990005
159.330002,61.504997,53.339996,64.990005
159.330002,61.504997,53.339996,64.990005
159.330002,61.504997,53.339996,64.990005
159.330002,61.504997,53.339996,64.990005
159.330002,61.504997,53.339996,64.990005
159.330002,61.504997,53.339996,64.990005
159.330002,61.504997,53.339996,64.990005
159.330002,61.504997,53.339996,64.990005
159.330002,61.504997,53.339996,64.990005
159.330002,61.504997,53.339996,64.990005
159.330002,61.504997,53.339996,64.990005
159.330002,61.504997,53.339996,64.990005
159.330002,61.504997,53.339996,64.990005
2
0
0
0
0
1
82.370003,149.000000,57.010002,55.220001
82.370003,149.000000,57.010002,55.220001
104.495003,147.389999,57.010002,55.220001
104.495003,147.389999,57.010002,55.220001
104.495003,147.389999,57.010002,55.220001
104.495003,147.389999,57.010002,55.220001
93.495003,170.389999,57.010002,55.220001
93.495003,170.389999,57.010002,55.220001
93.495003,170.389999,57.010002,55.220001
93.495003,170.389999,57.010002,55.220001
93.495003,170.389999,57.010002,55.220001
78.495003,165.389999,57.010002,55.220001
54.494999,162.389999,57.010002,55.220001
54.494999,162.389999,57.010002,55.220001
54.494999,162.389999,57.010002,55.220001
54.494999,162.389999,57.010002,55.220001
54.494999,162.389999,57.010002,55.220001
54.494999,162.389999,57.010002,55.220001
54.494999,162.389999,57.010002,55.220001
54.494999,162.389999,57.010002,55.220001
54.494999,162.389999,57.010002,55.220001
54.494999,162.389999,57.010002,55.220001
54.494999,162.389999,57.010002,55.220001
54.494999,162.389999,57.010002,55.220001
2
0
0
0
0
1
63.849998,63.919998,75.370003,81.229996
63.849998,63.919998,75.370003,81.229996
63.849998,63.919998,75.370003,81.229996
63.849998,63.919998,75.370003,81.229996
63.849998,63.919998,75.370003,81.229996
63.849998,63.919998,75.370003,81.229996
63.849998,63.919998,75.370003,81.229996
63.849998,63.919998,75.370003,81.229996
63.849998,63.919998,75.370003,81.229996
63.849998,63.919998,75.370003,81.229996
63.849998,63.919998,75.370003,81.229996
63.849998,63.919998,75.370003,81.229996
77.314995,41.385002,75.370003,81.229996
77.314995,41.385002,75.370003,81.229996
77.314995,41.385002,75.370003,81.229996
77.314995,41.385002,75.370003,81.229996
2
0
0
0
0
1
145.809998,109.839996,63.490005,67.660004
145.809998,109.839996,63.490005,67.660004
145.809998,109.839996,63.490005,67.660004
145.809998,109.839996,63.490005,67.660004
145.809998,109.839996,63.490005,67.660004
145.809998,109.839996,63.490005,67.660004
145.809998,109.839996,63.490005,67.660004
176.255005,105.169998,63.490005,67.660004
176.255005,105.169998,63.490005,67.660004
176.255005,105.169998,63.490005,67.660004
176.255005,105.169998,63.490005,67.660004
176.255005,105.169998,63.490005,67.660004
176.255005,105.169998,63.490005,67.660004
176.255005,105.169998,63.490005,67.660004
176.255005,105.169998,63.490005,67.660004
176.255005,105.169998,63.490005,67.660004
176.255005,105.169998,63.490005,67.660004
176.255005,105.169998,63.490005,67.660004
176.255005,105.169998,63.490005,67.660004
176.255005,105.169998,63.490005,67.660004
225.255005,125.169998,63.490005,67.660004
225.255005,125.169998,63.490005,67.660004
225.255005,125.169998,63.490005,67.660004
225.255005,125.169998,63.490005,67.660004
225.255005,125.169998,63.490005,67.660004
225.255005,125.169998,63.490005,67.660004
225.255005,125.169998,63.490005,67.660004
225.255005,125.169998,63.490005,67.660004
225.255005,125.169998,63.490005,67.660004
225.255005,125.169998,63.490005,67.660004
