1
225.000000,92.000000,43.000000,45.000000
225.000000,92.000000,43.000000,45.000000
225.000000,92.000000,43.000000,45.000000
225.000000,92.000000,43.000000,45.000000
225.000000,92.000000,43.000000,45.000000
225.000000,92.000000,43.000000,45.000000
225.000000,92.000000,43.000000,45.000000
225.000000,92.000000,43.000000,45.000000
225.000000,92.000000,43.000000,45.000000
225.000000,92.000000,43.000000,45.000000
225.000000,92.000000,43.000000,45.000000
225.000000,92.000000,43.000000,45.000000
225.000000,92.000000,43.000000,45.000000
225.000000,92.000000,43.000000,45.000000
225.000000,92.000000,43.000000,45.000000
225.000000,92.000000,43.000000,45.000000
224.500000,91.500000,43.000000,45.000000
224.500000,91.500000,43.000000,45.000000
224.500000,91.500000,43.000000,45.000000
224.500000,91.500000,43.000000,45.000000
2
0
0
0
0
1
134.889999,83.019997,58.419998,67.050011
134.889999,83.019997,58.419998,67.050011
134.889999,83.019997,58.419998,67.050011
134.889999,83.019997,58.419998,67.050011
134.889999,83.019997,58.419998,67.050011
79.790001,117.474991,58.419998,67.050011
79.790001,117.474991,58.419998,67.050011
79.790001,117.474991,58.419998,67.050011
79.790001,117.474991,58.419998,67.050011
79.790001,117.474991,58.419998,67.050011
79.790001,117.474991,58.419998,67.050011
79.790001,117.474991,58.419998,67.050011
79.790001,117.474991,58.419998,67.050011
79.790001,117.474991,58.419998,67.050011
24.790001,106.474991,58.419998,67.050011
24.790001,106.474991,58.419998,67.050011
24.790001,106.474991,58.419998,67.050011
24.790001,106.474991,58.419998,67.050011
24.790001,106.474991,58.419998,67.050011
2
0
0
0
0
1
116.470001,96.559998,66.779999,70.100006
116.470001,96.559998,66.779999,70.100006
116.470001,96.559998,66.779999,70.100006
116.470001,96.559998,66.779999,70.100006
116.470001,96.559998,66.779999,70.100006
141.610001,71.949997,66.779999,70.100006
141.610001,71.949997,66.779999,70.100006
141.610001,71.949997,66.779999,70.100006
141.610001,71.949997,66.779999,70.100006
141.610001,71.949997,66.779999,70.100006
136.610001,51.949997,66.779999,70.100006
136.610001,51.949997,66.779999,70.100006
136.610001,51.949997,66.779999,70.100006
162.610001,57.949997,66.779999,70.100006
162.610001,57.949997,66.779999,70.100006
182.610001,48.949997,66.779999,70.100006
182.610001,48.949997,66.779999,70.100006
182.610001,48.949997,66.779999,70.100006
182.610001,48.949997,66.779999,70.100006
182.610001,48.949997,66.779999,70.100006
182.610001,48.949997,66.779999,70.100006
182.610001,48.949997,66.779999,70.100006
182.610001,48.949997,66.779999,70.100006
182.610001,48.949997,66.779999,70.100006
182.610001,48.949997,66.779999,70.100006
182.610001,48.949997,66.779999,70.100006
182.610001,48.949997,66.779999,70.100006
182.610001,48.949997,66.779999,70.100006
182.610001,48.949997,66.779999,70.100006
182.610001,48.949997,66.779999,70.100006
182.610001,48.949997,66.779999,70.100006
182.610001,48.949997,66.779999,70.100006
182.610001,48.949997,66.779999,70.100006
182.610001,48.949997,66.779999,70.100006
182.610001,48.949997,66.779999,70.100006
2
0
0
0
0
1
251.000000,142.000000,38.000000,57.000000
251.000000,142.000000,38.000000,57.000000
251.000000,142.000000,38.000000,57.000000
251.000000,142.000000,38.000000,57.000000
251.000000,142.000000,38.000000,57.000000
241.000000,112.500000,38.000000,57.000000
241.000000,112.500000,38.000000,57.000000
241.000000,112.500000,38.000000,57.000000
209.000000,105.500000,38.000000,57.000000
209.000000,105.500000,38.000000,57.000000
191.000000,72.500000,38.000000,57.000000
191.000000,72.500000,38.000000,57.000000
168.000000,74.500000,38.000000,57.000000
168.000000,74.500000,38.000000,57.000000
168.000000,74.500000,38.000000,57.000000
168.000000,74.500000,38.000000,57.000000
168.000000,74.500000,38.000000,57.000000
168.000000,74.500000,38.000000,57.000000
168.000000,74.500000,38.000000,57.000000
168.000000,74.500000,38.000000,57.000000
168.000000,74.500000,38.000000,57.000000
2
0
0
0
0
1
125.120003,61.540001,43.689995,58.279999
125.120003,61.540001,43.689995,58.279999
125.120003,61.540001,43.689995,58.279999
125.120003,61.540001,43.689995,58.279999
125.120003,61.540001,43.689995,58.279999
125.120003,61.540001,43.689995,58.279999
125.120003,61.540001,43.689995,58.279999
125.120003,61.540001,43.689995,58.279999
125.120003,61.540001,43.689995,58.279999
125.120003,61.540001,43.689995,58.279999
125.120003,61.540001,43.689995,58.279999
125.120003,61.540001,43.689995,58.279999
125.120003,61.540001,43.689995,58.279999
125.120003,61.540001,43.689995,58.279999
125.120003,61.540001,43.689995,58.279999
2
0
0
0
0
1
177.000000,48.000000,42.000000,61.000000
177.000000,48.000000,42.000000,61.000000
177.000000,48.000000,42.000000,61.000000
177.000000,48.000000,42.000000,61.000000
177.000000,48.000000,42.000000,61.000000
177.000000,48.000000,42.000000,61.000000
177.000000,48.000000,42.000000,61.000000
177.000000,48.000000,42.000000,61.000000
177.000000,48.000000,42.000000,61.000000
177.000000,48.000000,42.000000,61.000000
177.000000,48.000000,42.000000,61.000000
177.000000,48.000000,42.000000,61.000000
177.000000,48.000000,42.000000,61.000000
2
0
0
0
0
1
91.260002,141.360001,59.180000,59.179993
91.260002,141.360001,59.180000,59.179993
91.260002,141.360001,59.180000,59.179993
91.260002,141.360001,59.180000,59.179993
91.260002,141.360001,59.180000,59.179993
91.260002,141.360001,59.180000,59.179993
91.260002,141.360001,59.180000,59.179993
91.260002,141.360001,59.180000,59.179993
56.410000,146.410004,59.180000,59.179993
56.410000,146.410004,59.180000,59.179993
56.410000,146.410004,59.180000,59.179993
56.410000,146.410004,59.180000,59.179993
56.410000,146.410004,59.180000,59.179993
56.410000,146.410004,59.180000,59.179993
56.410000,146.410004,59.180000,59.179993
56.410000,146.410004,59.180000,59.179993
56.410000,146.410004,59.180000,59.179993
56.410000,146.410004,59.180000,59.179993
56.410000,146.410004,59.180000,59.179993
56.410000,146.410004,59.180000,59.179993
56.410000,146.410004,59.180000,59.179993
56.410000,146.410004,59.180000,59.179993
56.410000,146.410004,59.180000,59.179993
86.410004,141.410004,59.180000,59.179993
2
0
0
0
0
1
57.330002,67.610001,75.440002,80.880005
57.330002,67.610001,75.440002,80.880005
57.330002,67.610001,75.440002,80.880005
57.330002,67.610001,75.440002,80.880005
57.330002,67.610001,75.440002,80.880005
57.330002,67.610001,75.440002,80.880005
57.330002,67.610001,75.440002,80.880005
57.330002,67.610001,75.440002,80.880005
57.330002,67.610001,75.440002,80.880005
57.330002,67.610001,75.440002,80.880005
57.330002,67.610001,75.440002,80.880005
57.330002,67.610001,75.440002,80.880005
57.330002,67.610001,75.440002,80.880005
57.330002,67.610001,75.440002,80.880005
57.330002,67.610001,75.440002,80.880005
82.279999,42.559998,75.440002,80.880005
82.279999,42.559998,75.440002,80.880005
82.279999,42.559998,75.440002,80.880005
82.279999,42.559998,75.440002,80.880005
2
0
0
0
0
1
152.380005,108.599998,61.830002,66.909996
152.380005,108.599998,61.830002,66.909996
152.380005,108.599998,61.830002,66.909996
152.380005,108.599998,61.830002,66.909996
152.380005,108.599998,61.830002,66.909996
152.380005,108.599998,61.830002,66.909996
165.084991,84.545006,61.830002,66.909996
165.084991,84.545006,61.830002,66.909996
165.084991,84.545006,61.830002,66.909996
165.084991,84.545006,61.830002,66.909996
165.084991,84.545006,61.830002,66.909996
165.084991,84.545006,61.830002,66.909996
165.084991,84.545006,61.830002,66.909996
2
0
0
0
0
1
221.000000,115.000000,44.000000,61.000000
221.000000,115.000000,44.000000,61.000000
221.000000,115.000000,44.000000,61.000000
221.000000,115.000000,44.000000,61.000000
221.000000,115.000000,44.000000,61.000000
221.000000,115.000000,44.000000,61.000000
221.000000,115.000000,44.000000,61.000000
221.000000,115.000000,44.000000,61.000000
221.000000,115.000000,44.000000,61.000000
221.000000,115.000000,44.000000,61.000000
