1
225.000000,92.000000,43.000000,45.000000
225.000000,92.000000,43.000000,45.000000
225.000000,92.000000,43.000000,45.000000
225.000000,92.000000,43.000000,45.000000
225.000000,92.000000,43.000000,45.000000
225.000000,92.000000,43.000000,45.000000
225.000000,92.000000,43.000000,45.000000
225.000000,92.000000,43.000000,45.000000
225.000000,92.000000,43.000000,45.000000
225.000000,92.000000,43.000000,45.000000
225.000000,92.000000,43.000000,45.000000
225.000000,92.000000,43.000000,45.000000
225.000000,92.000000,43.000000,45.000000
225.000000,92.000000,43.000000,45.000000
225.000000,92.000000,43.000000,45.000000
225.000000,92.000000,43.000000,45.000000
224.500000,91.500000,43.000000,45.000000
224.500000,91.500000,43.000000,45.000000
224.500000,91.500000,43.000000,45.000000
224.500000,91.500000,43.000000,45.000000
2
0
0
0
0
1
134.889999,83.019997,58.419998,67.050011
134.889999,83.019997,58.419998,67.050011
134.889999,83.019997,58.419998,67.050011
134.889999,83.019997,58.419998,67.050011
134.889999,83.019997,58.419998,67.050011
2
0
0
0
0
1
31.209999,111.959999,71.910004,66.920006
31.209999,111.959999,71.910004,66.920006
31.209999,111.959999,71.910004,66.920006
31.209999,111.959999,71.910004,66.920006
31.209999,111.959999,71.910004,66.920006
31.209999,111.959999,71.910004,66.920006
31.209999,111.959999,71.910004,66.920006
31.209999,111.959999,71.910004,66.920006
31.209999,111.959999,71.910004,66.920006
31.209999,111.959999,71.910004,66.920006
31.209999,111.959999,71.910004,66.920006
31.209999,111.959999,71.910004,66.920006
2
0
0
0
0
1
144.309998,84.139999,55.559998,59.339996
144.309998,84.139999,55.559998,59.339996
144.309998,84.139999,55.559998,59.339996
144.309998,84.139999,55.559998,59.339996
144.309998,84.139999,55.559998,59.339996
144.309998,84.139999,55.559998,59.339996
151.220001,68.330002,55.559998,59.339996
151.220001,68.330002,55.559998,59.339996
151.220001,68.330002,55.559998,59.339996
2
0
0
0
0
1
232.080002,58.139999,46.099991,63.410004
232.080002,58.139999,46.099991,63.410004
232.080002,58.139999,46.099991,63.410004
232.080002,58.139999,46.099991,63.410004
232.080002,58.139999,46.099991,63.410004
232.080002,58.139999,46.099991,63.410004
232.080002,58.139999,46.099991,63.410004
232.080002,58.139999,46.099991,63.410004
232.080002,58.139999,46.099991,63.410004
232.080002,58.139999,46.099991,63.410004
232.080002,58.139999,46.099991,63.410004
232.080002,58.139999,46.099991,63.410004
240.949997,103.294998,46.099991,63.410004
240.949997,103.294998,46.099991,63.410004
240.949997,103.294998,46.099991,63.410004
240.949997,103.294998,46.099991,63.410004
240.949997,103.294998,46.099991,63.410004
250.949997,128.294998,46.099991,63.410004
250.949997,128.294998,46.099991,63.410004
250.949997,128.294998,46.099991,63.410004
250.949997,128.294998,46.099991,63.410004
250.949997,128.294998,46.099991,63.410004
250.949997,128.294998,46.099991,63.410004
250.949997,128.294998,46.099991,63.410004
250.949997,128.294998,46.099991,63.410004
250.949997,128.294998,46.099991,63.410004
244.949997,94.294998,46.099991,63.410004
244.949997,94.294998,46.099991,63.410004
244.949997,94.294998,46.099991,63.410004
244.949997,94.294998,46.099991,63.410004
212.949997,106.294998,46.099991,63.410004
212.949997,106.294998,46.099991,63.410004
191.949997,87.294998,46.099991,63.410004
191.949997,87.294998,46.099991,63.410004
191.949997,87.294998,46.099991,63.410004
177.949997,66.294998,46.099991,63.410004
177.949997,66.294998,46.099991,63.410004
177.949997,66.294998,46.099991,63.410004
2
0
0
0
0
1
112.379997,85.089996,55.810005,63.960007
112.379997,85.089996,55.810005,63.960007
112.379997,85.089996,55.810005,63.960007
112.379997,85.089996,55.810005,63.960007
112.379997,85.089996,55.810005,63.960007
112.379997,85.089996,55.810005,63.960007
112.379997,85.089996,55.810005,63.960007
112.379997,85.089996,55.810005,63.960007
143.095001,89.019997,55.810005,63.960007
143.095001,89.019997,55.810005,63.960007
143.095001,89.019997,55.810005,63.960007
143.095001,89.019997,55.810005,63.960007
143.095001,89.019997,55.810005,63.960007
143.095001,89.019997,55.810005,63.960007
143.095001,89.019997,55.810005,63.960007
143.095001,89.019997,55.810005,63.960007
143.095001,89.019997,55.810005,63.960007
143.095001,89.019997,55.810005,63.960007
143.095001,89.019997,55.810005,63.960007
143.095001,89.019997,55.810005,63.960007
143.095001,89.019997,55.810005,63.960007
143.095001,89.019997,55.810005,63.960007
143.095001,89.019997,55.810005,63.960007
143.095001,89.019997,55.810005,63.960007
143.095001,89.019997,55.810005,63.960007
143.095001,89.019997,55.810005,63.960007
143.095001,89.019997,55.810005,63.960007
143.095001,89.019997,55.810005,63.960007
143.095001,89.019997,55.810005,63.960007
143.095001,89.019997,55.810005,63.960007
143.095001,89.019997,55.810005,63.960007
143.095001,89.019997,55.810005,63.960007
143.095001,89.019997,55.810005,63.960007
143.095001,89.019997,55.810005,63.960007
143.095001,89.019997,55.810005,63.960007
143.095001,89.019997,55.810005,63.960007
143.095001,89.019997,55.810005,63.960007
143.095001,89.019997,55.810005,63.960007
143.095001,89.019997,55.810005,63.960007
143.095001,89.019997,55.810005,63.960007
143.095001,89.019997,55.810005,63.960007
143.095001,89.019997,55.810005,63.960007
143.095001,89.019997,55.810005,63.960007
143.095001,89.019997,55.810005,63.960007
143.095001,89.019997,55.810005,63.960007
143.095001,89.019997,55.810005,63.960007
2
0
0
0
0
1
61.330002,157.960007,60.580002,56.259995
61.330002,157.960007,60.580002,56.259995
61.330002,157.960007,60.580002,56.259995
61.330002,157.960007,60.580002,56.259995
61.330002,157.960007,60.580002,56.259995
61.330002,157.960007,60.580002,56.259995
61.330002,157.960007,60.580002,56.259995
61.330002,157.960007,60.580002,56.259995
33.709999,158.869995,60.580002,56.259995
33.709999,158.869995,60.580002,56.259995
33.709999,158.869995,60.580002,56.259995
33.709999,158.869995,60.580002,56.259995
33.709999,158.869995,60.580002,56.259995
33.709999,158.869995,60.580002,56.259995
33.709999,158.869995,60.580002,56.259995
33.709999,158.869995,60.580002,56.259995
33.709999,158.869995,60.580002,56.259995
33.709999,158.869995,60.580002,56.259995
33.709999,158.869995,60.580002,56.259995
33.709999,158.869995,60.580002,56.259995
2
0
0
0
0
1
67.110001,62.090000,75.330002,81.380005
67.110001,62.090000,75.330002,81.380005
67.110001,62.090000,75.330002,81.380005
67.110001,62.090000,75.330002,81.380005
67.110001,62.090000,75.330002,81.380005
67.110001,62.090000,75.330002,81.380005
93.334999,40.309998,75.330002,81.380005
93.334999,40.309998,75.330002,81.380005
93.334999,40.309998,75.330002,81.380005
93.334999,40.309998,75.330002,81.380005
93.334999,40.309998,75.330002,81.380005
93.334999,40.309998,75.330002,81.380005
93.334999,40.309998,75.330002,81.380005
93.334999,40.309998,75.330002,81.380005
93.334999,40.309998,75.330002,81.380005
93.334999,40.309998,75.330002,81.380005
93.334999,40.309998,75.330002,81.380005
93.334999,40.309998,75.330002,81.380005
2
0
0
0
0
1
166.089996,106.639999,57.370010,64.389999
166.089996,106.639999,57.370010,64.389999
166.089996,106.639999,57.370010,64.389999
166.089996,106.639999,57.370010,64.389999
166.089996,106.639999,57.370010,64.389999
166.089996,106.639999,57.370010,64.389999
166.089996,106.639999,57.370010,64.389999
166.089996,106.639999,57.370010,64.389999
166.089996,106.639999,57.370010,64.389999
166.089996,106.639999,57.370010,64.389999
166.089996,106.639999,57.370010,64.389999
2
0
0
0
0
1
221.000000,115.000000,44.000000,61.000000
221.000000,115.000000,44.000000,61.000000
221.000000,115.000000,44.000000,61.000000
221.000000,115.000000,44.000000,61.000000
221.000000,115.000000,44.000000,61.000000
221.000000,115.000000,44.000000,61.000000
221.000000,115.000000,44.000000,61.000000
221.000000,115.000000,44.000000,61.000000
221.000000,115.000000,44.000000,61.000000
221.000000,115.000000,44.000000,61.000000
