1
385.500000,142.500000,105.000000,91.000000
385.500000,142.500000,105.000000,91.000000
385.500000,142.500000,105.000000,91.000000
385.500000,142.500000,105.000000,91.000000
385.500000,142.500000,105.000000,91.000000
385.500000,142.500000,105.000000,91.000000
385.500000,142.500000,105.000000,91.000000
385.500000,142.500000,105.000000,91.000000
385.500000,142.500000,105.000000,91.000000
385.500000,142.500000,105.000000,91.000000
385.500000,142.500000,105.000000,91.000000
385.500000,142.500000,105.000000,91.000000
385.500000,142.500000,105.000000,91.000000
385.500000,142.500000,105.000000,91.000000
385.500000,142.500000,105.000000,91.000000
385.500000,142.500000,105.000000,91.000000
385.500000,142.500000,105.000000,91.000000
385.500000,142.500000,105.000000,91.000000
385.500000,142.500000,105.000000,91.000000
385.500000,142.500000,105.000000,91.000000
385.500000,142.500000,105.000000,91.000000
385.500000,142.500000,105.000000,91.000000
385.500000,142.500000,105.000000,91.000000
385.500000,142.500000,105.000000,91.000000
385.500000,142.500000,105.000000,91.000000
385.500000,142.500000,105.000000,91.000000
385.500000,142.500000,105.000000,91.000000
385.500000,142.500000,105.000000,91.000000
385.500000,142.500000,105.000000,91.000000
385.500000,142.500000,105.000000,91.000000
385.500000,142.500000,105.000000,91.000000
385.500000,142.500000,105.000000,91.000000
385.500000,142.500000,105.000000,91.000000
385.500000,142.500000,105.000000,91.000000
385.500000,142.500000,105.000000,91.000000
385.500000,142.500000,105.000000,91.000000
385.500000,142.500000,105.000000,91.000000
385.500000,142.500000,105.000000,91.000000
385.500000,142.500000,105.000000,91.000000
385.500000,142.500000,105.000000,91.000000
385.500000,142.500000,105.000000,91.000000
385.500000,142.500000,105.000000,91.000000
385.500000,142.500000,105.000000,91.000000
385.500000,142.500000,105.000000,91.000000
385.500000,142.500000,105.000000,91.000000
385.500000,142.500000,105.000000,91.000000
385.500000,142.500000,105.000000,91.000000
385.500000,142.500000,105.000000,91.000000
2
0
0
0
0
1
274.179993,84.669998,101.820007,52.240005
274.179993,84.669998,101.820007,52.240005
274.179993,84.669998,101.820007,52.240005
274.179993,84.669998,101.820007,52.240005
274.179993,84.669998,101.820007,52.240005
274.179993,84.669998,101.820007,52.240005
274.179993,84.669998,101.820007,52.240005
274.179993,84.669998,101.820007,52.240005
274.089996,83.879997,101.820007,52.240005
274.089996,83.879997,101.820007,52.240005
274.089996,83.879997,101.820007,52.240005
274.089996,83.879997,101.820007,52.240005
274.089996,83.879997,101.820007,52.240005
274.089996,83.879997,101.820007,52.240005
274.089996,83.879997,101.820007,52.240005
274.089996,83.879997,101.820007,52.240005
274.089996,83.879997,101.820007,52.240005
274.089996,83.879997,101.820007,52.240005
274.089996,83.879997,101.820007,52.240005
274.089996,83.879997,101.820007,52.240005
274.089996,83.879997,101.820007,52.240005
274.089996,83.879997,101.820007,52.240005
274.089996,83.879997,101.820007,52.240005
274.089996,83.879997,101.820007,52.240005
274.089996,83.879997,101.820007,52.240005
274.089996,83.879997,101.820007,52.240005
274.089996,83.879997,101.820007,52.240005
274.089996,83.879997,101.820007,52.240005
274.089996,83.879997,101.820007,52.240005
274.089996,83.879997,101.820007,52.240005
274.089996,83.879997,101.820007,52.240005
274.089996,83.879997,101.820007,52.240005
274.089996,83.879997,101.820007,52.240005
274.089996,83.879997,101.820007,52.240005
274.089996,83.879997,101.820007,52.240005
274.089996,83.879997,101.820007,52.240005
274.089996,83.879997,101.820007,52.240005
326.089996,74.879997,101.820007,52.240005
326.089996,74.879997,101.820007,52.240005
326.089996,74.879997,101.820007,52.240005
326.089996,74.879997,101.820007,52.240005
326.089996,74.879997,101.820007,52.240005
326.089996,74.879997,101.820007,52.240005
326.089996,74.879997,101.820007,52.240005
326.089996,74.879997,101.820007,52.240005
290.089996,81.879997,101.820007,52.240005
290.089996,81.879997,101.820007,52.240005
290.089996,81.879997,101.820007,52.240005
290.089996,81.879997,101.820007,52.240005
290.089996,81.879997,101.820007,52.240005
290.089996,81.879997,101.820007,52.240005
290.089996,81.879997,101.820007,52.240005
290.089996,81.879997,101.820007,52.240005
290.089996,81.879997,101.820007,52.240005
290.089996,81.879997,101.820007,52.240005
290.089996,81.879997,101.820007,52.240005
290.089996,81.879997,101.820007,52.240005
290.089996,81.879997,101.820007,52.240005
290.089996,81.879997,101.820007,52.240005
290.089996,81.879997,101.820007,52.240005
290.089996,81.879997,101.820007,52.240005
290.089996,81.879997,101.820007,52.240005
290.089996,81.879997,101.820007,52.240005
290.089996,81.879997,101.820007,52.240005
290.089996,81.879997,101.820007,52.240005
290.089996,81.879997,101.820007,52.240005
253.089996,90.879997,101.820007,52.240005
253.089996,90.879997,101.820007,52.240005
253.089996,90.879997,101.820007,52.240005
253.089996,90.879997,101.820007,52.240005
253.089996,90.879997,101.820007,52.240005
253.089996,90.879997,101.820007,52.240005
253.089996,90.879997,101.820007,52.240005
253.089996,90.879997,101.820007,52.240005
304.089996,83.879997,101.820007,52.240005
304.089996,83.879997,101.820007,52.240005
304.089996,83.879997,101.820007,52.240005
304.089996,83.879997,101.820007,52.240005
304.089996,83.879997,101.820007,52.240005
304.089996,83.879997,101.820007,52.240005
304.089996,83.879997,101.820007,52.240005
304.089996,83.879997,101.820007,52.240005
304.089996,83.879997,101.820007,52.240005
304.089996,83.879997,101.820007,52.240005
304.089996,83.879997,101.820007,52.240005
247.089996,72.879997,101.820007,52.240005
247.089996,72.879997,101.820007,52.240005
247.089996,72.879997,101.820007,52.240005
247.089996,72.879997,101.820007,52.240005
247.089996,72.879997,101.820007,52.240005
247.089996,72.879997,101.820007,52.240005
247.089996,72.879997,101.820007,52.240005
247.089996,72.879997,101.820007,52.240005
247.089996,72.879997,101.820007,52.240005
289.089996,88.879997,101.820007,52.240005
289.089996,88.879997,101.820007,52.240005
325.089996,71.879997,101.820007,52.240005
273.089996,75.879997,101.820007,52.240005
273.089996,75.879997,101.820007,52.240005
244.089996,63.879997,101.820007,52.240005
244.089996,63.879997,101.820007,52.240005
244.089996,63.879997,101.820007,52.240005
244.089996,63.879997,101.820007,52.240005
244.089996,63.879997,101.820007,52.240005
244.089996,63.879997,101.820007,52.240005
244.089996,63.879997,101.820007,52.240005
244.089996,63.879997,101.820007,52.240005
244.089996,63.879997,101.820007,52.240005
244.089996,63.879997,101.820007,52.240005
244.089996,63.879997,101.820007,52.240005
244.089996,63.879997,101.820007,52.240005
244.089996,63.879997,101.820007,52.240005
244.089996,63.879997,101.820007,52.240005
244.089996,63.879997,101.820007,52.240005
309.089996,103.879997,101.820007,52.240005
309.089996,103.879997,101.820007,52.240005
325.089996,76.879997,101.820007,52.240005
325.089996,76.879997,101.820007,52.240005
325.089996,76.879997,101.820007,52.240005
325.089996,76.879997,101.820007,52.240005
325.089996,76.879997,101.820007,52.240005
325.089996,76.879997,101.820007,52.240005
326.089996,99.879997,101.820007,52.240005
326.089996,99.879997,101.820007,52.240005
252.089996,72.879997,101.820007,52.240005
252.089996,72.879997,101.820007,52.240005
252.089996,72.879997,101.820007,52.240005
252.089996,72.879997,101.820007,52.240005
252.089996,72.879997,101.820007,52.240005
252.089996,72.879997,101.820007,52.240005
252.089996,72.879997,101.820007,52.240005
252.089996,72.879997,101.820007,52.240005
252.089996,72.879997,101.820007,52.240005
252.089996,72.879997,101.820007,52.240005
252.089996,72.879997,101.820007,52.240005
252.089996,72.879997,101.820007,52.240005
252.089996,72.879997,101.820007,52.240005
252.089996,72.879997,101.820007,52.240005
252.089996,72.879997,101.820007,52.240005
252.089996,72.879997,101.820007,52.240005
252.089996,72.879997,101.820007,52.240005
252.089996,72.879997,101.820007,52.240005
252.089996,72.879997,101.820007,52.240005
252.089996,72.879997,101.820007,52.240005
252.089996,72.879997,101.820007,52.240005
252.089996,72.879997,101.820007,52.240005
252.089996,72.879997,101.820007,52.240005
252.089996,72.879997,101.820007,52.240005
252.089996,72.879997,101.820007,52.240005
252.089996,72.879997,101.820007,52.240005
252.089996,72.879997,101.820007,52.240005
252.089996,72.879997,101.820007,52.240005
252.089996,72.879997,101.820007,52.240005
252.089996,72.879997,101.820007,52.240005
252.089996,72.879997,101.820007,52.240005
252.089996,72.879997,101.820007,52.240005
252.089996,72.879997,101.820007,52.240005
252.089996,72.879997,101.820007,52.240005
252.089996,72.879997,101.820007,52.240005
252.089996,72.879997,101.820007,52.240005
252.089996,72.879997,101.820007,52.240005
252.089996,72.879997,101.820007,52.240005
252.089996,72.879997,101.820007,52.240005
2
0
0
0
0
1
281.070007,131.850006,113.690002,115.699997
281.070007,131.850006,113.690002,115.699997
281.070007,131.850006,113.690002,115.699997
281.070007,131.850006,113.690002,115.699997
281.070007,131.850006,113.690002,115.699997
281.070007,131.850006,113.690002,115.699997
293.154999,173.149994,113.690002,115.699997
293.154999,173.149994,113.690002,115.699997
293.154999,173.149994,113.690002,115.699997
293.154999,173.149994,113.690002,115.699997
251.154999,172.149994,113.690002,115.699997
251.154999,172.149994,113.690002,115.699997
251.154999,172.149994,113.690002,115.699997
297.154999,180.149994,113.690002,115.699997
297.154999,180.149994,113.690002,115.699997
297.154999,180.149994,113.690002,115.699997
297.154999,180.149994,113.690002,115.699997
297.154999,180.149994,113.690002,115.699997
297.154999,180.149994,113.690002,115.699997
297.154999,180.149994,113.690002,115.699997
297.154999,180.149994,113.690002,115.699997
297.154999,180.149994,113.690002,115.699997
297.154999,180.149994,113.690002,115.699997
297.154999,180.149994,113.690002,115.699997
297.154999,180.149994,113.690002,115.699997
297.154999,180.149994,113.690002,115.699997
297.154999,180.149994,113.690002,115.699997
297.154999,180.149994,113.690002,115.699997
297.154999,180.149994,113.690002,115.699997
297.154999,180.149994,113.690002,115.699997
297.154999,180.149994,113.690002,115.699997
297.154999,180.149994,113.690002,115.699997
297.154999,180.149994,113.690002,115.699997
297.154999,180.149994,113.690002,115.699997
297.154999,180.149994,113.690002,115.699997
297.154999,180.149994,113.690002,115.699997
297.154999,180.149994,113.690002,115.699997
297.154999,180.149994,113.690002,115.699997
297.154999,180.149994,113.690002,115.699997
297.154999,180.149994,113.690002,115.699997
297.154999,180.149994,113.690002,115.699997
297.154999,180.149994,113.690002,115.699997
297.154999,180.149994,113.690002,115.699997
297.154999,180.149994,113.690002,115.699997
297.154999,180.149994,113.690002,115.699997
297.154999,180.149994,113.690002,115.699997
297.154999,180.149994,113.690002,115.699997
297.154999,180.149994,113.690002,115.699997
297.154999,180.149994,113.690002,115.699997
297.154999,180.149994,113.690002,115.699997
297.154999,180.149994,113.690002,115.699997
297.154999,180.149994,113.690002,115.699997
297.154999,180.149994,113.690002,115.699997
297.154999,180.149994,113.690002,115.699997
297.154999,180.149994,113.690002,115.699997
297.154999,180.149994,113.690002,115.699997
297.154999,180.149994,113.690002,115.699997
297.154999,180.149994,113.690002,115.699997
297.154999,180.149994,113.690002,115.699997
297.154999,180.149994,113.690002,115.699997
297.154999,180.149994,113.690002,115.699997
297.154999,180.149994,113.690002,115.699997
297.154999,180.149994,113.690002,115.699997
297.154999,180.149994,113.690002,115.699997
297.154999,180.149994,113.690002,115.699997
297.154999,180.149994,113.690002,115.699997
297.154999,180.149994,113.690002,115.699997
297.154999,180.149994,113.690002,115.699997
297.154999,180.149994,113.690002,115.699997
297.154999,180.149994,113.690002,115.699997
297.154999,180.149994,113.690002,115.699997
297.154999,180.149994,113.690002,115.699997
297.154999,180.149994,113.690002,115.699997
297.154999,180.149994,113.690002,115.699997
297.154999,180.149994,113.690002,115.699997
297.154999,180.149994,113.690002,115.699997
297.154999,180.149994,113.690002,115.699997
297.154999,180.149994,113.690002,115.699997
297.154999,180.149994,113.690002,115.699997
297.154999,180.149994,113.690002,115.699997
297.154999,180.149994,113.690002,115.699997
297.154999,180.149994,113.690002,115.699997
297.154999,180.149994,113.690002,115.699997
297.154999,180.149994,113.690002,115.699997
297.154999,180.149994,113.690002,115.699997
297.154999,180.149994,113.690002,115.699997
297.154999,180.149994,113.690002,115.699997
297.154999,180.149994,113.690002,115.699997
297.154999,180.149994,113.690002,115.699997
297.154999,180.149994,113.690002,115.699997
297.154999,180.149994,113.690002,115.699997
297.154999,180.149994,113.690002,115.699997
297.154999,180.149994,113.690002,115.699997
297.154999,180.149994,113.690002,115.699997
297.154999,180.149994,113.690002,115.699997
297.154999,180.149994,113.690002,115.699997
297.154999,180.149994,113.690002,115.699997
297.154999,180.149994,113.690002,115.699997
297.154999,180.149994,113.690002,115.699997
297.154999,180.149994,113.690002,115.699997
297.154999,180.149994,113.690002,115.699997
297.154999,180.149994,113.690002,115.699997
297.154999,180.149994,113.690002,115.699997
297.154999,180.149994,113.690002,115.699997
297.154999,180.149994,113.690002,115.699997
297.154999,180.149994,113.690002,115.699997
297.154999,180.149994,113.690002,115.699997
297.154999,180.149994,113.690002,115.699997
320.154999,149.149994,113.690002,115.699997
320.154999,149.149994,113.690002,115.699997
320.154999,149.149994,113.690002,115.699997
320.154999,149.149994,113.690002,115.699997
320.154999,149.149994,113.690002,115.699997
320.154999,149.149994,113.690002,115.699997
320.154999,149.149994,113.690002,115.699997
320.154999,149.149994,113.690002,115.699997
283.154999,163.149994,113.690002,115.699997
283.154999,163.149994,113.690002,115.699997
283.154999,163.149994,113.690002,115.699997
283.154999,163.149994,113.690002,115.699997
283.154999,163.149994,113.690002,115.699997
283.154999,163.149994,113.690002,115.699997
283.154999,163.149994,113.690002,115.699997
283.154999,163.149994,113.690002,115.699997
283.154999,163.149994,113.690002,115.699997
283.154999,163.149994,113.690002,115.699997
283.154999,163.149994,113.690002,115.699997
283.154999,163.149994,113.690002,115.699997
283.154999,163.149994,113.690002,115.699997
283.154999,163.149994,113.690002,115.699997
283.154999,163.149994,113.690002,115.699997
283.154999,163.149994,113.690002,115.699997
350.154999,104.150002,113.690002,115.699997
350.154999,104.150002,113.690002,115.699997
350.154999,104.150002,113.690002,115.699997
2
0
0
0
0
1
206.440002,167.300003,175.500000,155.309982
206.440002,167.300003,175.500000,155.309982
206.440002,167.300003,175.500000,155.309982
206.440002,167.300003,175.500000,155.309982
206.440002,167.300003,175.500000,155.309982
206.440002,167.300003,175.500000,155.309982
206.440002,167.300003,175.500000,155.309982
206.440002,167.300003,175.500000,155.309982
206.440002,167.300003,175.500000,155.309982
206.440002,167.300003,175.500000,155.309982
206.440002,167.300003,175.500000,155.309982
206.440002,167.300003,175.500000,155.309982
206.440002,167.300003,175.500000,155.309982
206.440002,167.300003,175.500000,155.309982
206.440002,167.300003,175.500000,155.309982
206.440002,167.300003,175.500000,155.309982
206.440002,167.300003,175.500000,155.309982
206.440002,167.300003,175.500000,155.309982
206.440002,167.300003,175.500000,155.309982
206.440002,167.300003,175.500000,155.309982
206.440002,167.300003,175.500000,155.309982
206.440002,167.300003,175.500000,155.309982
206.440002,167.300003,175.500000,155.309982
206.440002,167.300003,175.500000,155.309982
206.440002,167.300003,175.500000,155.309982
206.440002,167.300003,175.500000,155.309982
206.440002,167.300003,175.500000,155.309982
206.440002,167.300003,175.500000,155.309982
206.440002,167.300003,175.500000,155.309982
206.440002,167.300003,175.500000,155.309982
206.440002,167.300003,175.500000,155.309982
158.250000,179.345016,175.500000,155.309982
225.250000,166.345016,175.500000,155.309982
225.250000,166.345016,175.500000,155.309982
225.250000,166.345016,175.500000,155.309982
225.250000,166.345016,175.500000,155.309982
225.250000,166.345016,175.500000,155.309982
225.250000,166.345016,175.500000,155.309982
225.250000,166.345016,175.500000,155.309982
225.250000,166.345016,175.500000,155.309982
225.250000,166.345016,175.500000,155.309982
225.250000,166.345016,175.500000,155.309982
225.250000,166.345016,175.500000,155.309982
225.250000,166.345016,175.500000,155.309982
225.250000,166.345016,175.500000,155.309982
225.250000,166.345016,175.500000,155.309982
225.250000,166.345016,175.500000,155.309982
225.250000,166.345016,175.500000,155.309982
225.250000,166.345016,175.500000,155.309982
225.250000,166.345016,175.500000,155.309982
225.250000,166.345016,175.500000,155.309982
225.250000,166.345016,175.500000,155.309982
225.250000,166.345016,175.500000,155.309982
162.250000,178.345016,175.500000,155.309982
162.250000,178.345016,175.500000,155.309982
162.250000,178.345016,175.500000,155.309982
162.250000,178.345016,175.500000,155.309982
162.250000,178.345016,175.500000,155.309982
162.250000,178.345016,175.500000,155.309982
162.250000,178.345016,175.500000,155.309982
162.250000,178.345016,175.500000,155.309982
162.250000,178.345016,175.500000,155.309982
162.250000,178.345016,175.500000,155.309982
162.250000,178.345016,175.500000,155.309982
162.250000,178.345016,175.500000,155.309982
162.250000,178.345016,175.500000,155.309982
162.250000,178.345016,175.500000,155.309982
162.250000,178.345016,175.500000,155.309982
162.250000,178.345016,175.500000,155.309982
162.250000,178.345016,175.500000,155.309982
162.250000,178.345016,175.500000,155.309982
162.250000,178.345016,175.500000,155.309982
162.250000,178.345016,175.500000,155.309982
162.250000,178.345016,175.500000,155.309982
162.250000,178.345016,175.500000,155.309982
162.250000,178.345016,175.500000,155.309982
162.250000,178.345016,175.500000,155.309982
162.250000,178.345016,175.500000,155.309982
162.250000,178.345016,175.500000,155.309982
162.250000,178.345016,175.500000,155.309982
162.250000,178.345016,175.500000,155.309982
224.250000,165.345016,175.500000,155.309982
146.250000,167.345016,175.500000,155.309982
146.250000,167.345016,175.500000,155.309982
146.250000,167.345016,175.500000,155.309982
146.250000,167.345016,175.500000,155.309982
146.250000,167.345016,175.500000,155.309982
146.250000,167.345016,175.500000,155.309982
146.250000,167.345016,175.500000,155.309982
146.250000,167.345016,175.500000,155.309982
146.250000,167.345016,175.500000,155.309982
146.250000,167.345016,175.500000,155.309982
146.250000,167.345016,175.500000,155.309982
146.250000,167.345016,175.500000,155.309982
146.250000,167.345016,175.500000,155.309982
146.250000,167.345016,175.500000,155.309982
146.250000,167.345016,175.500000,155.309982
146.250000,167.345016,175.500000,155.309982
146.250000,167.345016,175.500000,155.309982
146.250000,167.345016,175.500000,155.309982
146.250000,167.345016,175.500000,155.309982
146.250000,167.345016,175.500000,155.309982
146.250000,167.345016,175.500000,155.309982
146.250000,167.345016,175.500000,155.309982
146.250000,167.345016,175.500000,155.309982
146.250000,167.345016,175.500000,155.309982
146.250000,167.345016,175.500000,155.309982
146.250000,167.345016,175.500000,155.309982
213.250000,162.345016,175.500000,155.309982
213.250000,162.345016,175.500000,155.309982
213.250000,162.345016,175.500000,155.309982
165.250000,159.345016,175.500000,155.309982
165.250000,159.345016,175.500000,155.309982
165.250000,159.345016,175.500000,155.309982
165.250000,159.345016,175.500000,155.309982
165.250000,159.345016,175.500000,155.309982
165.250000,159.345016,175.500000,155.309982
165.250000,159.345016,175.500000,155.309982
165.250000,159.345016,175.500000,155.309982
165.250000,159.345016,175.500000,155.309982
165.250000,159.345016,175.500000,155.309982
165.250000,159.345016,175.500000,155.309982
165.250000,159.345016,175.500000,155.309982
228.250000,147.345016,175.500000,155.309982
228.250000,147.345016,175.500000,155.309982
228.250000,147.345016,175.500000,155.309982
180.250000,164.345016,175.500000,155.309982
180.250000,164.345016,175.500000,155.309982
180.250000,164.345016,175.500000,155.309982
180.250000,164.345016,175.500000,155.309982
180.250000,164.345016,175.500000,155.309982
180.250000,164.345016,175.500000,155.309982
180.250000,164.345016,175.500000,155.309982
180.250000,164.345016,175.500000,155.309982
180.250000,164.345016,175.500000,155.309982
180.250000,164.345016,175.500000,155.309982
180.250000,164.345016,175.500000,155.309982
180.250000,164.345016,175.500000,155.309982
180.250000,164.345016,175.500000,155.309982
180.250000,164.345016,175.500000,155.309982
180.250000,164.345016,175.500000,155.309982
180.250000,164.345016,175.500000,155.309982
180.250000,164.345016,175.500000,155.309982
180.250000,164.345016,175.500000,155.309982
180.250000,164.345016,175.500000,155.309982
180.250000,164.345016,175.500000,155.309982
180.250000,164.345016,175.500000,155.309982
180.250000,164.345016,175.500000,155.309982
180.250000,164.345016,175.500000,155.309982
180.250000,164.345016,175.500000,155.309982
180.250000,164.345016,175.500000,155.309982
180.250000,164.345016,175.500000,155.309982
180.250000,164.345016,175.500000,155.309982
180.250000,164.345016,175.500000,155.309982
180.250000,164.345016,175.500000,155.309982
180.250000,164.345016,175.500000,155.309982
180.250000,164.345016,175.500000,155.309982
180.250000,164.345016,175.500000,155.309982
180.250000,164.345016,175.500000,155.309982
180.250000,164.345016,175.500000,155.309982
180.250000,164.345016,175.500000,155.309982
180.250000,164.345016,175.500000,155.309982
180.250000,164.345016,175.500000,155.309982
180.250000,164.345016,175.500000,155.309982
180.250000,164.345016,175.500000,155.309982
180.250000,164.345016,175.500000,155.309982
180.250000,164.345016,175.500000,155.309982
180.250000,164.345016,175.500000,155.309982
180.250000,164.345016,175.500000,155.309982
180.250000,164.345016,175.500000,155.309982
180.250000,164.345016,175.500000,155.309982
180.250000,164.345016,175.500000,155.309982
180.250000,164.345016,175.500000,155.309982
180.250000,164.345016,175.500000,155.309982
180.250000,164.345016,175.500000,155.309982
180.250000,164.345016,175.500000,155.309982
180.250000,164.345016,175.500000,155.309982
180.250000,164.345016,175.500000,155.309982
133.250000,172.345016,175.500000,155.309982
133.250000,172.345016,175.500000,155.309982
133.250000,172.345016,175.500000,155.309982
133.250000,172.345016,175.500000,155.309982
229.250000,158.345016,175.500000,155.309982
229.250000,158.345016,175.500000,155.309982
229.250000,158.345016,175.500000,155.309982
166.250000,155.345016,175.500000,155.309982
166.250000,155.345016,175.500000,155.309982
166.250000,155.345016,175.500000,155.309982
238.250000,107.345009,175.500000,155.309982
238.250000,107.345009,175.500000,155.309982
238.250000,107.345009,175.500000,155.309982
160.250000,134.345016,175.500000,155.309982
160.250000,134.345016,175.500000,155.309982
160.250000,134.345016,175.500000,155.309982
160.250000,134.345016,175.500000,155.309982
160.250000,134.345016,175.500000,155.309982
160.250000,134.345016,175.500000,155.309982
160.250000,134.345016,175.500000,155.309982
160.250000,134.345016,175.500000,155.309982
160.250000,134.345016,175.500000,155.309982
160.250000,134.345016,175.500000,155.309982
160.250000,134.345016,175.500000,155.309982
160.250000,134.345016,175.500000,155.309982
160.250000,134.345016,175.500000,155.309982
160.250000,134.345016,175.500000,155.309982
160.250000,134.345016,175.500000,155.309982
160.250000,134.345016,175.500000,155.309982
160.250000,134.345016,175.500000,155.309982
160.250000,134.345016,175.500000,155.309982
160.250000,134.345016,175.500000,155.309982
160.250000,134.345016,175.500000,155.309982
160.250000,134.345016,175.500000,155.309982
160.250000,134.345016,175.500000,155.309982
160.250000,134.345016,175.500000,155.309982
160.250000,134.345016,175.500000,155.309982
160.250000,134.345016,175.500000,155.309982
160.250000,134.345016,175.500000,155.309982
160.250000,134.345016,175.500000,155.309982
160.250000,134.345016,175.500000,155.309982
160.250000,134.345016,175.500000,155.309982
160.250000,134.345016,175.500000,155.309982
160.250000,134.345016,175.500000,155.309982
160.250000,134.345016,175.500000,155.309982
160.250000,134.345016,175.500000,155.309982
160.250000,134.345016,175.500000,155.309982
160.250000,134.345016,175.500000,155.309982
160.250000,134.345016,175.500000,155.309982
160.250000,134.345016,175.500000,155.309982
160.250000,134.345016,175.500000,155.309982
160.250000,134.345016,175.500000,155.309982
160.250000,134.345016,175.500000,155.309982
160.250000,134.345016,175.500000,155.309982
160.250000,134.345016,175.500000,155.309982
160.250000,134.345016,175.500000,155.309982
160.250000,134.345016,175.500000,155.309982
160.250000,134.345016,175.500000,155.309982
160.250000,134.345016,175.500000,155.309982
160.250000,134.345016,175.500000,155.309982
160.250000,134.345016,175.500000,155.309982
160.250000,134.345016,175.500000,155.309982
160.250000,134.345016,175.500000,155.309982
160.250000,134.345016,175.500000,155.309982
160.250000,134.345016,175.500000,155.309982
160.250000,134.345016,175.500000,155.309982
160.250000,134.345016,175.500000,155.309982
160.250000,134.345016,175.500000,155.309982
160.250000,134.345016,175.500000,155.309982
160.250000,134.345016,175.500000,155.309982
160.250000,134.345016,175.500000,155.309982
160.250000,134.345016,175.500000,155.309982
160.250000,134.345016,175.500000,155.309982
160.250000,134.345016,175.500000,155.309982
160.250000,134.345016,175.500000,155.309982
160.250000,134.345016,175.500000,155.309982
160.250000,134.345016,175.500000,155.309982
160.250000,134.345016,175.500000,155.309982
160.250000,134.345016,175.500000,155.309982
160.250000,134.345016,175.500000,155.309982
160.250000,134.345016,175.500000,155.309982
160.250000,134.345016,175.500000,155.309982
160.250000,134.345016,175.500000,155.309982
160.250000,134.345016,175.500000,155.309982
160.250000,134.345016,175.500000,155.309982
160.250000,134.345016,175.500000,155.309982
160.250000,134.345016,175.500000,155.309982
160.250000,134.345016,175.500000,155.309982
160.250000,134.345016,175.500000,155.309982
160.250000,134.345016,175.500000,155.309982
160.250000,134.345016,175.500000,155.309982
160.250000,134.345016,175.500000,155.309982
160.250000,134.345016,175.500000,155.309982
160.250000,134.345016,175.500000,155.309982
160.250000,134.345016,175.500000,155.309982
160.250000,134.345016,175.500000,155.309982
160.250000,134.345016,175.500000,155.309982
160.250000,134.345016,175.500000,155.309982
160.250000,134.345016,175.500000,155.309982
160.250000,134.345016,175.500000,155.309982
160.250000,134.345016,175.500000,155.309982
160.250000,134.345016,175.500000,155.309982
160.250000,134.345016,175.500000,155.309982
160.250000,134.345016,175.500000,155.309982
160.250000,134.345016,175.500000,155.309982
160.250000,134.345016,175.500000,155.309982
160.250000,134.345016,175.500000,155.309982
160.250000,134.345016,175.500000,155.309982
160.250000,134.345016,175.500000,155.309982
160.250000,134.345016,175.500000,155.309982
160.250000,134.345016,175.500000,155.309982
160.250000,134.345016,175.500000,155.309982
160.250000,134.345016,175.500000,155.309982
160.250000,134.345016,175.500000,155.309982
160.250000,134.345016,175.500000,155.309982
160.250000,134.345016,175.500000,155.309982
160.250000,134.345016,175.500000,155.309982
160.250000,134.345016,175.500000,155.309982
160.250000,134.345016,175.500000,155.309982
160.250000,134.345016,175.500000,155.309982
160.250000,134.345016,175.500000,155.309982
160.250000,134.345016,175.500000,155.309982
160.250000,134.345016,175.500000,155.309982
160.250000,134.345016,175.500000,155.309982
160.250000,134.345016,175.500000,155.309982
160.250000,134.345016,175.500000,155.309982
160.250000,134.345016,175.500000,155.309982
160.250000,134.345016,175.500000,155.309982
160.250000,134.345016,175.500000,155.309982
160.250000,134.345016,175.500000,155.309982
160.250000,134.345016,175.500000,155.309982
160.250000,134.345016,175.500000,155.309982
160.250000,134.345016,175.500000,155.309982
160.250000,134.345016,175.500000,155.309982
160.250000,134.345016,175.500000,155.309982
160.250000,134.345016,175.500000,155.309982
160.250000,134.345016,175.500000,155.309982
160.250000,134.345016,175.500000,155.309982
160.250000,134.345016,175.500000,155.309982
160.250000,134.345016,175.500000,155.309982
160.250000,134.345016,175.500000,155.309982
160.250000,134.345016,175.500000,155.309982
160.250000,134.345016,175.500000,155.309982
160.250000,134.345016,175.500000,155.309982
160.250000,134.345016,175.500000,155.309982
160.250000,134.345016,175.500000,155.309982
160.250000,134.345016,175.500000,155.309982
160.250000,134.345016,175.500000,155.309982
160.250000,134.345016,175.500000,155.309982
160.250000,134.345016,175.500000,155.309982
160.250000,134.345016,175.500000,155.309982
160.250000,134.345016,175.500000,155.309982
160.250000,134.345016,175.500000,155.309982
160.250000,134.345016,175.500000,155.309982
160.250000,134.345016,175.500000,155.309982
160.250000,134.345016,175.500000,155.309982
160.250000,134.345016,175.500000,155.309982
160.250000,134.345016,175.500000,155.309982
160.250000,134.345016,175.500000,155.309982
160.250000,134.345016,175.500000,155.309982
160.250000,134.345016,175.500000,155.309982
160.250000,134.345016,175.500000,155.309982
160.250000,134.345016,175.500000,155.309982
160.250000,134.345016,175.500000,155.309982
160.250000,134.345016,175.500000,155.309982
160.250000,134.345016,175.500000,155.309982
160.250000,134.345016,175.500000,155.309982
221.250000,134.345016,175.500000,155.309982
221.250000,134.345016,175.500000,155.309982
221.250000,134.345016,175.500000,155.309982
221.250000,134.345016,175.500000,155.309982
221.250000,134.345016,175.500000,155.309982
221.250000,134.345016,175.500000,155.309982
221.250000,134.345016,175.500000,155.309982
221.250000,134.345016,175.500000,155.309982
221.250000,134.345016,175.500000,155.309982
221.250000,134.345016,175.500000,155.309982
221.250000,134.345016,175.500000,155.309982
221.250000,134.345016,175.500000,155.309982
221.250000,134.345016,175.500000,155.309982
221.250000,134.345016,175.500000,155.309982
162.250000,59.345009,175.500000,155.309982
162.250000,59.345009,175.500000,155.309982
162.250000,59.345009,175.500000,155.309982
162.250000,59.345009,175.500000,155.309982
162.250000,59.345009,175.500000,155.309982
162.250000,59.345009,175.500000,155.309982
162.250000,59.345009,175.500000,155.309982
162.250000,59.345009,175.500000,155.309982
162.250000,59.345009,175.500000,155.309982
162.250000,59.345009,175.500000,155.309982
162.250000,59.345009,175.500000,155.309982
162.250000,59.345009,175.500000,155.309982
162.250000,59.345009,175.500000,155.309982
162.250000,59.345009,175.500000,155.309982
162.250000,59.345009,175.500000,155.309982
162.250000,59.345009,175.500000,155.309982
162.250000,59.345009,175.500000,155.309982
162.250000,59.345009,175.500000,155.309982
162.250000,59.345009,175.500000,155.309982
162.250000,59.345009,175.500000,155.309982
162.250000,59.345009,175.500000,155.309982
162.250000,59.345009,175.500000,155.309982
162.250000,59.345009,175.500000,155.309982
162.250000,59.345009,175.500000,155.309982
162.250000,59.345009,175.500000,155.309982
162.250000,59.345009,175.500000,155.309982
162.250000,59.345009,175.500000,155.309982
162.250000,59.345009,175.500000,155.309982
162.250000,59.345009,175.500000,155.309982
162.250000,59.345009,175.500000,155.309982
162.250000,59.345009,175.500000,155.309982
162.250000,59.345009,175.500000,155.309982
162.250000,59.345009,175.500000,155.309982
162.250000,59.345009,175.500000,155.309982
162.250000,59.345009,175.500000,155.309982
162.250000,59.345009,175.500000,155.309982
162.250000,59.345009,175.500000,155.309982
162.250000,59.345009,175.500000,155.309982
162.250000,59.345009,175.500000,155.309982
162.250000,59.345009,175.500000,155.309982
162.250000,59.345009,175.500000,155.309982
162.250000,59.345009,175.500000,155.309982
162.250000,59.345009,175.500000,155.309982
162.250000,59.345009,175.500000,155.309982
162.250000,59.345009,175.500000,155.309982
162.250000,59.345009,175.500000,155.309982
162.250000,59.345009,175.500000,155.309982
162.250000,59.345009,175.500000,155.309982
162.250000,59.345009,175.500000,155.309982
162.250000,59.345009,175.500000,155.309982
162.250000,59.345009,175.500000,155.309982
162.250000,59.345009,175.500000,155.309982
162.250000,59.345009,175.500000,155.309982
162.250000,59.345009,175.500000,155.309982
162.250000,59.345009,175.500000,155.309982
162.250000,59.345009,175.500000,155.309982
162.250000,59.345009,175.500000,155.309982
162.250000,59.345009,175.500000,155.309982
162.250000,59.345009,175.500000,155.309982
162.250000,59.345009,175.500000,155.309982
162.250000,59.345009,175.500000,155.309982
162.250000,59.345009,175.500000,155.309982
162.250000,59.345009,175.500000,155.309982
162.250000,59.345009,175.500000,155.309982
162.250000,59.345009,175.500000,155.309982
162.250000,59.345009,175.500000,155.309982
162.250000,59.345009,175.500000,155.309982
162.250000,59.345009,175.500000,155.309982
162.250000,59.345009,175.500000,155.309982
162.250000,59.345009,175.500000,155.309982
162.250000,59.345009,175.500000,155.309982
162.250000,59.345009,175.500000,155.309982
162.250000,59.345009,175.500000,155.309982
162.250000,59.345009,175.500000,155.309982
162.250000,59.345009,175.500000,155.309982
162.250000,59.345009,175.500000,155.309982
162.250000,59.345009,175.500000,155.309982
162.250000,59.345009,175.500000,155.309982
162.250000,59.345009,175.500000,155.309982
162.250000,59.345009,175.500000,155.309982
162.250000,59.345009,175.500000,155.309982
162.250000,59.345009,175.500000,155.309982
162.250000,59.345009,175.500000,155.309982
162.250000,59.345009,175.500000,155.309982
162.250000,59.345009,175.500000,155.309982
162.250000,59.345009,175.500000,155.309982
162.250000,59.345009,175.500000,155.309982
162.250000,59.345009,175.500000,155.309982
162.250000,59.345009,175.500000,155.309982
162.250000,59.345009,175.500000,155.309982
162.250000,59.345009,175.500000,155.309982
162.250000,59.345009,175.500000,155.309982
162.250000,59.345009,175.500000,155.309982
162.250000,59.345009,175.500000,155.309982
162.250000,59.345009,175.500000,155.309982
162.250000,59.345009,175.500000,155.309982
162.250000,59.345009,175.500000,155.309982
162.250000,59.345009,175.500000,155.309982
162.250000,59.345009,175.500000,155.309982
162.250000,59.345009,175.500000,155.309982
162.250000,59.345009,175.500000,155.309982
162.250000,59.345009,175.500000,155.309982
162.250000,59.345009,175.500000,155.309982
162.250000,59.345009,175.500000,155.309982
162.250000,59.345009,175.500000,155.309982
162.250000,59.345009,175.500000,155.309982
162.250000,59.345009,175.500000,155.309982
162.250000,59.345009,175.500000,155.309982
162.250000,59.345009,175.500000,155.309982
162.250000,59.345009,175.500000,155.309982
162.250000,59.345009,175.500000,155.309982
162.250000,59.345009,175.500000,155.309982
162.250000,59.345009,175.500000,155.309982
162.250000,59.345009,175.500000,155.309982
162.250000,59.345009,175.500000,155.309982
162.250000,59.345009,175.500000,155.309982
162.250000,59.345009,175.500000,155.309982
162.250000,59.345009,175.500000,155.309982
2
0
0
0
0
1
227.869995,217.669998,224.170013,115.639999
227.869995,217.669998,224.170013,115.639999
227.869995,217.669998,224.170013,115.639999
227.869995,217.669998,224.170013,115.639999
227.869995,217.669998,224.170013,115.639999
227.869995,217.669998,224.170013,115.639999
227.869995,217.669998,224.170013,115.639999
227.869995,217.669998,224.170013,115.639999
227.869995,217.669998,224.170013,115.639999
227.869995,217.669998,224.170013,115.639999
227.869995,217.669998,224.170013,115.639999
227.869995,217.669998,224.170013,115.639999
227.869995,217.669998,224.170013,115.639999
227.869995,217.669998,224.170013,115.639999
227.869995,217.669998,224.170013,115.639999
227.869995,217.669998,224.170013,115.639999
227.869995,217.669998,224.170013,115.639999
227.869995,217.669998,224.170013,115.639999
227.869995,217.669998,224.170013,115.639999
227.869995,217.669998,224.170013,115.639999
227.869995,217.669998,224.170013,115.639999
227.869995,217.669998,224.170013,115.639999
227.869995,217.669998,224.170013,115.639999
227.869995,217.669998,224.170013,115.639999
226.914993,217.180008,224.170013,115.639999
226.914993,217.180008,224.170013,115.639999
226.914993,217.180008,224.170013,115.639999
226.914993,217.180008,224.170013,115.639999
226.914993,217.180008,224.170013,115.639999
226.914993,217.180008,224.170013,115.639999
226.914993,217.180008,224.170013,115.639999
226.914993,217.180008,224.170013,115.639999
226.914993,217.180008,224.170013,115.639999
226.914993,217.180008,224.170013,115.639999
226.914993,217.180008,224.170013,115.639999
226.914993,217.180008,224.170013,115.639999
226.914993,217.180008,224.170013,115.639999
226.914993,217.180008,224.170013,115.639999
226.914993,217.180008,224.170013,115.639999
226.914993,217.180008,224.170013,115.639999
226.914993,217.180008,224.170013,115.639999
226.914993,217.180008,224.170013,115.639999
226.914993,217.180008,224.170013,115.639999
226.914993,217.180008,224.170013,115.639999
226.914993,217.180008,224.170013,115.639999
226.914993,217.180008,224.170013,115.639999
226.914993,217.180008,224.170013,115.639999
226.914993,217.180008,224.170013,115.639999
226.914993,217.180008,224.170013,115.639999
226.914993,217.180008,224.170013,115.639999
226.914993,217.180008,224.170013,115.639999
226.914993,217.180008,224.170013,115.639999
226.914993,217.180008,224.170013,115.639999
226.914993,217.180008,224.170013,115.639999
226.914993,217.180008,224.170013,115.639999
226.914993,217.180008,224.170013,115.639999
226.914993,217.180008,224.170013,115.639999
226.914993,217.180008,224.170013,115.639999
226.914993,217.180008,224.170013,115.639999
226.914993,217.180008,224.170013,115.639999
226.914993,217.180008,224.170013,115.639999
226.914993,217.180008,224.170013,115.639999
226.914993,217.180008,224.170013,115.639999
226.914993,217.180008,224.170013,115.639999
226.914993,217.180008,224.170013,115.639999
226.914993,217.180008,224.170013,115.639999
226.914993,217.180008,224.170013,115.639999
226.914993,217.180008,224.170013,115.639999
226.914993,217.180008,224.170013,115.639999
226.914993,217.180008,224.170013,115.639999
226.914993,217.180008,224.170013,115.639999
226.914993,217.180008,224.170013,115.639999
226.914993,217.180008,224.170013,115.639999
226.914993,217.180008,224.170013,115.639999
226.914993,217.180008,224.170013,115.639999
226.914993,217.180008,224.170013,115.639999
226.914993,217.180008,224.170013,115.639999
226.914993,217.180008,224.170013,115.639999
226.914993,217.180008,224.170013,115.639999
226.914993,217.180008,224.170013,115.639999
226.914993,217.180008,224.170013,115.639999
226.914993,217.180008,224.170013,115.639999
226.914993,217.180008,224.170013,115.639999
226.914993,217.180008,224.170013,115.639999
226.914993,217.180008,224.170013,115.639999
226.914993,217.180008,224.170013,115.639999
226.914993,217.180008,224.170013,115.639999
226.914993,217.180008,224.170013,115.639999
226.914993,217.180008,224.170013,115.639999
226.914993,217.180008,224.170013,115.639999
226.914993,217.180008,224.170013,115.639999
226.914993,217.180008,224.170013,115.639999
226.914993,217.180008,224.170013,115.639999
226.914993,217.180008,224.170013,115.639999
226.914993,217.180008,224.170013,115.639999
226.914993,217.180008,224.170013,115.639999
226.914993,217.180008,224.170013,115.639999
226.914993,217.180008,224.170013,115.639999
226.914993,217.180008,224.170013,115.639999
226.914993,217.180008,224.170013,115.639999
226.914993,217.180008,224.170013,115.639999
226.914993,217.180008,224.170013,115.639999
226.914993,217.180008,224.170013,115.639999
226.914993,217.180008,224.170013,115.639999
226.914993,217.180008,224.170013,115.639999
226.914993,217.180008,224.170013,115.639999
226.914993,217.180008,224.170013,115.639999
226.914993,217.180008,224.170013,115.639999
226.914993,217.180008,224.170013,115.639999
226.914993,217.180008,224.170013,115.639999
226.914993,217.180008,224.170013,115.639999
226.914993,217.180008,224.170013,115.639999
226.914993,217.180008,224.170013,115.639999
226.914993,217.180008,224.170013,115.639999
226.914993,217.180008,224.170013,115.639999
226.914993,217.180008,224.170013,115.639999
226.914993,217.180008,224.170013,115.639999
226.914993,217.180008,224.170013,115.639999
226.914993,217.180008,224.170013,115.639999
226.914993,217.180008,224.170013,115.639999
226.914993,217.180008,224.170013,115.639999
226.914993,217.180008,224.170013,115.639999
226.914993,217.180008,224.170013,115.639999
226.914993,217.180008,224.170013,115.639999
226.914993,217.180008,224.170013,115.639999
226.914993,217.180008,224.170013,115.639999
226.914993,217.180008,224.170013,115.639999
226.914993,217.180008,224.170013,115.639999
226.914993,217.180008,224.170013,115.639999
226.914993,217.180008,224.170013,115.639999
226.914993,217.180008,224.170013,115.639999
226.914993,217.180008,224.170013,115.639999
226.914993,217.180008,224.170013,115.639999
226.914993,217.180008,224.170013,115.639999
226.914993,217.180008,224.170013,115.639999
226.914993,217.180008,224.170013,115.639999
226.914993,217.180008,224.170013,115.639999
226.914993,217.180008,224.170013,115.639999
226.914993,217.180008,224.170013,115.639999
226.914993,217.180008,224.170013,115.639999
226.914993,217.180008,224.170013,115.639999
226.914993,217.180008,224.170013,115.639999
226.914993,217.180008,224.170013,115.639999
226.914993,217.180008,224.170013,115.639999
226.914993,217.180008,224.170013,115.639999
226.914993,217.180008,224.170013,115.639999
226.914993,217.180008,224.170013,115.639999
226.914993,217.180008,224.170013,115.639999
226.914993,217.180008,224.170013,115.639999
226.914993,217.180008,224.170013,115.639999
226.914993,217.180008,224.170013,115.639999
226.914993,217.180008,224.170013,115.639999
226.914993,217.180008,224.170013,115.639999
226.914993,217.180008,224.170013,115.639999
226.914993,217.180008,224.170013,115.639999
226.914993,217.180008,224.170013,115.639999
226.914993,217.180008,224.170013,115.639999
226.914993,217.180008,224.170013,115.639999
226.914993,217.180008,224.170013,115.639999
226.914993,217.180008,224.170013,115.639999
226.914993,217.180008,224.170013,115.639999
226.914993,217.180008,224.170013,115.639999
226.914993,217.180008,224.170013,115.639999
226.914993,217.180008,224.170013,115.639999
226.914993,217.180008,224.170013,115.639999
226.914993,217.180008,224.170013,115.639999
226.914993,217.180008,224.170013,115.639999
226.914993,217.180008,224.170013,115.639999
226.914993,217.180008,224.170013,115.639999
226.914993,217.180008,224.170013,115.639999
226.914993,217.180008,224.170013,115.639999
226.914993,217.180008,224.170013,115.639999
226.914993,217.180008,224.170013,115.639999
226.914993,217.180008,224.170013,115.639999
226.914993,217.180008,224.170013,115.639999
226.914993,217.180008,224.170013,115.639999
226.914993,217.180008,224.170013,115.639999
226.914993,217.180008,224.170013,115.639999
226.914993,217.180008,224.170013,115.639999
226.914993,217.180008,224.170013,115.639999
226.914993,217.180008,224.170013,115.639999
226.914993,217.180008,224.170013,115.639999
226.914993,217.180008,224.170013,115.639999
226.914993,217.180008,224.170013,115.639999
226.914993,217.180008,224.170013,115.639999
226.914993,217.180008,224.170013,115.639999
226.914993,217.180008,224.170013,115.639999
226.914993,217.180008,224.170013,115.639999
226.914993,217.180008,224.170013,115.639999
226.914993,217.180008,224.170013,115.639999
226.914993,217.180008,224.170013,115.639999
226.914993,217.180008,224.170013,115.639999
226.914993,217.180008,224.170013,115.639999
226.914993,217.180008,224.170013,115.639999
226.914993,217.180008,224.170013,115.639999
226.914993,217.180008,224.170013,115.639999
226.914993,217.180008,224.170013,115.639999
226.914993,217.180008,224.170013,115.639999
143.914993,211.180008,224.170013,115.639999
143.914993,211.180008,224.170013,115.639999
143.914993,211.180008,224.170013,115.639999
143.914993,211.180008,224.170013,115.639999
143.914993,211.180008,224.170013,115.639999
143.914993,211.180008,224.170013,115.639999
143.914993,211.180008,224.170013,115.639999
273.915009,216.180008,224.170013,115.639999
181.914993,207.180008,224.170013,115.639999
181.914993,207.180008,224.170013,115.639999
181.914993,207.180008,224.170013,115.639999
260.915009,195.180008,224.170013,115.639999
260.915009,195.180008,224.170013,115.639999
131.914993,197.180008,224.170013,115.639999
131.914993,197.180008,224.170013,115.639999
131.914993,197.180008,224.170013,115.639999
131.914993,197.180008,224.170013,115.639999
131.914993,197.180008,224.170013,115.639999
251.914993,197.180008,224.170013,115.639999
251.914993,197.180008,224.170013,115.639999
182.914993,199.180008,224.170013,115.639999
182.914993,199.180008,224.170013,115.639999
182.914993,199.180008,224.170013,115.639999
182.914993,199.180008,224.170013,115.639999
182.914993,199.180008,224.170013,115.639999
182.914993,199.180008,224.170013,115.639999
182.914993,199.180008,224.170013,115.639999
182.914993,199.180008,224.170013,115.639999
182.914993,199.180008,224.170013,115.639999
182.914993,199.180008,224.170013,115.639999
182.914993,199.180008,224.170013,115.639999
182.914993,199.180008,224.170013,115.639999
182.914993,199.180008,224.170013,115.639999
182.914993,199.180008,224.170013,115.639999
182.914993,199.180008,224.170013,115.639999
182.914993,199.180008,224.170013,115.639999
182.914993,199.180008,224.170013,115.639999
182.914993,199.180008,224.170013,115.639999
182.914993,199.180008,224.170013,115.639999
182.914993,199.180008,224.170013,115.639999
182.914993,199.180008,224.170013,115.639999
182.914993,199.180008,224.170013,115.639999
182.914993,199.180008,224.170013,115.639999
182.914993,199.180008,224.170013,115.639999
182.914993,199.180008,224.170013,115.639999
182.914993,199.180008,224.170013,115.639999
182.914993,199.180008,224.170013,115.639999
263.915009,186.180008,224.170013,115.639999
171.914993,212.180008,224.170013,115.639999
89.914993,193.180008,224.170013,115.639999
89.914993,193.180008,224.170013,115.639999
89.914993,193.180008,224.170013,115.639999
89.914993,193.180008,224.170013,115.639999
89.914993,193.180008,224.170013,115.639999
89.914993,193.180008,224.170013,115.639999
89.914993,193.180008,224.170013,115.639999
89.914993,193.180008,224.170013,115.639999
89.914993,193.180008,224.170013,115.639999
89.914993,193.180008,224.170013,115.639999
89.914993,193.180008,224.170013,115.639999
89.914993,193.180008,224.170013,115.639999
89.914993,193.180008,224.170013,115.639999
89.914993,193.180008,224.170013,115.639999
89.914993,193.180008,224.170013,115.639999
89.914993,193.180008,224.170013,115.639999
89.914993,193.180008,224.170013,115.639999
89.914993,193.180008,224.170013,115.639999
0.000000,141.000000,224.000000,115.000000
0.000000,141.000000,224.000000,115.000000
114.914993,198.180008,224.170013,115.639999
114.914993,198.180008,224.170013,115.639999
114.914993,198.180008,224.170013,115.639999
114.914993,198.180008,224.170013,115.639999
114.914993,198.180008,224.170013,115.639999
114.914993,198.180008,224.170013,115.639999
114.914993,198.180008,224.170013,115.639999
114.914993,198.180008,224.170013,115.639999
114.914993,198.180008,224.170013,115.639999
54.914993,207.180008,224.170013,115.639999
54.914993,207.180008,224.170013,115.639999
54.914993,207.180008,224.170013,115.639999
54.914993,207.180008,224.170013,115.639999
54.914993,207.180008,224.170013,115.639999
54.914993,207.180008,224.170013,115.639999
54.914993,207.180008,224.170013,115.639999
54.914993,207.180008,224.170013,115.639999
54.914993,207.180008,224.170013,115.639999
54.914993,207.180008,224.170013,115.639999
54.914993,207.180008,224.170013,115.639999
54.914993,207.180008,224.170013,115.639999
54.914993,207.180008,224.170013,115.639999
54.914993,207.180008,224.170013,115.639999
54.914993,207.180008,224.170013,115.639999
54.914993,207.180008,224.170013,115.639999
54.914993,207.180008,224.170013,115.639999
134.914993,200.180008,224.170013,115.639999
134.914993,200.180008,224.170013,115.639999
134.914993,200.180008,224.170013,115.639999
134.914993,200.180008,224.170013,115.639999
134.914993,200.180008,224.170013,115.639999
134.914993,200.180008,224.170013,115.639999
134.914993,200.180008,224.170013,115.639999
134.914993,200.180008,224.170013,115.639999
134.914993,200.180008,224.170013,115.639999
54.914993,184.180008,224.170013,115.639999
54.914993,184.180008,224.170013,115.639999
54.914993,184.180008,224.170013,115.639999
54.914993,184.180008,224.170013,115.639999
54.914993,184.180008,224.170013,115.639999
149.914993,194.180008,224.170013,115.639999
149.914993,194.180008,224.170013,115.639999
149.914993,194.180008,224.170013,115.639999
149.914993,194.180008,224.170013,115.639999
84.914993,213.180008,224.170013,115.639999
84.914993,213.180008,224.170013,115.639999
84.914993,213.180008,224.170013,115.639999
84.914993,213.180008,224.170013,115.639999
84.914993,213.180008,224.170013,115.639999
84.914993,213.180008,224.170013,115.639999
204.914993,193.180008,224.170013,115.639999
204.914993,193.180008,224.170013,115.639999
204.914993,193.180008,224.170013,115.639999
204.914993,193.180008,224.170013,115.639999
127.914993,199.180008,224.170013,115.639999
127.914993,199.180008,224.170013,115.639999
127.914993,199.180008,224.170013,115.639999
251.914993,197.180008,224.170013,115.639999
251.914993,197.180008,224.170013,115.639999
251.914993,197.180008,224.170013,115.639999
251.914993,197.180008,224.170013,115.639999
251.914993,197.180008,224.170013,115.639999
251.914993,197.180008,224.170013,115.639999
251.914993,197.180008,224.170013,115.639999
251.914993,197.180008,224.170013,115.639999
251.914993,197.180008,224.170013,115.639999
251.914993,197.180008,224.170013,115.639999
251.914993,197.180008,224.170013,115.639999
251.914993,197.180008,224.170013,115.639999
167.914993,219.180008,224.170013,115.639999
167.914993,219.180008,224.170013,115.639999
167.914993,219.180008,224.170013,115.639999
167.914993,219.180008,224.170013,115.639999
167.914993,219.180008,224.170013,115.639999
102.914993,219.180008,224.170013,115.639999
102.914993,219.180008,224.170013,115.639999
102.914993,219.180008,224.170013,115.639999
102.914993,219.180008,224.170013,115.639999
102.914993,219.180008,224.170013,115.639999
102.914993,219.180008,224.170013,115.639999
102.914993,219.180008,224.170013,115.639999
102.914993,219.180008,224.170013,115.639999
102.914993,219.180008,224.170013,115.639999
102.914993,219.180008,224.170013,115.639999
2
0
0
0
0
1
255.059998,252.960007,244.040009,81.580002
255.059998,252.960007,244.040009,81.580002
255.059998,252.960007,244.040009,81.580002
255.059998,252.960007,244.040009,81.580002
255.059998,252.960007,244.040009,81.580002
