1
385.500000,142.500000,105.000000,91.000000
385.500000,142.500000,105.000000,91.000000
385.500000,142.500000,105.000000,91.000000
385.500000,142.500000,105.000000,91.000000
385.500000,142.500000,105.000000,91.000000
385.500000,142.500000,105.000000,91.000000
385.500000,142.500000,105.000000,91.000000
385.500000,142.500000,105.000000,91.000000
385.500000,142.500000,105.000000,91.000000
385.500000,142.500000,105.000000,91.000000
385.500000,142.500000,105.000000,91.000000
385.500000,142.500000,105.000000,91.000000
385.500000,142.500000,105.000000,91.000000
385.500000,142.500000,105.000000,91.000000
385.500000,142.500000,105.000000,91.000000
385.500000,142.500000,105.000000,91.000000
385.500000,142.500000,105.000000,91.000000
385.500000,142.500000,105.000000,91.000000
385.500000,142.500000,105.000000,91.000000
385.500000,142.500000,105.000000,91.000000
385.500000,142.500000,105.000000,91.000000
385.500000,142.500000,105.000000,91.000000
385.500000,142.500000,105.000000,91.000000
385.500000,142.500000,105.000000,91.000000
385.500000,142.500000,105.000000,91.000000
385.500000,142.500000,105.000000,91.000000
385.500000,142.500000,105.000000,91.000000
385.500000,142.500000,105.000000,91.000000
385.500000,142.500000,105.000000,91.000000
385.500000,142.500000,105.000000,91.000000
385.500000,142.500000,105.000000,91.000000
385.500000,142.500000,105.000000,91.000000
385.500000,142.500000,105.000000,91.000000
385.500000,142.500000,105.000000,91.000000
385.500000,142.500000,105.000000,91.000000
385.500000,142.500000,105.000000,91.000000
385.500000,142.500000,105.000000,91.000000
385.500000,142.500000,105.000000,91.000000
385.500000,142.500000,105.000000,91.000000
385.500000,142.500000,105.000000,91.000000
385.500000,142.500000,105.000000,91.000000
385.500000,142.500000,105.000000,91.000000
385.500000,142.500000,105.000000,91.000000
385.500000,142.500000,105.000000,91.000000
385.500000,142.500000,105.000000,91.000000
385.500000,142.500000,105.000000,91.000000
385.500000,142.500000,105.000000,91.000000
385.500000,142.500000,105.000000,91.000000
2
0
0
0
0
1
274.179993,84.669998,101.820007,52.240005
274.179993,84.669998,101.820007,52.240005
274.179993,84.669998,101.820007,52.240005
274.179993,84.669998,101.820007,52.240005
274.179993,84.669998,101.820007,52.240005
274.179993,84.669998,101.820007,52.240005
274.179993,84.669998,101.820007,52.240005
274.179993,84.669998,101.820007,52.240005
274.089996,83.879997,101.820007,52.240005
274.089996,83.879997,101.820007,52.240005
274.089996,83.879997,101.820007,52.240005
274.089996,83.879997,101.820007,52.240005
274.089996,83.879997,101.820007,52.240005
274.089996,83.879997,101.820007,52.240005
274.089996,83.879997,101.820007,52.240005
274.089996,83.879997,101.820007,52.240005
274.089996,83.879997,101.820007,52.240005
274.089996,83.879997,101.820007,52.240005
274.089996,83.879997,101.820007,52.240005
274.089996,83.879997,101.820007,52.240005
274.089996,83.879997,101.820007,52.240005
274.089996,83.879997,101.820007,52.240005
274.089996,83.879997,101.820007,52.240005
274.089996,83.879997,101.820007,52.240005
327.089996,67.879997,101.820007,52.240005
327.089996,67.879997,101.820007,52.240005
327.089996,67.879997,101.820007,52.240005
327.089996,67.879997,101.820007,52.240005
327.089996,67.879997,101.820007,52.240005
327.089996,67.879997,101.820007,52.240005
327.089996,67.879997,101.820007,52.240005
327.089996,67.879997,101.820007,52.240005
327.089996,67.879997,101.820007,52.240005
327.089996,67.879997,101.820007,52.240005
327.089996,67.879997,101.820007,52.240005
336.089996,89.879997,101.820007,52.240005
336.089996,89.879997,101.820007,52.240005
336.089996,89.879997,101.820007,52.240005
336.089996,89.879997,101.820007,52.240005
303.089996,80.879997,101.820007,52.240005
303.089996,80.879997,101.820007,52.240005
303.089996,80.879997,101.820007,52.240005
303.089996,80.879997,101.820007,52.240005
303.089996,80.879997,101.820007,52.240005
303.089996,80.879997,101.820007,52.240005
303.089996,80.879997,101.820007,52.240005
303.089996,80.879997,101.820007,52.240005
303.089996,80.879997,101.820007,52.240005
303.089996,80.879997,101.820007,52.240005
303.089996,80.879997,101.820007,52.240005
274.089996,83.879997,101.820007,52.240005
274.089996,83.879997,101.820007,52.240005
274.089996,83.879997,101.820007,52.240005
274.089996,83.879997,101.820007,52.240005
274.089996,83.879997,101.820007,52.240005
274.089996,83.879997,101.820007,52.240005
274.089996,83.879997,101.820007,52.240005
274.089996,83.879997,101.820007,52.240005
274.089996,83.879997,101.820007,52.240005
274.089996,83.879997,101.820007,52.240005
274.089996,83.879997,101.820007,52.240005
274.089996,83.879997,101.820007,52.240005
274.089996,83.879997,101.820007,52.240005
274.089996,83.879997,101.820007,52.240005
274.089996,83.879997,101.820007,52.240005
274.089996,83.879997,101.820007,52.240005
274.089996,83.879997,101.820007,52.240005
2
0
0
0
0
1
269.059998,83.099998,106.570007,52.470009
269.059998,83.099998,106.570007,52.470009
269.059998,83.099998,106.570007,52.470009
269.059998,83.099998,106.570007,52.470009
269.059998,83.099998,106.570007,52.470009
269.059998,83.099998,106.570007,52.470009
269.059998,83.099998,106.570007,52.470009
269.059998,83.099998,106.570007,52.470009
269.059998,83.099998,106.570007,52.470009
269.059998,83.099998,106.570007,52.470009
269.059998,83.099998,106.570007,52.470009
269.059998,83.099998,106.570007,52.470009
269.059998,83.099998,106.570007,52.470009
269.059998,83.099998,106.570007,52.470009
269.059998,83.099998,106.570007,52.470009
269.059998,83.099998,106.570007,52.470009
269.059998,83.099998,106.570007,52.470009
269.059998,83.099998,106.570007,52.470009
269.059998,83.099998,106.570007,52.470009
269.059998,83.099998,106.570007,52.470009
269.059998,83.099998,106.570007,52.470009
269.059998,83.099998,106.570007,52.470009
269.059998,83.099998,106.570007,52.470009
269.059998,83.099998,106.570007,52.470009
318.714996,88.764992,106.570007,52.470009
318.714996,88.764992,106.570007,52.470009
318.714996,88.764992,106.570007,52.470009
318.714996,88.764992,106.570007,52.470009
318.714996,88.764992,106.570007,52.470009
263.714996,78.764992,106.570007,52.470009
263.714996,78.764992,106.570007,52.470009
263.714996,78.764992,106.570007,52.470009
263.714996,78.764992,106.570007,52.470009
263.714996,78.764992,106.570007,52.470009
263.714996,78.764992,106.570007,52.470009
309.714996,87.764992,106.570007,52.470009
309.714996,87.764992,106.570007,52.470009
309.714996,87.764992,106.570007,52.470009
257.714996,74.764992,106.570007,52.470009
257.714996,74.764992,106.570007,52.470009
257.714996,74.764992,106.570007,52.470009
257.714996,74.764992,106.570007,52.470009
257.714996,74.764992,106.570007,52.470009
257.714996,74.764992,106.570007,52.470009
257.714996,74.764992,106.570007,52.470009
257.714996,74.764992,106.570007,52.470009
257.714996,74.764992,106.570007,52.470009
243.714996,54.764996,106.570007,52.470009
230.714996,70.764992,106.570007,52.470009
230.714996,70.764992,106.570007,52.470009
230.714996,70.764992,106.570007,52.470009
230.714996,70.764992,106.570007,52.470009
230.714996,70.764992,106.570007,52.470009
230.714996,70.764992,106.570007,52.470009
230.714996,70.764992,106.570007,52.470009
230.714996,70.764992,106.570007,52.470009
230.714996,70.764992,106.570007,52.470009
230.714996,70.764992,106.570007,52.470009
230.714996,70.764992,106.570007,52.470009
230.714996,70.764992,106.570007,52.470009
230.714996,70.764992,106.570007,52.470009
230.714996,70.764992,106.570007,52.470009
230.714996,70.764992,106.570007,52.470009
230.714996,70.764992,106.570007,52.470009
230.714996,70.764992,106.570007,52.470009
230.714996,70.764992,106.570007,52.470009
230.714996,70.764992,106.570007,52.470009
230.714996,70.764992,106.570007,52.470009
230.714996,70.764992,106.570007,52.470009
230.714996,70.764992,106.570007,52.470009
230.714996,70.764992,106.570007,52.470009
230.714996,70.764992,106.570007,52.470009
230.714996,70.764992,106.570007,52.470009
230.714996,70.764992,106.570007,52.470009
230.714996,70.764992,106.570007,52.470009
230.714996,70.764992,106.570007,52.470009
230.714996,70.764992,106.570007,52.470009
230.714996,70.764992,106.570007,52.470009
230.714996,70.764992,106.570007,52.470009
230.714996,70.764992,106.570007,52.470009
230.714996,70.764992,106.570007,52.470009
230.714996,70.764992,106.570007,52.470009
230.714996,70.764992,106.570007,52.470009
230.714996,70.764992,106.570007,52.470009
230.714996,70.764992,106.570007,52.470009
230.714996,70.764992,106.570007,52.470009
230.714996,70.764992,106.570007,52.470009
230.714996,70.764992,106.570007,52.470009
2
0
0
0
0
1
285.899994,128.789993,111.209991,113.010010
285.899994,128.789993,111.209991,113.010010
285.899994,128.789993,111.209991,113.010010
285.899994,128.789993,111.209991,113.010010
285.899994,128.789993,111.209991,113.010010
285.899994,128.789993,111.209991,113.010010
285.899994,128.789993,111.209991,113.010010
285.899994,128.789993,111.209991,113.010010
285.395020,128.494995,111.209991,113.010010
285.395020,128.494995,111.209991,113.010010
285.395020,128.494995,111.209991,113.010010
285.395020,128.494995,111.209991,113.010010
285.395020,128.494995,111.209991,113.010010
285.395020,128.494995,111.209991,113.010010
285.395020,128.494995,111.209991,113.010010
285.395020,128.494995,111.209991,113.010010
285.395020,128.494995,111.209991,113.010010
285.395020,128.494995,111.209991,113.010010
285.395020,128.494995,111.209991,113.010010
285.395020,128.494995,111.209991,113.010010
285.395020,128.494995,111.209991,113.010010
285.395020,128.494995,111.209991,113.010010
285.395020,128.494995,111.209991,113.010010
285.395020,128.494995,111.209991,113.010010
285.395020,128.494995,111.209991,113.010010
285.395020,128.494995,111.209991,113.010010
285.395020,128.494995,111.209991,113.010010
285.395020,128.494995,111.209991,113.010010
285.395020,128.494995,111.209991,113.010010
285.395020,128.494995,111.209991,113.010010
285.395020,128.494995,111.209991,113.010010
285.395020,128.494995,111.209991,113.010010
285.395020,128.494995,111.209991,113.010010
285.395020,128.494995,111.209991,113.010010
285.395020,128.494995,111.209991,113.010010
285.395020,128.494995,111.209991,113.010010
285.395020,128.494995,111.209991,113.010010
285.395020,128.494995,111.209991,113.010010
274.395020,186.494995,111.209991,113.010010
274.395020,186.494995,111.209991,113.010010
274.395020,186.494995,111.209991,113.010010
236.395004,205.494995,111.209991,113.010010
236.395004,205.494995,111.209991,113.010010
279.395020,191.494995,111.209991,113.010010
279.395020,191.494995,111.209991,113.010010
279.395020,191.494995,111.209991,113.010010
279.395020,191.494995,111.209991,113.010010
279.395020,191.494995,111.209991,113.010010
279.395020,191.494995,111.209991,113.010010
279.395020,191.494995,111.209991,113.010010
279.395020,191.494995,111.209991,113.010010
279.395020,191.494995,111.209991,113.010010
235.395004,178.494995,111.209991,113.010010
235.395004,178.494995,111.209991,113.010010
235.395004,178.494995,111.209991,113.010010
235.395004,178.494995,111.209991,113.010010
235.395004,178.494995,111.209991,113.010010
200.395004,183.494995,111.209991,113.010010
200.395004,183.494995,111.209991,113.010010
200.395004,183.494995,111.209991,113.010010
200.395004,183.494995,111.209991,113.010010
200.395004,183.494995,111.209991,113.010010
200.395004,183.494995,111.209991,113.010010
284.395020,196.494995,111.209991,113.010010
284.395020,196.494995,111.209991,113.010010
252.395004,202.494995,111.209991,113.010010
252.395004,202.494995,111.209991,113.010010
252.395004,202.494995,111.209991,113.010010
219.395004,206.494995,111.209991,113.010010
219.395004,206.494995,111.209991,113.010010
219.395004,206.494995,111.209991,113.010010
219.395004,206.494995,111.209991,113.010010
219.395004,206.494995,111.209991,113.010010
219.395004,206.494995,111.209991,113.010010
219.395004,206.494995,111.209991,113.010010
219.395004,206.494995,111.209991,113.010010
219.395004,206.494995,111.209991,113.010010
219.395004,206.494995,111.209991,113.010010
219.395004,206.494995,111.209991,113.010010
219.395004,206.494995,111.209991,113.010010
219.395004,206.494995,111.209991,113.010010
219.395004,206.494995,111.209991,113.010010
219.395004,206.494995,111.209991,113.010010
219.395004,206.494995,111.209991,113.010010
219.395004,206.494995,111.209991,113.010010
219.395004,206.494995,111.209991,113.010010
219.395004,206.494995,111.209991,113.010010
280.395020,193.494995,111.209991,113.010010
280.395020,193.494995,111.209991,113.010010
280.395020,193.494995,111.209991,113.010010
280.395020,193.494995,111.209991,113.010010
231.395004,205.494995,111.209991,113.010010
231.395004,205.494995,111.209991,113.010010
231.395004,205.494995,111.209991,113.010010
231.395004,205.494995,111.209991,113.010010
231.395004,205.494995,111.209991,113.010010
231.395004,205.494995,111.209991,113.010010
231.395004,205.494995,111.209991,113.010010
231.395004,205.494995,111.209991,113.010010
231.395004,205.494995,111.209991,113.010010
231.395004,205.494995,111.209991,113.010010
231.395004,205.494995,111.209991,113.010010
231.395004,205.494995,111.209991,113.010010
231.395004,205.494995,111.209991,113.010010
231.395004,205.494995,111.209991,113.010010
231.395004,205.494995,111.209991,113.010010
231.395004,205.494995,111.209991,113.010010
231.395004,205.494995,111.209991,113.010010
231.395004,205.494995,111.209991,113.010010
231.395004,205.494995,111.209991,113.010010
231.395004,205.494995,111.209991,113.010010
231.395004,205.494995,111.209991,113.010010
231.395004,205.494995,111.209991,113.010010
279.395020,186.494995,111.209991,113.010010
279.395020,186.494995,111.209991,113.010010
279.395020,186.494995,111.209991,113.010010
279.395020,186.494995,111.209991,113.010010
279.395020,186.494995,111.209991,113.010010
279.395020,186.494995,111.209991,113.010010
243.395004,184.494995,111.209991,113.010010
243.395004,184.494995,111.209991,113.010010
243.395004,184.494995,111.209991,113.010010
243.395004,184.494995,111.209991,113.010010
243.395004,184.494995,111.209991,113.010010
243.395004,184.494995,111.209991,113.010010
243.395004,184.494995,111.209991,113.010010
243.395004,184.494995,111.209991,113.010010
243.395004,184.494995,111.209991,113.010010
243.395004,184.494995,111.209991,113.010010
288.395020,179.494995,111.209991,113.010010
288.395020,179.494995,111.209991,113.010010
288.395020,179.494995,111.209991,113.010010
288.395020,179.494995,111.209991,113.010010
288.395020,179.494995,111.209991,113.010010
288.395020,179.494995,111.209991,113.010010
288.395020,179.494995,111.209991,113.010010
288.395020,179.494995,111.209991,113.010010
288.395020,179.494995,111.209991,113.010010
288.395020,179.494995,111.209991,113.010010
288.395020,179.494995,111.209991,113.010010
288.395020,179.494995,111.209991,113.010010
288.395020,179.494995,111.209991,113.010010
288.395020,179.494995,111.209991,113.010010
288.395020,179.494995,111.209991,113.010010
288.395020,179.494995,111.209991,113.010010
288.395020,179.494995,111.209991,113.010010
288.395020,179.494995,111.209991,113.010010
288.395020,179.494995,111.209991,113.010010
288.395020,179.494995,111.209991,113.010010
288.395020,179.494995,111.209991,113.010010
231.395004,186.494995,111.209991,113.010010
231.395004,186.494995,111.209991,113.010010
231.395004,186.494995,111.209991,113.010010
231.395004,186.494995,111.209991,113.010010
231.395004,186.494995,111.209991,113.010010
231.395004,186.494995,111.209991,113.010010
231.395004,186.494995,111.209991,113.010010
231.395004,186.494995,111.209991,113.010010
231.395004,186.494995,111.209991,113.010010
231.395004,186.494995,111.209991,113.010010
231.395004,186.494995,111.209991,113.010010
231.395004,186.494995,111.209991,113.010010
231.395004,186.494995,111.209991,113.010010
231.395004,186.494995,111.209991,113.010010
231.395004,186.494995,111.209991,113.010010
231.395004,186.494995,111.209991,113.010010
231.395004,186.494995,111.209991,113.010010
231.395004,186.494995,111.209991,113.010010
231.395004,186.494995,111.209991,113.010010
231.395004,186.494995,111.209991,113.010010
231.395004,186.494995,111.209991,113.010010
231.395004,186.494995,111.209991,113.010010
231.395004,186.494995,111.209991,113.010010
231.395004,186.494995,111.209991,113.010010
231.395004,186.494995,111.209991,113.010010
231.395004,186.494995,111.209991,113.010010
231.395004,186.494995,111.209991,113.010010
231.395004,186.494995,111.209991,113.010010
231.395004,186.494995,111.209991,113.010010
231.395004,186.494995,111.209991,113.010010
231.395004,186.494995,111.209991,113.010010
231.395004,186.494995,111.209991,113.010010
231.395004,186.494995,111.209991,113.010010
231.395004,186.494995,111.209991,113.010010
231.395004,186.494995,111.209991,113.010010
231.395004,186.494995,111.209991,113.010010
231.395004,186.494995,111.209991,113.010010
231.395004,186.494995,111.209991,113.010010
231.395004,186.494995,111.209991,113.010010
231.395004,186.494995,111.209991,113.010010
231.395004,186.494995,111.209991,113.010010
231.395004,186.494995,111.209991,113.010010
231.395004,186.494995,111.209991,113.010010
231.395004,186.494995,111.209991,113.010010
231.395004,186.494995,111.209991,113.010010
231.395004,186.494995,111.209991,113.010010
231.395004,186.494995,111.209991,113.010010
231.395004,186.494995,111.209991,113.010010
231.395004,186.494995,111.209991,113.010010
231.395004,186.494995,111.209991,113.010010
231.395004,186.494995,111.209991,113.010010
231.395004,186.494995,111.209991,113.010010
231.395004,186.494995,111.209991,113.010010
231.395004,186.494995,111.209991,113.010010
231.395004,186.494995,111.209991,113.010010
231.395004,186.494995,111.209991,113.010010
231.395004,186.494995,111.209991,113.010010
231.395004,186.494995,111.209991,113.010010
231.395004,186.494995,111.209991,113.010010
231.395004,186.494995,111.209991,113.010010
231.395004,186.494995,111.209991,113.010010
231.395004,186.494995,111.209991,113.010010
231.395004,186.494995,111.209991,113.010010
231.395004,186.494995,111.209991,113.010010
231.395004,186.494995,111.209991,113.010010
231.395004,186.494995,111.209991,113.010010
231.395004,186.494995,111.209991,113.010010
231.395004,186.494995,111.209991,113.010010
231.395004,186.494995,111.209991,113.010010
231.395004,186.494995,111.209991,113.010010
231.395004,186.494995,111.209991,113.010010
231.395004,186.494995,111.209991,113.010010
231.395004,186.494995,111.209991,113.010010
231.395004,186.494995,111.209991,113.010010
231.395004,186.494995,111.209991,113.010010
231.395004,186.494995,111.209991,113.010010
231.395004,186.494995,111.209991,113.010010
231.395004,186.494995,111.209991,113.010010
231.395004,186.494995,111.209991,113.010010
201.395004,212.494995,111.209991,113.010010
246.395004,206.494995,111.209991,113.010010
246.395004,206.494995,111.209991,113.010010
246.395004,206.494995,111.209991,113.010010
246.395004,206.494995,111.209991,113.010010
246.395004,206.494995,111.209991,113.010010
246.395004,206.494995,111.209991,113.010010
246.395004,206.494995,111.209991,113.010010
246.395004,206.494995,111.209991,113.010010
246.395004,206.494995,111.209991,113.010010
246.395004,206.494995,111.209991,113.010010
246.395004,206.494995,111.209991,113.010010
246.395004,206.494995,111.209991,113.010010
246.395004,206.494995,111.209991,113.010010
246.395004,206.494995,111.209991,113.010010
246.395004,206.494995,111.209991,113.010010
246.395004,206.494995,111.209991,113.010010
246.395004,206.494995,111.209991,113.010010
246.395004,206.494995,111.209991,113.010010
246.395004,206.494995,111.209991,113.010010
246.395004,206.494995,111.209991,113.010010
246.395004,206.494995,111.209991,113.010010
246.395004,206.494995,111.209991,113.010010
246.395004,206.494995,111.209991,113.010010
246.395004,206.494995,111.209991,113.010010
246.395004,206.494995,111.209991,113.010010
246.395004,206.494995,111.209991,113.010010
246.395004,206.494995,111.209991,113.010010
246.395004,206.494995,111.209991,113.010010
246.395004,206.494995,111.209991,113.010010
246.395004,206.494995,111.209991,113.010010
246.395004,206.494995,111.209991,113.010010
246.395004,206.494995,111.209991,113.010010
246.395004,206.494995,111.209991,113.010010
246.395004,206.494995,111.209991,113.010010
246.395004,206.494995,111.209991,113.010010
246.395004,206.494995,111.209991,113.010010
246.395004,206.494995,111.209991,113.010010
246.395004,206.494995,111.209991,113.010010
246.395004,206.494995,111.209991,113.010010
246.395004,206.494995,111.209991,113.010010
246.395004,206.494995,111.209991,113.010010
246.395004,206.494995,111.209991,113.010010
246.395004,206.494995,111.209991,113.010010
246.395004,206.494995,111.209991,113.010010
246.395004,206.494995,111.209991,113.010010
246.395004,206.494995,111.209991,113.010010
216.395004,211.494995,111.209991,113.010010
216.395004,211.494995,111.209991,113.010010
216.395004,211.494995,111.209991,113.010010
216.395004,211.494995,111.209991,113.010010
216.395004,211.494995,111.209991,113.010010
216.395004,211.494995,111.209991,113.010010
216.395004,211.494995,111.209991,113.010010
216.395004,211.494995,111.209991,113.010010
216.395004,211.494995,111.209991,113.010010
216.395004,211.494995,111.209991,113.010010
216.395004,211.494995,111.209991,113.010010
216.395004,211.494995,111.209991,113.010010
216.395004,211.494995,111.209991,113.010010
216.395004,211.494995,111.209991,113.010010
216.395004,211.494995,111.209991,113.010010
216.395004,211.494995,111.209991,113.010010
216.395004,211.494995,111.209991,113.010010
216.395004,211.494995,111.209991,113.010010
216.395004,211.494995,111.209991,113.010010
216.395004,211.494995,111.209991,113.010010
216.395004,211.494995,111.209991,113.010010
216.395004,211.494995,111.209991,113.010010
216.395004,211.494995,111.209991,113.010010
216.395004,211.494995,111.209991,113.010010
216.395004,211.494995,111.209991,113.010010
216.395004,211.494995,111.209991,113.010010
216.395004,211.494995,111.209991,113.010010
216.395004,211.494995,111.209991,113.010010
216.395004,211.494995,111.209991,113.010010
216.395004,211.494995,111.209991,113.010010
216.395004,211.494995,111.209991,113.010010
216.395004,211.494995,111.209991,113.010010
216.395004,211.494995,111.209991,113.010010
216.395004,211.494995,111.209991,113.010010
216.395004,211.494995,111.209991,113.010010
216.395004,211.494995,111.209991,113.010010
216.395004,211.494995,111.209991,113.010010
216.395004,211.494995,111.209991,113.010010
216.395004,211.494995,111.209991,113.010010
216.395004,211.494995,111.209991,113.010010
216.395004,211.494995,111.209991,113.010010
216.395004,211.494995,111.209991,113.010010
216.395004,211.494995,111.209991,113.010010
216.395004,211.494995,111.209991,113.010010
216.395004,211.494995,111.209991,113.010010
216.395004,211.494995,111.209991,113.010010
216.395004,211.494995,111.209991,113.010010
216.395004,211.494995,111.209991,113.010010
216.395004,211.494995,111.209991,113.010010
252.395004,193.494995,111.209991,113.010010
252.395004,193.494995,111.209991,113.010010
252.395004,193.494995,111.209991,113.010010
252.395004,193.494995,111.209991,113.010010
252.395004,193.494995,111.209991,113.010010
252.395004,193.494995,111.209991,113.010010
252.395004,193.494995,111.209991,113.010010
252.395004,193.494995,111.209991,113.010010
252.395004,193.494995,111.209991,113.010010
192.395004,164.494995,111.209991,113.010010
192.395004,164.494995,111.209991,113.010010
192.395004,164.494995,111.209991,113.010010
192.395004,164.494995,111.209991,113.010010
192.395004,164.494995,111.209991,113.010010
259.395020,153.494995,111.209991,113.010010
259.395020,153.494995,111.209991,113.010010
259.395020,153.494995,111.209991,113.010010
259.395020,153.494995,111.209991,113.010010
259.395020,153.494995,111.209991,113.010010
259.395020,153.494995,111.209991,113.010010
259.395020,153.494995,111.209991,113.010010
259.395020,153.494995,111.209991,113.010010
259.395020,153.494995,111.209991,113.010010
259.395020,153.494995,111.209991,113.010010
259.395020,153.494995,111.209991,113.010010
259.395020,153.494995,111.209991,113.010010
259.395020,153.494995,111.209991,113.010010
259.395020,153.494995,111.209991,113.010010
259.395020,153.494995,111.209991,113.010010
259.395020,153.494995,111.209991,113.010010
259.395020,153.494995,111.209991,113.010010
302.395020,184.494995,111.209991,113.010010
302.395020,184.494995,111.209991,113.010010
302.395020,184.494995,111.209991,113.010010
269.395020,183.494995,111.209991,113.010010
269.395020,183.494995,111.209991,113.010010
269.395020,183.494995,111.209991,113.010010
321.395020,162.494995,111.209991,113.010010
275.395020,165.494995,111.209991,113.010010
275.395020,165.494995,111.209991,113.010010
275.395020,165.494995,111.209991,113.010010
275.395020,165.494995,111.209991,113.010010
275.395020,165.494995,111.209991,113.010010
275.395020,165.494995,111.209991,113.010010
275.395020,165.494995,111.209991,113.010010
275.395020,165.494995,111.209991,113.010010
275.395020,165.494995,111.209991,113.010010
275.395020,165.494995,111.209991,113.010010
275.395020,165.494995,111.209991,113.010010
275.395020,165.494995,111.209991,113.010010
275.395020,165.494995,111.209991,113.010010
237.395004,179.494995,111.209991,113.010010
237.395004,179.494995,111.209991,113.010010
237.395004,179.494995,111.209991,113.010010
237.395004,179.494995,111.209991,113.010010
237.395004,179.494995,111.209991,113.010010
237.395004,179.494995,111.209991,113.010010
286.395020,167.494995,111.209991,113.010010
286.395020,167.494995,111.209991,113.010010
244.395004,168.494995,111.209991,113.010010
244.395004,168.494995,111.209991,113.010010
244.395004,168.494995,111.209991,113.010010
206.395004,207.494995,111.209991,113.010010
206.395004,207.494995,111.209991,113.010010
259.395020,178.494995,111.209991,113.010010
259.395020,178.494995,111.209991,113.010010
302.395020,174.494995,111.209991,113.010010
302.395020,174.494995,111.209991,113.010010
271.395020,182.494995,111.209991,113.010010
271.395020,182.494995,111.209991,113.010010
271.395020,182.494995,111.209991,113.010010
271.395020,182.494995,111.209991,113.010010
271.395020,182.494995,111.209991,113.010010
271.395020,182.494995,111.209991,113.010010
271.395020,182.494995,111.209991,113.010010
271.395020,182.494995,111.209991,113.010010
271.395020,182.494995,111.209991,113.010010
271.395020,182.494995,111.209991,113.010010
271.395020,182.494995,111.209991,113.010010
271.395020,182.494995,111.209991,113.010010
271.395020,182.494995,111.209991,113.010010
271.395020,182.494995,111.209991,113.010010
271.395020,182.494995,111.209991,113.010010
271.395020,182.494995,111.209991,113.010010
271.395020,182.494995,111.209991,113.010010
271.395020,182.494995,111.209991,113.010010
271.395020,182.494995,111.209991,113.010010
271.395020,182.494995,111.209991,113.010010
271.395020,182.494995,111.209991,113.010010
271.395020,182.494995,111.209991,113.010010
271.395020,182.494995,111.209991,113.010010
271.395020,182.494995,111.209991,113.010010
271.395020,182.494995,111.209991,113.010010
271.395020,182.494995,111.209991,113.010010
271.395020,182.494995,111.209991,113.010010
271.395020,182.494995,111.209991,113.010010
271.395020,182.494995,111.209991,113.010010
271.395020,182.494995,111.209991,113.010010
271.395020,182.494995,111.209991,113.010010
271.395020,182.494995,111.209991,113.010010
271.395020,182.494995,111.209991,113.010010
271.395020,182.494995,111.209991,113.010010
271.395020,182.494995,111.209991,113.010010
271.395020,182.494995,111.209991,113.010010
271.395020,182.494995,111.209991,113.010010
271.395020,182.494995,111.209991,113.010010
271.395020,182.494995,111.209991,113.010010
271.395020,182.494995,111.209991,113.010010
271.395020,182.494995,111.209991,113.010010
271.395020,182.494995,111.209991,113.010010
271.395020,182.494995,111.209991,113.010010
271.395020,182.494995,111.209991,113.010010
271.395020,182.494995,111.209991,113.010010
271.395020,182.494995,111.209991,113.010010
271.395020,182.494995,111.209991,113.010010
271.395020,182.494995,111.209991,113.010010
271.395020,182.494995,111.209991,113.010010
271.395020,182.494995,111.209991,113.010010
271.395020,182.494995,111.209991,113.010010
271.395020,182.494995,111.209991,113.010010
317.395020,199.494995,111.209991,113.010010
271.395020,202.494995,111.209991,113.010010
271.395020,202.494995,111.209991,113.010010
271.395020,202.494995,111.209991,113.010010
271.395020,202.494995,111.209991,113.010010
271.395020,202.494995,111.209991,113.010010
271.395020,202.494995,111.209991,113.010010
271.395020,202.494995,111.209991,113.010010
271.395020,202.494995,111.209991,113.010010
271.395020,202.494995,111.209991,113.010010
271.395020,202.494995,111.209991,113.010010
271.395020,202.494995,111.209991,113.010010
271.395020,202.494995,111.209991,113.010010
271.395020,202.494995,111.209991,113.010010
271.395020,202.494995,111.209991,113.010010
271.395020,202.494995,111.209991,113.010010
271.395020,202.494995,111.209991,113.010010
271.395020,202.494995,111.209991,113.010010
271.395020,202.494995,111.209991,113.010010
313.395020,196.494995,111.209991,113.010010
313.395020,196.494995,111.209991,113.010010
313.395020,196.494995,111.209991,113.010010
313.395020,196.494995,111.209991,113.010010
313.395020,196.494995,111.209991,113.010010
313.395020,196.494995,111.209991,113.010010
313.395020,196.494995,111.209991,113.010010
313.395020,196.494995,111.209991,113.010010
313.395020,196.494995,111.209991,113.010010
313.395020,196.494995,111.209991,113.010010
313.395020,196.494995,111.209991,113.010010
313.395020,196.494995,111.209991,113.010010
264.395020,188.494995,111.209991,113.010010
264.395020,188.494995,111.209991,113.010010
264.395020,188.494995,111.209991,113.010010
264.395020,188.494995,111.209991,113.010010
264.395020,188.494995,111.209991,113.010010
264.395020,188.494995,111.209991,113.010010
264.395020,188.494995,111.209991,113.010010
264.395020,188.494995,111.209991,113.010010
264.395020,188.494995,111.209991,113.010010
264.395020,188.494995,111.209991,113.010010
264.395020,188.494995,111.209991,113.010010
264.395020,188.494995,111.209991,113.010010
264.395020,188.494995,111.209991,113.010010
264.395020,188.494995,111.209991,113.010010
264.395020,188.494995,111.209991,113.010010
264.395020,188.494995,111.209991,113.010010
264.395020,188.494995,111.209991,113.010010
264.395020,188.494995,111.209991,113.010010
264.395020,188.494995,111.209991,113.010010
264.395020,188.494995,111.209991,113.010010
264.395020,188.494995,111.209991,113.010010
264.395020,188.494995,111.209991,113.010010
264.395020,188.494995,111.209991,113.010010
264.395020,188.494995,111.209991,113.010010
264.395020,188.494995,111.209991,113.010010
304.395020,173.494995,111.209991,113.010010
304.395020,173.494995,111.209991,113.010010
304.395020,173.494995,111.209991,113.010010
304.395020,173.494995,111.209991,113.010010
270.395020,185.494995,111.209991,113.010010
270.395020,185.494995,111.209991,113.010010
270.395020,185.494995,111.209991,113.010010
270.395020,185.494995,111.209991,113.010010
270.395020,185.494995,111.209991,113.010010
270.395020,185.494995,111.209991,113.010010
270.395020,185.494995,111.209991,113.010010
270.395020,185.494995,111.209991,113.010010
270.395020,185.494995,111.209991,113.010010
270.395020,185.494995,111.209991,113.010010
270.395020,185.494995,111.209991,113.010010
270.395020,185.494995,111.209991,113.010010
270.395020,185.494995,111.209991,113.010010
270.395020,185.494995,111.209991,113.010010
270.395020,185.494995,111.209991,113.010010
270.395020,185.494995,111.209991,113.010010
270.395020,185.494995,111.209991,113.010010
270.395020,185.494995,111.209991,113.010010
270.395020,185.494995,111.209991,113.010010
270.395020,185.494995,111.209991,113.010010
270.395020,185.494995,111.209991,113.010010
270.395020,185.494995,111.209991,113.010010
270.395020,185.494995,111.209991,113.010010
270.395020,185.494995,111.209991,113.010010
270.395020,185.494995,111.209991,113.010010
270.395020,185.494995,111.209991,113.010010
270.395020,185.494995,111.209991,113.010010
270.395020,185.494995,111.209991,113.010010
270.395020,185.494995,111.209991,113.010010
270.395020,185.494995,111.209991,113.010010
270.395020,185.494995,111.209991,113.010010
270.395020,185.494995,111.209991,113.010010
270.395020,185.494995,111.209991,113.010010
270.395020,185.494995,111.209991,113.010010
270.395020,185.494995,111.209991,113.010010
270.395020,185.494995,111.209991,113.010010
270.395020,185.494995,111.209991,113.010010
270.395020,185.494995,111.209991,113.010010
270.395020,185.494995,111.209991,113.010010
270.395020,185.494995,111.209991,113.010010
270.395020,185.494995,111.209991,113.010010
270.395020,185.494995,111.209991,113.010010
270.395020,185.494995,111.209991,113.010010
270.395020,185.494995,111.209991,113.010010
270.395020,185.494995,111.209991,113.010010
270.395020,185.494995,111.209991,113.010010
270.395020,185.494995,111.209991,113.010010
270.395020,185.494995,111.209991,113.010010
270.395020,185.494995,111.209991,113.010010
270.395020,185.494995,111.209991,113.010010
270.395020,185.494995,111.209991,113.010010
270.395020,185.494995,111.209991,113.010010
270.395020,185.494995,111.209991,113.010010
270.395020,185.494995,111.209991,113.010010
270.395020,185.494995,111.209991,113.010010
270.395020,185.494995,111.209991,113.010010
270.395020,185.494995,111.209991,113.010010
270.395020,185.494995,111.209991,113.010010
270.395020,185.494995,111.209991,113.010010
270.395020,185.494995,111.209991,113.010010
270.395020,185.494995,111.209991,113.010010
270.395020,185.494995,111.209991,113.010010
270.395020,185.494995,111.209991,113.010010
270.395020,185.494995,111.209991,113.010010
270.395020,185.494995,111.209991,113.010010
270.395020,185.494995,111.209991,113.010010
270.395020,185.494995,111.209991,113.010010
270.395020,185.494995,111.209991,113.010010
270.395020,185.494995,111.209991,113.010010
270.395020,185.494995,111.209991,113.010010
270.395020,185.494995,111.209991,113.010010
270.395020,185.494995,111.209991,113.010010
270.395020,185.494995,111.209991,113.010010
270.395020,185.494995,111.209991,113.010010
270.395020,185.494995,111.209991,113.010010
270.395020,185.494995,111.209991,113.010010
270.395020,185.494995,111.209991,113.010010
270.395020,185.494995,111.209991,113.010010
270.395020,185.494995,111.209991,113.010010
270.395020,185.494995,111.209991,113.010010
315.395020,205.494995,111.209991,113.010010
315.395020,205.494995,111.209991,113.010010
315.395020,205.494995,111.209991,113.010010
272.395020,214.494995,111.209991,113.010010
272.395020,214.494995,111.209991,113.010010
272.395020,214.494995,111.209991,113.010010
272.395020,214.494995,111.209991,113.010010
243.395004,211.494995,111.209991,113.010010
243.395004,211.494995,111.209991,113.010010
243.395004,211.494995,111.209991,113.010010
243.395004,211.494995,111.209991,113.010010
243.395004,211.494995,111.209991,113.010010
243.395004,211.494995,111.209991,113.010010
243.395004,211.494995,111.209991,113.010010
243.395004,211.494995,111.209991,113.010010
310.395020,200.494995,111.209991,113.010010
274.395020,213.494995,111.209991,113.010010
274.395020,213.494995,111.209991,113.010010
274.395020,213.494995,111.209991,113.010010
274.395020,213.494995,111.209991,113.010010
274.395020,213.494995,111.209991,113.010010
274.395020,213.494995,111.209991,113.010010
274.395020,213.494995,111.209991,113.010010
274.395020,213.494995,111.209991,113.010010
274.395020,213.494995,111.209991,113.010010
274.395020,213.494995,111.209991,113.010010
274.395020,213.494995,111.209991,113.010010
274.395020,213.494995,111.209991,113.010010
274.395020,213.494995,111.209991,113.010010
274.395020,213.494995,111.209991,113.010010
274.395020,213.494995,111.209991,113.010010
274.395020,213.494995,111.209991,113.010010
274.395020,213.494995,111.209991,113.010010
274.395020,213.494995,111.209991,113.010010
241.395004,217.494995,111.209991,113.010010
241.395004,217.494995,111.209991,113.010010
241.395004,217.494995,111.209991,113.010010
241.395004,217.494995,111.209991,113.010010
241.395004,217.494995,111.209991,113.010010
241.395004,217.494995,111.209991,113.010010
241.395004,217.494995,111.209991,113.010010
241.395004,217.494995,111.209991,113.010010
241.395004,217.494995,111.209991,113.010010
241.395004,217.494995,111.209991,113.010010
241.395004,217.494995,111.209991,113.010010
241.395004,217.494995,111.209991,113.010010
241.395004,217.494995,111.209991,113.010010
241.395004,217.494995,111.209991,113.010010
241.395004,217.494995,111.209991,113.010010
241.395004,217.494995,111.209991,113.010010
241.395004,217.494995,111.209991,113.010010
241.395004,217.494995,111.209991,113.010010
241.395004,217.494995,111.209991,113.010010
241.395004,217.494995,111.209991,113.010010
241.395004,217.494995,111.209991,113.010010
241.395004,217.494995,111.209991,113.010010
241.395004,217.494995,111.209991,113.010010
241.395004,217.494995,111.209991,113.010010
241.395004,217.494995,111.209991,113.010010
241.395004,217.494995,111.209991,113.010010
241.395004,217.494995,111.209991,113.010010
241.395004,217.494995,111.209991,113.010010
241.395004,217.494995,111.209991,113.010010
241.395004,217.494995,111.209991,113.010010
241.395004,217.494995,111.209991,113.010010
241.395004,217.494995,111.209991,113.010010
241.395004,217.494995,111.209991,113.010010
241.395004,217.494995,111.209991,113.010010
241.395004,217.494995,111.209991,113.010010
241.395004,217.494995,111.209991,113.010010
241.395004,217.494995,111.209991,113.010010
241.395004,217.494995,111.209991,113.010010
241.395004,217.494995,111.209991,113.010010
241.395004,217.494995,111.209991,113.010010
241.395004,217.494995,111.209991,113.010010
241.395004,217.494995,111.209991,113.010010
241.395004,217.494995,111.209991,113.010010
241.395004,217.494995,111.209991,113.010010
287.395020,219.494995,111.209991,113.010010
287.395020,219.494995,111.209991,113.010010
287.395020,219.494995,111.209991,113.010010
287.395020,219.494995,111.209991,113.010010
287.395020,219.494995,111.209991,113.010010
287.395020,219.494995,111.209991,113.010010
287.395020,219.494995,111.209991,113.010010
287.395020,219.494995,111.209991,113.010010
287.395020,219.494995,111.209991,113.010010
287.395020,219.494995,111.209991,113.010010
287.395020,219.494995,111.209991,113.010010
287.395020,219.494995,111.209991,113.010010
287.395020,219.494995,111.209991,113.010010
287.395020,219.494995,111.209991,113.010010
287.395020,219.494995,111.209991,113.010010
287.395020,219.494995,111.209991,113.010010
287.395020,219.494995,111.209991,113.010010
287.395020,219.494995,111.209991,113.010010
287.395020,219.494995,111.209991,113.010010
287.395020,219.494995,111.209991,113.010010
287.395020,219.494995,111.209991,113.010010
287.395020,219.494995,111.209991,113.010010
287.395020,219.494995,111.209991,113.010010
287.395020,219.494995,111.209991,113.010010
287.395020,219.494995,111.209991,113.010010
287.395020,219.494995,111.209991,113.010010
287.395020,219.494995,111.209991,113.010010
287.395020,219.494995,111.209991,113.010010
287.395020,219.494995,111.209991,113.010010
287.395020,219.494995,111.209991,113.010010
287.395020,219.494995,111.209991,113.010010
287.395020,219.494995,111.209991,113.010010
287.395020,219.494995,111.209991,113.010010
287.395020,219.494995,111.209991,113.010010
287.395020,219.494995,111.209991,113.010010
287.395020,219.494995,111.209991,113.010010
287.395020,219.494995,111.209991,113.010010
287.395020,219.494995,111.209991,113.010010
287.395020,219.494995,111.209991,113.010010
287.395020,219.494995,111.209991,113.010010
287.395020,219.494995,111.209991,113.010010
287.395020,219.494995,111.209991,113.010010
287.395020,219.494995,111.209991,113.010010
287.395020,219.494995,111.209991,113.010010
287.395020,219.494995,111.209991,113.010010
287.395020,219.494995,111.209991,113.010010
287.395020,219.494995,111.209991,113.010010
287.395020,219.494995,111.209991,113.010010
287.395020,219.494995,111.209991,113.010010
287.395020,219.494995,111.209991,113.010010
287.395020,219.494995,111.209991,113.010010
287.395020,219.494995,111.209991,113.010010
287.395020,219.494995,111.209991,113.010010
287.395020,219.494995,111.209991,113.010010
287.395020,219.494995,111.209991,113.010010
287.395020,219.494995,111.209991,113.010010
287.395020,219.494995,111.209991,113.010010
287.395020,219.494995,111.209991,113.010010
287.395020,219.494995,111.209991,113.010010
287.395020,219.494995,111.209991,113.010010
287.395020,219.494995,111.209991,113.010010
287.395020,219.494995,111.209991,113.010010
287.395020,219.494995,111.209991,113.010010
287.395020,219.494995,111.209991,113.010010
287.395020,219.494995,111.209991,113.010010
287.395020,219.494995,111.209991,113.010010
287.395020,219.494995,111.209991,113.010010
287.395020,219.494995,111.209991,113.010010
287.395020,219.494995,111.209991,113.010010
287.395020,219.494995,111.209991,113.010010
287.395020,219.494995,111.209991,113.010010
287.395020,219.494995,111.209991,113.010010
287.395020,219.494995,111.209991,113.010010
287.395020,219.494995,111.209991,113.010010
287.395020,219.494995,111.209991,113.010010
287.395020,219.494995,111.209991,113.010010
287.395020,219.494995,111.209991,113.010010
287.395020,219.494995,111.209991,113.010010
287.395020,219.494995,111.209991,113.010010
287.395020,219.494995,111.209991,113.010010
287.395020,219.494995,111.209991,113.010010
287.395020,219.494995,111.209991,113.010010
287.395020,219.494995,111.209991,113.010010
287.395020,219.494995,111.209991,113.010010
287.395020,219.494995,111.209991,113.010010
287.395020,219.494995,111.209991,113.010010
287.395020,219.494995,111.209991,113.010010
287.395020,219.494995,111.209991,113.010010
287.395020,219.494995,111.209991,113.010010
287.395020,219.494995,111.209991,113.010010
287.395020,219.494995,111.209991,113.010010
287.395020,219.494995,111.209991,113.010010
287.395020,219.494995,111.209991,113.010010
287.395020,219.494995,111.209991,113.010010
287.395020,219.494995,111.209991,113.010010
287.395020,219.494995,111.209991,113.010010
287.395020,219.494995,111.209991,113.010010
287.395020,219.494995,111.209991,113.010010
287.395020,219.494995,111.209991,113.010010
287.395020,219.494995,111.209991,113.010010
287.395020,219.494995,111.209991,113.010010
287.395020,219.494995,111.209991,113.010010
287.395020,219.494995,111.209991,113.010010
287.395020,219.494995,111.209991,113.010010
287.395020,219.494995,111.209991,113.010010
287.395020,219.494995,111.209991,113.010010
287.395020,219.494995,111.209991,113.010010
287.395020,219.494995,111.209991,113.010010
287.395020,219.494995,111.209991,113.010010
287.395020,219.494995,111.209991,113.010010
287.395020,219.494995,111.209991,113.010010
287.395020,219.494995,111.209991,113.010010
287.395020,219.494995,111.209991,113.010010
287.395020,219.494995,111.209991,113.010010
287.395020,219.494995,111.209991,113.010010
287.395020,219.494995,111.209991,113.010010
287.395020,219.494995,111.209991,113.010010
287.395020,219.494995,111.209991,113.010010
287.395020,219.494995,111.209991,113.010010
287.395020,219.494995,111.209991,113.010010
287.395020,219.494995,111.209991,113.010010
287.395020,219.494995,111.209991,113.010010
287.395020,219.494995,111.209991,113.010010
287.395020,219.494995,111.209991,113.010010
287.395020,219.494995,111.209991,113.010010
287.395020,219.494995,111.209991,113.010010
287.395020,219.494995,111.209991,113.010010
287.395020,219.494995,111.209991,113.010010
287.395020,219.494995,111.209991,113.010010
287.395020,219.494995,111.209991,113.010010
287.395020,219.494995,111.209991,113.010010
287.395020,219.494995,111.209991,113.010010
287.395020,219.494995,111.209991,113.010010
287.395020,219.494995,111.209991,113.010010
287.395020,219.494995,111.209991,113.010010
287.395020,219.494995,111.209991,113.010010
287.395020,219.494995,111.209991,113.010010
287.395020,219.494995,111.209991,113.010010
287.395020,219.494995,111.209991,113.010010
287.395020,219.494995,111.209991,113.010010
287.395020,219.494995,111.209991,113.010010
287.395020,219.494995,111.209991,113.010010
287.395020,219.494995,111.209991,113.010010
287.395020,219.494995,111.209991,113.010010
287.395020,219.494995,111.209991,113.010010
287.395020,219.494995,111.209991,113.010010
287.395020,219.494995,111.209991,113.010010
287.395020,219.494995,111.209991,113.010010
287.395020,219.494995,111.209991,113.010010
287.395020,219.494995,111.209991,113.010010
287.395020,219.494995,111.209991,113.010010
287.395020,219.494995,111.209991,113.010010
287.395020,219.494995,111.209991,113.010010
287.395020,219.494995,111.209991,113.010010
287.395020,219.494995,111.209991,113.010010
287.395020,219.494995,111.209991,113.010010
287.395020,219.494995,111.209991,113.010010
287.395020,219.494995,111.209991,113.010010
287.395020,219.494995,111.209991,113.010010
287.395020,219.494995,111.209991,113.010010
259.395020,198.494995,111.209991,113.010010
259.395020,198.494995,111.209991,113.010010
259.395020,198.494995,111.209991,113.010010
259.395020,198.494995,111.209991,113.010010
259.395020,198.494995,111.209991,113.010010
259.395020,198.494995,111.209991,113.010010
259.395020,198.494995,111.209991,113.010010
259.395020,198.494995,111.209991,113.010010
259.395020,198.494995,111.209991,113.010010
259.395020,198.494995,111.209991,113.010010
259.395020,198.494995,111.209991,113.010010
259.395020,198.494995,111.209991,113.010010
259.395020,198.494995,111.209991,113.010010
259.395020,198.494995,111.209991,113.010010
259.395020,198.494995,111.209991,113.010010
259.395020,198.494995,111.209991,113.010010
259.395020,198.494995,111.209991,113.010010
259.395020,198.494995,111.209991,113.010010
231.395004,197.494995,111.209991,113.010010
231.395004,197.494995,111.209991,113.010010
231.395004,197.494995,111.209991,113.010010
231.395004,197.494995,111.209991,113.010010
231.395004,197.494995,111.209991,113.010010
231.395004,197.494995,111.209991,113.010010
231.395004,197.494995,111.209991,113.010010
231.395004,197.494995,111.209991,113.010010
231.395004,197.494995,111.209991,113.010010
231.395004,197.494995,111.209991,113.010010
231.395004,197.494995,111.209991,113.010010
231.395004,197.494995,111.209991,113.010010
231.395004,197.494995,111.209991,113.010010
231.395004,197.494995,111.209991,113.010010
231.395004,197.494995,111.209991,113.010010
231.395004,197.494995,111.209991,113.010010
290.395020,205.494995,111.209991,113.010010
290.395020,205.494995,111.209991,113.010010
290.395020,205.494995,111.209991,113.010010
290.395020,205.494995,111.209991,113.010010
290.395020,205.494995,111.209991,113.010010
290.395020,205.494995,111.209991,113.010010
290.395020,205.494995,111.209991,113.010010
290.395020,205.494995,111.209991,113.010010
290.395020,205.494995,111.209991,113.010010
290.395020,205.494995,111.209991,113.010010
290.395020,205.494995,111.209991,113.010010
290.395020,205.494995,111.209991,113.010010
290.395020,205.494995,111.209991,113.010010
290.395020,205.494995,111.209991,113.010010
290.395020,205.494995,111.209991,113.010010
290.395020,205.494995,111.209991,113.010010
290.395020,205.494995,111.209991,113.010010
290.395020,205.494995,111.209991,113.010010
290.395020,205.494995,111.209991,113.010010
290.395020,205.494995,111.209991,113.010010
290.395020,205.494995,111.209991,113.010010
290.395020,205.494995,111.209991,113.010010
290.395020,205.494995,111.209991,113.010010
290.395020,205.494995,111.209991,113.010010
239.395004,178.494995,111.209991,113.010010
239.395004,178.494995,111.209991,113.010010
239.395004,178.494995,111.209991,113.010010
211.395004,182.494995,111.209991,113.010010
211.395004,182.494995,111.209991,113.010010
211.395004,182.494995,111.209991,113.010010
211.395004,182.494995,111.209991,113.010010
211.395004,182.494995,111.209991,113.010010
211.395004,182.494995,111.209991,113.010010
211.395004,182.494995,111.209991,113.010010
211.395004,182.494995,111.209991,113.010010
211.395004,182.494995,111.209991,113.010010
211.395004,182.494995,111.209991,113.010010
211.395004,182.494995,111.209991,113.010010
211.395004,182.494995,111.209991,113.010010
183.395004,191.494995,111.209991,113.010010
183.395004,191.494995,111.209991,113.010010
183.395004,191.494995,111.209991,113.010010
183.395004,191.494995,111.209991,113.010010
183.395004,191.494995,111.209991,113.010010
183.395004,191.494995,111.209991,113.010010
183.395004,191.494995,111.209991,113.010010
221.395004,182.494995,111.209991,113.010010
191.395004,186.494995,111.209991,113.010010
191.395004,186.494995,111.209991,113.010010
191.395004,186.494995,111.209991,113.010010
191.395004,186.494995,111.209991,113.010010
255.395004,212.494995,111.209991,113.010010
204.395004,196.494995,111.209991,113.010010
204.395004,196.494995,111.209991,113.010010
204.395004,196.494995,111.209991,113.010010
204.395004,196.494995,111.209991,113.010010
204.395004,196.494995,111.209991,113.010010
204.395004,196.494995,111.209991,113.010010
204.395004,196.494995,111.209991,113.010010
204.395004,196.494995,111.209991,113.010010
204.395004,196.494995,111.209991,113.010010
204.395004,196.494995,111.209991,113.010010
204.395004,196.494995,111.209991,113.010010
204.395004,196.494995,111.209991,113.010010
204.395004,196.494995,111.209991,113.010010
204.395004,196.494995,111.209991,113.010010
204.395004,196.494995,111.209991,113.010010
204.395004,196.494995,111.209991,113.010010
194.395004,166.494995,111.209991,113.010010
194.395004,166.494995,111.209991,113.010010
194.395004,166.494995,111.209991,113.010010
236.395004,170.494995,111.209991,113.010010
180.395004,173.494995,111.209991,113.010010
180.395004,173.494995,111.209991,113.010010
248.395004,184.494995,111.209991,113.010010
192.395004,172.494995,111.209991,113.010010
246.395004,185.494995,111.209991,113.010010
246.395004,185.494995,111.209991,113.010010
204.395004,176.494995,111.209991,113.010010
204.395004,176.494995,111.209991,113.010010
204.395004,176.494995,111.209991,113.010010
204.395004,176.494995,111.209991,113.010010
204.395004,176.494995,111.209991,113.010010
204.395004,176.494995,111.209991,113.010010
204.395004,176.494995,111.209991,113.010010
252.395004,207.494995,111.209991,113.010010
252.395004,207.494995,111.209991,113.010010
252.395004,207.494995,111.209991,113.010010
252.395004,207.494995,111.209991,113.010010
208.395004,194.494995,111.209991,113.010010
208.395004,194.494995,111.209991,113.010010
271.395020,200.494995,111.209991,113.010010
271.395020,200.494995,111.209991,113.010010
271.395020,200.494995,111.209991,113.010010
223.395004,214.494995,111.209991,113.010010
223.395004,214.494995,111.209991,113.010010
223.395004,214.494995,111.209991,113.010010
223.395004,214.494995,111.209991,113.010010
223.395004,214.494995,111.209991,113.010010
223.395004,214.494995,111.209991,113.010010
223.395004,214.494995,111.209991,113.010010
223.395004,214.494995,111.209991,113.010010
223.395004,214.494995,111.209991,113.010010
223.395004,214.494995,111.209991,113.010010
223.395004,214.494995,111.209991,113.010010
223.395004,214.494995,111.209991,113.010010
223.395004,214.494995,111.209991,113.010010
223.395004,214.494995,111.209991,113.010010
223.395004,214.494995,111.209991,113.010010
223.395004,214.494995,111.209991,113.010010
223.395004,214.494995,111.209991,113.010010
223.395004,214.494995,111.209991,113.010010
223.395004,214.494995,111.209991,113.010010
223.395004,214.494995,111.209991,113.010010
223.395004,214.494995,111.209991,113.010010
223.395004,214.494995,111.209991,113.010010
223.395004,214.494995,111.209991,113.010010
223.395004,214.494995,111.209991,113.010010
223.395004,214.494995,111.209991,113.010010
223.395004,214.494995,111.209991,113.010010
223.395004,214.494995,111.209991,113.010010
223.395004,214.494995,111.209991,113.010010
223.395004,214.494995,111.209991,113.010010
223.395004,214.494995,111.209991,113.010010
223.395004,214.494995,111.209991,113.010010
223.395004,214.494995,111.209991,113.010010
223.395004,214.494995,111.209991,113.010010
223.395004,214.494995,111.209991,113.010010
223.395004,214.494995,111.209991,113.010010
298.395020,219.494995,111.209991,113.010010
298.395020,219.494995,111.209991,113.010010
