1
385.500000,142.500000,105.000000,91.000000
385.500000,142.500000,105.000000,91.000000
385.500000,142.500000,105.000000,91.000000
385.500000,142.500000,105.000000,91.000000
385.500000,142.500000,105.000000,91.000000
385.500000,142.500000,105.000000,91.000000
385.500000,142.500000,105.000000,91.000000
385.500000,142.500000,105.000000,91.000000
385.500000,142.500000,105.000000,91.000000
385.500000,142.500000,105.000000,91.000000
385.500000,142.500000,105.000000,91.000000
385.500000,142.500000,105.000000,91.000000
385.500000,142.500000,105.000000,91.000000
385.500000,142.500000,105.000000,91.000000
385.500000,142.500000,105.000000,91.000000
385.500000,142.500000,105.000000,91.000000
385.500000,142.500000,105.000000,91.000000
385.500000,142.500000,105.000000,91.000000
385.500000,142.500000,105.000000,91.000000
385.500000,142.500000,105.000000,91.000000
385.500000,142.500000,105.000000,91.000000
385.500000,142.500000,105.000000,91.000000
385.500000,142.500000,105.000000,91.000000
385.500000,142.500000,105.000000,91.000000
385.500000,142.500000,105.000000,91.000000
385.500000,142.500000,105.000000,91.000000
385.500000,142.500000,105.000000,91.000000
385.500000,142.500000,105.000000,91.000000
385.500000,142.500000,105.000000,91.000000
385.500000,142.500000,105.000000,91.000000
385.500000,142.500000,105.000000,91.000000
385.500000,142.500000,105.000000,91.000000
385.500000,142.500000,105.000000,91.000000
385.500000,142.500000,105.000000,91.000000
385.500000,142.500000,105.000000,91.000000
385.500000,142.500000,105.000000,91.000000
385.500000,142.500000,105.000000,91.000000
385.500000,142.500000,105.000000,91.000000
385.500000,142.500000,105.000000,91.000000
385.500000,142.500000,105.000000,91.000000
385.500000,142.500000,105.000000,91.000000
385.500000,142.500000,105.000000,91.000000
385.500000,142.500000,105.000000,91.000000
385.500000,142.500000,105.000000,91.000000
385.500000,142.500000,105.000000,91.000000
385.500000,142.500000,105.000000,91.000000
385.500000,142.500000,105.000000,91.000000
385.500000,142.500000,105.000000,91.000000
2
0
0
0
0
1
274.179993,84.669998,101.820007,52.240005
274.179993,84.669998,101.820007,52.240005
274.179993,84.669998,101.820007,52.240005
274.179993,84.669998,101.820007,52.240005
274.179993,84.669998,101.820007,52.240005
329.089996,94.879997,101.820007,52.240005
329.089996,94.879997,101.820007,52.240005
329.089996,94.879997,101.820007,52.240005
329.089996,94.879997,101.820007,52.240005
329.089996,94.879997,101.820007,52.240005
329.089996,94.879997,101.820007,52.240005
329.089996,94.879997,101.820007,52.240005
290.089996,82.879997,101.820007,52.240005
290.089996,82.879997,101.820007,52.240005
290.089996,82.879997,101.820007,52.240005
290.089996,82.879997,101.820007,52.240005
290.089996,82.879997,101.820007,52.240005
290.089996,82.879997,101.820007,52.240005
290.089996,82.879997,101.820007,52.240005
290.089996,82.879997,101.820007,52.240005
290.089996,82.879997,101.820007,52.240005
290.089996,82.879997,101.820007,52.240005
290.089996,82.879997,101.820007,52.240005
290.089996,82.879997,101.820007,52.240005
290.089996,82.879997,101.820007,52.240005
328.089996,61.879997,101.820007,52.240005
328.089996,61.879997,101.820007,52.240005
328.089996,61.879997,101.820007,52.240005
328.089996,61.879997,101.820007,52.240005
328.089996,61.879997,101.820007,52.240005
328.089996,61.879997,101.820007,52.240005
328.089996,61.879997,101.820007,52.240005
328.089996,61.879997,101.820007,52.240005
328.089996,61.879997,101.820007,52.240005
328.089996,61.879997,101.820007,52.240005
288.089996,76.879997,101.820007,52.240005
288.089996,76.879997,101.820007,52.240005
288.089996,76.879997,101.820007,52.240005
288.089996,76.879997,101.820007,52.240005
288.089996,76.879997,101.820007,52.240005
288.089996,76.879997,101.820007,52.240005
288.089996,76.879997,101.820007,52.240005
288.089996,76.879997,101.820007,52.240005
288.089996,76.879997,101.820007,52.240005
288.089996,76.879997,101.820007,52.240005
288.089996,76.879997,101.820007,52.240005
288.089996,76.879997,101.820007,52.240005
288.089996,76.879997,101.820007,52.240005
288.089996,76.879997,101.820007,52.240005
288.089996,76.879997,101.820007,52.240005
288.089996,76.879997,101.820007,52.240005
327.089996,68.879997,101.820007,52.240005
280.089996,67.879997,101.820007,52.240005
280.089996,67.879997,101.820007,52.240005
280.089996,67.879997,101.820007,52.240005
280.089996,67.879997,101.820007,52.240005
280.089996,67.879997,101.820007,52.240005
280.089996,67.879997,101.820007,52.240005
280.089996,67.879997,101.820007,52.240005
280.089996,67.879997,101.820007,52.240005
280.089996,67.879997,101.820007,52.240005
295.089996,87.879997,101.820007,52.240005
295.089996,87.879997,101.820007,52.240005
295.089996,87.879997,101.820007,52.240005
295.089996,87.879997,101.820007,52.240005
295.089996,87.879997,101.820007,52.240005
295.089996,87.879997,101.820007,52.240005
295.089996,87.879997,101.820007,52.240005
295.089996,87.879997,101.820007,52.240005
295.089996,87.879997,101.820007,52.240005
295.089996,87.879997,101.820007,52.240005
321.089996,70.879997,101.820007,52.240005
321.089996,70.879997,101.820007,52.240005
321.089996,70.879997,101.820007,52.240005
260.089996,62.879997,101.820007,52.240005
268.089996,86.879997,101.820007,52.240005
268.089996,86.879997,101.820007,52.240005
268.089996,86.879997,101.820007,52.240005
268.089996,86.879997,101.820007,52.240005
268.089996,86.879997,101.820007,52.240005
268.089996,86.879997,101.820007,52.240005
321.089996,85.879997,101.820007,52.240005
321.089996,85.879997,101.820007,52.240005
321.089996,85.879997,101.820007,52.240005
321.089996,85.879997,101.820007,52.240005
248.089996,81.879997,101.820007,52.240005
248.089996,81.879997,101.820007,52.240005
248.089996,81.879997,101.820007,52.240005
248.089996,81.879997,101.820007,52.240005
310.089996,82.879997,101.820007,52.240005
310.089996,82.879997,101.820007,52.240005
310.089996,82.879997,101.820007,52.240005
310.089996,82.879997,101.820007,52.240005
310.089996,82.879997,101.820007,52.240005
310.089996,82.879997,101.820007,52.240005
310.089996,82.879997,101.820007,52.240005
310.089996,82.879997,101.820007,52.240005
359.089996,99.879997,101.820007,52.240005
307.089996,73.879997,101.820007,52.240005
275.089996,67.879997,101.820007,52.240005
275.089996,67.879997,101.820007,52.240005
275.089996,67.879997,101.820007,52.240005
275.089996,67.879997,101.820007,52.240005
275.089996,67.879997,101.820007,52.240005
275.089996,67.879997,101.820007,52.240005
275.089996,67.879997,101.820007,52.240005
275.089996,67.879997,101.820007,52.240005
275.089996,67.879997,101.820007,52.240005
275.089996,67.879997,101.820007,52.240005
275.089996,67.879997,101.820007,52.240005
275.089996,67.879997,101.820007,52.240005
275.089996,67.879997,101.820007,52.240005
275.089996,67.879997,101.820007,52.240005
275.089996,67.879997,101.820007,52.240005
275.089996,67.879997,101.820007,52.240005
275.089996,67.879997,101.820007,52.240005
306.089996,85.879997,101.820007,52.240005
344.089996,64.879997,101.820007,52.240005
344.089996,64.879997,101.820007,52.240005
344.089996,64.879997,101.820007,52.240005
344.089996,64.879997,101.820007,52.240005
344.089996,64.879997,101.820007,52.240005
329.089996,94.879997,101.820007,52.240005
329.089996,94.879997,101.820007,52.240005
329.089996,94.879997,101.820007,52.240005
348.089996,66.879997,101.820007,52.240005
361.089996,85.879997,101.820007,52.240005
399.089996,99.879997,101.820007,52.240005
399.089996,99.879997,101.820007,52.240005
399.089996,99.879997,101.820007,52.240005
399.089996,99.879997,101.820007,52.240005
399.089996,99.879997,101.820007,52.240005
399.089996,99.879997,101.820007,52.240005
399.089996,99.879997,101.820007,52.240005
399.089996,99.879997,101.820007,52.240005
350.089996,77.879997,101.820007,52.240005
350.089996,77.879997,101.820007,52.240005
350.089996,77.879997,101.820007,52.240005
350.089996,77.879997,101.820007,52.240005
399.089996,94.879997,101.820007,52.240005
399.089996,94.879997,101.820007,52.240005
399.089996,94.879997,101.820007,52.240005
399.089996,94.879997,101.820007,52.240005
399.089996,94.879997,101.820007,52.240005
399.089996,94.879997,101.820007,52.240005
399.089996,94.879997,101.820007,52.240005
399.089996,94.879997,101.820007,52.240005
399.089996,94.879997,101.820007,52.240005
399.089996,94.879997,101.820007,52.240005
399.089996,94.879997,101.820007,52.240005
399.089996,94.879997,101.820007,52.240005
399.089996,94.879997,101.820007,52.240005
399.089996,94.879997,101.820007,52.240005
399.089996,94.879997,101.820007,52.240005
399.089996,94.879997,101.820007,52.240005
399.089996,94.879997,101.820007,52.240005
399.089996,94.879997,101.820007,52.240005
399.089996,94.879997,101.820007,52.240005
399.089996,94.879997,101.820007,52.240005
399.089996,94.879997,101.820007,52.240005
399.089996,94.879997,101.820007,52.240005
399.089996,94.879997,101.820007,52.240005
399.089996,94.879997,101.820007,52.240005
399.089996,94.879997,101.820007,52.240005
2
0
0
0
0
1
278.649994,133.380005,114.940002,117.039993
278.649994,133.380005,114.940002,117.039993
278.649994,133.380005,114.940002,117.039993
278.649994,133.380005,114.940002,117.039993
278.649994,133.380005,114.940002,117.039993
278.649994,133.380005,114.940002,117.039993
278.649994,133.380005,114.940002,117.039993
278.649994,133.380005,114.940002,117.039993
278.529999,132.480011,114.940002,117.039993
278.529999,132.480011,114.940002,117.039993
278.529999,132.480011,114.940002,117.039993
278.529999,132.480011,114.940002,117.039993
278.529999,132.480011,114.940002,117.039993
278.529999,132.480011,114.940002,117.039993
278.529999,132.480011,114.940002,117.039993
278.529999,132.480011,114.940002,117.039993
278.529999,132.480011,114.940002,117.039993
251.529999,176.480011,114.940002,117.039993
251.529999,176.480011,114.940002,117.039993
251.529999,176.480011,114.940002,117.039993
251.529999,176.480011,114.940002,117.039993
251.529999,176.480011,114.940002,117.039993
251.529999,176.480011,114.940002,117.039993
251.529999,176.480011,114.940002,117.039993
251.529999,176.480011,114.940002,117.039993
251.529999,176.480011,114.940002,117.039993
251.529999,176.480011,114.940002,117.039993
251.529999,176.480011,114.940002,117.039993
251.529999,176.480011,114.940002,117.039993
251.529999,176.480011,114.940002,117.039993
251.529999,176.480011,114.940002,117.039993
251.529999,176.480011,114.940002,117.039993
251.529999,176.480011,114.940002,117.039993
251.529999,176.480011,114.940002,117.039993
185.529999,198.480011,114.940002,117.039993
185.529999,198.480011,114.940002,117.039993
185.529999,198.480011,114.940002,117.039993
185.529999,198.480011,114.940002,117.039993
185.529999,198.480011,114.940002,117.039993
185.529999,198.480011,114.940002,117.039993
185.529999,198.480011,114.940002,117.039993
185.529999,198.480011,114.940002,117.039993
185.529999,198.480011,114.940002,117.039993
185.529999,198.480011,114.940002,117.039993
185.529999,198.480011,114.940002,117.039993
185.529999,198.480011,114.940002,117.039993
185.529999,198.480011,114.940002,117.039993
185.529999,198.480011,114.940002,117.039993
185.529999,198.480011,114.940002,117.039993
185.529999,198.480011,114.940002,117.039993
185.529999,198.480011,114.940002,117.039993
185.529999,198.480011,114.940002,117.039993
185.529999,198.480011,114.940002,117.039993
185.529999,198.480011,114.940002,117.039993
185.529999,198.480011,114.940002,117.039993
185.529999,198.480011,114.940002,117.039993
185.529999,198.480011,114.940002,117.039993
185.529999,198.480011,114.940002,117.039993
185.529999,198.480011,114.940002,117.039993
185.529999,198.480011,114.940002,117.039993
185.529999,198.480011,114.940002,117.039993
185.529999,198.480011,114.940002,117.039993
276.529999,196.480011,114.940002,117.039993
276.529999,196.480011,114.940002,117.039993
276.529999,196.480011,114.940002,117.039993
276.529999,196.480011,114.940002,117.039993
194.529999,215.480011,114.940002,117.039993
194.529999,215.480011,114.940002,117.039993
194.529999,215.480011,114.940002,117.039993
194.529999,215.480011,114.940002,117.039993
194.529999,215.480011,114.940002,117.039993
194.529999,215.480011,114.940002,117.039993
194.529999,215.480011,114.940002,117.039993
194.529999,215.480011,114.940002,117.039993
194.529999,215.480011,114.940002,117.039993
194.529999,215.480011,114.940002,117.039993
194.529999,215.480011,114.940002,117.039993
194.529999,215.480011,114.940002,117.039993
194.529999,215.480011,114.940002,117.039993
194.529999,215.480011,114.940002,117.039993
194.529999,215.480011,114.940002,117.039993
194.529999,215.480011,114.940002,117.039993
194.529999,215.480011,114.940002,117.039993
267.529999,186.480011,114.940002,117.039993
267.529999,186.480011,114.940002,117.039993
267.529999,186.480011,114.940002,117.039993
267.529999,186.480011,114.940002,117.039993
267.529999,186.480011,114.940002,117.039993
267.529999,186.480011,114.940002,117.039993
267.529999,186.480011,114.940002,117.039993
218.529999,205.480011,114.940002,117.039993
218.529999,205.480011,114.940002,117.039993
218.529999,205.480011,114.940002,117.039993
218.529999,205.480011,114.940002,117.039993
218.529999,205.480011,114.940002,117.039993
218.529999,205.480011,114.940002,117.039993
218.529999,205.480011,114.940002,117.039993
218.529999,205.480011,114.940002,117.039993
218.529999,205.480011,114.940002,117.039993
218.529999,205.480011,114.940002,117.039993
218.529999,205.480011,114.940002,117.039993
218.529999,205.480011,114.940002,117.039993
218.529999,205.480011,114.940002,117.039993
218.529999,205.480011,114.940002,117.039993
218.529999,205.480011,114.940002,117.039993
218.529999,205.480011,114.940002,117.039993
218.529999,205.480011,114.940002,117.039993
218.529999,205.480011,114.940002,117.039993
218.529999,205.480011,114.940002,117.039993
218.529999,205.480011,114.940002,117.039993
218.529999,205.480011,114.940002,117.039993
218.529999,205.480011,114.940002,117.039993
218.529999,205.480011,114.940002,117.039993
218.529999,205.480011,114.940002,117.039993
218.529999,205.480011,114.940002,117.039993
218.529999,205.480011,114.940002,117.039993
218.529999,205.480011,114.940002,117.039993
218.529999,205.480011,114.940002,117.039993
218.529999,205.480011,114.940002,117.039993
218.529999,205.480011,114.940002,117.039993
218.529999,205.480011,114.940002,117.039993
218.529999,205.480011,114.940002,117.039993
218.529999,205.480011,114.940002,117.039993
218.529999,205.480011,114.940002,117.039993
218.529999,205.480011,114.940002,117.039993
218.529999,205.480011,114.940002,117.039993
218.529999,205.480011,114.940002,117.039993
218.529999,205.480011,114.940002,117.039993
218.529999,205.480011,114.940002,117.039993
218.529999,205.480011,114.940002,117.039993
218.529999,205.480011,114.940002,117.039993
218.529999,205.480011,114.940002,117.039993
218.529999,205.480011,114.940002,117.039993
218.529999,205.480011,114.940002,117.039993
218.529999,205.480011,114.940002,117.039993
218.529999,205.480011,114.940002,117.039993
218.529999,205.480011,114.940002,117.039993
218.529999,205.480011,114.940002,117.039993
218.529999,205.480011,114.940002,117.039993
218.529999,205.480011,114.940002,117.039993
218.529999,205.480011,114.940002,117.039993
218.529999,205.480011,114.940002,117.039993
218.529999,205.480011,114.940002,117.039993
218.529999,205.480011,114.940002,117.039993
218.529999,205.480011,114.940002,117.039993
218.529999,205.480011,114.940002,117.039993
218.529999,205.480011,114.940002,117.039993
218.529999,205.480011,114.940002,117.039993
218.529999,205.480011,114.940002,117.039993
218.529999,205.480011,114.940002,117.039993
218.529999,205.480011,114.940002,117.039993
218.529999,205.480011,114.940002,117.039993
218.529999,205.480011,114.940002,117.039993
218.529999,205.480011,114.940002,117.039993
218.529999,205.480011,114.940002,117.039993
218.529999,205.480011,114.940002,117.039993
218.529999,205.480011,114.940002,117.039993
218.529999,205.480011,114.940002,117.039993
218.529999,205.480011,114.940002,117.039993
218.529999,205.480011,114.940002,117.039993
218.529999,205.480011,114.940002,117.039993
218.529999,205.480011,114.940002,117.039993
218.529999,205.480011,114.940002,117.039993
218.529999,205.480011,114.940002,117.039993
218.529999,205.480011,114.940002,117.039993
218.529999,205.480011,114.940002,117.039993
218.529999,205.480011,114.940002,117.039993
218.529999,205.480011,114.940002,117.039993
218.529999,205.480011,114.940002,117.039993
218.529999,205.480011,114.940002,117.039993
218.529999,205.480011,114.940002,117.039993
218.529999,205.480011,114.940002,117.039993
218.529999,205.480011,114.940002,117.039993
218.529999,205.480011,114.940002,117.039993
218.529999,205.480011,114.940002,117.039993
218.529999,205.480011,114.940002,117.039993
218.529999,205.480011,114.940002,117.039993
218.529999,205.480011,114.940002,117.039993
265.529999,186.480011,114.940002,117.039993
216.529999,200.480011,114.940002,117.039993
216.529999,200.480011,114.940002,117.039993
216.529999,200.480011,114.940002,117.039993
216.529999,200.480011,114.940002,117.039993
216.529999,200.480011,114.940002,117.039993
216.529999,200.480011,114.940002,117.039993
216.529999,200.480011,114.940002,117.039993
216.529999,200.480011,114.940002,117.039993
216.529999,200.480011,114.940002,117.039993
216.529999,200.480011,114.940002,117.039993
216.529999,200.480011,114.940002,117.039993
216.529999,200.480011,114.940002,117.039993
216.529999,200.480011,114.940002,117.039993
216.529999,200.480011,114.940002,117.039993
216.529999,200.480011,114.940002,117.039993
216.529999,200.480011,114.940002,117.039993
216.529999,200.480011,114.940002,117.039993
216.529999,200.480011,114.940002,117.039993
216.529999,200.480011,114.940002,117.039993
216.529999,200.480011,114.940002,117.039993
216.529999,200.480011,114.940002,117.039993
216.529999,200.480011,114.940002,117.039993
216.529999,200.480011,114.940002,117.039993
216.529999,200.480011,114.940002,117.039993
216.529999,200.480011,114.940002,117.039993
216.529999,200.480011,114.940002,117.039993
186.529999,215.480011,114.940002,117.039993
186.529999,215.480011,114.940002,117.039993
186.529999,215.480011,114.940002,117.039993
232.529999,213.480011,114.940002,117.039993
232.529999,213.480011,114.940002,117.039993
232.529999,213.480011,114.940002,117.039993
232.529999,213.480011,114.940002,117.039993
232.529999,213.480011,114.940002,117.039993
232.529999,213.480011,114.940002,117.039993
232.529999,213.480011,114.940002,117.039993
232.529999,213.480011,114.940002,117.039993
232.529999,213.480011,114.940002,117.039993
232.529999,213.480011,114.940002,117.039993
232.529999,213.480011,114.940002,117.039993
232.529999,213.480011,114.940002,117.039993
232.529999,213.480011,114.940002,117.039993
203.529999,211.480011,114.940002,117.039993
203.529999,211.480011,114.940002,117.039993
203.529999,211.480011,114.940002,117.039993
203.529999,211.480011,114.940002,117.039993
250.529999,207.480011,114.940002,117.039993
197.529999,208.480011,114.940002,117.039993
197.529999,208.480011,114.940002,117.039993
197.529999,208.480011,114.940002,117.039993
197.529999,208.480011,114.940002,117.039993
197.529999,208.480011,114.940002,117.039993
197.529999,208.480011,114.940002,117.039993
197.529999,208.480011,114.940002,117.039993
197.529999,208.480011,114.940002,117.039993
197.529999,208.480011,114.940002,117.039993
197.529999,208.480011,114.940002,117.039993
197.529999,208.480011,114.940002,117.039993
197.529999,208.480011,114.940002,117.039993
197.529999,208.480011,114.940002,117.039993
197.529999,208.480011,114.940002,117.039993
197.529999,208.480011,114.940002,117.039993
197.529999,208.480011,114.940002,117.039993
197.529999,208.480011,114.940002,117.039993
197.529999,208.480011,114.940002,117.039993
197.529999,208.480011,114.940002,117.039993
197.529999,208.480011,114.940002,117.039993
197.529999,208.480011,114.940002,117.039993
197.529999,208.480011,114.940002,117.039993
197.529999,208.480011,114.940002,117.039993
197.529999,208.480011,114.940002,117.039993
197.529999,208.480011,114.940002,117.039993
197.529999,208.480011,114.940002,117.039993
197.529999,208.480011,114.940002,117.039993
197.529999,208.480011,114.940002,117.039993
197.529999,208.480011,114.940002,117.039993
197.529999,208.480011,114.940002,117.039993
197.529999,208.480011,114.940002,117.039993
197.529999,208.480011,114.940002,117.039993
197.529999,208.480011,114.940002,117.039993
197.529999,208.480011,114.940002,117.039993
197.529999,208.480011,114.940002,117.039993
197.529999,208.480011,114.940002,117.039993
197.529999,208.480011,114.940002,117.039993
197.529999,208.480011,114.940002,117.039993
197.529999,208.480011,114.940002,117.039993
197.529999,208.480011,114.940002,117.039993
197.529999,208.480011,114.940002,117.039993
197.529999,208.480011,114.940002,117.039993
197.529999,208.480011,114.940002,117.039993
197.529999,208.480011,114.940002,117.039993
197.529999,208.480011,114.940002,117.039993
197.529999,208.480011,114.940002,117.039993
197.529999,208.480011,114.940002,117.039993
197.529999,208.480011,114.940002,117.039993
238.529999,196.480011,114.940002,117.039993
238.529999,196.480011,114.940002,117.039993
238.529999,196.480011,114.940002,117.039993
238.529999,196.480011,114.940002,117.039993
238.529999,196.480011,114.940002,117.039993
238.529999,196.480011,114.940002,117.039993
238.529999,196.480011,114.940002,117.039993
238.529999,196.480011,114.940002,117.039993
238.529999,196.480011,114.940002,117.039993
238.529999,196.480011,114.940002,117.039993
203.529999,206.480011,114.940002,117.039993
203.529999,206.480011,114.940002,117.039993
203.529999,206.480011,114.940002,117.039993
203.529999,206.480011,114.940002,117.039993
203.529999,206.480011,114.940002,117.039993
203.529999,206.480011,114.940002,117.039993
203.529999,206.480011,114.940002,117.039993
203.529999,206.480011,114.940002,117.039993
203.529999,206.480011,114.940002,117.039993
203.529999,206.480011,114.940002,117.039993
203.529999,206.480011,114.940002,117.039993
203.529999,206.480011,114.940002,117.039993
203.529999,206.480011,114.940002,117.039993
203.529999,206.480011,114.940002,117.039993
203.529999,206.480011,114.940002,117.039993
203.529999,206.480011,114.940002,117.039993
203.529999,206.480011,114.940002,117.039993
203.529999,206.480011,114.940002,117.039993
203.529999,206.480011,114.940002,117.039993
203.529999,206.480011,114.940002,117.039993
203.529999,206.480011,114.940002,117.039993
203.529999,206.480011,114.940002,117.039993
203.529999,206.480011,114.940002,117.039993
203.529999,206.480011,114.940002,117.039993
203.529999,206.480011,114.940002,117.039993
203.529999,206.480011,114.940002,117.039993
203.529999,206.480011,114.940002,117.039993
203.529999,206.480011,114.940002,117.039993
203.529999,206.480011,114.940002,117.039993
203.529999,206.480011,114.940002,117.039993
203.529999,206.480011,114.940002,117.039993
203.529999,206.480011,114.940002,117.039993
203.529999,206.480011,114.940002,117.039993
203.529999,206.480011,114.940002,117.039993
203.529999,206.480011,114.940002,117.039993
203.529999,206.480011,114.940002,117.039993
203.529999,206.480011,114.940002,117.039993
203.529999,206.480011,114.940002,117.039993
203.529999,206.480011,114.940002,117.039993
203.529999,206.480011,114.940002,117.039993
203.529999,206.480011,114.940002,117.039993
203.529999,206.480011,114.940002,117.039993
203.529999,206.480011,114.940002,117.039993
203.529999,206.480011,114.940002,117.039993
203.529999,206.480011,114.940002,117.039993
219.529999,174.480011,114.940002,117.039993
219.529999,174.480011,114.940002,117.039993
263.529999,161.480011,114.940002,117.039993
263.529999,161.480011,114.940002,117.039993
263.529999,161.480011,114.940002,117.039993
263.529999,161.480011,114.940002,117.039993
263.529999,161.480011,114.940002,117.039993
263.529999,161.480011,114.940002,117.039993
263.529999,161.480011,114.940002,117.039993
263.529999,161.480011,114.940002,117.039993
263.529999,161.480011,114.940002,117.039993
263.529999,161.480011,114.940002,117.039993
263.529999,161.480011,114.940002,117.039993
263.529999,161.480011,114.940002,117.039993
263.529999,161.480011,114.940002,117.039993
263.529999,161.480011,114.940002,117.039993
306.529999,165.480011,114.940002,117.039993
248.529999,186.480011,114.940002,117.039993
248.529999,186.480011,114.940002,117.039993
248.529999,186.480011,114.940002,117.039993
248.529999,186.480011,114.940002,117.039993
291.529999,190.480011,114.940002,117.039993
291.529999,190.480011,114.940002,117.039993
291.529999,190.480011,114.940002,117.039993
291.529999,190.480011,114.940002,117.039993
291.529999,190.480011,114.940002,117.039993
291.529999,190.480011,114.940002,117.039993
291.529999,190.480011,114.940002,117.039993
291.529999,190.480011,114.940002,117.039993
291.529999,190.480011,114.940002,117.039993
284.529999,159.480011,114.940002,117.039993
284.529999,159.480011,114.940002,117.039993
284.529999,159.480011,114.940002,117.039993
284.529999,159.480011,114.940002,117.039993
284.529999,159.480011,114.940002,117.039993
284.529999,159.480011,114.940002,117.039993
284.529999,159.480011,114.940002,117.039993
284.529999,159.480011,114.940002,117.039993
284.529999,159.480011,114.940002,117.039993
284.529999,159.480011,114.940002,117.039993
284.529999,159.480011,114.940002,117.039993
284.529999,159.480011,114.940002,117.039993
284.529999,159.480011,114.940002,117.039993
284.529999,159.480011,114.940002,117.039993
284.529999,159.480011,114.940002,117.039993
244.529999,179.480011,114.940002,117.039993
301.529999,165.480011,114.940002,117.039993
301.529999,165.480011,114.940002,117.039993
301.529999,165.480011,114.940002,117.039993
301.529999,165.480011,114.940002,117.039993
301.529999,165.480011,114.940002,117.039993
301.529999,165.480011,114.940002,117.039993
301.529999,165.480011,114.940002,117.039993
301.529999,165.480011,114.940002,117.039993
272.529999,168.480011,114.940002,117.039993
272.529999,168.480011,114.940002,117.039993
272.529999,168.480011,114.940002,117.039993
272.529999,168.480011,114.940002,117.039993
272.529999,168.480011,114.940002,117.039993
272.529999,168.480011,114.940002,117.039993
272.529999,168.480011,114.940002,117.039993
272.529999,168.480011,114.940002,117.039993
272.529999,168.480011,114.940002,117.039993
272.529999,168.480011,114.940002,117.039993
272.529999,168.480011,114.940002,117.039993
272.529999,168.480011,114.940002,117.039993
272.529999,168.480011,114.940002,117.039993
272.529999,168.480011,114.940002,117.039993
272.529999,168.480011,114.940002,117.039993
272.529999,168.480011,114.940002,117.039993
272.529999,168.480011,114.940002,117.039993
272.529999,168.480011,114.940002,117.039993
272.529999,168.480011,114.940002,117.039993
272.529999,168.480011,114.940002,117.039993
272.529999,168.480011,114.940002,117.039993
272.529999,168.480011,114.940002,117.039993
272.529999,168.480011,114.940002,117.039993
272.529999,168.480011,114.940002,117.039993
272.529999,168.480011,114.940002,117.039993
272.529999,168.480011,114.940002,117.039993
272.529999,168.480011,114.940002,117.039993
272.529999,168.480011,114.940002,117.039993
272.529999,168.480011,114.940002,117.039993
272.529999,168.480011,114.940002,117.039993
272.529999,168.480011,114.940002,117.039993
272.529999,168.480011,114.940002,117.039993
272.529999,168.480011,114.940002,117.039993
272.529999,168.480011,114.940002,117.039993
272.529999,168.480011,114.940002,117.039993
272.529999,168.480011,114.940002,117.039993
272.529999,168.480011,114.940002,117.039993
272.529999,168.480011,114.940002,117.039993
272.529999,168.480011,114.940002,117.039993
272.529999,168.480011,114.940002,117.039993
272.529999,168.480011,114.940002,117.039993
272.529999,168.480011,114.940002,117.039993
272.529999,168.480011,114.940002,117.039993
272.529999,168.480011,114.940002,117.039993
272.529999,168.480011,114.940002,117.039993
272.529999,168.480011,114.940002,117.039993
272.529999,168.480011,114.940002,117.039993
272.529999,168.480011,114.940002,117.039993
272.529999,168.480011,114.940002,117.039993
272.529999,168.480011,114.940002,117.039993
272.529999,168.480011,114.940002,117.039993
272.529999,168.480011,114.940002,117.039993
272.529999,168.480011,114.940002,117.039993
272.529999,168.480011,114.940002,117.039993
272.529999,168.480011,114.940002,117.039993
272.529999,168.480011,114.940002,117.039993
272.529999,168.480011,114.940002,117.039993
272.529999,168.480011,114.940002,117.039993
272.529999,168.480011,114.940002,117.039993
272.529999,168.480011,114.940002,117.039993
272.529999,168.480011,114.940002,117.039993
272.529999,168.480011,114.940002,117.039993
272.529999,168.480011,114.940002,117.039993
272.529999,168.480011,114.940002,117.039993
272.529999,168.480011,114.940002,117.039993
272.529999,168.480011,114.940002,117.039993
272.529999,168.480011,114.940002,117.039993
272.529999,168.480011,114.940002,117.039993
272.529999,168.480011,114.940002,117.039993
272.529999,168.480011,114.940002,117.039993
272.529999,168.480011,114.940002,117.039993
272.529999,168.480011,114.940002,117.039993
272.529999,168.480011,114.940002,117.039993
272.529999,168.480011,114.940002,117.039993
272.529999,168.480011,114.940002,117.039993
272.529999,168.480011,114.940002,117.039993
272.529999,168.480011,114.940002,117.039993
272.529999,168.480011,114.940002,117.039993
272.529999,168.480011,114.940002,117.039993
272.529999,168.480011,114.940002,117.039993
272.529999,168.480011,114.940002,117.039993
272.529999,168.480011,114.940002,117.039993
272.529999,168.480011,114.940002,117.039993
272.529999,168.480011,114.940002,117.039993
272.529999,168.480011,114.940002,117.039993
272.529999,168.480011,114.940002,117.039993
272.529999,168.480011,114.940002,117.039993
272.529999,168.480011,114.940002,117.039993
272.529999,168.480011,114.940002,117.039993
272.529999,168.480011,114.940002,117.039993
272.529999,168.480011,114.940002,117.039993
272.529999,168.480011,114.940002,117.039993
272.529999,168.480011,114.940002,117.039993
272.529999,168.480011,114.940002,117.039993
272.529999,168.480011,114.940002,117.039993
272.529999,168.480011,114.940002,117.039993
272.529999,168.480011,114.940002,117.039993
272.529999,168.480011,114.940002,117.039993
272.529999,168.480011,114.940002,117.039993
272.529999,168.480011,114.940002,117.039993
272.529999,168.480011,114.940002,117.039993
272.529999,168.480011,114.940002,117.039993
272.529999,168.480011,114.940002,117.039993
272.529999,168.480011,114.940002,117.039993
272.529999,168.480011,114.940002,117.039993
272.529999,168.480011,114.940002,117.039993
272.529999,168.480011,114.940002,117.039993
272.529999,168.480011,114.940002,117.039993
272.529999,168.480011,114.940002,117.039993
272.529999,168.480011,114.940002,117.039993
272.529999,168.480011,114.940002,117.039993
272.529999,168.480011,114.940002,117.039993
272.529999,168.480011,114.940002,117.039993
272.529999,168.480011,114.940002,117.039993
272.529999,168.480011,114.940002,117.039993
272.529999,168.480011,114.940002,117.039993
272.529999,168.480011,114.940002,117.039993
272.529999,168.480011,114.940002,117.039993
272.529999,168.480011,114.940002,117.039993
272.529999,168.480011,114.940002,117.039993
272.529999,168.480011,114.940002,117.039993
272.529999,168.480011,114.940002,117.039993
272.529999,168.480011,114.940002,117.039993
272.529999,168.480011,114.940002,117.039993
272.529999,168.480011,114.940002,117.039993
272.529999,168.480011,114.940002,117.039993
272.529999,168.480011,114.940002,117.039993
272.529999,168.480011,114.940002,117.039993
272.529999,168.480011,114.940002,117.039993
272.529999,168.480011,114.940002,117.039993
272.529999,168.480011,114.940002,117.039993
272.529999,168.480011,114.940002,117.039993
272.529999,168.480011,114.940002,117.039993
272.529999,168.480011,114.940002,117.039993
272.529999,168.480011,114.940002,117.039993
272.529999,168.480011,114.940002,117.039993
272.529999,168.480011,114.940002,117.039993
272.529999,168.480011,114.940002,117.039993
272.529999,168.480011,114.940002,117.039993
272.529999,168.480011,114.940002,117.039993
272.529999,168.480011,114.940002,117.039993
272.529999,168.480011,114.940002,117.039993
272.529999,168.480011,114.940002,117.039993
272.529999,168.480011,114.940002,117.039993
272.529999,168.480011,114.940002,117.039993
272.529999,168.480011,114.940002,117.039993
272.529999,168.480011,114.940002,117.039993
272.529999,168.480011,114.940002,117.039993
272.529999,168.480011,114.940002,117.039993
272.529999,168.480011,114.940002,117.039993
272.529999,168.480011,114.940002,117.039993
272.529999,168.480011,114.940002,117.039993
272.529999,168.480011,114.940002,117.039993
272.529999,168.480011,114.940002,117.039993
272.529999,168.480011,114.940002,117.039993
272.529999,168.480011,114.940002,117.039993
272.529999,168.480011,114.940002,117.039993
272.529999,168.480011,114.940002,117.039993
272.529999,168.480011,114.940002,117.039993
272.529999,168.480011,114.940002,117.039993
272.529999,168.480011,114.940002,117.039993
272.529999,168.480011,114.940002,117.039993
272.529999,168.480011,114.940002,117.039993
272.529999,168.480011,114.940002,117.039993
272.529999,168.480011,114.940002,117.039993
272.529999,168.480011,114.940002,117.039993
272.529999,168.480011,114.940002,117.039993
272.529999,168.480011,114.940002,117.039993
272.529999,168.480011,114.940002,117.039993
272.529999,168.480011,114.940002,117.039993
272.529999,168.480011,114.940002,117.039993
272.529999,168.480011,114.940002,117.039993
272.529999,168.480011,114.940002,117.039993
272.529999,168.480011,114.940002,117.039993
272.529999,168.480011,114.940002,117.039993
272.529999,168.480011,114.940002,117.039993
272.529999,168.480011,114.940002,117.039993
272.529999,168.480011,114.940002,117.039993
272.529999,168.480011,114.940002,117.039993
272.529999,168.480011,114.940002,117.039993
272.529999,168.480011,114.940002,117.039993
272.529999,168.480011,114.940002,117.039993
272.529999,168.480011,114.940002,117.039993
272.529999,168.480011,114.940002,117.039993
272.529999,168.480011,114.940002,117.039993
272.529999,168.480011,114.940002,117.039993
272.529999,168.480011,114.940002,117.039993
272.529999,168.480011,114.940002,117.039993
272.529999,168.480011,114.940002,117.039993
272.529999,168.480011,114.940002,117.039993
272.529999,168.480011,114.940002,117.039993
272.529999,168.480011,114.940002,117.039993
272.529999,168.480011,114.940002,117.039993
272.529999,168.480011,114.940002,117.039993
272.529999,168.480011,114.940002,117.039993
272.529999,168.480011,114.940002,117.039993
272.529999,168.480011,114.940002,117.039993
256.529999,215.480011,114.940002,117.039993
256.529999,215.480011,114.940002,117.039993
335.529999,197.480011,114.940002,117.039993
335.529999,197.480011,114.940002,117.039993
335.529999,197.480011,114.940002,117.039993
296.529999,195.480011,114.940002,117.039993
296.529999,195.480011,114.940002,117.039993
296.529999,195.480011,114.940002,117.039993
296.529999,195.480011,114.940002,117.039993
296.529999,195.480011,114.940002,117.039993
296.529999,195.480011,114.940002,117.039993
263.529999,216.480011,114.940002,117.039993
263.529999,216.480011,114.940002,117.039993
312.529999,208.480011,114.940002,117.039993
269.529999,214.480011,114.940002,117.039993
269.529999,214.480011,114.940002,117.039993
269.529999,214.480011,114.940002,117.039993
269.529999,214.480011,114.940002,117.039993
269.529999,214.480011,114.940002,117.039993
269.529999,214.480011,114.940002,117.039993
269.529999,214.480011,114.940002,117.039993
269.529999,214.480011,114.940002,117.039993
269.529999,214.480011,114.940002,117.039993
269.529999,214.480011,114.940002,117.039993
269.529999,214.480011,114.940002,117.039993
269.529999,214.480011,114.940002,117.039993
269.529999,214.480011,114.940002,117.039993
269.529999,214.480011,114.940002,117.039993
269.529999,214.480011,114.940002,117.039993
269.529999,214.480011,114.940002,117.039993
269.529999,214.480011,114.940002,117.039993
269.529999,214.480011,114.940002,117.039993
269.529999,214.480011,114.940002,117.039993
269.529999,214.480011,114.940002,117.039993
269.529999,214.480011,114.940002,117.039993
269.529999,214.480011,114.940002,117.039993
269.529999,214.480011,114.940002,117.039993
269.529999,214.480011,114.940002,117.039993
269.529999,214.480011,114.940002,117.039993
269.529999,214.480011,114.940002,117.039993
269.529999,214.480011,114.940002,117.039993
269.529999,214.480011,114.940002,117.039993
269.529999,214.480011,114.940002,117.039993
269.529999,214.480011,114.940002,117.039993
269.529999,214.480011,114.940002,117.039993
269.529999,214.480011,114.940002,117.039993
269.529999,214.480011,114.940002,117.039993
235.529999,217.480011,114.940002,117.039993
235.529999,217.480011,114.940002,117.039993
235.529999,217.480011,114.940002,117.039993
235.529999,217.480011,114.940002,117.039993
235.529999,217.480011,114.940002,117.039993
235.529999,217.480011,114.940002,117.039993
277.529999,213.480011,114.940002,117.039993
277.529999,213.480011,114.940002,117.039993
277.529999,213.480011,114.940002,117.039993
277.529999,213.480011,114.940002,117.039993
277.529999,213.480011,114.940002,117.039993
277.529999,213.480011,114.940002,117.039993
277.529999,213.480011,114.940002,117.039993
246.529999,210.480011,114.940002,117.039993
246.529999,210.480011,114.940002,117.039993
246.529999,210.480011,114.940002,117.039993
246.529999,210.480011,114.940002,117.039993
246.529999,210.480011,114.940002,117.039993
246.529999,210.480011,114.940002,117.039993
246.529999,210.480011,114.940002,117.039993
246.529999,210.480011,114.940002,117.039993
246.529999,210.480011,114.940002,117.039993
246.529999,210.480011,114.940002,117.039993
246.529999,210.480011,114.940002,117.039993
246.529999,210.480011,114.940002,117.039993
246.529999,210.480011,114.940002,117.039993
246.529999,210.480011,114.940002,117.039993
246.529999,210.480011,114.940002,117.039993
246.529999,210.480011,114.940002,117.039993
246.529999,210.480011,114.940002,117.039993
246.529999,210.480011,114.940002,117.039993
246.529999,210.480011,114.940002,117.039993
246.529999,210.480011,114.940002,117.039993
246.529999,210.480011,114.940002,117.039993
246.529999,210.480011,114.940002,117.039993
246.529999,210.480011,114.940002,117.039993
246.529999,210.480011,114.940002,117.039993
246.529999,210.480011,114.940002,117.039993
246.529999,210.480011,114.940002,117.039993
246.529999,210.480011,114.940002,117.039993
246.529999,210.480011,114.940002,117.039993
246.529999,210.480011,114.940002,117.039993
246.529999,210.480011,114.940002,117.039993
246.529999,210.480011,114.940002,117.039993
246.529999,210.480011,114.940002,117.039993
246.529999,210.480011,114.940002,117.039993
246.529999,210.480011,114.940002,117.039993
246.529999,210.480011,114.940002,117.039993
246.529999,210.480011,114.940002,117.039993
246.529999,210.480011,114.940002,117.039993
246.529999,210.480011,114.940002,117.039993
246.529999,210.480011,114.940002,117.039993
246.529999,210.480011,114.940002,117.039993
246.529999,210.480011,114.940002,117.039993
246.529999,210.480011,114.940002,117.039993
246.529999,210.480011,114.940002,117.039993
246.529999,210.480011,114.940002,117.039993
246.529999,210.480011,114.940002,117.039993
246.529999,210.480011,114.940002,117.039993
246.529999,210.480011,114.940002,117.039993
246.529999,210.480011,114.940002,117.039993
246.529999,210.480011,114.940002,117.039993
246.529999,210.480011,114.940002,117.039993
246.529999,210.480011,114.940002,117.039993
246.529999,210.480011,114.940002,117.039993
246.529999,210.480011,114.940002,117.039993
246.529999,210.480011,114.940002,117.039993
246.529999,210.480011,114.940002,117.039993
246.529999,210.480011,114.940002,117.039993
246.529999,210.480011,114.940002,117.039993
246.529999,210.480011,114.940002,117.039993
246.529999,210.480011,114.940002,117.039993
246.529999,210.480011,114.940002,117.039993
246.529999,210.480011,114.940002,117.039993
246.529999,210.480011,114.940002,117.039993
246.529999,210.480011,114.940002,117.039993
246.529999,210.480011,114.940002,117.039993
246.529999,210.480011,114.940002,117.039993
246.529999,210.480011,114.940002,117.039993
246.529999,210.480011,114.940002,117.039993
246.529999,210.480011,114.940002,117.039993
246.529999,210.480011,114.940002,117.039993
246.529999,210.480011,114.940002,117.039993
246.529999,210.480011,114.940002,117.039993
246.529999,210.480011,114.940002,117.039993
246.529999,210.480011,114.940002,117.039993
246.529999,210.480011,114.940002,117.039993
246.529999,210.480011,114.940002,117.039993
246.529999,210.480011,114.940002,117.039993
246.529999,210.480011,114.940002,117.039993
246.529999,210.480011,114.940002,117.039993
246.529999,210.480011,114.940002,117.039993
246.529999,210.480011,114.940002,117.039993
246.529999,210.480011,114.940002,117.039993
246.529999,210.480011,114.940002,117.039993
246.529999,210.480011,114.940002,117.039993
246.529999,210.480011,114.940002,117.039993
246.529999,210.480011,114.940002,117.039993
246.529999,210.480011,114.940002,117.039993
246.529999,210.480011,114.940002,117.039993
246.529999,210.480011,114.940002,117.039993
246.529999,210.480011,114.940002,117.039993
246.529999,210.480011,114.940002,117.039993
246.529999,210.480011,114.940002,117.039993
246.529999,210.480011,114.940002,117.039993
246.529999,210.480011,114.940002,117.039993
246.529999,210.480011,114.940002,117.039993
246.529999,210.480011,114.940002,117.039993
246.529999,210.480011,114.940002,117.039993
246.529999,210.480011,114.940002,117.039993
246.529999,210.480011,114.940002,117.039993
246.529999,210.480011,114.940002,117.039993
246.529999,210.480011,114.940002,117.039993
246.529999,210.480011,114.940002,117.039993
246.529999,210.480011,114.940002,117.039993
246.529999,210.480011,114.940002,117.039993
246.529999,210.480011,114.940002,117.039993
246.529999,210.480011,114.940002,117.039993
246.529999,210.480011,114.940002,117.039993
246.529999,210.480011,114.940002,117.039993
246.529999,210.480011,114.940002,117.039993
246.529999,210.480011,114.940002,117.039993
246.529999,210.480011,114.940002,117.039993
246.529999,210.480011,114.940002,117.039993
246.529999,210.480011,114.940002,117.039993
246.529999,210.480011,114.940002,117.039993
246.529999,210.480011,114.940002,117.039993
246.529999,210.480011,114.940002,117.039993
246.529999,210.480011,114.940002,117.039993
246.529999,210.480011,114.940002,117.039993
246.529999,210.480011,114.940002,117.039993
246.529999,210.480011,114.940002,117.039993
246.529999,210.480011,114.940002,117.039993
246.529999,210.480011,114.940002,117.039993
246.529999,210.480011,114.940002,117.039993
246.529999,210.480011,114.940002,117.039993
246.529999,210.480011,114.940002,117.039993
246.529999,210.480011,114.940002,117.039993
246.529999,210.480011,114.940002,117.039993
246.529999,210.480011,114.940002,117.039993
246.529999,210.480011,114.940002,117.039993
246.529999,210.480011,114.940002,117.039993
246.529999,210.480011,114.940002,117.039993
246.529999,210.480011,114.940002,117.039993
246.529999,210.480011,114.940002,117.039993
246.529999,210.480011,114.940002,117.039993
246.529999,210.480011,114.940002,117.039993
246.529999,210.480011,114.940002,117.039993
246.529999,210.480011,114.940002,117.039993
246.529999,210.480011,114.940002,117.039993
246.529999,210.480011,114.940002,117.039993
246.529999,210.480011,114.940002,117.039993
246.529999,210.480011,114.940002,117.039993
246.529999,210.480011,114.940002,117.039993
246.529999,210.480011,114.940002,117.039993
246.529999,210.480011,114.940002,117.039993
246.529999,210.480011,114.940002,117.039993
246.529999,210.480011,114.940002,117.039993
246.529999,210.480011,114.940002,117.039993
246.529999,210.480011,114.940002,117.039993
246.529999,210.480011,114.940002,117.039993
246.529999,210.480011,114.940002,117.039993
246.529999,210.480011,114.940002,117.039993
246.529999,210.480011,114.940002,117.039993
246.529999,210.480011,114.940002,117.039993
246.529999,210.480011,114.940002,117.039993
246.529999,210.480011,114.940002,117.039993
246.529999,210.480011,114.940002,117.039993
246.529999,210.480011,114.940002,117.039993
246.529999,210.480011,114.940002,117.039993
246.529999,210.480011,114.940002,117.039993
246.529999,210.480011,114.940002,117.039993
246.529999,210.480011,114.940002,117.039993
246.529999,210.480011,114.940002,117.039993
246.529999,210.480011,114.940002,117.039993
246.529999,210.480011,114.940002,117.039993
246.529999,210.480011,114.940002,117.039993
246.529999,210.480011,114.940002,117.039993
246.529999,210.480011,114.940002,117.039993
246.529999,210.480011,114.940002,117.039993
246.529999,210.480011,114.940002,117.039993
246.529999,210.480011,114.940002,117.039993
246.529999,210.480011,114.940002,117.039993
246.529999,210.480011,114.940002,117.039993
246.529999,210.480011,114.940002,117.039993
246.529999,210.480011,114.940002,117.039993
246.529999,210.480011,114.940002,117.039993
246.529999,210.480011,114.940002,117.039993
246.529999,210.480011,114.940002,117.039993
246.529999,210.480011,114.940002,117.039993
246.529999,210.480011,114.940002,117.039993
246.529999,210.480011,114.940002,117.039993
246.529999,210.480011,114.940002,117.039993
246.529999,210.480011,114.940002,117.039993
212.529999,208.480011,114.940002,117.039993
212.529999,208.480011,114.940002,117.039993
212.529999,208.480011,114.940002,117.039993
212.529999,208.480011,114.940002,117.039993
212.529999,208.480011,114.940002,117.039993
212.529999,208.480011,114.940002,117.039993
212.529999,208.480011,114.940002,117.039993
212.529999,208.480011,114.940002,117.039993
212.529999,208.480011,114.940002,117.039993
212.529999,208.480011,114.940002,117.039993
212.529999,208.480011,114.940002,117.039993
212.529999,208.480011,114.940002,117.039993
212.529999,208.480011,114.940002,117.039993
212.529999,208.480011,114.940002,117.039993
295.529999,217.480011,114.940002,117.039993
252.529999,193.480011,114.940002,117.039993
252.529999,193.480011,114.940002,117.039993
252.529999,193.480011,114.940002,117.039993
252.529999,193.480011,114.940002,117.039993
210.529999,192.480011,114.940002,117.039993
257.529999,198.480011,114.940002,117.039993
257.529999,198.480011,114.940002,117.039993
257.529999,198.480011,114.940002,117.039993
257.529999,198.480011,114.940002,117.039993
257.529999,198.480011,114.940002,117.039993
257.529999,198.480011,114.940002,117.039993
257.529999,198.480011,114.940002,117.039993
257.529999,198.480011,114.940002,117.039993
257.529999,198.480011,114.940002,117.039993
257.529999,198.480011,114.940002,117.039993
257.529999,198.480011,114.940002,117.039993
257.529999,198.480011,114.940002,117.039993
257.529999,198.480011,114.940002,117.039993
257.529999,198.480011,114.940002,117.039993
257.529999,198.480011,114.940002,117.039993
257.529999,198.480011,114.940002,117.039993
257.529999,198.480011,114.940002,117.039993
257.529999,198.480011,114.940002,117.039993
257.529999,198.480011,114.940002,117.039993
225.529999,182.480011,114.940002,117.039993
225.529999,182.480011,114.940002,117.039993
225.529999,182.480011,114.940002,117.039993
225.529999,182.480011,114.940002,117.039993
225.529999,182.480011,114.940002,117.039993
225.529999,182.480011,114.940002,117.039993
225.529999,182.480011,114.940002,117.039993
225.529999,182.480011,114.940002,117.039993
225.529999,182.480011,114.940002,117.039993
225.529999,182.480011,114.940002,117.039993
225.529999,182.480011,114.940002,117.039993
225.529999,182.480011,114.940002,117.039993
225.529999,182.480011,114.940002,117.039993
225.529999,182.480011,114.940002,117.039993
225.529999,182.480011,114.940002,117.039993
225.529999,182.480011,114.940002,117.039993
225.529999,182.480011,114.940002,117.039993
225.529999,182.480011,114.940002,117.039993
225.529999,182.480011,114.940002,117.039993
225.529999,182.480011,114.940002,117.039993
225.529999,182.480011,114.940002,117.039993
178.529999,194.480011,114.940002,117.039993
178.529999,194.480011,114.940002,117.039993
264.529999,198.480011,114.940002,117.039993
264.529999,198.480011,114.940002,117.039993
264.529999,198.480011,114.940002,117.039993
183.529999,184.480011,114.940002,117.039993
183.529999,184.480011,114.940002,117.039993
183.529999,184.480011,114.940002,117.039993
183.529999,184.480011,114.940002,117.039993
183.529999,184.480011,114.940002,117.039993
183.529999,184.480011,114.940002,117.039993
183.529999,184.480011,114.940002,117.039993
183.529999,184.480011,114.940002,117.039993
247.529999,200.480011,114.940002,117.039993
247.529999,200.480011,114.940002,117.039993
198.529999,194.480011,114.940002,117.039993
198.529999,194.480011,114.940002,117.039993
159.529999,208.480011,114.940002,117.039993
159.529999,208.480011,114.940002,117.039993
159.529999,208.480011,114.940002,117.039993
159.529999,208.480011,114.940002,117.039993
181.529999,171.480011,114.940002,117.039993
181.529999,171.480011,114.940002,117.039993
181.529999,171.480011,114.940002,117.039993
181.529999,171.480011,114.940002,117.039993
260.529999,208.480011,114.940002,117.039993
260.529999,208.480011,114.940002,117.039993
260.529999,208.480011,114.940002,117.039993
260.529999,208.480011,114.940002,117.039993
260.529999,208.480011,114.940002,117.039993
200.529999,188.480011,114.940002,117.039993
200.529999,188.480011,114.940002,117.039993
264.529999,195.480011,114.940002,117.039993
264.529999,195.480011,114.940002,117.039993
264.529999,195.480011,114.940002,117.039993
190.529999,178.480011,114.940002,117.039993
247.529999,209.480011,114.940002,117.039993
247.529999,209.480011,114.940002,117.039993
247.529999,209.480011,114.940002,117.039993
247.529999,209.480011,114.940002,117.039993
247.529999,209.480011,114.940002,117.039993
247.529999,209.480011,114.940002,117.039993
247.529999,209.480011,114.940002,117.039993
247.529999,209.480011,114.940002,117.039993
298.529999,212.480011,114.940002,117.039993
298.529999,212.480011,114.940002,117.039993
298.529999,212.480011,114.940002,117.039993
298.529999,212.480011,114.940002,117.039993
298.529999,212.480011,114.940002,117.039993
298.529999,212.480011,114.940002,117.039993
298.529999,212.480011,114.940002,117.039993
298.529999,212.480011,114.940002,117.039993
298.529999,212.480011,114.940002,117.039993
261.529999,191.480011,114.940002,117.039993
261.529999,191.480011,114.940002,117.039993
261.529999,191.480011,114.940002,117.039993
261.529999,191.480011,114.940002,117.039993
261.529999,191.480011,114.940002,117.039993
261.529999,191.480011,114.940002,117.039993
178.529999,177.480011,114.940002,117.039993
178.529999,177.480011,114.940002,117.039993
178.529999,177.480011,114.940002,117.039993
178.529999,177.480011,114.940002,117.039993
178.529999,177.480011,114.940002,117.039993
178.529999,177.480011,114.940002,117.039993
178.529999,177.480011,114.940002,117.039993
178.529999,177.480011,114.940002,117.039993
178.529999,177.480011,114.940002,117.039993
178.529999,177.480011,114.940002,117.039993
178.529999,177.480011,114.940002,117.039993
178.529999,177.480011,114.940002,117.039993
178.529999,177.480011,114.940002,117.039993
178.529999,177.480011,114.940002,117.039993
178.529999,177.480011,114.940002,117.039993
178.529999,177.480011,114.940002,117.039993
178.529999,177.480011,114.940002,117.039993
178.529999,177.480011,114.940002,117.039993
178.529999,177.480011,114.940002,117.039993
178.529999,177.480011,114.940002,117.039993
178.529999,177.480011,114.940002,117.039993
178.529999,177.480011,114.940002,117.039993
178.529999,177.480011,114.940002,117.039993
178.529999,177.480011,114.940002,117.039993
178.529999,177.480011,114.940002,117.039993
178.529999,177.480011,114.940002,117.039993
178.529999,177.480011,114.940002,117.039993
178.529999,177.480011,114.940002,117.039993
178.529999,177.480011,114.940002,117.039993
178.529999,177.480011,114.940002,117.039993
178.529999,177.480011,114.940002,117.039993
178.529999,177.480011,114.940002,117.039993
178.529999,177.480011,114.940002,117.039993
178.529999,177.480011,114.940002,117.039993
178.529999,177.480011,114.940002,117.039993
178.529999,177.480011,114.940002,117.039993
178.529999,177.480011,114.940002,117.039993
178.529999,177.480011,114.940002,117.039993
178.529999,177.480011,114.940002,117.039993
178.529999,177.480011,114.940002,117.039993
178.529999,177.480011,114.940002,117.039993
178.529999,177.480011,114.940002,117.039993
178.529999,177.480011,114.940002,117.039993
178.529999,177.480011,114.940002,117.039993
178.529999,177.480011,114.940002,117.039993
