1
385.500000,142.500000,105.000000,91.000000
385.500000,142.500000,105.000000,91.000000
385.500000,142.500000,105.000000,91.000000
385.500000,142.500000,105.000000,91.000000
385.500000,142.500000,105.000000,91.000000
385.500000,142.500000,105.000000,91.000000
385.500000,142.500000,105.000000,91.000000
385.500000,142.500000,105.000000,91.000000
385.500000,142.500000,105.000000,91.000000
385.500000,142.500000,105.000000,91.000000
385.500000,142.500000,105.000000,91.000000
385.500000,142.500000,105.000000,91.000000
385.500000,142.500000,105.000000,91.000000
385.500000,142.500000,105.000000,91.000000
385.500000,142.500000,105.000000,91.000000
385.500000,142.500000,105.000000,91.000000
385.500000,142.500000,105.000000,91.000000
385.500000,142.500000,105.000000,91.000000
385.500000,142.500000,105.000000,91.000000
385.500000,142.500000,105.000000,91.000000
385.500000,142.500000,105.000000,91.000000
385.500000,142.500000,105.000000,91.000000
385.500000,142.500000,105.000000,91.000000
385.500000,142.500000,105.000000,91.000000
385.500000,142.500000,105.000000,91.000000
385.500000,142.500000,105.000000,91.000000
385.500000,142.500000,105.000000,91.000000
385.500000,142.500000,105.000000,91.000000
385.500000,142.500000,105.000000,91.000000
385.500000,142.500000,105.000000,91.000000
385.500000,142.500000,105.000000,91.000000
385.500000,142.500000,105.000000,91.000000
385.500000,142.500000,105.000000,91.000000
385.500000,142.500000,105.000000,91.000000
293.500000,83.500000,105.000000,91.000000
293.500000,83.500000,105.000000,91.000000
293.500000,83.500000,105.000000,91.000000
293.500000,83.500000,105.000000,91.000000
293.500000,83.500000,105.000000,91.000000
263.500000,73.500000,105.000000,91.000000
263.500000,73.500000,105.000000,91.000000
263.500000,73.500000,105.000000,91.000000
324.500000,95.500000,105.000000,91.000000
281.500000,79.500000,105.000000,91.000000
281.500000,79.500000,105.000000,91.000000
281.500000,79.500000,105.000000,91.000000
337.500000,86.500000,105.000000,91.000000
299.500000,95.500000,105.000000,91.000000
299.500000,95.500000,105.000000,91.000000
299.500000,95.500000,105.000000,91.000000
299.500000,95.500000,105.000000,91.000000
299.500000,95.500000,105.000000,91.000000
299.500000,95.500000,105.000000,91.000000
299.500000,95.500000,105.000000,91.000000
299.500000,95.500000,105.000000,91.000000
265.500000,82.500000,105.000000,91.000000
265.500000,82.500000,105.000000,91.000000
265.500000,82.500000,105.000000,91.000000
265.500000,82.500000,105.000000,91.000000
303.500000,78.500000,105.000000,91.000000
303.500000,78.500000,105.000000,91.000000
303.500000,78.500000,105.000000,91.000000
303.500000,78.500000,105.000000,91.000000
303.500000,78.500000,105.000000,91.000000
263.500000,73.500000,105.000000,91.000000
263.500000,73.500000,105.000000,91.000000
263.500000,73.500000,105.000000,91.000000
263.500000,73.500000,105.000000,91.000000
263.500000,73.500000,105.000000,91.000000
263.500000,73.500000,105.000000,91.000000
263.500000,73.500000,105.000000,91.000000
263.500000,73.500000,105.000000,91.000000
263.500000,73.500000,105.000000,91.000000
263.500000,73.500000,105.000000,91.000000
312.500000,96.500000,105.000000,91.000000
312.500000,96.500000,105.000000,91.000000
312.500000,96.500000,105.000000,91.000000
312.500000,96.500000,105.000000,91.000000
312.500000,96.500000,105.000000,91.000000
312.500000,96.500000,105.000000,91.000000
312.500000,96.500000,105.000000,91.000000
312.500000,96.500000,105.000000,91.000000
312.500000,96.500000,105.000000,91.000000
312.500000,96.500000,105.000000,91.000000
312.500000,96.500000,105.000000,91.000000
234.500000,65.500000,105.000000,91.000000
234.500000,65.500000,105.000000,91.000000
278.500000,68.500000,105.000000,91.000000
240.500000,72.500000,105.000000,91.000000
240.500000,72.500000,105.000000,91.000000
240.500000,72.500000,105.000000,91.000000
240.500000,72.500000,105.000000,91.000000
240.500000,72.500000,105.000000,91.000000
240.500000,72.500000,105.000000,91.000000
240.500000,72.500000,105.000000,91.000000
279.500000,75.500000,105.000000,91.000000
279.500000,75.500000,105.000000,91.000000
279.500000,75.500000,105.000000,91.000000
279.500000,75.500000,105.000000,91.000000
279.500000,75.500000,105.000000,91.000000
279.500000,75.500000,105.000000,91.000000
279.500000,75.500000,105.000000,91.000000
279.500000,75.500000,105.000000,91.000000
279.500000,75.500000,105.000000,91.000000
279.500000,75.500000,105.000000,91.000000
279.500000,75.500000,105.000000,91.000000
279.500000,75.500000,105.000000,91.000000
279.500000,75.500000,105.000000,91.000000
279.500000,75.500000,105.000000,91.000000
279.500000,75.500000,105.000000,91.000000
279.500000,75.500000,105.000000,91.000000
279.500000,75.500000,105.000000,91.000000
279.500000,75.500000,105.000000,91.000000
279.500000,75.500000,105.000000,91.000000
279.500000,75.500000,105.000000,91.000000
279.500000,75.500000,105.000000,91.000000
279.500000,75.500000,105.000000,91.000000
279.500000,75.500000,105.000000,91.000000
279.500000,75.500000,105.000000,91.000000
279.500000,75.500000,105.000000,91.000000
279.500000,75.500000,105.000000,91.000000
279.500000,75.500000,105.000000,91.000000
279.500000,75.500000,105.000000,91.000000
279.500000,75.500000,105.000000,91.000000
279.500000,75.500000,105.000000,91.000000
279.500000,75.500000,105.000000,91.000000
346.500000,94.500000,105.000000,91.000000
346.500000,94.500000,105.000000,91.000000
345.500000,67.500000,105.000000,91.000000
297.500000,91.500000,105.000000,91.000000
334.500000,90.500000,105.000000,91.000000
334.500000,90.500000,105.000000,91.000000
293.500000,78.500000,105.000000,91.000000
293.500000,78.500000,105.000000,91.000000
293.500000,78.500000,105.000000,91.000000
293.500000,78.500000,105.000000,91.000000
293.500000,78.500000,105.000000,91.000000
293.500000,78.500000,105.000000,91.000000
293.500000,78.500000,105.000000,91.000000
293.500000,78.500000,105.000000,91.000000
293.500000,78.500000,105.000000,91.000000
261.500000,74.500000,105.000000,91.000000
261.500000,74.500000,105.000000,91.000000
300.500000,97.500000,105.000000,91.000000
267.500000,76.500000,105.000000,91.000000
267.500000,76.500000,105.000000,91.000000
306.500000,94.500000,105.000000,91.000000
306.500000,94.500000,105.000000,91.000000
306.500000,94.500000,105.000000,91.000000
306.500000,94.500000,105.000000,91.000000
306.500000,94.500000,105.000000,91.000000
271.500000,84.500000,105.000000,91.000000
271.500000,84.500000,105.000000,91.000000
271.500000,84.500000,105.000000,91.000000
271.500000,84.500000,105.000000,91.000000
349.500000,100.500000,105.000000,91.000000
306.500000,89.500000,105.000000,91.000000
258.500000,88.500000,105.000000,91.000000
258.500000,88.500000,105.000000,91.000000
258.500000,88.500000,105.000000,91.000000
258.500000,88.500000,105.000000,91.000000
258.500000,88.500000,105.000000,91.000000
258.500000,88.500000,105.000000,91.000000
300.500000,87.500000,105.000000,91.000000
300.500000,87.500000,105.000000,91.000000
264.500000,80.500000,105.000000,91.000000
264.500000,80.500000,105.000000,91.000000
264.500000,80.500000,105.000000,91.000000
264.500000,80.500000,105.000000,91.000000
264.500000,80.500000,105.000000,91.000000
319.500000,95.500000,105.000000,91.000000
319.500000,95.500000,105.000000,91.000000
319.500000,95.500000,105.000000,91.000000
270.500000,92.500000,105.000000,91.000000
317.500000,86.500000,105.000000,91.000000
317.500000,86.500000,105.000000,91.000000
361.500000,104.500000,105.000000,91.000000
361.500000,104.500000,105.000000,91.000000
361.500000,104.500000,105.000000,91.000000
361.500000,104.500000,105.000000,91.000000
309.500000,105.500000,105.000000,91.000000
361.500000,94.500000,105.000000,91.000000
361.500000,94.500000,105.000000,91.000000
361.500000,94.500000,105.000000,91.000000
361.500000,94.500000,105.000000,91.000000
284.500000,85.500000,105.000000,91.000000
284.500000,85.500000,105.000000,91.000000
284.500000,85.500000,105.000000,91.000000
284.500000,85.500000,105.000000,91.000000
284.500000,85.500000,105.000000,91.000000
284.500000,85.500000,105.000000,91.000000
284.500000,85.500000,105.000000,91.000000
284.500000,85.500000,105.000000,91.000000
284.500000,85.500000,105.000000,91.000000
284.500000,85.500000,105.000000,91.000000
284.500000,85.500000,105.000000,91.000000
284.500000,85.500000,105.000000,91.000000
284.500000,85.500000,105.000000,91.000000
284.500000,85.500000,105.000000,91.000000
284.500000,85.500000,105.000000,91.000000
284.500000,85.500000,105.000000,91.000000
371.500000,94.500000,105.000000,91.000000
371.500000,94.500000,105.000000,91.000000
371.500000,94.500000,105.000000,91.000000
371.500000,94.500000,105.000000,91.000000
304.500000,110.500000,105.000000,91.000000
304.500000,110.500000,105.000000,91.000000
358.500000,58.500000,105.000000,91.000000
330.500000,102.500000,105.000000,91.000000
330.500000,102.500000,105.000000,91.000000
330.500000,102.500000,105.000000,91.000000
286.500000,79.500000,105.000000,91.000000
286.500000,79.500000,105.000000,91.000000
286.500000,79.500000,105.000000,91.000000
286.500000,79.500000,105.000000,91.000000
286.500000,79.500000,105.000000,91.000000
286.500000,79.500000,105.000000,91.000000
286.500000,79.500000,105.000000,91.000000
286.500000,79.500000,105.000000,91.000000
286.500000,79.500000,105.000000,91.000000
286.500000,79.500000,105.000000,91.000000
286.500000,79.500000,105.000000,91.000000
286.500000,79.500000,105.000000,91.000000
286.500000,79.500000,105.000000,91.000000
286.500000,79.500000,105.000000,91.000000
349.500000,70.500000,105.000000,91.000000
349.500000,70.500000,105.000000,91.000000
349.500000,70.500000,105.000000,91.000000
349.500000,70.500000,105.000000,91.000000
2
0
0
0
0
1
243.449997,150.570007,140.639999,140.669983
243.449997,150.570007,140.639999,140.669983
243.449997,150.570007,140.639999,140.669983
243.449997,150.570007,140.639999,140.669983
243.449997,150.570007,140.639999,140.669983
243.449997,150.570007,140.639999,140.669983
243.449997,150.570007,140.639999,140.669983
243.449997,150.570007,140.639999,140.669983
243.449997,150.570007,140.639999,140.669983
243.449997,150.570007,140.639999,140.669983
243.449997,150.570007,140.639999,140.669983
243.449997,150.570007,140.639999,140.669983
243.449997,150.570007,140.639999,140.669983
243.449997,150.570007,140.639999,140.669983
243.449997,150.570007,140.639999,140.669983
243.449997,150.570007,140.639999,140.669983
243.449997,150.570007,140.639999,140.669983
243.449997,150.570007,140.639999,140.669983
243.449997,150.570007,140.639999,140.669983
243.449997,150.570007,140.639999,140.669983
243.449997,150.570007,140.639999,140.669983
243.449997,150.570007,140.639999,140.669983
243.449997,150.570007,140.639999,140.669983
243.449997,150.570007,140.639999,140.669983
243.449997,150.570007,140.639999,140.669983
243.449997,150.570007,140.639999,140.669983
243.449997,150.570007,140.639999,140.669983
243.449997,150.570007,140.639999,140.669983
243.449997,150.570007,140.639999,140.669983
243.449997,150.570007,140.639999,140.669983
243.449997,150.570007,140.639999,140.669983
243.449997,150.570007,140.639999,140.669983
242.680008,149.665009,140.639999,140.669983
242.680008,149.665009,140.639999,140.669983
242.680008,149.665009,140.639999,140.669983
242.680008,149.665009,140.639999,140.669983
242.680008,149.665009,140.639999,140.669983
242.680008,149.665009,140.639999,140.669983
242.680008,149.665009,140.639999,140.669983
242.680008,149.665009,140.639999,140.669983
242.680008,149.665009,140.639999,140.669983
242.680008,149.665009,140.639999,140.669983
242.680008,149.665009,140.639999,140.669983
242.680008,149.665009,140.639999,140.669983
242.680008,149.665009,140.639999,140.669983
242.680008,149.665009,140.639999,140.669983
242.680008,149.665009,140.639999,140.669983
242.680008,149.665009,140.639999,140.669983
242.680008,149.665009,140.639999,140.669983
242.680008,149.665009,140.639999,140.669983
242.680008,149.665009,140.639999,140.669983
242.680008,149.665009,140.639999,140.669983
242.680008,149.665009,140.639999,140.669983
242.680008,149.665009,140.639999,140.669983
242.680008,149.665009,140.639999,140.669983
242.680008,149.665009,140.639999,140.669983
242.680008,149.665009,140.639999,140.669983
242.680008,149.665009,140.639999,140.669983
242.680008,149.665009,140.639999,140.669983
242.680008,149.665009,140.639999,140.669983
242.680008,149.665009,140.639999,140.669983
242.680008,149.665009,140.639999,140.669983
242.680008,149.665009,140.639999,140.669983
242.680008,149.665009,140.639999,140.669983
242.680008,149.665009,140.639999,140.669983
242.680008,149.665009,140.639999,140.669983
242.680008,149.665009,140.639999,140.669983
242.680008,149.665009,140.639999,140.669983
242.680008,149.665009,140.639999,140.669983
242.680008,149.665009,140.639999,140.669983
242.680008,149.665009,140.639999,140.669983
242.680008,149.665009,140.639999,140.669983
242.680008,149.665009,140.639999,140.669983
242.680008,149.665009,140.639999,140.669983
242.680008,149.665009,140.639999,140.669983
242.680008,149.665009,140.639999,140.669983
242.680008,149.665009,140.639999,140.669983
242.680008,149.665009,140.639999,140.669983
242.680008,149.665009,140.639999,140.669983
242.680008,149.665009,140.639999,140.669983
242.680008,149.665009,140.639999,140.669983
242.680008,149.665009,140.639999,140.669983
242.680008,149.665009,140.639999,140.669983
242.680008,149.665009,140.639999,140.669983
242.680008,149.665009,140.639999,140.669983
242.680008,149.665009,140.639999,140.669983
242.680008,149.665009,140.639999,140.669983
242.680008,149.665009,140.639999,140.669983
242.680008,149.665009,140.639999,140.669983
242.680008,149.665009,140.639999,140.669983
242.680008,149.665009,140.639999,140.669983
242.680008,149.665009,140.639999,140.669983
242.680008,149.665009,140.639999,140.669983
242.680008,149.665009,140.639999,140.669983
242.680008,149.665009,140.639999,140.669983
242.680008,149.665009,140.639999,140.669983
242.680008,149.665009,140.639999,140.669983
242.680008,149.665009,140.639999,140.669983
242.680008,149.665009,140.639999,140.669983
242.680008,149.665009,140.639999,140.669983
242.680008,149.665009,140.639999,140.669983
242.680008,149.665009,140.639999,140.669983
242.680008,149.665009,140.639999,140.669983
242.680008,149.665009,140.639999,140.669983
242.680008,149.665009,140.639999,140.669983
242.680008,149.665009,140.639999,140.669983
242.680008,149.665009,140.639999,140.669983
242.680008,149.665009,140.639999,140.669983
242.680008,149.665009,140.639999,140.669983
242.680008,149.665009,140.639999,140.669983
242.680008,149.665009,140.639999,140.669983
242.680008,149.665009,140.639999,140.669983
242.680008,149.665009,140.639999,140.669983
242.680008,149.665009,140.639999,140.669983
242.680008,149.665009,140.639999,140.669983
242.680008,149.665009,140.639999,140.669983
242.680008,149.665009,140.639999,140.669983
242.680008,149.665009,140.639999,140.669983
110.680000,47.665009,140.639999,140.669983
110.680000,47.665009,140.639999,140.669983
110.680000,47.665009,140.639999,140.669983
110.680000,47.665009,140.639999,140.669983
110.680000,47.665009,140.639999,140.669983
110.680000,47.665009,140.639999,140.669983
110.680000,47.665009,140.639999,140.669983
110.680000,47.665009,140.639999,140.669983
110.680000,47.665009,140.639999,140.669983
110.680000,47.665009,140.639999,140.669983
110.680000,47.665009,140.639999,140.669983
110.680000,47.665009,140.639999,140.669983
110.680000,47.665009,140.639999,140.669983
110.680000,47.665009,140.639999,140.669983
110.680000,47.665009,140.639999,140.669983
110.680000,47.665009,140.639999,140.669983
110.680000,47.665009,140.639999,140.669983
110.680000,47.665009,140.639999,140.669983
110.680000,47.665009,140.639999,140.669983
110.680000,47.665009,140.639999,140.669983
110.680000,47.665009,140.639999,140.669983
110.680000,47.665009,140.639999,140.669983
110.680000,47.665009,140.639999,140.669983
110.680000,47.665009,140.639999,140.669983
110.680000,47.665009,140.639999,140.669983
110.680000,47.665009,140.639999,140.669983
110.680000,47.665009,140.639999,140.669983
110.680000,47.665009,140.639999,140.669983
110.680000,47.665009,140.639999,140.669983
110.680000,47.665009,140.639999,140.669983
110.680000,47.665009,140.639999,140.669983
110.680000,47.665009,140.639999,140.669983
110.680000,47.665009,140.639999,140.669983
110.680000,47.665009,140.639999,140.669983
110.680000,47.665009,140.639999,140.669983
110.680000,47.665009,140.639999,140.669983
110.680000,47.665009,140.639999,140.669983
110.680000,47.665009,140.639999,140.669983
110.680000,47.665009,140.639999,140.669983
110.680000,47.665009,140.639999,140.669983
110.680000,47.665009,140.639999,140.669983
110.680000,47.665009,140.639999,140.669983
110.680000,47.665009,140.639999,140.669983
110.680000,47.665009,140.639999,140.669983
110.680000,47.665009,140.639999,140.669983
110.680000,47.665009,140.639999,140.669983
110.680000,47.665009,140.639999,140.669983
110.680000,47.665009,140.639999,140.669983
110.680000,47.665009,140.639999,140.669983
110.680000,47.665009,140.639999,140.669983
110.680000,47.665009,140.639999,140.669983
110.680000,47.665009,140.639999,140.669983
110.680000,47.665009,140.639999,140.669983
110.680000,47.665009,140.639999,140.669983
180.680008,67.665009,140.639999,140.669983
180.680008,67.665009,140.639999,140.669983
180.680008,67.665009,140.639999,140.669983
180.680008,67.665009,140.639999,140.669983
180.680008,67.665009,140.639999,140.669983
180.680008,67.665009,140.639999,140.669983
180.680008,67.665009,140.639999,140.669983
180.680008,67.665009,140.639999,140.669983
131.680008,59.665009,140.639999,140.669983
131.680008,59.665009,140.639999,140.669983
131.680008,59.665009,140.639999,140.669983
131.680008,59.665009,140.639999,140.669983
131.680008,59.665009,140.639999,140.669983
131.680008,59.665009,140.639999,140.669983
131.680008,59.665009,140.639999,140.669983
131.680008,59.665009,140.639999,140.669983
131.680008,59.665009,140.639999,140.669983
131.680008,59.665009,140.639999,140.669983
131.680008,59.665009,140.639999,140.669983
131.680008,59.665009,140.639999,140.669983
131.680008,59.665009,140.639999,140.669983
131.680008,59.665009,140.639999,140.669983
131.680008,59.665009,140.639999,140.669983
131.680008,59.665009,140.639999,140.669983
131.680008,59.665009,140.639999,140.669983
131.680008,59.665009,140.639999,140.669983
131.680008,59.665009,140.639999,140.669983
131.680008,59.665009,140.639999,140.669983
131.680008,59.665009,140.639999,140.669983
131.680008,59.665009,140.639999,140.669983
131.680008,59.665009,140.639999,140.669983
131.680008,59.665009,140.639999,140.669983
131.680008,59.665009,140.639999,140.669983
131.680008,59.665009,140.639999,140.669983
131.680008,59.665009,140.639999,140.669983
131.680008,59.665009,140.639999,140.669983
131.680008,59.665009,140.639999,140.669983
131.680008,59.665009,140.639999,140.669983
131.680008,59.665009,140.639999,140.669983
131.680008,59.665009,140.639999,140.669983
131.680008,59.665009,140.639999,140.669983
131.680008,59.665009,140.639999,140.669983
131.680008,59.665009,140.639999,140.669983
131.680008,59.665009,140.639999,140.669983
131.680008,59.665009,140.639999,140.669983
131.680008,59.665009,140.639999,140.669983
131.680008,59.665009,140.639999,140.669983
131.680008,59.665009,140.639999,140.669983
131.680008,59.665009,140.639999,140.669983
131.680008,59.665009,140.639999,140.669983
131.680008,59.665009,140.639999,140.669983
131.680008,59.665009,140.639999,140.669983
131.680008,59.665009,140.639999,140.669983
131.680008,59.665009,140.639999,140.669983
131.680008,59.665009,140.639999,140.669983
131.680008,59.665009,140.639999,140.669983
131.680008,59.665009,140.639999,140.669983
131.680008,59.665009,140.639999,140.669983
131.680008,59.665009,140.639999,140.669983
131.680008,59.665009,140.639999,140.669983
131.680008,59.665009,140.639999,140.669983
131.680008,59.665009,140.639999,140.669983
131.680008,59.665009,140.639999,140.669983
131.680008,59.665009,140.639999,140.669983
131.680008,59.665009,140.639999,140.669983
131.680008,59.665009,140.639999,140.669983
131.680008,59.665009,140.639999,140.669983
131.680008,59.665009,140.639999,140.669983
131.680008,59.665009,140.639999,140.669983
131.680008,59.665009,140.639999,140.669983
131.680008,59.665009,140.639999,140.669983
131.680008,59.665009,140.639999,140.669983
131.680008,59.665009,140.639999,140.669983
131.680008,59.665009,140.639999,140.669983
131.680008,59.665009,140.639999,140.669983
131.680008,59.665009,140.639999,140.669983
131.680008,59.665009,140.639999,140.669983
131.680008,59.665009,140.639999,140.669983
131.680008,59.665009,140.639999,140.669983
131.680008,59.665009,140.639999,140.669983
131.680008,59.665009,140.639999,140.669983
131.680008,59.665009,140.639999,140.669983
131.680008,59.665009,140.639999,140.669983
131.680008,59.665009,140.639999,140.669983
131.680008,59.665009,140.639999,140.669983
131.680008,59.665009,140.639999,140.669983
131.680008,59.665009,140.639999,140.669983
131.680008,59.665009,140.639999,140.669983
131.680008,59.665009,140.639999,140.669983
131.680008,59.665009,140.639999,140.669983
131.680008,59.665009,140.639999,140.669983
131.680008,59.665009,140.639999,140.669983
175.680008,134.665009,140.639999,140.669983
175.680008,134.665009,140.639999,140.669983
129.680008,73.665009,140.639999,140.669983
129.680008,73.665009,140.639999,140.669983
129.680008,73.665009,140.639999,140.669983
129.680008,73.665009,140.639999,140.669983
129.680008,73.665009,140.639999,140.669983
129.680008,73.665009,140.639999,140.669983
129.680008,73.665009,140.639999,140.669983
129.680008,73.665009,140.639999,140.669983
129.680008,73.665009,140.639999,140.669983
129.680008,73.665009,140.639999,140.669983
129.680008,73.665009,140.639999,140.669983
129.680008,73.665009,140.639999,140.669983
129.680008,73.665009,140.639999,140.669983
129.680008,73.665009,140.639999,140.669983
129.680008,73.665009,140.639999,140.669983
129.680008,73.665009,140.639999,140.669983
129.680008,73.665009,140.639999,140.669983
129.680008,73.665009,140.639999,140.669983
129.680008,73.665009,140.639999,140.669983
129.680008,73.665009,140.639999,140.669983
129.680008,73.665009,140.639999,140.669983
129.680008,73.665009,140.639999,140.669983
129.680008,73.665009,140.639999,140.669983
129.680008,73.665009,140.639999,140.669983
129.680008,73.665009,140.639999,140.669983
129.680008,73.665009,140.639999,140.669983
129.680008,73.665009,140.639999,140.669983
129.680008,73.665009,140.639999,140.669983
129.680008,73.665009,140.639999,140.669983
129.680008,73.665009,140.639999,140.669983
129.680008,73.665009,140.639999,140.669983
129.680008,73.665009,140.639999,140.669983
129.680008,73.665009,140.639999,140.669983
129.680008,73.665009,140.639999,140.669983
129.680008,73.665009,140.639999,140.669983
129.680008,73.665009,140.639999,140.669983
129.680008,73.665009,140.639999,140.669983
129.680008,73.665009,140.639999,140.669983
129.680008,73.665009,140.639999,140.669983
129.680008,73.665009,140.639999,140.669983
129.680008,73.665009,140.639999,140.669983
129.680008,73.665009,140.639999,140.669983
129.680008,73.665009,140.639999,140.669983
2
0
0
0
0
1
216.169998,169.809998,169.409988,155.309998
216.169998,169.809998,169.409988,155.309998
216.169998,169.809998,169.409988,155.309998
216.169998,169.809998,169.409988,155.309998
216.169998,169.809998,169.409988,155.309998
216.169998,169.809998,169.409988,155.309998
216.169998,169.809998,169.409988,155.309998
216.169998,169.809998,169.409988,155.309998
216.169998,169.809998,169.409988,155.309998
216.169998,169.809998,169.409988,155.309998
216.169998,169.809998,169.409988,155.309998
216.169998,169.809998,169.409988,155.309998
216.169998,169.809998,169.409988,155.309998
216.169998,169.809998,169.409988,155.309998
216.169998,169.809998,169.409988,155.309998
216.169998,169.809998,169.409988,155.309998
216.169998,169.809998,169.409988,155.309998
216.169998,169.809998,169.409988,155.309998
290.295013,140.345001,169.409988,155.309998
290.295013,140.345001,169.409988,155.309998
290.295013,140.345001,169.409988,155.309998
290.295013,140.345001,169.409988,155.309998
290.295013,140.345001,169.409988,155.309998
290.295013,140.345001,169.409988,155.309998
290.295013,140.345001,169.409988,155.309998
290.295013,140.345001,169.409988,155.309998
290.295013,140.345001,169.409988,155.309998
290.295013,140.345001,169.409988,155.309998
290.295013,140.345001,169.409988,155.309998
290.295013,140.345001,169.409988,155.309998
290.295013,140.345001,169.409988,155.309998
290.295013,140.345001,169.409988,155.309998
290.295013,140.345001,169.409988,155.309998
290.295013,140.345001,169.409988,155.309998
290.295013,140.345001,169.409988,155.309998
230.295013,143.345001,169.409988,155.309998
230.295013,143.345001,169.409988,155.309998
230.295013,143.345001,169.409988,155.309998
230.295013,143.345001,169.409988,155.309998
230.295013,143.345001,169.409988,155.309998
230.295013,143.345001,169.409988,155.309998
230.295013,143.345001,169.409988,155.309998
230.295013,143.345001,169.409988,155.309998
230.295013,143.345001,169.409988,155.309998
230.295013,143.345001,169.409988,155.309998
230.295013,143.345001,169.409988,155.309998
230.295013,143.345001,169.409988,155.309998
230.295013,143.345001,169.409988,155.309998
230.295013,143.345001,169.409988,155.309998
230.295013,143.345001,169.409988,155.309998
230.295013,143.345001,169.409988,155.309998
230.295013,143.345001,169.409988,155.309998
230.295013,143.345001,169.409988,155.309998
230.295013,143.345001,169.409988,155.309998
230.295013,143.345001,169.409988,155.309998
230.295013,143.345001,169.409988,155.309998
230.295013,143.345001,169.409988,155.309998
230.295013,143.345001,169.409988,155.309998
230.295013,143.345001,169.409988,155.309998
230.295013,143.345001,169.409988,155.309998
230.295013,143.345001,169.409988,155.309998
230.295013,143.345001,169.409988,155.309998
260.295013,66.345001,169.409988,155.309998
260.295013,66.345001,169.409988,155.309998
260.295013,66.345001,169.409988,155.309998
260.295013,66.345001,169.409988,155.309998
260.295013,66.345001,169.409988,155.309998
260.295013,66.345001,169.409988,155.309998
260.295013,66.345001,169.409988,155.309998
260.295013,66.345001,169.409988,155.309998
260.295013,66.345001,169.409988,155.309998
260.295013,66.345001,169.409988,155.309998
260.295013,66.345001,169.409988,155.309998
260.295013,66.345001,169.409988,155.309998
260.295013,66.345001,169.409988,155.309998
260.295013,66.345001,169.409988,155.309998
260.295013,66.345001,169.409988,155.309998
260.295013,66.345001,169.409988,155.309998
260.295013,66.345001,169.409988,155.309998
260.295013,66.345001,169.409988,155.309998
260.295013,66.345001,169.409988,155.309998
260.295013,66.345001,169.409988,155.309998
260.295013,66.345001,169.409988,155.309998
260.295013,66.345001,169.409988,155.309998
260.295013,66.345001,169.409988,155.309998
260.295013,66.345001,169.409988,155.309998
260.295013,66.345001,169.409988,155.309998
260.295013,66.345001,169.409988,155.309998
260.295013,66.345001,169.409988,155.309998
260.295013,66.345001,169.409988,155.309998
260.295013,66.345001,169.409988,155.309998
260.295013,66.345001,169.409988,155.309998
260.295013,66.345001,169.409988,155.309998
260.295013,66.345001,169.409988,155.309998
260.295013,66.345001,169.409988,155.309998
260.295013,66.345001,169.409988,155.309998
260.295013,66.345001,169.409988,155.309998
260.295013,66.345001,169.409988,155.309998
260.295013,66.345001,169.409988,155.309998
260.295013,66.345001,169.409988,155.309998
260.295013,66.345001,169.409988,155.309998
260.295013,66.345001,169.409988,155.309998
260.295013,66.345001,169.409988,155.309998
260.295013,66.345001,169.409988,155.309998
260.295013,66.345001,169.409988,155.309998
260.295013,66.345001,169.409988,155.309998
260.295013,66.345001,169.409988,155.309998
260.295013,66.345001,169.409988,155.309998
324.295013,74.345001,169.409988,155.309998
269.295013,64.345001,169.409988,155.309998
269.295013,64.345001,169.409988,155.309998
269.295013,64.345001,169.409988,155.309998
269.295013,64.345001,169.409988,155.309998
269.295013,64.345001,169.409988,155.309998
269.295013,64.345001,169.409988,155.309998
269.295013,64.345001,169.409988,155.309998
269.295013,64.345001,169.409988,155.309998
269.295013,64.345001,169.409988,155.309998
269.295013,64.345001,169.409988,155.309998
269.295013,64.345001,169.409988,155.309998
269.295013,64.345001,169.409988,155.309998
269.295013,64.345001,169.409988,155.309998
269.295013,64.345001,169.409988,155.309998
269.295013,64.345001,169.409988,155.309998
269.295013,64.345001,169.409988,155.309998
269.295013,64.345001,169.409988,155.309998
269.295013,64.345001,169.409988,155.309998
269.295013,64.345001,169.409988,155.309998
269.295013,64.345001,169.409988,155.309998
269.295013,64.345001,169.409988,155.309998
269.295013,64.345001,169.409988,155.309998
269.295013,64.345001,169.409988,155.309998
269.295013,64.345001,169.409988,155.309998
269.295013,64.345001,169.409988,155.309998
269.295013,64.345001,169.409988,155.309998
269.295013,64.345001,169.409988,155.309998
269.295013,64.345001,169.409988,155.309998
269.295013,64.345001,169.409988,155.309998
269.295013,64.345001,169.409988,155.309998
269.295013,64.345001,169.409988,155.309998
269.295013,64.345001,169.409988,155.309998
269.295013,64.345001,169.409988,155.309998
269.295013,64.345001,169.409988,155.309998
269.295013,64.345001,169.409988,155.309998
269.295013,64.345001,169.409988,155.309998
269.295013,64.345001,169.409988,155.309998
269.295013,64.345001,169.409988,155.309998
269.295013,64.345001,169.409988,155.309998
269.295013,64.345001,169.409988,155.309998
269.295013,64.345001,169.409988,155.309998
269.295013,64.345001,169.409988,155.309998
269.295013,64.345001,169.409988,155.309998
269.295013,64.345001,169.409988,155.309998
269.295013,64.345001,169.409988,155.309998
269.295013,64.345001,169.409988,155.309998
269.295013,64.345001,169.409988,155.309998
269.295013,64.345001,169.409988,155.309998
269.295013,64.345001,169.409988,155.309998
269.295013,64.345001,169.409988,155.309998
269.295013,64.345001,169.409988,155.309998
269.295013,64.345001,169.409988,155.309998
269.295013,64.345001,169.409988,155.309998
269.295013,64.345001,169.409988,155.309998
269.295013,64.345001,169.409988,155.309998
269.295013,64.345001,169.409988,155.309998
269.295013,64.345001,169.409988,155.309998
269.295013,64.345001,169.409988,155.309998
269.295013,64.345001,169.409988,155.309998
224.295013,64.345001,169.409988,155.309998
224.295013,64.345001,169.409988,155.309998
224.295013,64.345001,169.409988,155.309998
224.295013,64.345001,169.409988,155.309998
224.295013,64.345001,169.409988,155.309998
224.295013,64.345001,169.409988,155.309998
224.295013,64.345001,169.409988,155.309998
224.295013,64.345001,169.409988,155.309998
224.295013,64.345001,169.409988,155.309998
224.295013,64.345001,169.409988,155.309998
224.295013,64.345001,169.409988,155.309998
224.295013,64.345001,169.409988,155.309998
224.295013,64.345001,169.409988,155.309998
224.295013,64.345001,169.409988,155.309998
224.295013,64.345001,169.409988,155.309998
224.295013,64.345001,169.409988,155.309998
224.295013,64.345001,169.409988,155.309998
224.295013,64.345001,169.409988,155.309998
224.295013,64.345001,169.409988,155.309998
224.295013,64.345001,169.409988,155.309998
224.295013,64.345001,169.409988,155.309998
224.295013,64.345001,169.409988,155.309998
224.295013,64.345001,169.409988,155.309998
289.295013,76.345001,169.409988,155.309998
289.295013,76.345001,169.409988,155.309998
289.295013,76.345001,169.409988,155.309998
289.295013,76.345001,169.409988,155.309998
289.295013,76.345001,169.409988,155.309998
289.295013,76.345001,169.409988,155.309998
289.295013,76.345001,169.409988,155.309998
289.295013,76.345001,169.409988,155.309998
289.295013,76.345001,169.409988,155.309998
289.295013,76.345001,169.409988,155.309998
289.295013,76.345001,169.409988,155.309998
289.295013,76.345001,169.409988,155.309998
289.295013,76.345001,169.409988,155.309998
289.295013,76.345001,169.409988,155.309998
289.295013,76.345001,169.409988,155.309998
289.295013,76.345001,169.409988,155.309998
289.295013,76.345001,169.409988,155.309998
289.295013,76.345001,169.409988,155.309998
289.295013,76.345001,169.409988,155.309998
289.295013,76.345001,169.409988,155.309998
289.295013,76.345001,169.409988,155.309998
289.295013,76.345001,169.409988,155.309998
289.295013,76.345001,169.409988,155.309998
289.295013,76.345001,169.409988,155.309998
289.295013,76.345001,169.409988,155.309998
289.295013,76.345001,169.409988,155.309998
244.295013,69.345001,169.409988,155.309998
244.295013,69.345001,169.409988,155.309998
244.295013,69.345001,169.409988,155.309998
244.295013,69.345001,169.409988,155.309998
244.295013,69.345001,169.409988,155.309998
244.295013,69.345001,169.409988,155.309998
244.295013,69.345001,169.409988,155.309998
244.295013,69.345001,169.409988,155.309998
244.295013,69.345001,169.409988,155.309998
244.295013,69.345001,169.409988,155.309998
244.295013,69.345001,169.409988,155.309998
244.295013,69.345001,169.409988,155.309998
319.295013,69.345001,169.409988,155.309998
319.295013,69.345001,169.409988,155.309998
319.295013,69.345001,169.409988,155.309998
319.295013,69.345001,169.409988,155.309998
319.295013,69.345001,169.409988,155.309998
219.295013,58.345001,169.409988,155.309998
219.295013,58.345001,169.409988,155.309998
219.295013,58.345001,169.409988,155.309998
219.295013,58.345001,169.409988,155.309998
219.295013,58.345001,169.409988,155.309998
219.295013,58.345001,169.409988,155.309998
289.295013,71.345001,169.409988,155.309998
289.295013,71.345001,169.409988,155.309998
244.295013,89.345001,169.409988,155.309998
244.295013,89.345001,169.409988,155.309998
244.295013,89.345001,169.409988,155.309998
244.295013,89.345001,169.409988,155.309998
244.295013,89.345001,169.409988,155.309998
244.295013,89.345001,169.409988,155.309998
319.295013,86.345001,169.409988,155.309998
319.295013,86.345001,169.409988,155.309998
269.295013,69.345001,169.409988,155.309998
269.295013,69.345001,169.409988,155.309998
269.295013,69.345001,169.409988,155.309998
269.295013,69.345001,169.409988,155.309998
269.295013,69.345001,169.409988,155.309998
269.295013,69.345001,169.409988,155.309998
269.295013,69.345001,169.409988,155.309998
269.295013,69.345001,169.409988,155.309998
269.295013,69.345001,169.409988,155.309998
269.295013,69.345001,169.409988,155.309998
269.295013,69.345001,169.409988,155.309998
269.295013,69.345001,169.409988,155.309998
269.295013,69.345001,169.409988,155.309998
329.295013,89.345001,169.409988,155.309998
329.295013,89.345001,169.409988,155.309998
329.295013,89.345001,169.409988,155.309998
254.295013,75.345001,169.409988,155.309998
254.295013,75.345001,169.409988,155.309998
254.295013,75.345001,169.409988,155.309998
254.295013,75.345001,169.409988,155.309998
254.295013,75.345001,169.409988,155.309998
259.295013,151.345001,169.409988,155.309998
259.295013,151.345001,169.409988,155.309998
259.295013,151.345001,169.409988,155.309998
274.295013,90.345001,169.409988,155.309998
274.295013,90.345001,169.409988,155.309998
274.295013,90.345001,169.409988,155.309998
274.295013,90.345001,169.409988,155.309998
274.295013,90.345001,169.409988,155.309998
274.295013,90.345001,169.409988,155.309998
274.295013,90.345001,169.409988,155.309998
274.295013,90.345001,169.409988,155.309998
274.295013,90.345001,169.409988,155.309998
274.295013,90.345001,169.409988,155.309998
274.295013,90.345001,169.409988,155.309998
274.295013,90.345001,169.409988,155.309998
274.295013,90.345001,169.409988,155.309998
274.295013,90.345001,169.409988,155.309998
274.295013,90.345001,169.409988,155.309998
274.295013,90.345001,169.409988,155.309998
274.295013,90.345001,169.409988,155.309998
274.295013,90.345001,169.409988,155.309998
274.295013,90.345001,169.409988,155.309998
274.295013,90.345001,169.409988,155.309998
274.295013,90.345001,169.409988,155.309998
274.295013,90.345001,169.409988,155.309998
274.295013,90.345001,169.409988,155.309998
274.295013,90.345001,169.409988,155.309998
274.295013,90.345001,169.409988,155.309998
274.295013,90.345001,169.409988,155.309998
274.295013,90.345001,169.409988,155.309998
274.295013,90.345001,169.409988,155.309998
274.295013,90.345001,169.409988,155.309998
274.295013,90.345001,169.409988,155.309998
274.295013,90.345001,169.409988,155.309998
274.295013,90.345001,169.409988,155.309998
274.295013,90.345001,169.409988,155.309998
274.295013,90.345001,169.409988,155.309998
274.295013,90.345001,169.409988,155.309998
274.295013,90.345001,169.409988,155.309998
274.295013,90.345001,169.409988,155.309998
274.295013,90.345001,169.409988,155.309998
274.295013,90.345001,169.409988,155.309998
274.295013,90.345001,169.409988,155.309998
274.295013,90.345001,169.409988,155.309998
274.295013,90.345001,169.409988,155.309998
274.295013,90.345001,169.409988,155.309998
274.295013,90.345001,169.409988,155.309998
274.295013,90.345001,169.409988,155.309998
274.295013,90.345001,169.409988,155.309998
274.295013,90.345001,169.409988,155.309998
274.295013,90.345001,169.409988,155.309998
274.295013,90.345001,169.409988,155.309998
2
0
0
0
0
1
2
0
0
0
0
1
2
0
0
0
0
1
2
0
0
0
0
1
2
0
0
0
0
1
261.880005,256.410004,241.709991,78.570007
261.880005,256.410004,241.709991,78.570007
261.880005,256.410004,241.709991,78.570007
261.880005,256.410004,241.709991,78.570007
261.880005,256.410004,241.709991,78.570007
261.880005,256.410004,241.709991,78.570007
261.880005,256.410004,241.709991,78.570007
261.880005,256.410004,241.709991,78.570007
261.880005,256.410004,241.709991,78.570007
261.880005,256.410004,241.709991,78.570007
261.880005,256.410004,241.709991,78.570007
261.880005,256.410004,241.709991,78.570007
261.880005,256.410004,241.709991,78.570007
261.880005,256.410004,241.709991,78.570007
261.880005,256.410004,241.709991,78.570007
261.880005,256.410004,241.709991,78.570007
261.880005,256.410004,241.709991,78.570007
261.880005,256.410004,241.709991,78.570007
261.880005,256.410004,241.709991,78.570007
261.880005,256.410004,241.709991,78.570007
261.880005,256.410004,241.709991,78.570007
261.880005,256.410004,241.709991,78.570007
261.880005,256.410004,241.709991,78.570007
261.880005,256.410004,241.709991,78.570007
261.880005,256.410004,241.709991,78.570007
261.880005,256.410004,241.709991,78.570007
261.880005,256.410004,241.709991,78.570007
261.880005,256.410004,241.709991,78.570007
261.880005,256.410004,241.709991,78.570007
261.880005,256.410004,241.709991,78.570007
261.880005,256.410004,241.709991,78.570007
261.880005,256.410004,241.709991,78.570007
261.880005,256.410004,241.709991,78.570007
261.880005,256.410004,241.709991,78.570007
261.880005,256.410004,241.709991,78.570007
261.880005,256.410004,241.709991,78.570007
261.880005,256.410004,241.709991,78.570007
261.880005,256.410004,241.709991,78.570007
261.880005,256.410004,241.709991,78.570007
261.880005,256.410004,241.709991,78.570007
261.880005,256.410004,241.709991,78.570007
261.880005,256.410004,241.709991,78.570007
261.880005,256.410004,241.709991,78.570007
261.880005,256.410004,241.709991,78.570007
261.880005,256.410004,241.709991,78.570007
261.880005,256.410004,241.709991,78.570007
261.880005,256.410004,241.709991,78.570007
261.880005,256.410004,241.709991,78.570007
261.880005,256.410004,241.709991,78.570007
261.880005,256.410004,241.709991,78.570007
261.880005,256.410004,241.709991,78.570007
261.880005,256.410004,241.709991,78.570007
261.880005,256.410004,241.709991,78.570007
261.880005,256.410004,241.709991,78.570007
261.880005,256.410004,241.709991,78.570007
261.880005,256.410004,241.709991,78.570007
261.880005,256.410004,241.709991,78.570007
261.880005,256.410004,241.709991,78.570007
261.880005,256.410004,241.709991,78.570007
261.880005,256.410004,241.709991,78.570007
261.880005,256.410004,241.709991,78.570007
261.880005,256.410004,241.709991,78.570007
261.880005,256.410004,241.709991,78.570007
261.880005,256.410004,241.709991,78.570007
261.880005,256.410004,241.709991,78.570007
261.880005,256.410004,241.709991,78.570007
261.880005,256.410004,241.709991,78.570007
261.880005,256.410004,241.709991,78.570007
261.880005,256.410004,241.709991,78.570007
261.880005,256.410004,241.709991,78.570007
261.880005,256.410004,241.709991,78.570007
261.880005,256.410004,241.709991,78.570007
261.880005,256.410004,241.709991,78.570007
261.880005,256.410004,241.709991,78.570007
261.880005,256.410004,241.709991,78.570007
261.880005,256.410004,241.709991,78.570007
261.880005,256.410004,241.709991,78.570007
261.880005,256.410004,241.709991,78.570007
261.880005,256.410004,241.709991,78.570007
261.880005,256.410004,241.709991,78.570007
261.880005,256.410004,241.709991,78.570007
261.880005,256.410004,241.709991,78.570007
261.880005,256.410004,241.709991,78.570007
261.880005,256.410004,241.709991,78.570007
261.880005,256.410004,241.709991,78.570007
261.880005,256.410004,241.709991,78.570007
261.880005,256.410004,241.709991,78.570007
261.880005,256.410004,241.709991,78.570007
261.880005,256.410004,241.709991,78.570007
261.880005,256.410004,241.709991,78.570007
261.880005,256.410004,241.709991,78.570007
261.880005,256.410004,241.709991,78.570007
261.880005,256.410004,241.709991,78.570007
261.880005,256.410004,241.709991,78.570007
261.880005,256.410004,241.709991,78.570007
261.880005,256.410004,241.709991,78.570007
261.880005,256.410004,241.709991,78.570007
261.880005,256.410004,241.709991,78.570007
261.880005,256.410004,241.709991,78.570007
261.880005,256.410004,241.709991,78.570007
261.880005,256.410004,241.709991,78.570007
261.880005,256.410004,241.709991,78.570007
261.880005,256.410004,241.709991,78.570007
261.880005,256.410004,241.709991,78.570007
261.880005,256.410004,241.709991,78.570007
261.880005,256.410004,241.709991,78.570007
261.880005,256.410004,241.709991,78.570007
261.880005,256.410004,241.709991,78.570007
261.880005,256.410004,241.709991,78.570007
261.880005,256.410004,241.709991,78.570007
261.880005,256.410004,241.709991,78.570007
261.880005,256.410004,241.709991,78.570007
261.880005,256.410004,241.709991,78.570007
261.880005,256.410004,241.709991,78.570007
261.880005,256.410004,241.709991,78.570007
261.880005,256.410004,241.709991,78.570007
261.880005,256.410004,241.709991,78.570007
261.880005,256.410004,241.709991,78.570007
261.880005,256.410004,241.709991,78.570007
261.880005,256.410004,241.709991,78.570007
261.880005,256.410004,241.709991,78.570007
261.880005,256.410004,241.709991,78.570007
261.880005,256.410004,241.709991,78.570007
261.880005,256.410004,241.709991,78.570007
261.880005,256.410004,241.709991,78.570007
261.880005,256.410004,241.709991,78.570007
261.880005,256.410004,241.709991,78.570007
261.880005,256.410004,241.709991,78.570007
261.880005,256.410004,241.709991,78.570007
261.880005,256.410004,241.709991,78.570007
261.880005,256.410004,241.709991,78.570007
261.880005,256.410004,241.709991,78.570007
261.880005,256.410004,241.709991,78.570007
261.880005,256.410004,241.709991,78.570007
261.880005,256.410004,241.709991,78.570007
261.880005,256.410004,241.709991,78.570007
261.880005,256.410004,241.709991,78.570007
261.880005,256.410004,241.709991,78.570007
261.880005,256.410004,241.709991,78.570007
261.880005,256.410004,241.709991,78.570007
261.880005,256.410004,241.709991,78.570007
261.880005,256.410004,241.709991,78.570007
261.880005,256.410004,241.709991,78.570007
261.880005,256.410004,241.709991,78.570007
194.145004,226.714996,241.709991,78.570007
194.145004,226.714996,241.709991,78.570007
194.145004,226.714996,241.709991,78.570007
194.145004,226.714996,241.709991,78.570007
194.145004,226.714996,241.709991,78.570007
194.145004,226.714996,241.709991,78.570007
194.145004,226.714996,241.709991,78.570007
194.145004,226.714996,241.709991,78.570007
194.145004,226.714996,241.709991,78.570007
194.145004,226.714996,241.709991,78.570007
194.145004,226.714996,241.709991,78.570007
194.145004,226.714996,241.709991,78.570007
194.145004,226.714996,241.709991,78.570007
194.145004,226.714996,241.709991,78.570007
194.145004,226.714996,241.709991,78.570007
194.145004,226.714996,241.709991,78.570007
194.145004,226.714996,241.709991,78.570007
194.145004,226.714996,241.709991,78.570007
194.145004,226.714996,241.709991,78.570007
194.145004,226.714996,241.709991,78.570007
194.145004,226.714996,241.709991,78.570007
194.145004,226.714996,241.709991,78.570007
194.145004,226.714996,241.709991,78.570007
194.145004,226.714996,241.709991,78.570007
194.145004,226.714996,241.709991,78.570007
194.145004,226.714996,241.709991,78.570007
194.145004,226.714996,241.709991,78.570007
194.145004,226.714996,241.709991,78.570007
194.145004,226.714996,241.709991,78.570007
194.145004,226.714996,241.709991,78.570007
194.145004,226.714996,241.709991,78.570007
194.145004,226.714996,241.709991,78.570007
194.145004,226.714996,241.709991,78.570007
194.145004,226.714996,241.709991,78.570007
194.145004,226.714996,241.709991,78.570007
194.145004,226.714996,241.709991,78.570007
194.145004,226.714996,241.709991,78.570007
194.145004,226.714996,241.709991,78.570007
194.145004,226.714996,241.709991,78.570007
194.145004,226.714996,241.709991,78.570007
194.145004,226.714996,241.709991,78.570007
194.145004,226.714996,241.709991,78.570007
194.145004,226.714996,241.709991,78.570007
194.145004,226.714996,241.709991,78.570007
194.145004,226.714996,241.709991,78.570007
194.145004,226.714996,241.709991,78.570007
194.145004,226.714996,241.709991,78.570007
194.145004,226.714996,241.709991,78.570007
194.145004,226.714996,241.709991,78.570007
194.145004,226.714996,241.709991,78.570007
194.145004,226.714996,241.709991,78.570007
194.145004,226.714996,241.709991,78.570007
194.145004,226.714996,241.709991,78.570007
194.145004,226.714996,241.709991,78.570007
194.145004,226.714996,241.709991,78.570007
194.145004,226.714996,241.709991,78.570007
194.145004,226.714996,241.709991,78.570007
194.145004,226.714996,241.709991,78.570007
194.145004,226.714996,241.709991,78.570007
194.145004,226.714996,241.709991,78.570007
194.145004,226.714996,241.709991,78.570007
194.145004,226.714996,241.709991,78.570007
194.145004,226.714996,241.709991,78.570007
194.145004,226.714996,241.709991,78.570007
194.145004,226.714996,241.709991,78.570007
194.145004,226.714996,241.709991,78.570007
194.145004,226.714996,241.709991,78.570007
194.145004,226.714996,241.709991,78.570007
194.145004,226.714996,241.709991,78.570007
194.145004,226.714996,241.709991,78.570007
194.145004,226.714996,241.709991,78.570007
194.145004,226.714996,241.709991,78.570007
194.145004,226.714996,241.709991,78.570007
194.145004,226.714996,241.709991,78.570007
194.145004,226.714996,241.709991,78.570007
194.145004,226.714996,241.709991,78.570007
194.145004,226.714996,241.709991,78.570007
194.145004,226.714996,241.709991,78.570007
194.145004,226.714996,241.709991,78.570007
194.145004,226.714996,241.709991,78.570007
194.145004,226.714996,241.709991,78.570007
194.145004,226.714996,241.709991,78.570007
194.145004,226.714996,241.709991,78.570007
194.145004,226.714996,241.709991,78.570007
194.145004,226.714996,241.709991,78.570007
194.145004,226.714996,241.709991,78.570007
194.145004,226.714996,241.709991,78.570007
194.145004,226.714996,241.709991,78.570007
194.145004,226.714996,241.709991,78.570007
194.145004,226.714996,241.709991,78.570007
194.145004,226.714996,241.709991,78.570007
194.145004,226.714996,241.709991,78.570007
194.145004,226.714996,241.709991,78.570007
194.145004,226.714996,241.709991,78.570007
194.145004,226.714996,241.709991,78.570007
194.145004,226.714996,241.709991,78.570007
194.145004,226.714996,241.709991,78.570007
194.145004,226.714996,241.709991,78.570007
194.145004,226.714996,241.709991,78.570007
194.145004,226.714996,241.709991,78.570007
194.145004,226.714996,241.709991,78.570007
194.145004,226.714996,241.709991,78.570007
194.145004,226.714996,241.709991,78.570007
194.145004,226.714996,241.709991,78.570007
194.145004,226.714996,241.709991,78.570007
194.145004,226.714996,241.709991,78.570007
194.145004,226.714996,241.709991,78.570007
194.145004,226.714996,241.709991,78.570007
194.145004,226.714996,241.709991,78.570007
194.145004,226.714996,241.709991,78.570007
194.145004,226.714996,241.709991,78.570007
194.145004,226.714996,241.709991,78.570007
194.145004,226.714996,241.709991,78.570007
194.145004,226.714996,241.709991,78.570007
194.145004,226.714996,241.709991,78.570007
194.145004,226.714996,241.709991,78.570007
194.145004,226.714996,241.709991,78.570007
194.145004,226.714996,241.709991,78.570007
194.145004,226.714996,241.709991,78.570007
194.145004,226.714996,241.709991,78.570007
194.145004,226.714996,241.709991,78.570007
194.145004,226.714996,241.709991,78.570007
194.145004,226.714996,241.709991,78.570007
194.145004,226.714996,241.709991,78.570007
194.145004,226.714996,241.709991,78.570007
194.145004,226.714996,241.709991,78.570007
194.145004,226.714996,241.709991,78.570007
194.145004,226.714996,241.709991,78.570007
194.145004,226.714996,241.709991,78.570007
194.145004,226.714996,241.709991,78.570007
194.145004,226.714996,241.709991,78.570007
194.145004,226.714996,241.709991,78.570007
194.145004,226.714996,241.709991,78.570007
194.145004,226.714996,241.709991,78.570007
194.145004,226.714996,241.709991,78.570007
194.145004,226.714996,241.709991,78.570007
194.145004,226.714996,241.709991,78.570007
194.145004,226.714996,241.709991,78.570007
194.145004,226.714996,241.709991,78.570007
194.145004,226.714996,241.709991,78.570007
194.145004,226.714996,241.709991,78.570007
194.145004,226.714996,241.709991,78.570007
194.145004,226.714996,241.709991,78.570007
194.145004,226.714996,241.709991,78.570007
194.145004,226.714996,241.709991,78.570007
194.145004,226.714996,241.709991,78.570007
194.145004,226.714996,241.709991,78.570007
194.145004,226.714996,241.709991,78.570007
194.145004,226.714996,241.709991,78.570007
194.145004,226.714996,241.709991,78.570007
194.145004,226.714996,241.709991,78.570007
194.145004,226.714996,241.709991,78.570007
194.145004,226.714996,241.709991,78.570007
194.145004,226.714996,241.709991,78.570007
194.145004,226.714996,241.709991,78.570007
194.145004,226.714996,241.709991,78.570007
194.145004,226.714996,241.709991,78.570007
194.145004,226.714996,241.709991,78.570007
194.145004,226.714996,241.709991,78.570007
194.145004,226.714996,241.709991,78.570007
194.145004,226.714996,241.709991,78.570007
194.145004,226.714996,241.709991,78.570007
