1
385.500000,142.500000,105.000000,91.000000
385.500000,142.500000,105.000000,91.000000
385.500000,142.500000,105.000000,91.000000
385.500000,142.500000,105.000000,91.000000
385.500000,142.500000,105.000000,91.000000
385.500000,142.500000,105.000000,91.000000
385.500000,142.500000,105.000000,91.000000
385.500000,142.500000,105.000000,91.000000
385.500000,142.500000,105.000000,91.000000
385.500000,142.500000,105.000000,91.000000
385.500000,142.500000,105.000000,91.000000
385.500000,142.500000,105.000000,91.000000
385.500000,142.500000,105.000000,91.000000
385.500000,142.500000,105.000000,91.000000
385.500000,142.500000,105.000000,91.000000
385.500000,142.500000,105.000000,91.000000
385.500000,142.500000,105.000000,91.000000
385.500000,142.500000,105.000000,91.000000
385.500000,142.500000,105.000000,91.000000
385.500000,142.500000,105.000000,91.000000
385.500000,142.500000,105.000000,91.000000
385.500000,142.500000,105.000000,91.000000
385.500000,142.500000,105.000000,91.000000
385.500000,142.500000,105.000000,91.000000
385.500000,142.500000,105.000000,91.000000
385.500000,142.500000,105.000000,91.000000
385.500000,142.500000,105.000000,91.000000
385.500000,142.500000,105.000000,91.000000
385.500000,142.500000,105.000000,91.000000
385.500000,142.500000,105.000000,91.000000
385.500000,142.500000,105.000000,91.000000
385.500000,142.500000,105.000000,91.000000
385.500000,142.500000,105.000000,91.000000
385.500000,142.500000,105.000000,91.000000
385.500000,142.500000,105.000000,91.000000
385.500000,142.500000,105.000000,91.000000
385.500000,142.500000,105.000000,91.000000
385.500000,142.500000,105.000000,91.000000
385.500000,142.500000,105.000000,91.000000
385.500000,142.500000,105.000000,91.000000
385.500000,142.500000,105.000000,91.000000
385.500000,142.500000,105.000000,91.000000
385.500000,142.500000,105.000000,91.000000
385.500000,142.500000,105.000000,91.000000
385.500000,142.500000,105.000000,91.000000
385.500000,142.500000,105.000000,91.000000
385.500000,142.500000,105.000000,91.000000
385.500000,142.500000,105.000000,91.000000
2
0
0
0
0
1
274.179993,84.669998,101.820007,52.240005
274.179993,84.669998,101.820007,52.240005
274.179993,84.669998,101.820007,52.240005
274.179993,84.669998,101.820007,52.240005
274.179993,84.669998,101.820007,52.240005
274.179993,84.669998,101.820007,52.240005
274.179993,84.669998,101.820007,52.240005
274.179993,84.669998,101.820007,52.240005
274.179993,84.669998,101.820007,52.240005
274.179993,84.669998,101.820007,52.240005
274.179993,84.669998,101.820007,52.240005
274.179993,84.669998,101.820007,52.240005
274.179993,84.669998,101.820007,52.240005
274.179993,84.669998,101.820007,52.240005
274.179993,84.669998,101.820007,52.240005
274.179993,84.669998,101.820007,52.240005
274.179993,84.669998,101.820007,52.240005
274.179993,84.669998,101.820007,52.240005
274.179993,84.669998,101.820007,52.240005
274.179993,84.669998,101.820007,52.240005
274.179993,84.669998,101.820007,52.240005
274.179993,84.669998,101.820007,52.240005
274.179993,84.669998,101.820007,52.240005
274.179993,84.669998,101.820007,52.240005
274.179993,84.669998,101.820007,52.240005
274.179993,84.669998,101.820007,52.240005
274.179993,84.669998,101.820007,52.240005
274.179993,84.669998,101.820007,52.240005
274.179993,84.669998,101.820007,52.240005
274.179993,84.669998,101.820007,52.240005
319.089996,74.879997,101.820007,52.240005
319.089996,74.879997,101.820007,52.240005
319.089996,74.879997,101.820007,52.240005
319.089996,74.879997,101.820007,52.240005
319.089996,74.879997,101.820007,52.240005
319.089996,74.879997,101.820007,52.240005
319.089996,74.879997,101.820007,52.240005
319.089996,74.879997,101.820007,52.240005
319.089996,74.879997,101.820007,52.240005
319.089996,74.879997,101.820007,52.240005
319.089996,74.879997,101.820007,52.240005
292.089996,88.879997,101.820007,52.240005
292.089996,88.879997,101.820007,52.240005
292.089996,88.879997,101.820007,52.240005
292.089996,88.879997,101.820007,52.240005
292.089996,88.879997,101.820007,52.240005
292.089996,88.879997,101.820007,52.240005
292.089996,88.879997,101.820007,52.240005
292.089996,88.879997,101.820007,52.240005
292.089996,88.879997,101.820007,52.240005
292.089996,88.879997,101.820007,52.240005
292.089996,88.879997,101.820007,52.240005
275.089996,72.879997,101.820007,52.240005
275.089996,72.879997,101.820007,52.240005
275.089996,72.879997,101.820007,52.240005
275.089996,72.879997,101.820007,52.240005
275.089996,72.879997,101.820007,52.240005
275.089996,72.879997,101.820007,52.240005
275.089996,72.879997,101.820007,52.240005
275.089996,72.879997,101.820007,52.240005
275.089996,72.879997,101.820007,52.240005
275.089996,72.879997,101.820007,52.240005
275.089996,72.879997,101.820007,52.240005
275.089996,72.879997,101.820007,52.240005
275.089996,72.879997,101.820007,52.240005
275.089996,72.879997,101.820007,52.240005
275.089996,72.879997,101.820007,52.240005
275.089996,72.879997,101.820007,52.240005
275.089996,72.879997,101.820007,52.240005
275.089996,72.879997,101.820007,52.240005
275.089996,72.879997,101.820007,52.240005
275.089996,72.879997,101.820007,52.240005
275.089996,72.879997,101.820007,52.240005
275.089996,72.879997,101.820007,52.240005
275.089996,72.879997,101.820007,52.240005
275.089996,72.879997,101.820007,52.240005
275.089996,72.879997,101.820007,52.240005
275.089996,72.879997,101.820007,52.240005
275.089996,72.879997,101.820007,52.240005
275.089996,72.879997,101.820007,52.240005
275.089996,72.879997,101.820007,52.240005
275.089996,72.879997,101.820007,52.240005
275.089996,72.879997,101.820007,52.240005
275.089996,72.879997,101.820007,52.240005
275.089996,72.879997,101.820007,52.240005
275.089996,72.879997,101.820007,52.240005
275.089996,72.879997,101.820007,52.240005
275.089996,72.879997,101.820007,52.240005
275.089996,72.879997,101.820007,52.240005
275.089996,72.879997,101.820007,52.240005
275.089996,72.879997,101.820007,52.240005
275.089996,72.879997,101.820007,52.240005
275.089996,72.879997,101.820007,52.240005
275.089996,72.879997,101.820007,52.240005
301.089996,90.879997,101.820007,52.240005
301.089996,90.879997,101.820007,52.240005
301.089996,90.879997,101.820007,52.240005
301.089996,90.879997,101.820007,52.240005
301.089996,90.879997,101.820007,52.240005
301.089996,90.879997,101.820007,52.240005
249.089996,69.879997,101.820007,52.240005
249.089996,69.879997,101.820007,52.240005
249.089996,69.879997,101.820007,52.240005
249.089996,69.879997,101.820007,52.240005
249.089996,69.879997,101.820007,52.240005
249.089996,69.879997,101.820007,52.240005
249.089996,69.879997,101.820007,52.240005
249.089996,69.879997,101.820007,52.240005
249.089996,69.879997,101.820007,52.240005
249.089996,69.879997,101.820007,52.240005
249.089996,69.879997,101.820007,52.240005
249.089996,69.879997,101.820007,52.240005
249.089996,69.879997,101.820007,52.240005
249.089996,69.879997,101.820007,52.240005
249.089996,69.879997,101.820007,52.240005
249.089996,69.879997,101.820007,52.240005
382.089996,98.879997,101.820007,52.240005
382.089996,98.879997,101.820007,52.240005
382.089996,98.879997,101.820007,52.240005
382.089996,98.879997,101.820007,52.240005
382.089996,98.879997,101.820007,52.240005
382.089996,98.879997,101.820007,52.240005
382.089996,98.879997,101.820007,52.240005
382.089996,98.879997,101.820007,52.240005
382.089996,98.879997,101.820007,52.240005
382.089996,98.879997,101.820007,52.240005
382.089996,98.879997,101.820007,52.240005
382.089996,98.879997,101.820007,52.240005
382.089996,98.879997,101.820007,52.240005
304.089996,71.879997,101.820007,52.240005
304.089996,71.879997,101.820007,52.240005
304.089996,71.879997,101.820007,52.240005
351.089996,69.879997,101.820007,52.240005
351.089996,69.879997,101.820007,52.240005
351.089996,69.879997,101.820007,52.240005
351.089996,69.879997,101.820007,52.240005
351.089996,69.879997,101.820007,52.240005
391.089996,99.879997,101.820007,52.240005
391.089996,99.879997,101.820007,52.240005
391.089996,99.879997,101.820007,52.240005
391.089996,99.879997,101.820007,52.240005
391.089996,99.879997,101.820007,52.240005
391.089996,99.879997,101.820007,52.240005
391.089996,99.879997,101.820007,52.240005
391.089996,99.879997,101.820007,52.240005
391.089996,99.879997,101.820007,52.240005
391.089996,99.879997,101.820007,52.240005
391.089996,99.879997,101.820007,52.240005
391.089996,99.879997,101.820007,52.240005
391.089996,99.879997,101.820007,52.240005
391.089996,99.879997,101.820007,52.240005
391.089996,99.879997,101.820007,52.240005
391.089996,99.879997,101.820007,52.240005
391.089996,99.879997,101.820007,52.240005
391.089996,99.879997,101.820007,52.240005
391.089996,99.879997,101.820007,52.240005
391.089996,99.879997,101.820007,52.240005
361.089996,94.879997,101.820007,52.240005
361.089996,94.879997,101.820007,52.240005
361.089996,94.879997,101.820007,52.240005
361.089996,94.879997,101.820007,52.240005
361.089996,94.879997,101.820007,52.240005
341.089996,74.879997,101.820007,52.240005
364.089996,93.879997,101.820007,52.240005
2
0
0
0
0
1
278.649994,133.380005,114.940002,117.039993
278.649994,133.380005,114.940002,117.039993
278.649994,133.380005,114.940002,117.039993
278.649994,133.380005,114.940002,117.039993
278.649994,133.380005,114.940002,117.039993
278.649994,133.380005,114.940002,117.039993
278.649994,133.380005,114.940002,117.039993
278.649994,133.380005,114.940002,117.039993
278.529999,132.480011,114.940002,117.039993
278.529999,132.480011,114.940002,117.039993
278.529999,132.480011,114.940002,117.039993
278.529999,132.480011,114.940002,117.039993
278.529999,132.480011,114.940002,117.039993
278.529999,132.480011,114.940002,117.039993
278.529999,132.480011,114.940002,117.039993
278.529999,132.480011,114.940002,117.039993
278.529999,132.480011,114.940002,117.039993
278.529999,132.480011,114.940002,117.039993
278.529999,132.480011,114.940002,117.039993
278.529999,132.480011,114.940002,117.039993
278.529999,132.480011,114.940002,117.039993
278.529999,132.480011,114.940002,117.039993
278.529999,132.480011,114.940002,117.039993
278.529999,132.480011,114.940002,117.039993
278.529999,132.480011,114.940002,117.039993
278.529999,132.480011,114.940002,117.039993
278.529999,132.480011,114.940002,117.039993
278.529999,132.480011,114.940002,117.039993
278.529999,132.480011,114.940002,117.039993
278.529999,132.480011,114.940002,117.039993
215.529999,207.480011,114.940002,117.039993
215.529999,207.480011,114.940002,117.039993
215.529999,207.480011,114.940002,117.039993
215.529999,207.480011,114.940002,117.039993
215.529999,207.480011,114.940002,117.039993
215.529999,207.480011,114.940002,117.039993
215.529999,207.480011,114.940002,117.039993
215.529999,207.480011,114.940002,117.039993
215.529999,207.480011,114.940002,117.039993
215.529999,207.480011,114.940002,117.039993
215.529999,207.480011,114.940002,117.039993
215.529999,207.480011,114.940002,117.039993
215.529999,207.480011,114.940002,117.039993
215.529999,207.480011,114.940002,117.039993
215.529999,207.480011,114.940002,117.039993
215.529999,207.480011,114.940002,117.039993
215.529999,207.480011,114.940002,117.039993
215.529999,207.480011,114.940002,117.039993
215.529999,207.480011,114.940002,117.039993
215.529999,207.480011,114.940002,117.039993
215.529999,207.480011,114.940002,117.039993
215.529999,207.480011,114.940002,117.039993
215.529999,207.480011,114.940002,117.039993
215.529999,207.480011,114.940002,117.039993
215.529999,207.480011,114.940002,117.039993
215.529999,207.480011,114.940002,117.039993
215.529999,207.480011,114.940002,117.039993
215.529999,207.480011,114.940002,117.039993
215.529999,207.480011,114.940002,117.039993
215.529999,207.480011,114.940002,117.039993
215.529999,207.480011,114.940002,117.039993
286.529999,177.480011,114.940002,117.039993
286.529999,177.480011,114.940002,117.039993
286.529999,177.480011,114.940002,117.039993
223.529999,191.480011,114.940002,117.039993
223.529999,191.480011,114.940002,117.039993
223.529999,191.480011,114.940002,117.039993
223.529999,191.480011,114.940002,117.039993
223.529999,191.480011,114.940002,117.039993
223.529999,191.480011,114.940002,117.039993
223.529999,191.480011,114.940002,117.039993
223.529999,191.480011,114.940002,117.039993
223.529999,191.480011,114.940002,117.039993
223.529999,191.480011,114.940002,117.039993
223.529999,191.480011,114.940002,117.039993
223.529999,191.480011,114.940002,117.039993
223.529999,191.480011,114.940002,117.039993
223.529999,191.480011,114.940002,117.039993
223.529999,191.480011,114.940002,117.039993
223.529999,191.480011,114.940002,117.039993
223.529999,191.480011,114.940002,117.039993
223.529999,191.480011,114.940002,117.039993
223.529999,191.480011,114.940002,117.039993
223.529999,191.480011,114.940002,117.039993
223.529999,191.480011,114.940002,117.039993
223.529999,191.480011,114.940002,117.039993
223.529999,191.480011,114.940002,117.039993
223.529999,191.480011,114.940002,117.039993
223.529999,191.480011,114.940002,117.039993
223.529999,191.480011,114.940002,117.039993
223.529999,191.480011,114.940002,117.039993
223.529999,191.480011,114.940002,117.039993
223.529999,191.480011,114.940002,117.039993
223.529999,191.480011,114.940002,117.039993
223.529999,191.480011,114.940002,117.039993
223.529999,191.480011,114.940002,117.039993
223.529999,191.480011,114.940002,117.039993
223.529999,191.480011,114.940002,117.039993
223.529999,191.480011,114.940002,117.039993
223.529999,191.480011,114.940002,117.039993
223.529999,191.480011,114.940002,117.039993
223.529999,191.480011,114.940002,117.039993
223.529999,191.480011,114.940002,117.039993
223.529999,191.480011,114.940002,117.039993
223.529999,191.480011,114.940002,117.039993
223.529999,191.480011,114.940002,117.039993
223.529999,191.480011,114.940002,117.039993
223.529999,191.480011,114.940002,117.039993
223.529999,191.480011,114.940002,117.039993
223.529999,191.480011,114.940002,117.039993
223.529999,191.480011,114.940002,117.039993
223.529999,191.480011,114.940002,117.039993
223.529999,191.480011,114.940002,117.039993
223.529999,191.480011,114.940002,117.039993
223.529999,191.480011,114.940002,117.039993
223.529999,191.480011,114.940002,117.039993
223.529999,191.480011,114.940002,117.039993
193.529999,181.480011,114.940002,117.039993
193.529999,181.480011,114.940002,117.039993
193.529999,181.480011,114.940002,117.039993
193.529999,181.480011,114.940002,117.039993
193.529999,181.480011,114.940002,117.039993
193.529999,181.480011,114.940002,117.039993
193.529999,181.480011,114.940002,117.039993
193.529999,181.480011,114.940002,117.039993
193.529999,181.480011,114.940002,117.039993
193.529999,181.480011,114.940002,117.039993
193.529999,181.480011,114.940002,117.039993
193.529999,181.480011,114.940002,117.039993
193.529999,181.480011,114.940002,117.039993
193.529999,181.480011,114.940002,117.039993
193.529999,181.480011,114.940002,117.039993
193.529999,181.480011,114.940002,117.039993
193.529999,181.480011,114.940002,117.039993
193.529999,181.480011,114.940002,117.039993
193.529999,181.480011,114.940002,117.039993
193.529999,181.480011,114.940002,117.039993
283.529999,156.480011,114.940002,117.039993
283.529999,156.480011,114.940002,117.039993
227.529999,178.480011,114.940002,117.039993
227.529999,178.480011,114.940002,117.039993
227.529999,178.480011,114.940002,117.039993
227.529999,178.480011,114.940002,117.039993
227.529999,178.480011,114.940002,117.039993
227.529999,178.480011,114.940002,117.039993
227.529999,178.480011,114.940002,117.039993
227.529999,178.480011,114.940002,117.039993
227.529999,178.480011,114.940002,117.039993
227.529999,178.480011,114.940002,117.039993
227.529999,178.480011,114.940002,117.039993
227.529999,178.480011,114.940002,117.039993
227.529999,178.480011,114.940002,117.039993
227.529999,178.480011,114.940002,117.039993
227.529999,178.480011,114.940002,117.039993
227.529999,178.480011,114.940002,117.039993
227.529999,178.480011,114.940002,117.039993
227.529999,178.480011,114.940002,117.039993
227.529999,178.480011,114.940002,117.039993
227.529999,178.480011,114.940002,117.039993
227.529999,178.480011,114.940002,117.039993
227.529999,178.480011,114.940002,117.039993
227.529999,178.480011,114.940002,117.039993
227.529999,178.480011,114.940002,117.039993
227.529999,178.480011,114.940002,117.039993
227.529999,178.480011,114.940002,117.039993
227.529999,178.480011,114.940002,117.039993
227.529999,178.480011,114.940002,117.039993
227.529999,178.480011,114.940002,117.039993
227.529999,178.480011,114.940002,117.039993
227.529999,178.480011,114.940002,117.039993
227.529999,178.480011,114.940002,117.039993
227.529999,178.480011,114.940002,117.039993
227.529999,178.480011,114.940002,117.039993
227.529999,178.480011,114.940002,117.039993
227.529999,178.480011,114.940002,117.039993
227.529999,178.480011,114.940002,117.039993
227.529999,178.480011,114.940002,117.039993
227.529999,178.480011,114.940002,117.039993
195.529999,182.480011,114.940002,117.039993
195.529999,182.480011,114.940002,117.039993
195.529999,182.480011,114.940002,117.039993
256.529999,200.480011,114.940002,117.039993
256.529999,200.480011,114.940002,117.039993
210.529999,187.480011,114.940002,117.039993
210.529999,187.480011,114.940002,117.039993
246.529999,191.480011,114.940002,117.039993
209.529999,188.480011,114.940002,117.039993
209.529999,188.480011,114.940002,117.039993
209.529999,188.480011,114.940002,117.039993
209.529999,188.480011,114.940002,117.039993
209.529999,188.480011,114.940002,117.039993
209.529999,188.480011,114.940002,117.039993
209.529999,188.480011,114.940002,117.039993
209.529999,188.480011,114.940002,117.039993
209.529999,188.480011,114.940002,117.039993
209.529999,188.480011,114.940002,117.039993
209.529999,188.480011,114.940002,117.039993
209.529999,188.480011,114.940002,117.039993
209.529999,188.480011,114.940002,117.039993
209.529999,188.480011,114.940002,117.039993
209.529999,188.480011,114.940002,117.039993
209.529999,188.480011,114.940002,117.039993
209.529999,188.480011,114.940002,117.039993
209.529999,188.480011,114.940002,117.039993
209.529999,188.480011,114.940002,117.039993
209.529999,188.480011,114.940002,117.039993
209.529999,188.480011,114.940002,117.039993
209.529999,188.480011,114.940002,117.039993
209.529999,188.480011,114.940002,117.039993
209.529999,188.480011,114.940002,117.039993
209.529999,188.480011,114.940002,117.039993
209.529999,188.480011,114.940002,117.039993
209.529999,188.480011,114.940002,117.039993
209.529999,188.480011,114.940002,117.039993
209.529999,188.480011,114.940002,117.039993
209.529999,188.480011,114.940002,117.039993
209.529999,188.480011,114.940002,117.039993
209.529999,188.480011,114.940002,117.039993
209.529999,188.480011,114.940002,117.039993
209.529999,188.480011,114.940002,117.039993
209.529999,188.480011,114.940002,117.039993
209.529999,188.480011,114.940002,117.039993
209.529999,188.480011,114.940002,117.039993
209.529999,188.480011,114.940002,117.039993
209.529999,188.480011,114.940002,117.039993
209.529999,188.480011,114.940002,117.039993
209.529999,188.480011,114.940002,117.039993
209.529999,188.480011,114.940002,117.039993
209.529999,188.480011,114.940002,117.039993
209.529999,188.480011,114.940002,117.039993
209.529999,188.480011,114.940002,117.039993
209.529999,188.480011,114.940002,117.039993
209.529999,188.480011,114.940002,117.039993
209.529999,188.480011,114.940002,117.039993
209.529999,188.480011,114.940002,117.039993
251.529999,201.480011,114.940002,117.039993
219.529999,193.480011,114.940002,117.039993
219.529999,193.480011,114.940002,117.039993
219.529999,193.480011,114.940002,117.039993
219.529999,193.480011,114.940002,117.039993
219.529999,193.480011,114.940002,117.039993
219.529999,193.480011,114.940002,117.039993
219.529999,193.480011,114.940002,117.039993
219.529999,193.480011,114.940002,117.039993
219.529999,193.480011,114.940002,117.039993
219.529999,193.480011,114.940002,117.039993
219.529999,193.480011,114.940002,117.039993
219.529999,193.480011,114.940002,117.039993
219.529999,193.480011,114.940002,117.039993
219.529999,193.480011,114.940002,117.039993
219.529999,193.480011,114.940002,117.039993
219.529999,193.480011,114.940002,117.039993
219.529999,193.480011,114.940002,117.039993
219.529999,193.480011,114.940002,117.039993
219.529999,193.480011,114.940002,117.039993
219.529999,193.480011,114.940002,117.039993
219.529999,193.480011,114.940002,117.039993
219.529999,193.480011,114.940002,117.039993
219.529999,193.480011,114.940002,117.039993
219.529999,193.480011,114.940002,117.039993
219.529999,193.480011,114.940002,117.039993
219.529999,193.480011,114.940002,117.039993
219.529999,193.480011,114.940002,117.039993
219.529999,193.480011,114.940002,117.039993
219.529999,193.480011,114.940002,117.039993
219.529999,193.480011,114.940002,117.039993
219.529999,193.480011,114.940002,117.039993
219.529999,193.480011,114.940002,117.039993
219.529999,193.480011,114.940002,117.039993
219.529999,193.480011,114.940002,117.039993
219.529999,193.480011,114.940002,117.039993
219.529999,193.480011,114.940002,117.039993
219.529999,193.480011,114.940002,117.039993
219.529999,193.480011,114.940002,117.039993
219.529999,193.480011,114.940002,117.039993
219.529999,193.480011,114.940002,117.039993
219.529999,193.480011,114.940002,117.039993
219.529999,193.480011,114.940002,117.039993
219.529999,193.480011,114.940002,117.039993
219.529999,193.480011,114.940002,117.039993
219.529999,193.480011,114.940002,117.039993
219.529999,193.480011,114.940002,117.039993
219.529999,193.480011,114.940002,117.039993
219.529999,193.480011,114.940002,117.039993
219.529999,193.480011,114.940002,117.039993
219.529999,193.480011,114.940002,117.039993
219.529999,193.480011,114.940002,117.039993
219.529999,193.480011,114.940002,117.039993
219.529999,193.480011,114.940002,117.039993
219.529999,193.480011,114.940002,117.039993
219.529999,193.480011,114.940002,117.039993
219.529999,193.480011,114.940002,117.039993
219.529999,193.480011,114.940002,117.039993
219.529999,193.480011,114.940002,117.039993
219.529999,193.480011,114.940002,117.039993
219.529999,193.480011,114.940002,117.039993
219.529999,193.480011,114.940002,117.039993
219.529999,193.480011,114.940002,117.039993
219.529999,193.480011,114.940002,117.039993
219.529999,193.480011,114.940002,117.039993
219.529999,193.480011,114.940002,117.039993
219.529999,193.480011,114.940002,117.039993
219.529999,193.480011,114.940002,117.039993
219.529999,193.480011,114.940002,117.039993
219.529999,193.480011,114.940002,117.039993
219.529999,193.480011,114.940002,117.039993
219.529999,193.480011,114.940002,117.039993
219.529999,193.480011,114.940002,117.039993
219.529999,193.480011,114.940002,117.039993
219.529999,193.480011,114.940002,117.039993
219.529999,193.480011,114.940002,117.039993
219.529999,193.480011,114.940002,117.039993
219.529999,193.480011,114.940002,117.039993
219.529999,193.480011,114.940002,117.039993
219.529999,193.480011,114.940002,117.039993
219.529999,193.480011,114.940002,117.039993
219.529999,193.480011,114.940002,117.039993
219.529999,193.480011,114.940002,117.039993
219.529999,193.480011,114.940002,117.039993
219.529999,193.480011,114.940002,117.039993
219.529999,193.480011,114.940002,117.039993
219.529999,193.480011,114.940002,117.039993
219.529999,193.480011,114.940002,117.039993
219.529999,193.480011,114.940002,117.039993
219.529999,193.480011,114.940002,117.039993
219.529999,193.480011,114.940002,117.039993
219.529999,193.480011,114.940002,117.039993
219.529999,193.480011,114.940002,117.039993
245.529999,161.480011,114.940002,117.039993
245.529999,161.480011,114.940002,117.039993
245.529999,161.480011,114.940002,117.039993
245.529999,161.480011,114.940002,117.039993
245.529999,161.480011,114.940002,117.039993
245.529999,161.480011,114.940002,117.039993
245.529999,161.480011,114.940002,117.039993
245.529999,161.480011,114.940002,117.039993
216.529999,144.480011,114.940002,117.039993
216.529999,144.480011,114.940002,117.039993
216.529999,144.480011,114.940002,117.039993
247.529999,77.480003,114.940002,117.039993
247.529999,77.480003,114.940002,117.039993
247.529999,77.480003,114.940002,117.039993
247.529999,77.480003,114.940002,117.039993
247.529999,77.480003,114.940002,117.039993
247.529999,77.480003,114.940002,117.039993
247.529999,77.480003,114.940002,117.039993
247.529999,77.480003,114.940002,117.039993
247.529999,77.480003,114.940002,117.039993
247.529999,77.480003,114.940002,117.039993
247.529999,77.480003,114.940002,117.039993
247.529999,77.480003,114.940002,117.039993
247.529999,77.480003,114.940002,117.039993
247.529999,77.480003,114.940002,117.039993
210.529999,64.480003,114.940002,117.039993
210.529999,64.480003,114.940002,117.039993
210.529999,64.480003,114.940002,117.039993
210.529999,64.480003,114.940002,117.039993
210.529999,64.480003,114.940002,117.039993
210.529999,64.480003,114.940002,117.039993
210.529999,64.480003,114.940002,117.039993
210.529999,64.480003,114.940002,117.039993
210.529999,64.480003,114.940002,117.039993
210.529999,64.480003,114.940002,117.039993
210.529999,64.480003,114.940002,117.039993
210.529999,64.480003,114.940002,117.039993
210.529999,64.480003,114.940002,117.039993
210.529999,64.480003,114.940002,117.039993
210.529999,64.480003,114.940002,117.039993
210.529999,64.480003,114.940002,117.039993
210.529999,64.480003,114.940002,117.039993
210.529999,64.480003,114.940002,117.039993
210.529999,64.480003,114.940002,117.039993
210.529999,64.480003,114.940002,117.039993
210.529999,64.480003,114.940002,117.039993
210.529999,64.480003,114.940002,117.039993
210.529999,64.480003,114.940002,117.039993
210.529999,64.480003,114.940002,117.039993
210.529999,64.480003,114.940002,117.039993
210.529999,64.480003,114.940002,117.039993
210.529999,64.480003,114.940002,117.039993
210.529999,64.480003,114.940002,117.039993
210.529999,64.480003,114.940002,117.039993
210.529999,64.480003,114.940002,117.039993
210.529999,64.480003,114.940002,117.039993
210.529999,64.480003,114.940002,117.039993
210.529999,64.480003,114.940002,117.039993
210.529999,64.480003,114.940002,117.039993
210.529999,64.480003,114.940002,117.039993
210.529999,64.480003,114.940002,117.039993
210.529999,64.480003,114.940002,117.039993
210.529999,64.480003,114.940002,117.039993
210.529999,64.480003,114.940002,117.039993
210.529999,64.480003,114.940002,117.039993
2
0
0
0
0
1
269.980011,177.440002,136.839996,130.790009
269.980011,177.440002,136.839996,130.790009
269.980011,177.440002,136.839996,130.790009
269.980011,177.440002,136.839996,130.790009
269.980011,177.440002,136.839996,130.790009
269.980011,177.440002,136.839996,130.790009
269.980011,177.440002,136.839996,130.790009
269.980011,177.440002,136.839996,130.790009
269.980011,177.440002,136.839996,130.790009
269.980011,177.440002,136.839996,130.790009
269.980011,177.440002,136.839996,130.790009
269.980011,177.440002,136.839996,130.790009
269.980011,177.440002,136.839996,130.790009
269.980011,177.440002,136.839996,130.790009
269.980011,177.440002,136.839996,130.790009
269.980011,177.440002,136.839996,130.790009
269.980011,177.440002,136.839996,130.790009
269.980011,177.440002,136.839996,130.790009
269.980011,177.440002,136.839996,130.790009
269.980011,177.440002,136.839996,130.790009
269.980011,177.440002,136.839996,130.790009
269.980011,177.440002,136.839996,130.790009
269.980011,177.440002,136.839996,130.790009
269.980011,177.440002,136.839996,130.790009
269.980011,177.440002,136.839996,130.790009
269.980011,177.440002,136.839996,130.790009
269.980011,177.440002,136.839996,130.790009
269.980011,177.440002,136.839996,130.790009
269.980011,177.440002,136.839996,130.790009
269.980011,177.440002,136.839996,130.790009
269.980011,177.440002,136.839996,130.790009
269.980011,177.440002,136.839996,130.790009
269.980011,177.440002,136.839996,130.790009
269.980011,177.440002,136.839996,130.790009
269.980011,177.440002,136.839996,130.790009
269.980011,177.440002,136.839996,130.790009
269.980011,177.440002,136.839996,130.790009
269.980011,177.440002,136.839996,130.790009
269.980011,177.440002,136.839996,130.790009
269.980011,177.440002,136.839996,130.790009
269.980011,177.440002,136.839996,130.790009
269.980011,177.440002,136.839996,130.790009
269.980011,177.440002,136.839996,130.790009
269.980011,177.440002,136.839996,130.790009
269.980011,177.440002,136.839996,130.790009
269.980011,177.440002,136.839996,130.790009
269.980011,177.440002,136.839996,130.790009
269.980011,177.440002,136.839996,130.790009
269.980011,177.440002,136.839996,130.790009
269.980011,177.440002,136.839996,130.790009
269.980011,177.440002,136.839996,130.790009
269.980011,177.440002,136.839996,130.790009
269.980011,177.440002,136.839996,130.790009
269.980011,177.440002,136.839996,130.790009
269.980011,177.440002,136.839996,130.790009
269.980011,177.440002,136.839996,130.790009
269.980011,177.440002,136.839996,130.790009
269.980011,177.440002,136.839996,130.790009
269.980011,177.440002,136.839996,130.790009
269.980011,177.440002,136.839996,130.790009
269.980011,177.440002,136.839996,130.790009
269.980011,177.440002,136.839996,130.790009
269.980011,177.440002,136.839996,130.790009
269.980011,177.440002,136.839996,130.790009
269.980011,177.440002,136.839996,130.790009
269.980011,177.440002,136.839996,130.790009
269.980011,177.440002,136.839996,130.790009
269.980011,177.440002,136.839996,130.790009
269.980011,177.440002,136.839996,130.790009
269.980011,177.440002,136.839996,130.790009
269.980011,177.440002,136.839996,130.790009
269.980011,177.440002,136.839996,130.790009
269.980011,177.440002,136.839996,130.790009
269.980011,177.440002,136.839996,130.790009
269.980011,177.440002,136.839996,130.790009
269.980011,177.440002,136.839996,130.790009
269.980011,177.440002,136.839996,130.790009
269.980011,177.440002,136.839996,130.790009
269.980011,177.440002,136.839996,130.790009
269.980011,177.440002,136.839996,130.790009
269.980011,177.440002,136.839996,130.790009
269.980011,177.440002,136.839996,130.790009
269.980011,177.440002,136.839996,130.790009
269.980011,177.440002,136.839996,130.790009
269.980011,177.440002,136.839996,130.790009
269.980011,177.440002,136.839996,130.790009
269.980011,177.440002,136.839996,130.790009
269.980011,177.440002,136.839996,130.790009
269.980011,177.440002,136.839996,130.790009
269.980011,177.440002,136.839996,130.790009
269.980011,177.440002,136.839996,130.790009
269.980011,177.440002,136.839996,130.790009
269.980011,177.440002,136.839996,130.790009
269.980011,177.440002,136.839996,130.790009
269.980011,177.440002,136.839996,130.790009
269.980011,177.440002,136.839996,130.790009
269.980011,177.440002,136.839996,130.790009
269.980011,177.440002,136.839996,130.790009
269.980011,177.440002,136.839996,130.790009
269.980011,177.440002,136.839996,130.790009
269.980011,177.440002,136.839996,130.790009
269.980011,177.440002,136.839996,130.790009
269.980011,177.440002,136.839996,130.790009
269.980011,177.440002,136.839996,130.790009
269.980011,177.440002,136.839996,130.790009
269.980011,177.440002,136.839996,130.790009
269.980011,177.440002,136.839996,130.790009
269.980011,177.440002,136.839996,130.790009
269.980011,177.440002,136.839996,130.790009
269.980011,177.440002,136.839996,130.790009
269.980011,177.440002,136.839996,130.790009
269.980011,177.440002,136.839996,130.790009
269.980011,177.440002,136.839996,130.790009
269.980011,177.440002,136.839996,130.790009
269.980011,177.440002,136.839996,130.790009
269.980011,177.440002,136.839996,130.790009
269.980011,177.440002,136.839996,130.790009
269.980011,177.440002,136.839996,130.790009
269.980011,177.440002,136.839996,130.790009
269.980011,177.440002,136.839996,130.790009
269.980011,177.440002,136.839996,130.790009
269.980011,177.440002,136.839996,130.790009
269.980011,177.440002,136.839996,130.790009
269.980011,177.440002,136.839996,130.790009
269.980011,177.440002,136.839996,130.790009
269.980011,177.440002,136.839996,130.790009
269.980011,177.440002,136.839996,130.790009
269.980011,177.440002,136.839996,130.790009
269.980011,177.440002,136.839996,130.790009
269.980011,177.440002,136.839996,130.790009
269.980011,177.440002,136.839996,130.790009
269.980011,177.440002,136.839996,130.790009
269.980011,177.440002,136.839996,130.790009
269.980011,177.440002,136.839996,130.790009
269.980011,177.440002,136.839996,130.790009
269.980011,177.440002,136.839996,130.790009
269.980011,177.440002,136.839996,130.790009
269.980011,177.440002,136.839996,130.790009
269.980011,177.440002,136.839996,130.790009
269.980011,177.440002,136.839996,130.790009
269.980011,177.440002,136.839996,130.790009
269.980011,177.440002,136.839996,130.790009
269.980011,177.440002,136.839996,130.790009
269.980011,177.440002,136.839996,130.790009
269.980011,177.440002,136.839996,130.790009
269.980011,177.440002,136.839996,130.790009
269.980011,177.440002,136.839996,130.790009
269.980011,177.440002,136.839996,130.790009
269.980011,177.440002,136.839996,130.790009
269.980011,177.440002,136.839996,130.790009
269.980011,177.440002,136.839996,130.790009
269.980011,177.440002,136.839996,130.790009
269.980011,177.440002,136.839996,130.790009
269.980011,177.440002,136.839996,130.790009
269.980011,177.440002,136.839996,130.790009
269.980011,177.440002,136.839996,130.790009
269.980011,177.440002,136.839996,130.790009
269.980011,177.440002,136.839996,130.790009
269.980011,177.440002,136.839996,130.790009
269.980011,177.440002,136.839996,130.790009
269.980011,177.440002,136.839996,130.790009
269.980011,177.440002,136.839996,130.790009
269.980011,177.440002,136.839996,130.790009
269.980011,177.440002,136.839996,130.790009
269.980011,177.440002,136.839996,130.790009
269.980011,177.440002,136.839996,130.790009
269.980011,177.440002,136.839996,130.790009
269.980011,177.440002,136.839996,130.790009
269.980011,177.440002,136.839996,130.790009
269.980011,177.440002,136.839996,130.790009
269.980011,177.440002,136.839996,130.790009
269.980011,177.440002,136.839996,130.790009
269.980011,177.440002,136.839996,130.790009
269.980011,177.440002,136.839996,130.790009
269.980011,177.440002,136.839996,130.790009
269.980011,177.440002,136.839996,130.790009
269.980011,177.440002,136.839996,130.790009
269.980011,177.440002,136.839996,130.790009
233.580002,199.604996,136.839996,130.790009
233.580002,199.604996,136.839996,130.790009
233.580002,199.604996,136.839996,130.790009
296.580017,196.604996,136.839996,130.790009
296.580017,196.604996,136.839996,130.790009
296.580017,196.604996,136.839996,130.790009
229.580002,203.604996,136.839996,130.790009
229.580002,203.604996,136.839996,130.790009
296.580017,191.604996,136.839996,130.790009
296.580017,191.604996,136.839996,130.790009
296.580017,191.604996,136.839996,130.790009
296.580017,191.604996,136.839996,130.790009
296.580017,191.604996,136.839996,130.790009
296.580017,191.604996,136.839996,130.790009
296.580017,191.604996,136.839996,130.790009
296.580017,191.604996,136.839996,130.790009
296.580017,191.604996,136.839996,130.790009
296.580017,191.604996,136.839996,130.790009
296.580017,191.604996,136.839996,130.790009
296.580017,191.604996,136.839996,130.790009
296.580017,191.604996,136.839996,130.790009
296.580017,191.604996,136.839996,130.790009
296.580017,191.604996,136.839996,130.790009
296.580017,191.604996,136.839996,130.790009
296.580017,191.604996,136.839996,130.790009
296.580017,191.604996,136.839996,130.790009
296.580017,191.604996,136.839996,130.790009
296.580017,191.604996,136.839996,130.790009
296.580017,191.604996,136.839996,130.790009
296.580017,191.604996,136.839996,130.790009
296.580017,191.604996,136.839996,130.790009
296.580017,191.604996,136.839996,130.790009
296.580017,191.604996,136.839996,130.790009
296.580017,191.604996,136.839996,130.790009
296.580017,191.604996,136.839996,130.790009
296.580017,191.604996,136.839996,130.790009
245.580002,202.604996,136.839996,130.790009
311.580017,201.604996,136.839996,130.790009
311.580017,201.604996,136.839996,130.790009
311.580017,201.604996,136.839996,130.790009
311.580017,201.604996,136.839996,130.790009
311.580017,201.604996,136.839996,130.790009
311.580017,201.604996,136.839996,130.790009
311.580017,201.604996,136.839996,130.790009
311.580017,201.604996,136.839996,130.790009
311.580017,201.604996,136.839996,130.790009
311.580017,201.604996,136.839996,130.790009
311.580017,201.604996,136.839996,130.790009
311.580017,201.604996,136.839996,130.790009
311.580017,201.604996,136.839996,130.790009
311.580017,201.604996,136.839996,130.790009
311.580017,201.604996,136.839996,130.790009
311.580017,201.604996,136.839996,130.790009
311.580017,201.604996,136.839996,130.790009
311.580017,201.604996,136.839996,130.790009
311.580017,201.604996,136.839996,130.790009
311.580017,201.604996,136.839996,130.790009
311.580017,201.604996,136.839996,130.790009
311.580017,201.604996,136.839996,130.790009
311.580017,201.604996,136.839996,130.790009
311.580017,201.604996,136.839996,130.790009
225.580002,187.604996,136.839996,130.790009
225.580002,187.604996,136.839996,130.790009
225.580002,187.604996,136.839996,130.790009
225.580002,187.604996,136.839996,130.790009
225.580002,187.604996,136.839996,130.790009
225.580002,187.604996,136.839996,130.790009
225.580002,187.604996,136.839996,130.790009
225.580002,187.604996,136.839996,130.790009
225.580002,187.604996,136.839996,130.790009
225.580002,187.604996,136.839996,130.790009
225.580002,187.604996,136.839996,130.790009
225.580002,187.604996,136.839996,130.790009
225.580002,187.604996,136.839996,130.790009
225.580002,187.604996,136.839996,130.790009
225.580002,187.604996,136.839996,130.790009
225.580002,187.604996,136.839996,130.790009
225.580002,187.604996,136.839996,130.790009
225.580002,187.604996,136.839996,130.790009
225.580002,187.604996,136.839996,130.790009
225.580002,187.604996,136.839996,130.790009
225.580002,187.604996,136.839996,130.790009
225.580002,187.604996,136.839996,130.790009
225.580002,187.604996,136.839996,130.790009
225.580002,187.604996,136.839996,130.790009
225.580002,187.604996,136.839996,130.790009
225.580002,187.604996,136.839996,130.790009
225.580002,187.604996,136.839996,130.790009
225.580002,187.604996,136.839996,130.790009
225.580002,187.604996,136.839996,130.790009
225.580002,187.604996,136.839996,130.790009
225.580002,187.604996,136.839996,130.790009
225.580002,187.604996,136.839996,130.790009
225.580002,187.604996,136.839996,130.790009
225.580002,187.604996,136.839996,130.790009
225.580002,187.604996,136.839996,130.790009
225.580002,187.604996,136.839996,130.790009
225.580002,187.604996,136.839996,130.790009
225.580002,187.604996,136.839996,130.790009
225.580002,187.604996,136.839996,130.790009
225.580002,187.604996,136.839996,130.790009
225.580002,187.604996,136.839996,130.790009
225.580002,187.604996,136.839996,130.790009
225.580002,187.604996,136.839996,130.790009
225.580002,187.604996,136.839996,130.790009
225.580002,187.604996,136.839996,130.790009
225.580002,187.604996,136.839996,130.790009
225.580002,187.604996,136.839996,130.790009
225.580002,187.604996,136.839996,130.790009
225.580002,187.604996,136.839996,130.790009
225.580002,187.604996,136.839996,130.790009
225.580002,187.604996,136.839996,130.790009
225.580002,187.604996,136.839996,130.790009
225.580002,187.604996,136.839996,130.790009
225.580002,187.604996,136.839996,130.790009
225.580002,187.604996,136.839996,130.790009
225.580002,187.604996,136.839996,130.790009
225.580002,187.604996,136.839996,130.790009
282.580017,200.604996,136.839996,130.790009
282.580017,200.604996,136.839996,130.790009
282.580017,200.604996,136.839996,130.790009
282.580017,200.604996,136.839996,130.790009
282.580017,200.604996,136.839996,130.790009
282.580017,200.604996,136.839996,130.790009
282.580017,200.604996,136.839996,130.790009
282.580017,200.604996,136.839996,130.790009
282.580017,200.604996,136.839996,130.790009
282.580017,200.604996,136.839996,130.790009
282.580017,200.604996,136.839996,130.790009
282.580017,200.604996,136.839996,130.790009
282.580017,200.604996,136.839996,130.790009
282.580017,200.604996,136.839996,130.790009
282.580017,200.604996,136.839996,130.790009
282.580017,200.604996,136.839996,130.790009
343.580017,199.604996,136.839996,130.790009
343.580017,199.604996,136.839996,130.790009
343.580017,199.604996,136.839996,130.790009
276.580017,201.604996,136.839996,130.790009
276.580017,201.604996,136.839996,130.790009
276.580017,201.604996,136.839996,130.790009
276.580017,201.604996,136.839996,130.790009
330.580017,202.604996,136.839996,130.790009
330.580017,202.604996,136.839996,130.790009
330.580017,202.604996,136.839996,130.790009
330.580017,202.604996,136.839996,130.790009
330.580017,202.604996,136.839996,130.790009
285.580017,202.604996,136.839996,130.790009
285.580017,202.604996,136.839996,130.790009
285.580017,202.604996,136.839996,130.790009
285.580017,202.604996,136.839996,130.790009
285.580017,202.604996,136.839996,130.790009
285.580017,202.604996,136.839996,130.790009
285.580017,202.604996,136.839996,130.790009
285.580017,202.604996,136.839996,130.790009
285.580017,202.604996,136.839996,130.790009
285.580017,202.604996,136.839996,130.790009
285.580017,202.604996,136.839996,130.790009
285.580017,202.604996,136.839996,130.790009
285.580017,202.604996,136.839996,130.790009
285.580017,202.604996,136.839996,130.790009
285.580017,202.604996,136.839996,130.790009
285.580017,202.604996,136.839996,130.790009
285.580017,202.604996,136.839996,130.790009
285.580017,202.604996,136.839996,130.790009
285.580017,202.604996,136.839996,130.790009
285.580017,202.604996,136.839996,130.790009
285.580017,202.604996,136.839996,130.790009
285.580017,202.604996,136.839996,130.790009
285.580017,202.604996,136.839996,130.790009
285.580017,202.604996,136.839996,130.790009
285.580017,202.604996,136.839996,130.790009
285.580017,202.604996,136.839996,130.790009
285.580017,202.604996,136.839996,130.790009
285.580017,202.604996,136.839996,130.790009
285.580017,202.604996,136.839996,130.790009
285.580017,202.604996,136.839996,130.790009
285.580017,202.604996,136.839996,130.790009
285.580017,202.604996,136.839996,130.790009
285.580017,202.604996,136.839996,130.790009
285.580017,202.604996,136.839996,130.790009
285.580017,202.604996,136.839996,130.790009
285.580017,202.604996,136.839996,130.790009
285.580017,202.604996,136.839996,130.790009
285.580017,202.604996,136.839996,130.790009
285.580017,202.604996,136.839996,130.790009
285.580017,202.604996,136.839996,130.790009
285.580017,202.604996,136.839996,130.790009
285.580017,202.604996,136.839996,130.790009
285.580017,202.604996,136.839996,130.790009
285.580017,202.604996,136.839996,130.790009
285.580017,202.604996,136.839996,130.790009
285.580017,202.604996,136.839996,130.790009
285.580017,202.604996,136.839996,130.790009
285.580017,202.604996,136.839996,130.790009
285.580017,202.604996,136.839996,130.790009
285.580017,202.604996,136.839996,130.790009
285.580017,202.604996,136.839996,130.790009
285.580017,202.604996,136.839996,130.790009
285.580017,202.604996,136.839996,130.790009
285.580017,202.604996,136.839996,130.790009
285.580017,202.604996,136.839996,130.790009
285.580017,202.604996,136.839996,130.790009
285.580017,202.604996,136.839996,130.790009
285.580017,202.604996,136.839996,130.790009
285.580017,202.604996,136.839996,130.790009
285.580017,202.604996,136.839996,130.790009
285.580017,202.604996,136.839996,130.790009
285.580017,202.604996,136.839996,130.790009
2
0
0
0
0
1
268.839996,255.429993,234.440002,77.720001
268.839996,255.429993,234.440002,77.720001
268.839996,255.429993,234.440002,77.720001
268.839996,255.429993,234.440002,77.720001
268.839996,255.429993,234.440002,77.720001
268.839996,255.429993,234.440002,77.720001
268.839996,255.429993,234.440002,77.720001
268.839996,255.429993,234.440002,77.720001
268.839996,255.429993,234.440002,77.720001
268.839996,255.429993,234.440002,77.720001
268.839996,255.429993,234.440002,77.720001
268.839996,255.429993,234.440002,77.720001
268.839996,255.429993,234.440002,77.720001
268.839996,255.429993,234.440002,77.720001
268.839996,255.429993,234.440002,77.720001
268.839996,255.429993,234.440002,77.720001
268.839996,255.429993,234.440002,77.720001
268.839996,255.429993,234.440002,77.720001
268.839996,255.429993,234.440002,77.720001
268.839996,255.429993,234.440002,77.720001
268.839996,255.429993,234.440002,77.720001
268.839996,255.429993,234.440002,77.720001
268.839996,255.429993,234.440002,77.720001
268.839996,255.429993,234.440002,77.720001
268.839996,255.429993,234.440002,77.720001
268.839996,255.429993,234.440002,77.720001
196.779999,236.139999,234.440002,77.720001
196.779999,236.139999,234.440002,77.720001
196.779999,236.139999,234.440002,77.720001
196.779999,236.139999,234.440002,77.720001
196.779999,236.139999,234.440002,77.720001
196.779999,236.139999,234.440002,77.720001
196.779999,236.139999,234.440002,77.720001
196.779999,236.139999,234.440002,77.720001
196.779999,236.139999,234.440002,77.720001
196.779999,236.139999,234.440002,77.720001
196.779999,236.139999,234.440002,77.720001
196.779999,236.139999,234.440002,77.720001
196.779999,236.139999,234.440002,77.720001
196.779999,236.139999,234.440002,77.720001
196.779999,236.139999,234.440002,77.720001
196.779999,236.139999,234.440002,77.720001
196.779999,236.139999,234.440002,77.720001
196.779999,236.139999,234.440002,77.720001
196.779999,236.139999,234.440002,77.720001
196.779999,236.139999,234.440002,77.720001
196.779999,236.139999,234.440002,77.720001
196.779999,236.139999,234.440002,77.720001
196.779999,236.139999,234.440002,77.720001
196.779999,236.139999,234.440002,77.720001
196.779999,236.139999,234.440002,77.720001
196.779999,236.139999,234.440002,77.720001
196.779999,236.139999,234.440002,77.720001
196.779999,236.139999,234.440002,77.720001
196.779999,236.139999,234.440002,77.720001
196.779999,236.139999,234.440002,77.720001
196.779999,236.139999,234.440002,77.720001
196.779999,236.139999,234.440002,77.720001
196.779999,236.139999,234.440002,77.720001
196.779999,236.139999,234.440002,77.720001
196.779999,236.139999,234.440002,77.720001
196.779999,236.139999,234.440002,77.720001
196.779999,236.139999,234.440002,77.720001
196.779999,236.139999,234.440002,77.720001
196.779999,236.139999,234.440002,77.720001
196.779999,236.139999,234.440002,77.720001
196.779999,236.139999,234.440002,77.720001
196.779999,236.139999,234.440002,77.720001
196.779999,236.139999,234.440002,77.720001
196.779999,236.139999,234.440002,77.720001
196.779999,236.139999,234.440002,77.720001
196.779999,236.139999,234.440002,77.720001
196.779999,236.139999,234.440002,77.720001
196.779999,236.139999,234.440002,77.720001
196.779999,236.139999,234.440002,77.720001
196.779999,236.139999,234.440002,77.720001
196.779999,236.139999,234.440002,77.720001
196.779999,236.139999,234.440002,77.720001
196.779999,236.139999,234.440002,77.720001
196.779999,236.139999,234.440002,77.720001
196.779999,236.139999,234.440002,77.720001
196.779999,236.139999,234.440002,77.720001
196.779999,236.139999,234.440002,77.720001
196.779999,236.139999,234.440002,77.720001
196.779999,236.139999,234.440002,77.720001
196.779999,236.139999,234.440002,77.720001
196.779999,236.139999,234.440002,77.720001
196.779999,236.139999,234.440002,77.720001
196.779999,236.139999,234.440002,77.720001
196.779999,236.139999,234.440002,77.720001
196.779999,236.139999,234.440002,77.720001
196.779999,236.139999,234.440002,77.720001
196.779999,236.139999,234.440002,77.720001
196.779999,236.139999,234.440002,77.720001
196.779999,236.139999,234.440002,77.720001
196.779999,236.139999,234.440002,77.720001
196.779999,236.139999,234.440002,77.720001
196.779999,236.139999,234.440002,77.720001
196.779999,236.139999,234.440002,77.720001
229.779999,211.139999,234.440002,77.720001
229.779999,211.139999,234.440002,77.720001
229.779999,211.139999,234.440002,77.720001
158.779999,221.139999,234.440002,77.720001
158.779999,221.139999,234.440002,77.720001
158.779999,221.139999,234.440002,77.720001
158.779999,221.139999,234.440002,77.720001
158.779999,221.139999,234.440002,77.720001
158.779999,221.139999,234.440002,77.720001
158.779999,221.139999,234.440002,77.720001
158.779999,221.139999,234.440002,77.720001
158.779999,221.139999,234.440002,77.720001
158.779999,221.139999,234.440002,77.720001
158.779999,221.139999,234.440002,77.720001
158.779999,221.139999,234.440002,77.720001
158.779999,221.139999,234.440002,77.720001
158.779999,221.139999,234.440002,77.720001
158.779999,221.139999,234.440002,77.720001
158.779999,221.139999,234.440002,77.720001
158.779999,221.139999,234.440002,77.720001
158.779999,221.139999,234.440002,77.720001
158.779999,221.139999,234.440002,77.720001
158.779999,221.139999,234.440002,77.720001
158.779999,221.139999,234.440002,77.720001
158.779999,221.139999,234.440002,77.720001
158.779999,221.139999,234.440002,77.720001
158.779999,221.139999,234.440002,77.720001
158.779999,221.139999,234.440002,77.720001
158.779999,221.139999,234.440002,77.720001
158.779999,221.139999,234.440002,77.720001
158.779999,221.139999,234.440002,77.720001
158.779999,221.139999,234.440002,77.720001
158.779999,221.139999,234.440002,77.720001
158.779999,221.139999,234.440002,77.720001
158.779999,221.139999,234.440002,77.720001
158.779999,221.139999,234.440002,77.720001
158.779999,221.139999,234.440002,77.720001
158.779999,221.139999,234.440002,77.720001
158.779999,221.139999,234.440002,77.720001
158.779999,221.139999,234.440002,77.720001
158.779999,221.139999,234.440002,77.720001
158.779999,221.139999,234.440002,77.720001
158.779999,221.139999,234.440002,77.720001
158.779999,221.139999,234.440002,77.720001
158.779999,221.139999,234.440002,77.720001
158.779999,221.139999,234.440002,77.720001
158.779999,221.139999,234.440002,77.720001
158.779999,221.139999,234.440002,77.720001
158.779999,221.139999,234.440002,77.720001
158.779999,221.139999,234.440002,77.720001
158.779999,221.139999,234.440002,77.720001
158.779999,221.139999,234.440002,77.720001
158.779999,221.139999,234.440002,77.720001
158.779999,221.139999,234.440002,77.720001
158.779999,221.139999,234.440002,77.720001
158.779999,221.139999,234.440002,77.720001
158.779999,221.139999,234.440002,77.720001
158.779999,221.139999,234.440002,77.720001
158.779999,221.139999,234.440002,77.720001
158.779999,221.139999,234.440002,77.720001
230.779999,256.140015,234.440002,77.720001
230.779999,256.140015,234.440002,77.720001
230.779999,256.140015,234.440002,77.720001
230.779999,256.140015,234.440002,77.720001
230.779999,256.140015,234.440002,77.720001
230.779999,256.140015,234.440002,77.720001
230.779999,256.140015,234.440002,77.720001
230.779999,256.140015,234.440002,77.720001
239.779999,231.139999,234.440002,77.720001
239.779999,231.139999,234.440002,77.720001
239.779999,231.139999,234.440002,77.720001
239.779999,231.139999,234.440002,77.720001
239.779999,231.139999,234.440002,77.720001
239.779999,231.139999,234.440002,77.720001
239.779999,231.139999,234.440002,77.720001
239.779999,231.139999,234.440002,77.720001
239.779999,231.139999,234.440002,77.720001
239.779999,231.139999,234.440002,77.720001
239.779999,231.139999,234.440002,77.720001
239.779999,231.139999,234.440002,77.720001
239.779999,231.139999,234.440002,77.720001
239.779999,231.139999,234.440002,77.720001
239.779999,231.139999,234.440002,77.720001
239.779999,231.139999,234.440002,77.720001
239.779999,231.139999,234.440002,77.720001
239.779999,231.139999,234.440002,77.720001
239.779999,231.139999,234.440002,77.720001
239.779999,231.139999,234.440002,77.720001
239.779999,231.139999,234.440002,77.720001
239.779999,231.139999,234.440002,77.720001
239.779999,231.139999,234.440002,77.720001
239.779999,231.139999,234.440002,77.720001
239.779999,231.139999,234.440002,77.720001
239.779999,231.139999,234.440002,77.720001
239.779999,231.139999,234.440002,77.720001
