1
385.500000,142.500000,105.000000,91.000000
385.500000,142.500000,105.000000,91.000000
385.500000,142.500000,105.000000,91.000000
385.500000,142.500000,105.000000,91.000000
385.500000,142.500000,105.000000,91.000000
385.500000,142.500000,105.000000,91.000000
385.500000,142.500000,105.000000,91.000000
385.500000,142.500000,105.000000,91.000000
385.500000,142.500000,105.000000,91.000000
385.500000,142.500000,105.000000,91.000000
385.500000,142.500000,105.000000,91.000000
385.500000,142.500000,105.000000,91.000000
385.500000,142.500000,105.000000,91.000000
385.500000,142.500000,105.000000,91.000000
385.500000,142.500000,105.000000,91.000000
385.500000,142.500000,105.000000,91.000000
385.500000,142.500000,105.000000,91.000000
385.500000,142.500000,105.000000,91.000000
385.500000,142.500000,105.000000,91.000000
385.500000,142.500000,105.000000,91.000000
385.500000,142.500000,105.000000,91.000000
385.500000,142.500000,105.000000,91.000000
385.500000,142.500000,105.000000,91.000000
385.500000,142.500000,105.000000,91.000000
385.500000,142.500000,105.000000,91.000000
385.500000,142.500000,105.000000,91.000000
385.500000,142.500000,105.000000,91.000000
385.500000,142.500000,105.000000,91.000000
385.500000,142.500000,105.000000,91.000000
385.500000,142.500000,105.000000,91.000000
385.500000,142.500000,105.000000,91.000000
385.500000,142.500000,105.000000,91.000000
385.500000,142.500000,105.000000,91.000000
385.500000,142.500000,105.000000,91.000000
385.500000,142.500000,105.000000,91.000000
385.500000,142.500000,105.000000,91.000000
385.500000,142.500000,105.000000,91.000000
385.500000,142.500000,105.000000,91.000000
385.500000,142.500000,105.000000,91.000000
385.500000,142.500000,105.000000,91.000000
385.500000,142.500000,105.000000,91.000000
385.500000,142.500000,105.000000,91.000000
385.500000,142.500000,105.000000,91.000000
385.500000,142.500000,105.000000,91.000000
385.500000,142.500000,105.000000,91.000000
385.500000,142.500000,105.000000,91.000000
385.500000,142.500000,105.000000,91.000000
385.500000,142.500000,105.000000,91.000000
2
0
0
0
0
1
274.179993,84.669998,101.820007,52.240005
274.179993,84.669998,101.820007,52.240005
274.179993,84.669998,101.820007,52.240005
274.179993,84.669998,101.820007,52.240005
274.179993,84.669998,101.820007,52.240005
274.179993,84.669998,101.820007,52.240005
274.179993,84.669998,101.820007,52.240005
274.179993,84.669998,101.820007,52.240005
274.179993,84.669998,101.820007,52.240005
274.179993,84.669998,101.820007,52.240005
274.179993,84.669998,101.820007,52.240005
274.179993,84.669998,101.820007,52.240005
274.179993,84.669998,101.820007,52.240005
274.179993,84.669998,101.820007,52.240005
274.179993,84.669998,101.820007,52.240005
274.179993,84.669998,101.820007,52.240005
274.179993,84.669998,101.820007,52.240005
274.179993,84.669998,101.820007,52.240005
274.179993,84.669998,101.820007,52.240005
274.179993,84.669998,101.820007,52.240005
274.179993,84.669998,101.820007,52.240005
274.179993,84.669998,101.820007,52.240005
274.179993,84.669998,101.820007,52.240005
274.179993,84.669998,101.820007,52.240005
274.179993,84.669998,101.820007,52.240005
274.179993,84.669998,101.820007,52.240005
274.179993,84.669998,101.820007,52.240005
274.179993,84.669998,101.820007,52.240005
274.179993,84.669998,101.820007,52.240005
274.179993,84.669998,101.820007,52.240005
274.179993,84.669998,101.820007,52.240005
274.179993,84.669998,101.820007,52.240005
274.179993,84.669998,101.820007,52.240005
274.179993,84.669998,101.820007,52.240005
274.179993,84.669998,101.820007,52.240005
314.089996,89.879997,101.820007,52.240005
314.089996,89.879997,101.820007,52.240005
314.089996,89.879997,101.820007,52.240005
314.089996,89.879997,101.820007,52.240005
314.089996,89.879997,101.820007,52.240005
314.089996,89.879997,101.820007,52.240005
314.089996,89.879997,101.820007,52.240005
314.089996,89.879997,101.820007,52.240005
314.089996,89.879997,101.820007,52.240005
314.089996,89.879997,101.820007,52.240005
314.089996,89.879997,101.820007,52.240005
314.089996,89.879997,101.820007,52.240005
314.089996,89.879997,101.820007,52.240005
314.089996,89.879997,101.820007,52.240005
314.089996,89.879997,101.820007,52.240005
314.089996,89.879997,101.820007,52.240005
314.089996,89.879997,101.820007,52.240005
270.089996,77.879997,101.820007,52.240005
270.089996,77.879997,101.820007,52.240005
270.089996,77.879997,101.820007,52.240005
270.089996,77.879997,101.820007,52.240005
270.089996,77.879997,101.820007,52.240005
270.089996,77.879997,101.820007,52.240005
270.089996,77.879997,101.820007,52.240005
270.089996,77.879997,101.820007,52.240005
270.089996,77.879997,101.820007,52.240005
270.089996,77.879997,101.820007,52.240005
270.089996,77.879997,101.820007,52.240005
270.089996,77.879997,101.820007,52.240005
270.089996,77.879997,101.820007,52.240005
270.089996,77.879997,101.820007,52.240005
270.089996,77.879997,101.820007,52.240005
270.089996,77.879997,101.820007,52.240005
270.089996,77.879997,101.820007,52.240005
270.089996,77.879997,101.820007,52.240005
270.089996,77.879997,101.820007,52.240005
260.089996,57.879997,101.820007,52.240005
308.089996,81.879997,101.820007,52.240005
308.089996,81.879997,101.820007,52.240005
308.089996,81.879997,101.820007,52.240005
308.089996,81.879997,101.820007,52.240005
308.089996,81.879997,101.820007,52.240005
308.089996,81.879997,101.820007,52.240005
308.089996,81.879997,101.820007,52.240005
308.089996,81.879997,101.820007,52.240005
308.089996,81.879997,101.820007,52.240005
308.089996,81.879997,101.820007,52.240005
308.089996,81.879997,101.820007,52.240005
308.089996,81.879997,101.820007,52.240005
249.089996,64.879997,101.820007,52.240005
249.089996,64.879997,101.820007,52.240005
249.089996,64.879997,101.820007,52.240005
249.089996,64.879997,101.820007,52.240005
249.089996,64.879997,101.820007,52.240005
249.089996,64.879997,101.820007,52.240005
249.089996,64.879997,101.820007,52.240005
294.089996,65.879997,101.820007,52.240005
294.089996,65.879997,101.820007,52.240005
294.089996,65.879997,101.820007,52.240005
294.089996,65.879997,101.820007,52.240005
294.089996,65.879997,101.820007,52.240005
294.089996,65.879997,101.820007,52.240005
238.089996,71.879997,101.820007,52.240005
238.089996,71.879997,101.820007,52.240005
238.089996,71.879997,101.820007,52.240005
238.089996,71.879997,101.820007,52.240005
238.089996,71.879997,101.820007,52.240005
238.089996,71.879997,101.820007,52.240005
238.089996,71.879997,101.820007,52.240005
238.089996,71.879997,101.820007,52.240005
238.089996,71.879997,101.820007,52.240005
238.089996,71.879997,101.820007,52.240005
238.089996,71.879997,101.820007,52.240005
238.089996,71.879997,101.820007,52.240005
238.089996,71.879997,101.820007,52.240005
238.089996,71.879997,101.820007,52.240005
238.089996,71.879997,101.820007,52.240005
238.089996,71.879997,101.820007,52.240005
238.089996,71.879997,101.820007,52.240005
238.089996,71.879997,101.820007,52.240005
238.089996,71.879997,101.820007,52.240005
238.089996,71.879997,101.820007,52.240005
238.089996,71.879997,101.820007,52.240005
238.089996,71.879997,101.820007,52.240005
2
0
0
0
0
1
325.820007,100.900002,77.570007,66.549995
325.820007,100.900002,77.570007,66.549995
325.820007,100.900002,77.570007,66.549995
325.820007,100.900002,77.570007,66.549995
325.820007,100.900002,77.570007,66.549995
325.820007,100.900002,77.570007,66.549995
325.820007,100.900002,77.570007,66.549995
325.820007,100.900002,77.570007,66.549995
325.820007,100.900002,77.570007,66.549995
325.820007,100.900002,77.570007,66.549995
325.820007,100.900002,77.570007,66.549995
325.820007,100.900002,77.570007,66.549995
325.820007,100.900002,77.570007,66.549995
325.820007,100.900002,77.570007,66.549995
325.820007,100.900002,77.570007,66.549995
325.820007,100.900002,77.570007,66.549995
325.820007,100.900002,77.570007,66.549995
325.820007,100.900002,77.570007,66.549995
325.820007,100.900002,77.570007,66.549995
325.820007,100.900002,77.570007,66.549995
325.820007,100.900002,77.570007,66.549995
325.820007,100.900002,77.570007,66.549995
325.820007,100.900002,77.570007,66.549995
325.820007,100.900002,77.570007,66.549995
325.820007,100.900002,77.570007,66.549995
325.820007,100.900002,77.570007,66.549995
325.820007,100.900002,77.570007,66.549995
325.820007,100.900002,77.570007,66.549995
325.820007,100.900002,77.570007,66.549995
325.820007,100.900002,77.570007,66.549995
325.820007,100.900002,77.570007,66.549995
325.820007,100.900002,77.570007,66.549995
325.820007,100.900002,77.570007,66.549995
325.820007,100.900002,77.570007,66.549995
325.820007,100.900002,77.570007,66.549995
325.820007,100.900002,77.570007,66.549995
325.820007,100.900002,77.570007,66.549995
325.820007,100.900002,77.570007,66.549995
325.820007,100.900002,77.570007,66.549995
325.820007,100.900002,77.570007,66.549995
325.820007,100.900002,77.570007,66.549995
325.820007,100.900002,77.570007,66.549995
325.820007,100.900002,77.570007,66.549995
325.820007,100.900002,77.570007,66.549995
325.820007,100.900002,77.570007,66.549995
325.820007,100.900002,77.570007,66.549995
325.820007,100.900002,77.570007,66.549995
325.820007,100.900002,77.570007,66.549995
325.214996,100.725006,77.570007,66.549995
325.214996,100.725006,77.570007,66.549995
325.214996,100.725006,77.570007,66.549995
325.214996,100.725006,77.570007,66.549995
325.214996,100.725006,77.570007,66.549995
325.214996,100.725006,77.570007,66.549995
325.214996,100.725006,77.570007,66.549995
325.214996,100.725006,77.570007,66.549995
325.214996,100.725006,77.570007,66.549995
325.214996,100.725006,77.570007,66.549995
325.214996,100.725006,77.570007,66.549995
325.214996,100.725006,77.570007,66.549995
325.214996,100.725006,77.570007,66.549995
325.214996,100.725006,77.570007,66.549995
2
0
0
0
0
1
212.889999,161.860001,163.770004,154.430008
212.889999,161.860001,163.770004,154.430008
212.889999,161.860001,163.770004,154.430008
212.889999,161.860001,163.770004,154.430008
212.889999,161.860001,163.770004,154.430008
212.889999,161.860001,163.770004,154.430008
155.115005,164.784988,163.770004,154.430008
217.115005,152.784988,163.770004,154.430008
217.115005,152.784988,163.770004,154.430008
217.115005,152.784988,163.770004,154.430008
217.115005,152.784988,163.770004,154.430008
217.115005,152.784988,163.770004,154.430008
217.115005,152.784988,163.770004,154.430008
217.115005,152.784988,163.770004,154.430008
159.115005,175.784988,163.770004,154.430008
159.115005,175.784988,163.770004,154.430008
159.115005,175.784988,163.770004,154.430008
159.115005,175.784988,163.770004,154.430008
159.115005,175.784988,163.770004,154.430008
159.115005,175.784988,163.770004,154.430008
231.115005,158.784988,163.770004,154.430008
231.115005,158.784988,163.770004,154.430008
231.115005,158.784988,163.770004,154.430008
231.115005,158.784988,163.770004,154.430008
231.115005,158.784988,163.770004,154.430008
231.115005,158.784988,163.770004,154.430008
231.115005,158.784988,163.770004,154.430008
231.115005,158.784988,163.770004,154.430008
231.115005,158.784988,163.770004,154.430008
231.115005,158.784988,163.770004,154.430008
186.115005,178.784988,163.770004,154.430008
186.115005,178.784988,163.770004,154.430008
186.115005,178.784988,163.770004,154.430008
186.115005,178.784988,163.770004,154.430008
186.115005,178.784988,163.770004,154.430008
186.115005,178.784988,163.770004,154.430008
186.115005,178.784988,163.770004,154.430008
186.115005,178.784988,163.770004,154.430008
186.115005,178.784988,163.770004,154.430008
186.115005,178.784988,163.770004,154.430008
186.115005,178.784988,163.770004,154.430008
186.115005,178.784988,163.770004,154.430008
186.115005,178.784988,163.770004,154.430008
186.115005,178.784988,163.770004,154.430008
186.115005,178.784988,163.770004,154.430008
186.115005,178.784988,163.770004,154.430008
186.115005,178.784988,163.770004,154.430008
186.115005,178.784988,163.770004,154.430008
186.115005,178.784988,163.770004,154.430008
186.115005,178.784988,163.770004,154.430008
186.115005,178.784988,163.770004,154.430008
186.115005,178.784988,163.770004,154.430008
186.115005,178.784988,163.770004,154.430008
186.115005,178.784988,163.770004,154.430008
186.115005,178.784988,163.770004,154.430008
186.115005,178.784988,163.770004,154.430008
186.115005,178.784988,163.770004,154.430008
186.115005,178.784988,163.770004,154.430008
186.115005,178.784988,163.770004,154.430008
186.115005,178.784988,163.770004,154.430008
186.115005,178.784988,163.770004,154.430008
186.115005,178.784988,163.770004,154.430008
186.115005,178.784988,163.770004,154.430008
186.115005,178.784988,163.770004,154.430008
186.115005,178.784988,163.770004,154.430008
186.115005,178.784988,163.770004,154.430008
186.115005,178.784988,163.770004,154.430008
186.115005,178.784988,163.770004,154.430008
186.115005,178.784988,163.770004,154.430008
186.115005,178.784988,163.770004,154.430008
186.115005,178.784988,163.770004,154.430008
298.114990,77.784996,163.770004,154.430008
298.114990,77.784996,163.770004,154.430008
298.114990,77.784996,163.770004,154.430008
298.114990,77.784996,163.770004,154.430008
156.115005,149.784988,163.770004,154.430008
156.115005,149.784988,163.770004,154.430008
156.115005,149.784988,163.770004,154.430008
156.115005,149.784988,163.770004,154.430008
156.115005,149.784988,163.770004,154.430008
156.115005,149.784988,163.770004,154.430008
156.115005,149.784988,163.770004,154.430008
255.115005,60.784996,163.770004,154.430008
255.115005,60.784996,163.770004,154.430008
255.115005,60.784996,163.770004,154.430008
255.115005,60.784996,163.770004,154.430008
255.115005,60.784996,163.770004,154.430008
260.114990,144.784988,163.770004,154.430008
260.114990,144.784988,163.770004,154.430008
174.115005,175.784988,163.770004,154.430008
174.115005,175.784988,163.770004,154.430008
174.115005,175.784988,163.770004,154.430008
174.115005,175.784988,163.770004,154.430008
174.115005,175.784988,163.770004,154.430008
174.115005,175.784988,163.770004,154.430008
174.115005,175.784988,163.770004,154.430008
174.115005,175.784988,163.770004,154.430008
246.115005,148.784988,163.770004,154.430008
173.115005,156.784988,163.770004,154.430008
173.115005,156.784988,163.770004,154.430008
232.115005,147.784988,163.770004,154.430008
232.115005,147.784988,163.770004,154.430008
232.115005,147.784988,163.770004,154.430008
232.115005,147.784988,163.770004,154.430008
232.115005,147.784988,163.770004,154.430008
232.115005,147.784988,163.770004,154.430008
232.115005,147.784988,163.770004,154.430008
232.115005,147.784988,163.770004,154.430008
232.115005,147.784988,163.770004,154.430008
232.115005,147.784988,163.770004,154.430008
232.115005,147.784988,163.770004,154.430008
232.115005,147.784988,163.770004,154.430008
232.115005,147.784988,163.770004,154.430008
232.115005,147.784988,163.770004,154.430008
170.115005,179.784988,163.770004,154.430008
232.115005,162.784988,163.770004,154.430008
232.115005,162.784988,163.770004,154.430008
232.115005,162.784988,163.770004,154.430008
232.115005,162.784988,163.770004,154.430008
232.115005,162.784988,163.770004,154.430008
232.115005,162.784988,163.770004,154.430008
232.115005,162.784988,163.770004,154.430008
232.115005,162.784988,163.770004,154.430008
232.115005,162.784988,163.770004,154.430008
232.115005,162.784988,163.770004,154.430008
232.115005,162.784988,163.770004,154.430008
232.115005,162.784988,163.770004,154.430008
232.115005,162.784988,163.770004,154.430008
232.115005,162.784988,163.770004,154.430008
232.115005,162.784988,163.770004,154.430008
232.115005,162.784988,163.770004,154.430008
232.115005,162.784988,163.770004,154.430008
232.115005,162.784988,163.770004,154.430008
232.115005,162.784988,163.770004,154.430008
232.115005,162.784988,163.770004,154.430008
232.115005,162.784988,163.770004,154.430008
232.115005,162.784988,163.770004,154.430008
232.115005,162.784988,163.770004,154.430008
232.115005,162.784988,163.770004,154.430008
232.115005,162.784988,163.770004,154.430008
232.115005,162.784988,163.770004,154.430008
232.115005,162.784988,163.770004,154.430008
232.115005,162.784988,163.770004,154.430008
232.115005,162.784988,163.770004,154.430008
232.115005,162.784988,163.770004,154.430008
232.115005,162.784988,163.770004,154.430008
232.115005,162.784988,163.770004,154.430008
232.115005,162.784988,163.770004,154.430008
232.115005,162.784988,163.770004,154.430008
232.115005,162.784988,163.770004,154.430008
232.115005,162.784988,163.770004,154.430008
232.115005,162.784988,163.770004,154.430008
232.115005,162.784988,163.770004,154.430008
174.115005,175.784988,163.770004,154.430008
174.115005,175.784988,163.770004,154.430008
248.115005,161.784988,163.770004,154.430008
190.115005,179.784988,163.770004,154.430008
252.115005,157.784988,163.770004,154.430008
252.115005,157.784988,163.770004,154.430008
252.115005,157.784988,163.770004,154.430008
252.115005,157.784988,163.770004,154.430008
252.115005,157.784988,163.770004,154.430008
206.115005,178.784988,163.770004,154.430008
206.115005,178.784988,163.770004,154.430008
206.115005,178.784988,163.770004,154.430008
206.115005,178.784988,163.770004,154.430008
206.115005,178.784988,163.770004,154.430008
206.115005,178.784988,163.770004,154.430008
206.115005,178.784988,163.770004,154.430008
206.115005,178.784988,163.770004,154.430008
157.115005,177.784988,163.770004,154.430008
157.115005,177.784988,163.770004,154.430008
157.115005,177.784988,163.770004,154.430008
248.115005,176.784988,163.770004,154.430008
248.115005,176.784988,163.770004,154.430008
248.115005,176.784988,163.770004,154.430008
248.115005,176.784988,163.770004,154.430008
248.115005,176.784988,163.770004,154.430008
147.115005,172.784988,163.770004,154.430008
147.115005,172.784988,163.770004,154.430008
147.115005,172.784988,163.770004,154.430008
147.115005,172.784988,163.770004,154.430008
147.115005,172.784988,163.770004,154.430008
147.115005,172.784988,163.770004,154.430008
147.115005,172.784988,163.770004,154.430008
147.115005,172.784988,163.770004,154.430008
241.115005,178.784988,163.770004,154.430008
241.115005,178.784988,163.770004,154.430008
241.115005,178.784988,163.770004,154.430008
241.115005,178.784988,163.770004,154.430008
241.115005,178.784988,163.770004,154.430008
241.115005,178.784988,163.770004,154.430008
241.115005,178.784988,163.770004,154.430008
241.115005,178.784988,163.770004,154.430008
162.115005,177.784988,163.770004,154.430008
162.115005,177.784988,163.770004,154.430008
162.115005,177.784988,163.770004,154.430008
233.115005,166.784988,163.770004,154.430008
160.115005,174.784988,163.770004,154.430008
232.115005,162.784988,163.770004,154.430008
232.115005,162.784988,163.770004,154.430008
232.115005,162.784988,163.770004,154.430008
232.115005,162.784988,163.770004,154.430008
153.115005,176.784988,163.770004,154.430008
220.115005,169.784988,163.770004,154.430008
142.115005,177.784988,163.770004,154.430008
224.115005,175.784988,163.770004,154.430008
224.115005,175.784988,163.770004,154.430008
224.115005,175.784988,163.770004,154.430008
224.115005,175.784988,163.770004,154.430008
224.115005,175.784988,163.770004,154.430008
224.115005,175.784988,163.770004,154.430008
224.115005,175.784988,163.770004,154.430008
224.115005,175.784988,163.770004,154.430008
224.115005,175.784988,163.770004,154.430008
224.115005,175.784988,163.770004,154.430008
224.115005,175.784988,163.770004,154.430008
224.115005,175.784988,163.770004,154.430008
224.115005,175.784988,163.770004,154.430008
224.115005,175.784988,163.770004,154.430008
224.115005,175.784988,163.770004,154.430008
224.115005,175.784988,163.770004,154.430008
224.115005,175.784988,163.770004,154.430008
224.115005,175.784988,163.770004,154.430008
224.115005,175.784988,163.770004,154.430008
224.115005,175.784988,163.770004,154.430008
178.115005,176.784988,163.770004,154.430008
178.115005,176.784988,163.770004,154.430008
178.115005,176.784988,163.770004,154.430008
178.115005,176.784988,163.770004,154.430008
178.115005,176.784988,163.770004,154.430008
178.115005,176.784988,163.770004,154.430008
178.115005,176.784988,163.770004,154.430008
178.115005,176.784988,163.770004,154.430008
178.115005,176.784988,163.770004,154.430008
178.115005,176.784988,163.770004,154.430008
178.115005,176.784988,163.770004,154.430008
178.115005,176.784988,163.770004,154.430008
178.115005,176.784988,163.770004,154.430008
178.115005,176.784988,163.770004,154.430008
178.115005,176.784988,163.770004,154.430008
178.115005,176.784988,163.770004,154.430008
178.115005,176.784988,163.770004,154.430008
178.115005,176.784988,163.770004,154.430008
178.115005,176.784988,163.770004,154.430008
178.115005,176.784988,163.770004,154.430008
178.115005,176.784988,163.770004,154.430008
178.115005,176.784988,163.770004,154.430008
178.115005,176.784988,163.770004,154.430008
178.115005,176.784988,163.770004,154.430008
178.115005,176.784988,163.770004,154.430008
178.115005,176.784988,163.770004,154.430008
178.115005,176.784988,163.770004,154.430008
178.115005,176.784988,163.770004,154.430008
178.115005,176.784988,163.770004,154.430008
178.115005,176.784988,163.770004,154.430008
178.115005,176.784988,163.770004,154.430008
178.115005,176.784988,163.770004,154.430008
178.115005,176.784988,163.770004,154.430008
178.115005,176.784988,163.770004,154.430008
178.115005,176.784988,163.770004,154.430008
178.115005,176.784988,163.770004,154.430008
178.115005,176.784988,163.770004,154.430008
178.115005,176.784988,163.770004,154.430008
178.115005,176.784988,163.770004,154.430008
178.115005,176.784988,163.770004,154.430008
178.115005,176.784988,163.770004,154.430008
178.115005,176.784988,163.770004,154.430008
178.115005,176.784988,163.770004,154.430008
178.115005,176.784988,163.770004,154.430008
178.115005,176.784988,163.770004,154.430008
178.115005,176.784988,163.770004,154.430008
178.115005,176.784988,163.770004,154.430008
178.115005,176.784988,163.770004,154.430008
178.115005,176.784988,163.770004,154.430008
178.115005,176.784988,163.770004,154.430008
178.115005,176.784988,163.770004,154.430008
178.115005,176.784988,163.770004,154.430008
178.115005,176.784988,163.770004,154.430008
178.115005,176.784988,163.770004,154.430008
178.115005,176.784988,163.770004,154.430008
178.115005,176.784988,163.770004,154.430008
178.115005,176.784988,163.770004,154.430008
178.115005,176.784988,163.770004,154.430008
178.115005,176.784988,163.770004,154.430008
178.115005,176.784988,163.770004,154.430008
178.115005,176.784988,163.770004,154.430008
178.115005,176.784988,163.770004,154.430008
178.115005,176.784988,163.770004,154.430008
178.115005,176.784988,163.770004,154.430008
178.115005,176.784988,163.770004,154.430008
178.115005,176.784988,163.770004,154.430008
178.115005,176.784988,163.770004,154.430008
178.115005,176.784988,163.770004,154.430008
178.115005,176.784988,163.770004,154.430008
178.115005,176.784988,163.770004,154.430008
178.115005,176.784988,163.770004,154.430008
235.115005,168.784988,163.770004,154.430008
235.115005,168.784988,163.770004,154.430008
235.115005,168.784988,163.770004,154.430008
235.115005,168.784988,163.770004,154.430008
164.115005,177.784988,163.770004,154.430008
164.115005,177.784988,163.770004,154.430008
246.115005,164.784988,163.770004,154.430008
246.115005,164.784988,163.770004,154.430008
246.115005,164.784988,163.770004,154.430008
246.115005,164.784988,163.770004,154.430008
246.115005,164.784988,163.770004,154.430008
246.115005,164.784988,163.770004,154.430008
246.115005,164.784988,163.770004,154.430008
246.115005,164.784988,163.770004,154.430008
246.115005,164.784988,163.770004,154.430008
246.115005,164.784988,163.770004,154.430008
246.115005,164.784988,163.770004,154.430008
247.115005,115.784996,163.770004,154.430008
247.115005,115.784996,163.770004,154.430008
247.115005,115.784996,163.770004,154.430008
247.115005,115.784996,163.770004,154.430008
247.115005,115.784996,163.770004,154.430008
247.115005,115.784996,163.770004,154.430008
247.115005,115.784996,163.770004,154.430008
247.115005,115.784996,163.770004,154.430008
247.115005,115.784996,163.770004,154.430008
216.115005,179.784988,163.770004,154.430008
216.115005,179.784988,163.770004,154.430008
216.115005,179.784988,163.770004,154.430008
216.115005,179.784988,163.770004,154.430008
216.115005,179.784988,163.770004,154.430008
216.115005,179.784988,163.770004,154.430008
216.115005,179.784988,163.770004,154.430008
216.115005,179.784988,163.770004,154.430008
216.115005,179.784988,163.770004,154.430008
216.115005,179.784988,163.770004,154.430008
216.115005,179.784988,163.770004,154.430008
278.114990,142.784988,163.770004,154.430008
278.114990,142.784988,163.770004,154.430008
278.114990,142.784988,163.770004,154.430008
278.114990,142.784988,163.770004,154.430008
278.114990,142.784988,163.770004,154.430008
278.114990,142.784988,163.770004,154.430008
231.115005,149.784988,163.770004,154.430008
231.115005,149.784988,163.770004,154.430008
170.115005,165.784988,163.770004,154.430008
170.115005,165.784988,163.770004,154.430008
170.115005,165.784988,163.770004,154.430008
242.115005,148.784988,163.770004,154.430008
242.115005,148.784988,163.770004,154.430008
242.115005,148.784988,163.770004,154.430008
242.115005,148.784988,163.770004,154.430008
185.115005,175.784988,163.770004,154.430008
185.115005,175.784988,163.770004,154.430008
185.115005,175.784988,163.770004,154.430008
185.115005,175.784988,163.770004,154.430008
258.114990,132.784988,163.770004,154.430008
258.114990,132.784988,163.770004,154.430008
187.115005,163.784988,163.770004,154.430008
259.114990,131.784988,163.770004,154.430008
259.114990,131.784988,163.770004,154.430008
259.114990,131.784988,163.770004,154.430008
259.114990,131.784988,163.770004,154.430008
259.114990,131.784988,163.770004,154.430008
209.115005,176.784988,163.770004,154.430008
209.115005,176.784988,163.770004,154.430008
209.115005,176.784988,163.770004,154.430008
209.115005,176.784988,163.770004,154.430008
287.114990,83.784996,163.770004,154.430008
287.114990,83.784996,163.770004,154.430008
287.114990,83.784996,163.770004,154.430008
287.114990,83.784996,163.770004,154.430008
287.114990,83.784996,163.770004,154.430008
287.114990,83.784996,163.770004,154.430008
287.114990,83.784996,163.770004,154.430008
287.114990,83.784996,163.770004,154.430008
248.115005,161.784988,163.770004,154.430008
248.115005,161.784988,163.770004,154.430008
248.115005,161.784988,163.770004,154.430008
248.115005,161.784988,163.770004,154.430008
248.115005,161.784988,163.770004,154.430008
248.115005,161.784988,163.770004,154.430008
248.115005,161.784988,163.770004,154.430008
248.115005,161.784988,163.770004,154.430008
248.115005,161.784988,163.770004,154.430008
248.115005,161.784988,163.770004,154.430008
248.115005,161.784988,163.770004,154.430008
284.114990,85.784996,163.770004,154.430008
221.115005,158.784988,163.770004,154.430008
221.115005,158.784988,163.770004,154.430008
221.115005,158.784988,163.770004,154.430008
221.115005,158.784988,163.770004,154.430008
221.115005,158.784988,163.770004,154.430008
221.115005,158.784988,163.770004,154.430008
221.115005,158.784988,163.770004,154.430008
221.115005,158.784988,163.770004,154.430008
221.115005,158.784988,163.770004,154.430008
221.115005,158.784988,163.770004,154.430008
221.115005,158.784988,163.770004,154.430008
221.115005,158.784988,163.770004,154.430008
221.115005,158.784988,163.770004,154.430008
292.114990,147.784988,163.770004,154.430008
292.114990,147.784988,163.770004,154.430008
292.114990,147.784988,163.770004,154.430008
229.115005,160.784988,163.770004,154.430008
229.115005,160.784988,163.770004,154.430008
229.115005,160.784988,163.770004,154.430008
229.115005,160.784988,163.770004,154.430008
297.114990,132.784988,163.770004,154.430008
297.114990,132.784988,163.770004,154.430008
297.114990,132.784988,163.770004,154.430008
297.114990,132.784988,163.770004,154.430008
297.114990,132.784988,163.770004,154.430008
297.114990,132.784988,163.770004,154.430008
297.114990,132.784988,163.770004,154.430008
297.114990,132.784988,163.770004,154.430008
297.114990,132.784988,163.770004,154.430008
297.114990,132.784988,163.770004,154.430008
247.115005,172.784988,163.770004,154.430008
247.115005,172.784988,163.770004,154.430008
247.115005,172.784988,163.770004,154.430008
247.115005,172.784988,163.770004,154.430008
247.115005,172.784988,163.770004,154.430008
247.115005,172.784988,163.770004,154.430008
247.115005,172.784988,163.770004,154.430008
247.115005,172.784988,163.770004,154.430008
247.115005,172.784988,163.770004,154.430008
247.115005,172.784988,163.770004,154.430008
247.115005,172.784988,163.770004,154.430008
247.115005,172.784988,163.770004,154.430008
247.115005,172.784988,163.770004,154.430008
247.115005,172.784988,163.770004,154.430008
247.115005,172.784988,163.770004,154.430008
247.115005,172.784988,163.770004,154.430008
247.115005,172.784988,163.770004,154.430008
247.115005,172.784988,163.770004,154.430008
247.115005,172.784988,163.770004,154.430008
247.115005,172.784988,163.770004,154.430008
247.115005,172.784988,163.770004,154.430008
247.115005,172.784988,163.770004,154.430008
247.115005,172.784988,163.770004,154.430008
247.115005,172.784988,163.770004,154.430008
247.115005,172.784988,163.770004,154.430008
197.115005,177.784988,163.770004,154.430008
197.115005,177.784988,163.770004,154.430008
197.115005,177.784988,163.770004,154.430008
278.114990,146.784988,163.770004,154.430008
235.115005,164.784988,163.770004,154.430008
235.115005,164.784988,163.770004,154.430008
235.115005,164.784988,163.770004,154.430008
235.115005,164.784988,163.770004,154.430008
235.115005,164.784988,163.770004,154.430008
235.115005,164.784988,163.770004,154.430008
235.115005,164.784988,163.770004,154.430008
291.114990,78.784996,163.770004,154.430008
268.114990,151.784988,163.770004,154.430008
268.114990,151.784988,163.770004,154.430008
177.115005,177.784988,163.770004,154.430008
259.114990,155.784988,163.770004,154.430008
259.114990,155.784988,163.770004,154.430008
259.114990,155.784988,163.770004,154.430008
259.114990,155.784988,163.770004,154.430008
259.114990,155.784988,163.770004,154.430008
259.114990,155.784988,163.770004,154.430008
259.114990,155.784988,163.770004,154.430008
259.114990,155.784988,163.770004,154.430008
259.114990,155.784988,163.770004,154.430008
259.114990,155.784988,163.770004,154.430008
259.114990,155.784988,163.770004,154.430008
259.114990,155.784988,163.770004,154.430008
259.114990,155.784988,163.770004,154.430008
259.114990,155.784988,163.770004,154.430008
259.114990,155.784988,163.770004,154.430008
269.114990,90.784996,163.770004,154.430008
269.114990,90.784996,163.770004,154.430008
269.114990,90.784996,163.770004,154.430008
269.114990,90.784996,163.770004,154.430008
269.114990,90.784996,163.770004,154.430008
269.114990,90.784996,163.770004,154.430008
269.114990,90.784996,163.770004,154.430008
253.115005,151.784988,163.770004,154.430008
253.115005,151.784988,163.770004,154.430008
253.115005,151.784988,163.770004,154.430008
253.115005,151.784988,163.770004,154.430008
253.115005,151.784988,163.770004,154.430008
253.115005,151.784988,163.770004,154.430008
253.115005,151.784988,163.770004,154.430008
253.115005,151.784988,163.770004,154.430008
253.115005,151.784988,163.770004,154.430008
211.115005,163.784988,163.770004,154.430008
211.115005,163.784988,163.770004,154.430008
211.115005,163.784988,163.770004,154.430008
211.115005,163.784988,163.770004,154.430008
211.115005,163.784988,163.770004,154.430008
211.115005,163.784988,163.770004,154.430008
211.115005,163.784988,163.770004,154.430008
211.115005,163.784988,163.770004,154.430008
211.115005,163.784988,163.770004,154.430008
211.115005,163.784988,163.770004,154.430008
287.114990,152.784988,163.770004,154.430008
287.114990,152.784988,163.770004,154.430008
287.114990,152.784988,163.770004,154.430008
287.114990,152.784988,163.770004,154.430008
287.114990,152.784988,163.770004,154.430008
287.114990,152.784988,163.770004,154.430008
287.114990,152.784988,163.770004,154.430008
287.114990,152.784988,163.770004,154.430008
287.114990,152.784988,163.770004,154.430008
287.114990,152.784988,163.770004,154.430008
231.115005,163.784988,163.770004,154.430008
231.115005,163.784988,163.770004,154.430008
290.114990,164.784988,163.770004,154.430008
290.114990,164.784988,163.770004,154.430008
290.114990,164.784988,163.770004,154.430008
290.114990,164.784988,163.770004,154.430008
248.115005,156.784988,163.770004,154.430008
248.115005,156.784988,163.770004,154.430008
248.115005,156.784988,163.770004,154.430008
189.115005,170.784988,163.770004,154.430008
251.115005,158.784988,163.770004,154.430008
251.115005,158.784988,163.770004,154.430008
251.115005,158.784988,163.770004,154.430008
251.115005,158.784988,163.770004,154.430008
251.115005,158.784988,163.770004,154.430008
251.115005,158.784988,163.770004,154.430008
251.115005,158.784988,163.770004,154.430008
251.115005,158.784988,163.770004,154.430008
251.115005,158.784988,163.770004,154.430008
251.115005,158.784988,163.770004,154.430008
251.115005,158.784988,163.770004,154.430008
251.115005,158.784988,163.770004,154.430008
250.115005,69.784996,163.770004,154.430008
250.115005,69.784996,163.770004,154.430008
250.115005,69.784996,163.770004,154.430008
250.115005,69.784996,163.770004,154.430008
250.115005,69.784996,163.770004,154.430008
310.114990,88.784996,163.770004,154.430008
310.114990,88.784996,163.770004,154.430008
244.115005,139.784988,163.770004,154.430008
244.115005,139.784988,163.770004,154.430008
244.115005,139.784988,163.770004,154.430008
225.115005,73.784996,163.770004,154.430008
225.115005,73.784996,163.770004,154.430008
225.115005,73.784996,163.770004,154.430008
225.115005,73.784996,163.770004,154.430008
225.115005,73.784996,163.770004,154.430008
225.115005,73.784996,163.770004,154.430008
225.115005,73.784996,163.770004,154.430008
225.115005,73.784996,163.770004,154.430008
225.115005,73.784996,163.770004,154.430008
225.115005,73.784996,163.770004,154.430008
225.115005,73.784996,163.770004,154.430008
225.115005,73.784996,163.770004,154.430008
225.115005,73.784996,163.770004,154.430008
225.115005,73.784996,163.770004,154.430008
225.115005,73.784996,163.770004,154.430008
225.115005,73.784996,163.770004,154.430008
225.115005,73.784996,163.770004,154.430008
225.115005,73.784996,163.770004,154.430008
225.115005,73.784996,163.770004,154.430008
225.115005,73.784996,163.770004,154.430008
225.115005,73.784996,163.770004,154.430008
225.115005,73.784996,163.770004,154.430008
225.115005,73.784996,163.770004,154.430008
225.115005,73.784996,163.770004,154.430008
225.115005,73.784996,163.770004,154.430008
225.115005,73.784996,163.770004,154.430008
225.115005,73.784996,163.770004,154.430008
225.115005,73.784996,163.770004,154.430008
225.115005,73.784996,163.770004,154.430008
225.115005,73.784996,163.770004,154.430008
225.115005,73.784996,163.770004,154.430008
225.115005,73.784996,163.770004,154.430008
225.115005,73.784996,163.770004,154.430008
225.115005,73.784996,163.770004,154.430008
278.114990,168.784988,163.770004,154.430008
278.114990,168.784988,163.770004,154.430008
278.114990,168.784988,163.770004,154.430008
278.114990,168.784988,163.770004,154.430008
321.114990,90.784996,163.770004,154.430008
321.114990,90.784996,163.770004,154.430008
2
0
0
0
0
1
231.259995,207.330002,200.580002,125.370010
231.259995,207.330002,200.580002,125.370010
231.259995,207.330002,200.580002,125.370010
231.259995,207.330002,200.580002,125.370010
231.259995,207.330002,200.580002,125.370010
231.259995,207.330002,200.580002,125.370010
231.259995,207.330002,200.580002,125.370010
231.259995,207.330002,200.580002,125.370010
231.259995,207.330002,200.580002,125.370010
231.259995,207.330002,200.580002,125.370010
231.259995,207.330002,200.580002,125.370010
231.259995,207.330002,200.580002,125.370010
231.259995,207.330002,200.580002,125.370010
231.259995,207.330002,200.580002,125.370010
231.259995,207.330002,200.580002,125.370010
231.259995,207.330002,200.580002,125.370010
231.259995,207.330002,200.580002,125.370010
231.259995,207.330002,200.580002,125.370010
231.259995,207.330002,200.580002,125.370010
231.259995,207.330002,200.580002,125.370010
231.259995,207.330002,200.580002,125.370010
231.259995,207.330002,200.580002,125.370010
231.259995,207.330002,200.580002,125.370010
231.259995,207.330002,200.580002,125.370010
231.259995,207.330002,200.580002,125.370010
231.259995,207.330002,200.580002,125.370010
231.259995,207.330002,200.580002,125.370010
231.259995,207.330002,200.580002,125.370010
231.259995,207.330002,200.580002,125.370010
231.259995,207.330002,200.580002,125.370010
231.259995,207.330002,200.580002,125.370010
231.259995,207.330002,200.580002,125.370010
231.259995,207.330002,200.580002,125.370010
231.259995,207.330002,200.580002,125.370010
231.259995,207.330002,200.580002,125.370010
231.259995,207.330002,200.580002,125.370010
231.259995,207.330002,200.580002,125.370010
231.259995,207.330002,200.580002,125.370010
231.259995,207.330002,200.580002,125.370010
231.259995,207.330002,200.580002,125.370010
231.259995,207.330002,200.580002,125.370010
231.259995,207.330002,200.580002,125.370010
231.259995,207.330002,200.580002,125.370010
231.259995,207.330002,200.580002,125.370010
231.259995,207.330002,200.580002,125.370010
231.259995,207.330002,200.580002,125.370010
231.259995,207.330002,200.580002,125.370010
231.259995,207.330002,200.580002,125.370010
231.259995,207.330002,200.580002,125.370010
231.259995,207.330002,200.580002,125.370010
231.259995,207.330002,200.580002,125.370010
231.259995,207.330002,200.580002,125.370010
231.259995,207.330002,200.580002,125.370010
231.259995,207.330002,200.580002,125.370010
231.259995,207.330002,200.580002,125.370010
231.259995,207.330002,200.580002,125.370010
230.709991,207.315002,200.580002,125.370010
230.709991,207.315002,200.580002,125.370010
230.709991,207.315002,200.580002,125.370010
230.709991,207.315002,200.580002,125.370010
230.709991,207.315002,200.580002,125.370010
230.709991,207.315002,200.580002,125.370010
230.709991,207.315002,200.580002,125.370010
303.709991,206.315002,200.580002,125.370010
303.709991,206.315002,200.580002,125.370010
303.709991,206.315002,200.580002,125.370010
303.709991,206.315002,200.580002,125.370010
303.709991,206.315002,200.580002,125.370010
303.709991,206.315002,200.580002,125.370010
303.709991,206.315002,200.580002,125.370010
303.709991,206.315002,200.580002,125.370010
303.709991,206.315002,200.580002,125.370010
303.709991,206.315002,200.580002,125.370010
303.709991,206.315002,200.580002,125.370010
303.709991,206.315002,200.580002,125.370010
303.709991,206.315002,200.580002,125.370010
303.709991,206.315002,200.580002,125.370010
303.709991,206.315002,200.580002,125.370010
303.709991,206.315002,200.580002,125.370010
303.709991,206.315002,200.580002,125.370010
303.709991,206.315002,200.580002,125.370010
303.709991,206.315002,200.580002,125.370010
303.709991,206.315002,200.580002,125.370010
303.709991,206.315002,200.580002,125.370010
303.709991,206.315002,200.580002,125.370010
303.709991,206.315002,200.580002,125.370010
303.709991,206.315002,200.580002,125.370010
303.709991,206.315002,200.580002,125.370010
303.709991,206.315002,200.580002,125.370010
303.709991,206.315002,200.580002,125.370010
303.709991,206.315002,200.580002,125.370010
241.709991,205.315002,200.580002,125.370010
241.709991,205.315002,200.580002,125.370010
241.709991,205.315002,200.580002,125.370010
241.709991,205.315002,200.580002,125.370010
241.709991,205.315002,200.580002,125.370010
241.709991,205.315002,200.580002,125.370010
241.709991,205.315002,200.580002,125.370010
241.709991,205.315002,200.580002,125.370010
241.709991,205.315002,200.580002,125.370010
241.709991,205.315002,200.580002,125.370010
241.709991,205.315002,200.580002,125.370010
241.709991,205.315002,200.580002,125.370010
241.709991,205.315002,200.580002,125.370010
241.709991,205.315002,200.580002,125.370010
241.709991,205.315002,200.580002,125.370010
241.709991,205.315002,200.580002,125.370010
241.709991,205.315002,200.580002,125.370010
241.709991,205.315002,200.580002,125.370010
241.709991,205.315002,200.580002,125.370010
241.709991,205.315002,200.580002,125.370010
241.709991,205.315002,200.580002,125.370010
241.709991,205.315002,200.580002,125.370010
241.709991,205.315002,200.580002,125.370010
241.709991,205.315002,200.580002,125.370010
241.709991,205.315002,200.580002,125.370010
241.709991,205.315002,200.580002,125.370010
241.709991,205.315002,200.580002,125.370010
241.709991,205.315002,200.580002,125.370010
241.709991,205.315002,200.580002,125.370010
241.709991,205.315002,200.580002,125.370010
241.709991,205.315002,200.580002,125.370010
241.709991,205.315002,200.580002,125.370010
241.709991,205.315002,200.580002,125.370010
241.709991,205.315002,200.580002,125.370010
241.709991,205.315002,200.580002,125.370010
241.709991,205.315002,200.580002,125.370010
241.709991,205.315002,200.580002,125.370010
241.709991,205.315002,200.580002,125.370010
241.709991,205.315002,200.580002,125.370010
241.709991,205.315002,200.580002,125.370010
241.709991,205.315002,200.580002,125.370010
241.709991,205.315002,200.580002,125.370010
241.709991,205.315002,200.580002,125.370010
241.709991,205.315002,200.580002,125.370010
241.709991,205.315002,200.580002,125.370010
241.709991,205.315002,200.580002,125.370010
241.709991,205.315002,200.580002,125.370010
241.709991,205.315002,200.580002,125.370010
241.709991,205.315002,200.580002,125.370010
241.709991,205.315002,200.580002,125.370010
241.709991,205.315002,200.580002,125.370010
241.709991,205.315002,200.580002,125.370010
241.709991,205.315002,200.580002,125.370010
241.709991,205.315002,200.580002,125.370010
241.709991,205.315002,200.580002,125.370010
241.709991,205.315002,200.580002,125.370010
241.709991,205.315002,200.580002,125.370010
241.709991,205.315002,200.580002,125.370010
241.709991,205.315002,200.580002,125.370010
241.709991,205.315002,200.580002,125.370010
241.709991,205.315002,200.580002,125.370010
241.709991,205.315002,200.580002,125.370010
241.709991,205.315002,200.580002,125.370010
241.709991,205.315002,200.580002,125.370010
241.709991,205.315002,200.580002,125.370010
241.709991,205.315002,200.580002,125.370010
241.709991,205.315002,200.580002,125.370010
241.709991,205.315002,200.580002,125.370010
241.709991,205.315002,200.580002,125.370010
241.709991,205.315002,200.580002,125.370010
241.709991,205.315002,200.580002,125.370010
241.709991,205.315002,200.580002,125.370010
241.709991,205.315002,200.580002,125.370010
241.709991,205.315002,200.580002,125.370010
241.709991,205.315002,200.580002,125.370010
241.709991,205.315002,200.580002,125.370010
2
0
0
0
0
1
268.160004,255.529999,235.149994,77.799988
268.160004,255.529999,235.149994,77.799988
268.160004,255.529999,235.149994,77.799988
268.160004,255.529999,235.149994,77.799988
268.160004,255.529999,235.149994,77.799988
268.160004,255.529999,235.149994,77.799988
268.160004,255.529999,235.149994,77.799988
268.160004,255.529999,235.149994,77.799988
268.160004,255.529999,235.149994,77.799988
268.160004,255.529999,235.149994,77.799988
268.160004,255.529999,235.149994,77.799988
268.160004,255.529999,235.149994,77.799988
268.160004,255.529999,235.149994,77.799988
268.160004,255.529999,235.149994,77.799988
268.160004,255.529999,235.149994,77.799988
268.160004,255.529999,235.149994,77.799988
268.160004,255.529999,235.149994,77.799988
268.160004,255.529999,235.149994,77.799988
268.160004,255.529999,235.149994,77.799988
268.160004,255.529999,235.149994,77.799988
268.160004,255.529999,235.149994,77.799988
268.160004,255.529999,235.149994,77.799988
268.160004,255.529999,235.149994,77.799988
268.160004,255.529999,235.149994,77.799988
268.160004,255.529999,235.149994,77.799988
268.160004,255.529999,235.149994,77.799988
268.160004,255.529999,235.149994,77.799988
202.425003,246.100006,235.149994,77.799988
202.425003,246.100006,235.149994,77.799988
202.425003,246.100006,235.149994,77.799988
202.425003,246.100006,235.149994,77.799988
202.425003,246.100006,235.149994,77.799988
202.425003,246.100006,235.149994,77.799988
202.425003,246.100006,235.149994,77.799988
202.425003,246.100006,235.149994,77.799988
202.425003,246.100006,235.149994,77.799988
202.425003,246.100006,235.149994,77.799988
202.425003,246.100006,235.149994,77.799988
202.425003,246.100006,235.149994,77.799988
202.425003,246.100006,235.149994,77.799988
202.425003,246.100006,235.149994,77.799988
202.425003,246.100006,235.149994,77.799988
202.425003,246.100006,235.149994,77.799988
202.425003,246.100006,235.149994,77.799988
202.425003,246.100006,235.149994,77.799988
202.425003,246.100006,235.149994,77.799988
202.425003,246.100006,235.149994,77.799988
202.425003,246.100006,235.149994,77.799988
202.425003,246.100006,235.149994,77.799988
202.425003,246.100006,235.149994,77.799988
202.425003,246.100006,235.149994,77.799988
202.425003,246.100006,235.149994,77.799988
202.425003,246.100006,235.149994,77.799988
219.425003,221.100006,235.149994,77.799988
219.425003,221.100006,235.149994,77.799988
219.425003,221.100006,235.149994,77.799988
219.425003,221.100006,235.149994,77.799988
219.425003,221.100006,235.149994,77.799988
219.425003,221.100006,235.149994,77.799988
219.425003,221.100006,235.149994,77.799988
219.425003,221.100006,235.149994,77.799988
219.425003,221.100006,235.149994,77.799988
219.425003,221.100006,235.149994,77.799988
219.425003,221.100006,235.149994,77.799988
219.425003,221.100006,235.149994,77.799988
219.425003,221.100006,235.149994,77.799988
219.425003,221.100006,235.149994,77.799988
219.425003,221.100006,235.149994,77.799988
219.425003,221.100006,235.149994,77.799988
219.425003,221.100006,235.149994,77.799988
219.425003,221.100006,235.149994,77.799988
219.425003,221.100006,235.149994,77.799988
219.425003,221.100006,235.149994,77.799988
219.425003,221.100006,235.149994,77.799988
219.425003,221.100006,235.149994,77.799988
219.425003,221.100006,235.149994,77.799988
219.425003,221.100006,235.149994,77.799988
219.425003,221.100006,235.149994,77.799988
219.425003,221.100006,235.149994,77.799988
219.425003,221.100006,235.149994,77.799988
219.425003,221.100006,235.149994,77.799988
219.425003,221.100006,235.149994,77.799988
219.425003,221.100006,235.149994,77.799988
219.425003,221.100006,235.149994,77.799988
219.425003,221.100006,235.149994,77.799988
219.425003,221.100006,235.149994,77.799988
219.425003,221.100006,235.149994,77.799988
219.425003,221.100006,235.149994,77.799988
149.425003,231.100006,235.149994,77.799988
149.425003,231.100006,235.149994,77.799988
149.425003,231.100006,235.149994,77.799988
149.425003,231.100006,235.149994,77.799988
149.425003,231.100006,235.149994,77.799988
149.425003,231.100006,235.149994,77.799988
149.425003,231.100006,235.149994,77.799988
149.425003,231.100006,235.149994,77.799988
235.425003,206.100006,235.149994,77.799988
235.425003,206.100006,235.149994,77.799988
235.425003,206.100006,235.149994,77.799988
235.425003,206.100006,235.149994,77.799988
235.425003,206.100006,235.149994,77.799988
235.425003,206.100006,235.149994,77.799988
235.425003,206.100006,235.149994,77.799988
235.425003,206.100006,235.149994,77.799988
235.425003,206.100006,235.149994,77.799988
235.425003,206.100006,235.149994,77.799988
235.425003,206.100006,235.149994,77.799988
235.425003,206.100006,235.149994,77.799988
235.425003,206.100006,235.149994,77.799988
235.425003,206.100006,235.149994,77.799988
132.425003,221.100006,235.149994,77.799988
132.425003,221.100006,235.149994,77.799988
132.425003,221.100006,235.149994,77.799988
132.425003,221.100006,235.149994,77.799988
132.425003,221.100006,235.149994,77.799988
132.425003,221.100006,235.149994,77.799988
132.425003,221.100006,235.149994,77.799988
69.425003,226.100006,235.149994,77.799988
69.425003,226.100006,235.149994,77.799988
236.425003,206.100006,235.149994,77.799988
236.425003,206.100006,235.149994,77.799988
236.425003,206.100006,235.149994,77.799988
127.425003,221.100006,235.149994,77.799988
127.425003,221.100006,235.149994,77.799988
127.425003,221.100006,235.149994,77.799988
127.425003,221.100006,235.149994,77.799988
127.425003,221.100006,235.149994,77.799988
64.425003,241.100006,235.149994,77.799988
159.425003,231.100006,235.149994,77.799988
266.424988,191.100006,235.149994,77.799988
203.425003,206.100006,235.149994,77.799988
203.425003,206.100006,235.149994,77.799988
203.425003,206.100006,235.149994,77.799988
134.425003,211.100006,235.149994,77.799988
241.425003,201.100006,235.149994,77.799988
241.425003,201.100006,235.149994,77.799988
241.425003,201.100006,235.149994,77.799988
142.425003,211.100006,235.149994,77.799988
244.425003,221.100006,235.149994,77.799988
126.425003,221.100006,235.149994,77.799988
243.425003,196.100006,235.149994,77.799988
243.425003,196.100006,235.149994,77.799988
243.425003,196.100006,235.149994,77.799988
243.425003,196.100006,235.149994,77.799988
243.425003,196.100006,235.149994,77.799988
243.425003,196.100006,235.149994,77.799988
243.425003,196.100006,235.149994,77.799988
243.425003,196.100006,235.149994,77.799988
243.425003,196.100006,235.149994,77.799988
243.425003,196.100006,235.149994,77.799988
243.425003,196.100006,235.149994,77.799988
243.425003,196.100006,235.149994,77.799988
243.425003,196.100006,235.149994,77.799988
243.425003,196.100006,235.149994,77.799988
243.425003,196.100006,235.149994,77.799988
243.425003,196.100006,235.149994,77.799988
243.425003,196.100006,235.149994,77.799988
243.425003,196.100006,235.149994,77.799988
243.425003,196.100006,235.149994,77.799988
243.425003,196.100006,235.149994,77.799988
243.425003,196.100006,235.149994,77.799988
243.425003,196.100006,235.149994,77.799988
243.425003,196.100006,235.149994,77.799988
243.425003,196.100006,235.149994,77.799988
131.425003,221.100006,235.149994,77.799988
131.425003,221.100006,235.149994,77.799988
131.425003,221.100006,235.149994,77.799988
131.425003,221.100006,235.149994,77.799988
131.425003,221.100006,235.149994,77.799988
246.425003,226.100006,235.149994,77.799988
246.425003,226.100006,235.149994,77.799988
140.425003,221.100006,235.149994,77.799988
257.424988,221.100006,235.149994,77.799988
257.424988,221.100006,235.149994,77.799988
257.424988,221.100006,235.149994,77.799988
257.424988,221.100006,235.149994,77.799988
257.424988,221.100006,235.149994,77.799988
262.424988,196.100006,235.149994,77.799988
194.425003,231.100006,235.149994,77.799988
194.425003,231.100006,235.149994,77.799988
194.425003,231.100006,235.149994,77.799988
194.425003,231.100006,235.149994,77.799988
194.425003,231.100006,235.149994,77.799988
194.425003,231.100006,235.149994,77.799988
194.425003,231.100006,235.149994,77.799988
194.425003,231.100006,235.149994,77.799988
194.425003,231.100006,235.149994,77.799988
194.425003,231.100006,235.149994,77.799988
194.425003,231.100006,235.149994,77.799988
194.425003,231.100006,235.149994,77.799988
194.425003,231.100006,235.149994,77.799988
194.425003,231.100006,235.149994,77.799988
194.425003,231.100006,235.149994,77.799988
194.425003,231.100006,235.149994,77.799988
194.425003,231.100006,235.149994,77.799988
194.425003,231.100006,235.149994,77.799988
194.425003,231.100006,235.149994,77.799988
194.425003,231.100006,235.149994,77.799988
194.425003,231.100006,235.149994,77.799988
194.425003,231.100006,235.149994,77.799988
194.425003,231.100006,235.149994,77.799988
194.425003,231.100006,235.149994,77.799988
194.425003,231.100006,235.149994,77.799988
194.425003,231.100006,235.149994,77.799988
194.425003,231.100006,235.149994,77.799988
