1
440.660004,111.169998,48.919983,68.949997
440.660004,111.169998,48.919983,68.949997
440.660004,111.169998,48.919983,68.949997
440.660004,111.169998,48.919983,68.949997
440.660004,111.169998,48.919983,68.949997
440.660004,111.169998,48.919983,68.949997
440.660004,111.169998,48.919983,68.949997
440.660004,111.169998,48.919983,68.949997
440.660004,111.169998,48.919983,68.949997
440.660004,111.169998,48.919983,68.949997
440.660004,111.169998,48.919983,68.949997
440.660004,111.169998,48.919983,68.949997
440.660004,111.169998,48.919983,68.949997
440.660004,111.169998,48.919983,68.949997
440.660004,111.169998,48.919983,68.949997
440.660004,111.169998,48.919983,68.949997
440.660004,111.169998,48.919983,68.949997
440.660004,111.169998,48.919983,68.949997
440.660004,111.169998,48.919983,68.949997
440.660004,111.169998,48.919983,68.949997
440.660004,111.169998,48.919983,68.949997
440.660004,111.169998,48.919983,68.949997
440.660004,111.169998,48.919983,68.949997
440.540009,91.525002,48.919983,68.949997
440.540009,91.525002,48.919983,68.949997
445.540009,121.525002,48.919983,68.949997
445.540009,121.525002,48.919983,68.949997
445.540009,121.525002,48.919983,68.949997
445.540009,121.525002,48.919983,68.949997
445.540009,121.525002,48.919983,68.949997
445.540009,121.525002,48.919983,68.949997
445.540009,121.525002,48.919983,68.949997
445.540009,121.525002,48.919983,68.949997
445.540009,121.525002,48.919983,68.949997
445.540009,121.525002,48.919983,68.949997
445.540009,121.525002,48.919983,68.949997
445.540009,121.525002,48.919983,68.949997
430.540009,126.525002,48.919983,68.949997
430.540009,126.525002,48.919983,68.949997
430.540009,126.525002,48.919983,68.949997
430.540009,126.525002,48.919983,68.949997
430.540009,126.525002,48.919983,68.949997
430.540009,126.525002,48.919983,68.949997
430.540009,126.525002,48.919983,68.949997
430.540009,126.525002,48.919983,68.949997
430.540009,126.525002,48.919983,68.949997
430.540009,126.525002,48.919983,68.949997
430.540009,126.525002,48.919983,68.949997
430.540009,126.525002,48.919983,68.949997
430.540009,126.525002,48.919983,68.949997
430.540009,126.525002,48.919983,68.949997
430.540009,126.525002,48.919983,68.949997
440.540009,101.525002,48.919983,68.949997
440.540009,101.525002,48.919983,68.949997
440.540009,101.525002,48.919983,68.949997
435.540009,131.524994,48.919983,68.949997
435.540009,131.524994,48.919983,68.949997
435.540009,131.524994,48.919983,68.949997
435.540009,131.524994,48.919983,68.949997
435.540009,131.524994,48.919983,68.949997
435.540009,131.524994,48.919983,68.949997
435.540009,131.524994,48.919983,68.949997
435.540009,131.524994,48.919983,68.949997
435.540009,131.524994,48.919983,68.949997
435.540009,131.524994,48.919983,68.949997
435.540009,131.524994,48.919983,68.949997
435.540009,131.524994,48.919983,68.949997
435.540009,131.524994,48.919983,68.949997
435.540009,131.524994,48.919983,68.949997
435.540009,131.524994,48.919983,68.949997
435.540009,131.524994,48.919983,68.949997
435.540009,131.524994,48.919983,68.949997
435.540009,131.524994,48.919983,68.949997
435.540009,131.524994,48.919983,68.949997
435.540009,131.524994,48.919983,68.949997
435.540009,131.524994,48.919983,68.949997
435.540009,131.524994,48.919983,68.949997
435.540009,131.524994,48.919983,68.949997
435.540009,156.524994,48.919983,68.949997
435.540009,156.524994,48.919983,68.949997
435.540009,156.524994,48.919983,68.949997
430.540009,131.524994,48.919983,68.949997
430.540009,131.524994,48.919983,68.949997
430.540009,131.524994,48.919983,68.949997
430.540009,131.524994,48.919983,68.949997
430.540009,131.524994,48.919983,68.949997
430.540009,131.524994,48.919983,68.949997
430.540009,131.524994,48.919983,68.949997
430.540009,131.524994,48.919983,68.949997
430.540009,131.524994,48.919983,68.949997
430.540009,131.524994,48.919983,68.949997
430.540009,131.524994,48.919983,68.949997
430.540009,131.524994,48.919983,68.949997
430.540009,131.524994,48.919983,68.949997
430.540009,131.524994,48.919983,68.949997
430.540009,131.524994,48.919983,68.949997
430.540009,131.524994,48.919983,68.949997
430.540009,131.524994,48.919983,68.949997
430.540009,131.524994,48.919983,68.949997
430.540009,131.524994,48.919983,68.949997
430.540009,156.524994,48.919983,68.949997
430.540009,156.524994,48.919983,68.949997
430.540009,136.524994,48.919983,68.949997
430.540009,136.524994,48.919983,68.949997
430.540009,136.524994,48.919983,68.949997
430.540009,136.524994,48.919983,68.949997
430.540009,136.524994,48.919983,68.949997
430.540009,136.524994,48.919983,68.949997
415.540009,136.524994,48.919983,68.949997
415.540009,136.524994,48.919983,68.949997
415.540009,136.524994,48.919983,68.949997
415.540009,136.524994,48.919983,68.949997
440.540009,146.524994,48.919983,68.949997
440.540009,146.524994,48.919983,68.949997
440.540009,146.524994,48.919983,68.949997
415.540009,141.524994,48.919983,68.949997
415.540009,141.524994,48.919983,68.949997
415.540009,141.524994,48.919983,68.949997
440.540009,126.525002,48.919983,68.949997
440.540009,126.525002,48.919983,68.949997
440.540009,126.525002,48.919983,68.949997
440.540009,126.525002,48.919983,68.949997
415.540009,136.524994,48.919983,68.949997
415.540009,136.524994,48.919983,68.949997
445.540009,136.524994,48.919983,68.949997
425.540009,146.524994,48.919983,68.949997
445.540009,141.524994,48.919983,68.949997
445.540009,141.524994,48.919983,68.949997
445.540009,141.524994,48.919983,68.949997
445.540009,141.524994,48.919983,68.949997
445.540009,141.524994,48.919983,68.949997
445.540009,141.524994,48.919983,68.949997
445.540009,141.524994,48.919983,68.949997
445.540009,141.524994,48.919983,68.949997
465.540009,146.524994,48.919983,68.949997
465.540009,146.524994,48.919983,68.949997
465.540009,146.524994,48.919983,68.949997
465.540009,146.524994,48.919983,68.949997
445.540009,146.524994,48.919983,68.949997
445.540009,146.524994,48.919983,68.949997
445.540009,146.524994,48.919983,68.949997
430.540009,116.525002,48.919983,68.949997
430.540009,116.525002,48.919983,68.949997
430.540009,116.525002,48.919983,68.949997
440.540009,141.524994,48.919983,68.949997
440.540009,141.524994,48.919983,68.949997
440.540009,141.524994,48.919983,68.949997
440.540009,141.524994,48.919983,68.949997
430.540009,121.525002,48.919983,68.949997
430.540009,121.525002,48.919983,68.949997
430.540009,121.525002,48.919983,68.949997
430.540009,121.525002,48.919983,68.949997
430.540009,121.525002,48.919983,68.949997
430.540009,121.525002,48.919983,68.949997
430.540009,121.525002,48.919983,68.949997
430.540009,121.525002,48.919983,68.949997
450.540009,146.524994,48.919983,68.949997
470.540009,136.524994,48.919983,68.949997
470.540009,136.524994,48.919983,68.949997
445.540009,131.524994,48.919983,68.949997
445.540009,131.524994,48.919983,68.949997
445.540009,131.524994,48.919983,68.949997
460.540009,106.525002,48.919983,68.949997
460.540009,136.524994,48.919983,68.949997
455.540009,106.525002,48.919983,68.949997
455.540009,106.525002,48.919983,68.949997
455.540009,106.525002,48.919983,68.949997
455.540009,141.524994,48.919983,68.949997
455.540009,141.524994,48.919983,68.949997
455.540009,116.525002,48.919983,68.949997
455.540009,116.525002,48.919983,68.949997
455.540009,116.525002,48.919983,68.949997
455.540009,116.525002,48.919983,68.949997
455.540009,116.525002,48.919983,68.949997
430.540009,136.524994,48.919983,68.949997
440.540009,111.525002,48.919983,68.949997
440.540009,111.525002,48.919983,68.949997
440.540009,111.525002,48.919983,68.949997
440.540009,111.525002,48.919983,68.949997
435.540009,136.524994,48.919983,68.949997
435.540009,136.524994,48.919983,68.949997
460.540009,136.524994,48.919983,68.949997
480.540009,141.524994,48.919983,68.949997
455.540009,106.525002,48.919983,68.949997
455.540009,106.525002,48.919983,68.949997
455.540009,106.525002,48.919983,68.949997
455.540009,106.525002,48.919983,68.949997
455.540009,106.525002,48.919983,68.949997
455.540009,106.525002,48.919983,68.949997
455.540009,106.525002,48.919983,68.949997
460.540009,146.524994,48.919983,68.949997
460.540009,146.524994,48.919983,68.949997
485.540009,126.525002,48.919983,68.949997
485.540009,126.525002,48.919983,68.949997
485.540009,126.525002,48.919983,68.949997
455.540009,106.525002,48.919983,68.949997
455.540009,106.525002,48.919983,68.949997
445.540009,136.524994,48.919983,68.949997
445.540009,136.524994,48.919983,68.949997
445.540009,111.525002,48.919983,68.949997
445.540009,111.525002,48.919983,68.949997
445.540009,111.525002,48.919983,68.949997
450.540009,141.524994,48.919983,68.949997
450.540009,141.524994,48.919983,68.949997
450.540009,141.524994,48.919983,68.949997
455.540009,111.525002,48.919983,68.949997
450.540009,141.524994,48.919983,68.949997
450.540009,141.524994,48.919983,68.949997
460.540009,106.525002,48.919983,68.949997
460.540009,106.525002,48.919983,68.949997
460.540009,106.525002,48.919983,68.949997
460.540009,106.525002,48.919983,68.949997
460.540009,106.525002,48.919983,68.949997
460.540009,106.525002,48.919983,68.949997
460.540009,106.525002,48.919983,68.949997
490.540009,121.525002,48.919983,68.949997
490.540009,121.525002,48.919983,68.949997
490.540009,121.525002,48.919983,68.949997
465.540009,111.525002,48.919983,68.949997
465.540009,111.525002,48.919983,68.949997
465.540009,111.525002,48.919983,68.949997
465.540009,111.525002,48.919983,68.949997
450.540009,126.525002,48.919983,68.949997
450.540009,126.525002,48.919983,68.949997
450.540009,126.525002,48.919983,68.949997
450.540009,126.525002,48.919983,68.949997
450.540009,126.525002,48.919983,68.949997
450.540009,126.525002,48.919983,68.949997
450.540009,126.525002,48.919983,68.949997
450.540009,126.525002,48.919983,68.949997
450.540009,126.525002,48.919983,68.949997
470.540009,136.524994,48.919983,68.949997
470.540009,136.524994,48.919983,68.949997
470.540009,136.524994,48.919983,68.949997
470.540009,116.525002,48.919983,68.949997
470.540009,141.524994,48.919983,68.949997
465.540009,116.525002,48.919983,68.949997
465.540009,116.525002,48.919983,68.949997
485.540009,121.525002,48.919983,68.949997
485.540009,121.525002,48.919983,68.949997
460.540009,121.525002,48.919983,68.949997
475.540009,101.525002,48.919983,68.949997
475.540009,101.525002,48.919983,68.949997
475.540009,101.525002,48.919983,68.949997
475.540009,101.525002,48.919983,68.949997
475.540009,101.525002,48.919983,68.949997
475.540009,101.525002,48.919983,68.949997
475.540009,101.525002,48.919983,68.949997
485.540009,141.524994,48.919983,68.949997
475.540009,111.525002,48.919983,68.949997
475.540009,111.525002,48.919983,68.949997
475.540009,111.525002,48.919983,68.949997
475.540009,111.525002,48.919983,68.949997
475.540009,111.525002,48.919983,68.949997
475.540009,111.525002,48.919983,68.949997
475.540009,111.525002,48.919983,68.949997
475.540009,111.525002,48.919983,68.949997
475.540009,111.525002,48.919983,68.949997
475.540009,111.525002,48.919983,68.949997
475.540009,111.525002,48.919983,68.949997
475.540009,111.525002,48.919983,68.949997
475.540009,111.525002,48.919983,68.949997
455.540009,131.524994,48.919983,68.949997
455.540009,131.524994,48.919983,68.949997
480.540009,101.525002,48.919983,68.949997
480.540009,101.525002,48.919983,68.949997
480.540009,101.525002,48.919983,68.949997
480.540009,101.525002,48.919983,68.949997
490.540009,146.524994,48.919983,68.949997
490.540009,146.524994,48.919983,68.949997
490.540009,116.525002,48.919983,68.949997
490.540009,116.525002,48.919983,68.949997
490.540009,116.525002,48.919983,68.949997
490.540009,116.525002,48.919983,68.949997
490.540009,116.525002,48.919983,68.949997
490.540009,141.524994,48.919983,68.949997
490.540009,141.524994,48.919983,68.949997
490.540009,141.524994,48.919983,68.949997
490.540009,116.525002,48.919983,68.949997
490.540009,116.525002,48.919983,68.949997
490.540009,116.525002,48.919983,68.949997
490.540009,116.525002,48.919983,68.949997
490.540009,116.525002,48.919983,68.949997
490.540009,116.525002,48.919983,68.949997
490.540009,116.525002,48.919983,68.949997
465.540009,111.525002,48.919983,68.949997
465.540009,111.525002,48.919983,68.949997
465.540009,111.525002,48.919983,68.949997
435.540009,116.525002,48.919983,68.949997
435.540009,116.525002,48.919983,68.949997
435.540009,116.525002,48.919983,68.949997
435.540009,116.525002,48.919983,68.949997
435.540009,116.525002,48.919983,68.949997
435.540009,116.525002,48.919983,68.949997
425.540009,141.524994,48.919983,68.949997
445.540009,126.525002,48.919983,68.949997
435.540009,156.524994,48.919983,68.949997
430.540009,131.524994,48.919983,68.949997
430.540009,131.524994,48.919983,68.949997
445.540009,111.525002,48.919983,68.949997
445.540009,111.525002,48.919983,68.949997
445.540009,111.525002,48.919983,68.949997
420.540009,146.524994,48.919983,68.949997
420.540009,146.524994,48.919983,68.949997
420.540009,146.524994,48.919983,68.949997
425.540009,111.525002,48.919983,68.949997
425.540009,111.525002,48.919983,68.949997
415.540009,141.524994,48.919983,68.949997
410.540009,121.525002,48.919983,68.949997
410.540009,121.525002,48.919983,68.949997
410.540009,121.525002,48.919983,68.949997
410.540009,121.525002,48.919983,68.949997
410.540009,121.525002,48.919983,68.949997
410.540009,121.525002,48.919983,68.949997
415.540009,96.525002,48.919983,68.949997
400.540009,126.525002,48.919983,68.949997
420.540009,101.525002,48.919983,68.949997
420.540009,101.525002,48.919983,68.949997
420.540009,101.525002,48.919983,68.949997
415.540009,126.525002,48.919983,68.949997
415.540009,126.525002,48.919983,68.949997
410.540009,101.525002,48.919983,68.949997
410.540009,101.525002,48.919983,68.949997
410.540009,101.525002,48.919983,68.949997
410.540009,101.525002,48.919983,68.949997
410.540009,101.525002,48.919983,68.949997
410.540009,101.525002,48.919983,68.949997
410.540009,101.525002,48.919983,68.949997
410.540009,101.525002,48.919983,68.949997
430.540009,131.524994,48.919983,68.949997
450.540009,111.525002,48.919983,68.949997
450.540009,111.525002,48.919983,68.949997
450.540009,111.525002,48.919983,68.949997
450.540009,111.525002,48.919983,68.949997
450.540009,111.525002,48.919983,68.949997
450.540009,111.525002,48.919983,68.949997
450.540009,111.525002,48.919983,68.949997
450.540009,111.525002,48.919983,68.949997
450.540009,111.525002,48.919983,68.949997
450.540009,111.525002,48.919983,68.949997
450.540009,111.525002,48.919983,68.949997
450.540009,111.525002,48.919983,68.949997
450.540009,111.525002,48.919983,68.949997
435.540009,96.525002,48.919983,68.949997
435.540009,96.525002,48.919983,68.949997
435.540009,96.525002,48.919983,68.949997
435.540009,96.525002,48.919983,68.949997
435.540009,96.525002,48.919983,68.949997
435.540009,96.525002,48.919983,68.949997
390.540009,101.525002,48.919983,68.949997
390.540009,101.525002,48.919983,68.949997
390.540009,101.525002,48.919983,68.949997
390.540009,101.525002,48.919983,68.949997
390.540009,101.525002,48.919983,68.949997
390.540009,101.525002,48.919983,68.949997
375.540009,121.525002,48.919983,68.949997
375.540009,121.525002,48.919983,68.949997
375.540009,121.525002,48.919983,68.949997
375.540009,121.525002,48.919983,68.949997
375.540009,121.525002,48.919983,68.949997
375.540009,121.525002,48.919983,68.949997
375.540009,121.525002,48.919983,68.949997
390.540009,86.525002,48.919983,68.949997
390.540009,86.525002,48.919983,68.949997
390.540009,86.525002,48.919983,68.949997
390.540009,86.525002,48.919983,68.949997
390.540009,86.525002,48.919983,68.949997
390.540009,86.525002,48.919983,68.949997
390.540009,86.525002,48.919983,68.949997
390.540009,86.525002,48.919983,68.949997
