1
436.739990,107.910004,47.690002,71.610001
436.739990,107.910004,47.690002,71.610001
436.739990,107.910004,47.690002,71.610001
436.739990,107.910004,47.690002,71.610001
436.739990,107.910004,47.690002,71.610001
436.739990,107.910004,47.690002,71.610001
436.739990,107.910004,47.690002,71.610001
436.739990,107.910004,47.690002,71.610001
436.739990,107.910004,47.690002,71.610001
436.739990,107.910004,47.690002,71.610001
447.154999,88.195000,47.690002,71.610001
447.154999,121.195000,47.690002,71.610001
432.154999,89.195000,47.690002,71.610001
432.154999,89.195000,47.690002,71.610001
432.154999,89.195000,47.690002,71.610001
432.154999,89.195000,47.690002,71.610001
432.154999,89.195000,47.690002,71.610001
432.154999,89.195000,47.690002,71.610001
432.154999,89.195000,47.690002,71.610001
432.154999,89.195000,47.690002,71.610001
432.154999,89.195000,47.690002,71.610001
457.154999,91.195000,47.690002,71.610001
457.154999,91.195000,47.690002,71.610001
457.154999,91.195000,47.690002,71.610001
457.154999,91.195000,47.690002,71.610001
457.154999,91.195000,47.690002,71.610001
457.154999,91.195000,47.690002,71.610001
457.154999,91.195000,47.690002,71.610001
457.154999,91.195000,47.690002,71.610001
457.154999,91.195000,47.690002,71.610001
457.154999,91.195000,47.690002,71.610001
457.154999,91.195000,47.690002,71.610001
457.154999,91.195000,47.690002,71.610001
457.154999,91.195000,47.690002,71.610001
457.154999,91.195000,47.690002,71.610001
457.154999,91.195000,47.690002,71.610001
457.154999,91.195000,47.690002,71.610001
457.154999,91.195000,47.690002,71.610001
457.154999,91.195000,47.690002,71.610001
457.154999,91.195000,47.690002,71.610001
457.154999,91.195000,47.690002,71.610001
457.154999,91.195000,47.690002,71.610001
457.154999,91.195000,47.690002,71.610001
457.154999,91.195000,47.690002,71.610001
457.154999,91.195000,47.690002,71.610001
422.154999,108.195000,47.690002,71.610001
422.154999,108.195000,47.690002,71.610001
422.154999,108.195000,47.690002,71.610001
442.154999,107.195000,47.690002,71.610001
442.154999,107.195000,47.690002,71.610001
442.154999,107.195000,47.690002,71.610001
442.154999,107.195000,47.690002,71.610001
442.154999,107.195000,47.690002,71.610001
442.154999,107.195000,47.690002,71.610001
442.154999,107.195000,47.690002,71.610001
442.154999,107.195000,47.690002,71.610001
442.154999,107.195000,47.690002,71.610001
442.154999,107.195000,47.690002,71.610001
442.154999,107.195000,47.690002,71.610001
427.154999,150.194992,47.690002,71.610001
427.154999,150.194992,47.690002,71.610001
427.154999,150.194992,47.690002,71.610001
427.154999,114.195000,47.690002,71.610001
427.154999,147.194992,47.690002,71.610001
437.154999,110.195000,47.690002,71.610001
437.154999,110.195000,47.690002,71.610001
437.154999,110.195000,47.690002,71.610001
437.154999,110.195000,47.690002,71.610001
427.154999,137.194992,47.690002,71.610001
427.154999,137.194992,47.690002,71.610001
427.154999,137.194992,47.690002,71.610001
437.154999,116.195000,47.690002,71.610001
432.154999,144.194992,47.690002,71.610001
432.154999,144.194992,47.690002,71.610001
432.154999,144.194992,47.690002,71.610001
432.154999,144.194992,47.690002,71.610001
432.154999,144.194992,47.690002,71.610001
432.154999,144.194992,47.690002,71.610001
432.154999,144.194992,47.690002,71.610001
432.154999,144.194992,47.690002,71.610001
432.154999,144.194992,47.690002,71.610001
432.154999,121.195000,47.690002,71.610001
432.154999,121.195000,47.690002,71.610001
432.154999,121.195000,47.690002,71.610001
432.154999,121.195000,47.690002,71.610001
432.154999,121.195000,47.690002,71.610001
432.154999,121.195000,47.690002,71.610001
432.154999,121.195000,47.690002,71.610001
432.154999,121.195000,47.690002,71.610001
432.154999,121.195000,47.690002,71.610001
432.154999,121.195000,47.690002,71.610001
432.154999,121.195000,47.690002,71.610001
432.154999,121.195000,47.690002,71.610001
432.154999,121.195000,47.690002,71.610001
432.154999,121.195000,47.690002,71.610001
432.154999,121.195000,47.690002,71.610001
422.154999,156.194992,47.690002,71.610001
422.154999,129.194992,47.690002,71.610001
422.154999,129.194992,47.690002,71.610001
422.154999,129.194992,47.690002,71.610001
422.154999,129.194992,47.690002,71.610001
422.154999,129.194992,47.690002,71.610001
422.154999,129.194992,47.690002,71.610001
447.154999,152.194992,47.690002,71.610001
447.154999,152.194992,47.690002,71.610001
447.154999,152.194992,47.690002,71.610001
432.154999,141.194992,47.690002,71.610001
432.154999,141.194992,47.690002,71.610001
432.154999,141.194992,47.690002,71.610001
432.154999,141.194992,47.690002,71.610001
412.154999,148.194992,47.690002,71.610001
412.154999,148.194992,47.690002,71.610001
412.154999,148.194992,47.690002,71.610001
412.154999,148.194992,47.690002,71.610001
412.154999,148.194992,47.690002,71.610001
412.154999,148.194992,47.690002,71.610001
412.154999,148.194992,47.690002,71.610001
412.154999,148.194992,47.690002,71.610001
432.154999,107.195000,47.690002,71.610001
432.154999,107.195000,47.690002,71.610001
432.154999,107.195000,47.690002,71.610001
432.154999,107.195000,47.690002,71.610001
432.154999,107.195000,47.690002,71.610001
432.154999,107.195000,47.690002,71.610001
412.154999,110.195000,47.690002,71.610001
412.154999,110.195000,47.690002,71.610001
412.154999,110.195000,47.690002,71.610001
412.154999,110.195000,47.690002,71.610001
412.154999,110.195000,47.690002,71.610001
412.154999,110.195000,47.690002,71.610001
432.154999,138.194992,47.690002,71.610001
412.154999,141.194992,47.690002,71.610001
412.154999,141.194992,47.690002,71.610001
422.154999,117.195000,47.690002,71.610001
422.154999,117.195000,47.690002,71.610001
422.154999,117.195000,47.690002,71.610001
422.154999,117.195000,47.690002,71.610001
427.154999,144.194992,47.690002,71.610001
427.154999,144.194992,47.690002,71.610001
447.154999,140.194992,47.690002,71.610001
447.154999,140.194992,47.690002,71.610001
477.154999,141.194992,47.690002,71.610001
472.154999,114.195000,47.690002,71.610001
477.154999,142.194992,47.690002,71.610001
477.154999,142.194992,47.690002,71.610001
477.154999,142.194992,47.690002,71.610001
477.154999,142.194992,47.690002,71.610001
477.154999,142.194992,47.690002,71.610001
477.154999,142.194992,47.690002,71.610001
477.154999,120.195000,47.690002,71.610001
477.154999,120.195000,47.690002,71.610001
477.154999,120.195000,47.690002,71.610001
477.154999,120.195000,47.690002,71.610001
457.154999,137.194992,47.690002,71.610001
437.154999,105.195000,47.690002,71.610001
437.154999,105.195000,47.690002,71.610001
437.154999,105.195000,47.690002,71.610001
482.154999,129.194992,47.690002,71.610001
482.154999,129.194992,47.690002,71.610001
462.154999,100.195000,47.690002,71.610001
442.154999,108.195000,47.690002,71.610001
442.154999,108.195000,47.690002,71.610001
442.154999,108.195000,47.690002,71.610001
442.154999,108.195000,47.690002,71.610001
442.154999,108.195000,47.690002,71.610001
442.154999,108.195000,47.690002,71.610001
442.154999,108.195000,47.690002,71.610001
442.154999,108.195000,47.690002,71.610001
442.154999,108.195000,47.690002,71.610001
442.154999,108.195000,47.690002,71.610001
442.154999,108.195000,47.690002,71.610001
442.154999,108.195000,47.690002,71.610001
442.154999,108.195000,47.690002,71.610001
442.154999,108.195000,47.690002,71.610001
482.154999,110.195000,47.690002,71.610001
457.154999,103.195000,47.690002,71.610001
457.154999,103.195000,47.690002,71.610001
457.154999,103.195000,47.690002,71.610001
457.154999,103.195000,47.690002,71.610001
457.154999,103.195000,47.690002,71.610001
437.154999,135.194992,47.690002,71.610001
437.154999,135.194992,47.690002,71.610001
467.154999,111.195000,47.690002,71.610001
467.154999,111.195000,47.690002,71.610001
467.154999,111.195000,47.690002,71.610001
487.154999,145.194992,47.690002,71.610001
482.154999,118.195000,47.690002,71.610001
482.154999,118.195000,47.690002,71.610001
482.154999,118.195000,47.690002,71.610001
482.154999,118.195000,47.690002,71.610001
482.154999,150.194992,47.690002,71.610001
482.154999,150.194992,47.690002,71.610001
477.154999,126.195000,47.690002,71.610001
477.154999,126.195000,47.690002,71.610001
477.154999,126.195000,47.690002,71.610001
477.154999,126.195000,47.690002,71.610001
477.154999,126.195000,47.690002,71.610001
457.154999,136.194992,47.690002,71.610001
452.154999,114.195000,47.690002,71.610001
472.154999,137.194992,47.690002,71.610001
472.154999,137.194992,47.690002,71.610001
487.154999,118.195000,47.690002,71.610001
487.154999,118.195000,47.690002,71.610001
487.154999,118.195000,47.690002,71.610001
487.154999,118.195000,47.690002,71.610001
487.154999,118.195000,47.690002,71.610001
487.154999,118.195000,47.690002,71.610001
487.154999,118.195000,47.690002,71.610001
497.154999,144.194992,47.690002,71.610001
482.154999,127.195000,47.690002,71.610001
482.154999,127.195000,47.690002,71.610001
482.154999,108.195000,47.690002,71.610001
482.154999,108.195000,47.690002,71.610001
482.154999,108.195000,47.690002,71.610001
482.154999,108.195000,47.690002,71.610001
482.154999,108.195000,47.690002,71.610001
452.154999,133.194992,47.690002,71.610001
467.154999,106.195000,47.690002,71.610001
467.154999,106.195000,47.690002,71.610001
467.154999,106.195000,47.690002,71.610001
467.154999,106.195000,47.690002,71.610001
467.154999,106.195000,47.690002,71.610001
467.154999,106.195000,47.690002,71.610001
467.154999,106.195000,47.690002,71.610001
467.154999,106.195000,47.690002,71.610001
467.154999,106.195000,47.690002,71.610001
467.154999,106.195000,47.690002,71.610001
467.154999,106.195000,47.690002,71.610001
487.154999,109.195000,47.690002,71.610001
487.154999,109.195000,47.690002,71.610001
487.154999,109.195000,47.690002,71.610001
467.154999,138.194992,47.690002,71.610001
477.154999,116.195000,47.690002,71.610001
477.154999,116.195000,47.690002,71.610001
477.154999,116.195000,47.690002,71.610001
462.154999,140.194992,47.690002,71.610001
462.154999,118.195000,47.690002,71.610001
482.154999,96.195000,47.690002,71.610001
482.154999,96.195000,47.690002,71.610001
482.154999,96.195000,47.690002,71.610001
482.154999,96.195000,47.690002,71.610001
482.154999,96.195000,47.690002,71.610001
482.154999,96.195000,47.690002,71.610001
467.154999,110.195000,47.690002,71.610001
452.154999,118.195000,47.690002,71.610001
452.154999,118.195000,47.690002,71.610001
452.154999,118.195000,47.690002,71.610001
472.154999,102.195000,47.690002,71.610001
472.154999,102.195000,47.690002,71.610001
472.154999,102.195000,47.690002,71.610001
472.154999,102.195000,47.690002,71.610001
472.154999,102.195000,47.690002,71.610001
472.154999,102.195000,47.690002,71.610001
472.154999,102.195000,47.690002,71.610001
472.154999,102.195000,47.690002,71.610001
472.154999,102.195000,47.690002,71.610001
472.154999,102.195000,47.690002,71.610001
472.154999,102.195000,47.690002,71.610001
472.154999,102.195000,47.690002,71.610001
472.154999,102.195000,47.690002,71.610001
472.154999,102.195000,47.690002,71.610001
472.154999,102.195000,47.690002,71.610001
472.154999,102.195000,47.690002,71.610001
472.154999,102.195000,47.690002,71.610001
472.154999,102.195000,47.690002,71.610001
452.154999,136.194992,47.690002,71.610001
452.154999,136.194992,47.690002,71.610001
452.154999,136.194992,47.690002,71.610001
472.154999,95.195000,47.690002,71.610001
492.154999,113.195000,47.690002,71.610001
492.154999,113.195000,47.690002,71.610001
492.154999,113.195000,47.690002,71.610001
492.154999,113.195000,47.690002,71.610001
497.154999,145.194992,47.690002,71.610001
487.154999,123.195000,47.690002,71.610001
487.154999,123.195000,47.690002,71.610001
487.154999,123.195000,47.690002,71.610001
487.154999,123.195000,47.690002,71.610001
487.154999,123.195000,47.690002,71.610001
487.154999,123.195000,47.690002,71.610001
487.154999,123.195000,47.690002,71.610001
462.154999,104.195000,47.690002,71.610001
462.154999,104.195000,47.690002,71.610001
462.154999,104.195000,47.690002,71.610001
462.154999,104.195000,47.690002,71.610001
462.154999,104.195000,47.690002,71.610001
462.154999,104.195000,47.690002,71.610001
462.154999,104.195000,47.690002,71.610001
462.154999,130.194992,47.690002,71.610001
482.154999,133.194992,47.690002,71.610001
482.154999,133.194992,47.690002,71.610001
482.154999,133.194992,47.690002,71.610001
482.154999,133.194992,47.690002,71.610001
482.154999,133.194992,47.690002,71.610001
482.154999,133.194992,47.690002,71.610001
482.154999,133.194992,47.690002,71.610001
482.154999,133.194992,47.690002,71.610001
487.154999,112.195000,47.690002,71.610001
487.154999,112.195000,47.690002,71.610001
487.154999,112.195000,47.690002,71.610001
487.154999,112.195000,47.690002,71.610001
472.154999,114.195000,47.690002,71.610001
472.154999,114.195000,47.690002,71.610001
422.154999,125.195000,47.690002,71.610001
422.154999,125.195000,47.690002,71.610001
422.154999,125.195000,47.690002,71.610001
422.154999,125.195000,47.690002,71.610001
422.154999,125.195000,47.690002,71.610001
447.154999,105.195000,47.690002,71.610001
447.154999,105.195000,47.690002,71.610001
447.154999,105.195000,47.690002,71.610001
447.154999,105.195000,47.690002,71.610001
447.154999,105.195000,47.690002,71.610001
447.154999,105.195000,47.690002,71.610001
447.154999,105.195000,47.690002,71.610001
447.154999,105.195000,47.690002,71.610001
447.154999,105.195000,47.690002,71.610001
447.154999,105.195000,47.690002,71.610001
447.154999,105.195000,47.690002,71.610001
447.154999,105.195000,47.690002,71.610001
447.154999,105.195000,47.690002,71.610001
477.154999,114.195000,47.690002,71.610001
477.154999,114.195000,47.690002,71.610001
452.154999,110.195000,47.690002,71.610001
452.154999,110.195000,47.690002,71.610001
452.154999,110.195000,47.690002,71.610001
452.154999,110.195000,47.690002,71.610001
452.154999,110.195000,47.690002,71.610001
452.154999,110.195000,47.690002,71.610001
452.154999,110.195000,47.690002,71.610001
452.154999,110.195000,47.690002,71.610001
452.154999,110.195000,47.690002,71.610001
452.154999,110.195000,47.690002,71.610001
452.154999,110.195000,47.690002,71.610001
452.154999,110.195000,47.690002,71.610001
452.154999,110.195000,47.690002,71.610001
452.154999,110.195000,47.690002,71.610001
452.154999,110.195000,47.690002,71.610001
452.154999,110.195000,47.690002,71.610001
452.154999,110.195000,47.690002,71.610001
452.154999,110.195000,47.690002,71.610001
452.154999,110.195000,47.690002,71.610001
452.154999,110.195000,47.690002,71.610001
452.154999,110.195000,47.690002,71.610001
452.154999,110.195000,47.690002,71.610001
427.154999,128.194992,47.690002,71.610001
427.154999,128.194992,47.690002,71.610001
462.154999,99.195000,47.690002,71.610001
462.154999,99.195000,47.690002,71.610001
462.154999,99.195000,47.690002,71.610001
462.154999,99.195000,47.690002,71.610001
457.154999,126.195000,47.690002,71.610001
457.154999,126.195000,47.690002,71.610001
457.154999,126.195000,47.690002,71.610001
442.154999,112.195000,47.690002,71.610001
442.154999,112.195000,47.690002,71.610001
442.154999,112.195000,47.690002,71.610001
442.154999,112.195000,47.690002,71.610001
442.154999,112.195000,47.690002,71.610001
442.154999,112.195000,47.690002,71.610001
442.154999,112.195000,47.690002,71.610001
442.154999,112.195000,47.690002,71.610001
427.154999,126.195000,47.690002,71.610001
427.154999,126.195000,47.690002,71.610001
427.154999,126.195000,47.690002,71.610001
427.154999,126.195000,47.690002,71.610001
407.154999,98.195000,47.690002,71.610001
407.154999,98.195000,47.690002,71.610001
407.154999,98.195000,47.690002,71.610001
407.154999,98.195000,47.690002,71.610001
