1
438.730011,107.750000,53.819977,78.399994
438.730011,107.750000,53.819977,78.399994
438.730011,107.750000,53.819977,78.399994
438.730011,107.750000,53.819977,78.399994
438.730011,107.750000,53.819977,78.399994
438.730011,107.750000,53.819977,78.399994
438.730011,107.750000,53.819977,78.399994
438.730011,107.750000,53.819977,78.399994
438.730011,107.750000,53.819977,78.399994
438.730011,107.750000,53.819977,78.399994
438.730011,107.750000,53.819977,78.399994
438.730011,107.750000,53.819977,78.399994
438.730011,107.750000,53.819977,78.399994
438.730011,107.750000,53.819977,78.399994
438.730011,107.750000,53.819977,78.399994
438.730011,107.750000,53.819977,78.399994
438.730011,107.750000,53.819977,78.399994
438.730011,107.750000,53.819977,78.399994
438.730011,107.750000,53.819977,78.399994
438.730011,107.750000,53.819977,78.399994
438.730011,107.750000,53.819977,78.399994
438.730011,107.750000,53.819977,78.399994
438.730011,107.750000,53.819977,78.399994
430.089996,85.800003,53.819977,78.399994
430.089996,85.800003,53.819977,78.399994
439.089996,117.800003,53.819977,78.399994
439.089996,117.800003,53.819977,78.399994
439.089996,117.800003,53.819977,78.399994
439.089996,117.800003,53.819977,78.399994
439.089996,117.800003,53.819977,78.399994
439.089996,117.800003,53.819977,78.399994
439.089996,117.800003,53.819977,78.399994
439.089996,117.800003,53.819977,78.399994
439.089996,117.800003,53.819977,78.399994
439.089996,117.800003,53.819977,78.399994
434.089996,147.800003,53.819977,78.399994
456.089996,118.800003,53.819977,78.399994
456.089996,118.800003,53.819977,78.399994
435.089996,140.800003,53.819977,78.399994
437.089996,101.800003,53.819977,78.399994
437.089996,101.800003,53.819977,78.399994
437.089996,101.800003,53.819977,78.399994
437.089996,101.800003,53.819977,78.399994
437.089996,101.800003,53.819977,78.399994
437.089996,101.800003,53.819977,78.399994
414.089996,97.800003,53.819977,78.399994
414.089996,97.800003,53.819977,78.399994
414.089996,97.800003,53.819977,78.399994
414.089996,97.800003,53.819977,78.399994
414.089996,97.800003,53.819977,78.399994
414.089996,97.800003,53.819977,78.399994
414.089996,97.800003,53.819977,78.399994
414.089996,97.800003,53.819977,78.399994
414.089996,97.800003,53.819977,78.399994
414.089996,97.800003,53.819977,78.399994
414.089996,97.800003,53.819977,78.399994
414.089996,97.800003,53.819977,78.399994
414.089996,97.800003,53.819977,78.399994
414.089996,97.800003,53.819977,78.399994
441.089996,98.800003,53.819977,78.399994
428.089996,134.800003,53.819977,78.399994
428.089996,134.800003,53.819977,78.399994
428.089996,134.800003,53.819977,78.399994
428.089996,134.800003,53.819977,78.399994
428.089996,134.800003,53.819977,78.399994
428.089996,134.800003,53.819977,78.399994
428.089996,134.800003,53.819977,78.399994
442.089996,111.800003,53.819977,78.399994
414.089996,132.800003,53.819977,78.399994
441.089996,118.800003,53.819977,78.399994
441.089996,118.800003,53.819977,78.399994
441.089996,118.800003,53.819977,78.399994
412.089996,131.800003,53.819977,78.399994
439.089996,102.800003,53.819977,78.399994
439.089996,102.800003,53.819977,78.399994
439.089996,102.800003,53.819977,78.399994
439.089996,102.800003,53.819977,78.399994
422.089996,136.800003,53.819977,78.399994
439.089996,112.800003,53.819977,78.399994
439.089996,112.800003,53.819977,78.399994
439.089996,112.800003,53.819977,78.399994
440.089996,140.800003,53.819977,78.399994
440.089996,140.800003,53.819977,78.399994
440.089996,140.800003,53.819977,78.399994
440.089996,140.800003,53.819977,78.399994
440.089996,140.800003,53.819977,78.399994
415.089996,135.800003,53.819977,78.399994
415.089996,135.800003,53.819977,78.399994
415.089996,135.800003,53.819977,78.399994
415.089996,135.800003,53.819977,78.399994
415.089996,135.800003,53.819977,78.399994
415.089996,135.800003,53.819977,78.399994
415.089996,135.800003,53.819977,78.399994
415.089996,135.800003,53.819977,78.399994
421.089996,113.800003,53.819977,78.399994
421.089996,113.800003,53.819977,78.399994
421.089996,113.800003,53.819977,78.399994
421.089996,113.800003,53.819977,78.399994
421.089996,113.800003,53.819977,78.399994
421.089996,113.800003,53.819977,78.399994
421.089996,113.800003,53.819977,78.399994
421.089996,113.800003,53.819977,78.399994
442.089996,136.800003,53.819977,78.399994
442.089996,136.800003,53.819977,78.399994
442.089996,136.800003,53.819977,78.399994
442.089996,136.800003,53.819977,78.399994
430.089996,110.800003,53.819977,78.399994
430.089996,110.800003,53.819977,78.399994
430.089996,110.800003,53.819977,78.399994
401.089996,113.800003,53.819977,78.399994
401.089996,113.800003,53.819977,78.399994
415.089996,85.800003,53.819977,78.399994
415.089996,85.800003,53.819977,78.399994
434.089996,102.800003,53.819977,78.399994
434.089996,102.800003,53.819977,78.399994
434.089996,102.800003,53.819977,78.399994
434.089996,102.800003,53.819977,78.399994
434.089996,102.800003,53.819977,78.399994
434.089996,102.800003,53.819977,78.399994
434.089996,102.800003,53.819977,78.399994
434.089996,102.800003,53.819977,78.399994
434.089996,102.800003,53.819977,78.399994
434.089996,102.800003,53.819977,78.399994
419.089996,77.800003,53.819977,78.399994
419.089996,77.800003,53.819977,78.399994
419.089996,77.800003,53.819977,78.399994
419.089996,77.800003,53.819977,78.399994
419.089996,77.800003,53.819977,78.399994
419.089996,77.800003,53.819977,78.399994
419.089996,77.800003,53.819977,78.399994
419.089996,77.800003,53.819977,78.399994
419.089996,77.800003,53.819977,78.399994
419.089996,77.800003,53.819977,78.399994
419.089996,77.800003,53.819977,78.399994
406.089996,123.800003,53.819977,78.399994
406.089996,123.800003,53.819977,78.399994
406.089996,123.800003,53.819977,78.399994
442.089996,151.800003,53.819977,78.399994
442.089996,151.800003,53.819977,78.399994
442.089996,151.800003,53.819977,78.399994
442.089996,151.800003,53.819977,78.399994
420.089996,135.800003,53.819977,78.399994
417.089996,101.800003,53.819977,78.399994
417.089996,101.800003,53.819977,78.399994
417.089996,101.800003,53.819977,78.399994
417.089996,101.800003,53.819977,78.399994
417.089996,101.800003,53.819977,78.399994
417.089996,101.800003,53.819977,78.399994
417.089996,101.800003,53.819977,78.399994
417.089996,101.800003,53.819977,78.399994
417.089996,101.800003,53.819977,78.399994
417.089996,101.800003,53.819977,78.399994
417.089996,101.800003,53.819977,78.399994
417.089996,101.800003,53.819977,78.399994
417.089996,101.800003,53.819977,78.399994
417.089996,101.800003,53.819977,78.399994
425.089996,135.800003,53.819977,78.399994
427.089996,96.800003,53.819977,78.399994
427.089996,96.800003,53.819977,78.399994
427.089996,96.800003,53.819977,78.399994
418.089996,134.800003,53.819977,78.399994
435.089996,100.800003,53.819977,78.399994
435.089996,100.800003,53.819977,78.399994
435.089996,100.800003,53.819977,78.399994
435.089996,100.800003,53.819977,78.399994
435.089996,100.800003,53.819977,78.399994
435.089996,100.800003,53.819977,78.399994
435.089996,100.800003,53.819977,78.399994
464.089996,127.800003,53.819977,78.399994
464.089996,127.800003,53.819977,78.399994
433.089996,109.800003,53.819977,78.399994
433.089996,109.800003,53.819977,78.399994
433.089996,109.800003,53.819977,78.399994
433.089996,109.800003,53.819977,78.399994
433.089996,109.800003,53.819977,78.399994
433.089996,109.800003,53.819977,78.399994
433.089996,109.800003,53.819977,78.399994
433.089996,109.800003,53.819977,78.399994
464.089996,97.800003,53.819977,78.399994
464.089996,97.800003,53.819977,78.399994
488.089996,124.800003,53.819977,78.399994
465.089996,100.800003,53.819977,78.399994
465.089996,100.800003,53.819977,78.399994
439.089996,102.800003,53.819977,78.399994
439.089996,102.800003,53.819977,78.399994
463.089996,84.800003,53.819977,78.399994
463.089996,84.800003,53.819977,78.399994
463.089996,84.800003,53.819977,78.399994
463.089996,84.800003,53.819977,78.399994
463.089996,84.800003,53.819977,78.399994
448.089996,89.800003,53.819977,78.399994
448.089996,89.800003,53.819977,78.399994
448.089996,89.800003,53.819977,78.399994
448.089996,89.800003,53.819977,78.399994
448.089996,89.800003,53.819977,78.399994
448.089996,89.800003,53.819977,78.399994
448.089996,89.800003,53.819977,78.399994
487.089996,101.800003,53.819977,78.399994
487.089996,101.800003,53.819977,78.399994
446.089996,78.800003,53.819977,78.399994
446.089996,78.800003,53.819977,78.399994
446.089996,78.800003,53.819977,78.399994
435.089996,130.800003,53.819977,78.399994
435.089996,130.800003,53.819977,78.399994
435.089996,130.800003,53.819977,78.399994
446.089996,93.800003,53.819977,78.399994
446.089996,93.800003,53.819977,78.399994
435.089996,130.800003,53.819977,78.399994
435.089996,130.800003,53.819977,78.399994
435.089996,130.800003,53.819977,78.399994
435.089996,130.800003,53.819977,78.399994
453.089996,104.800003,53.819977,78.399994
453.089996,104.800003,53.819977,78.399994
453.089996,104.800003,53.819977,78.399994
453.089996,104.800003,53.819977,78.399994
486.089996,98.800003,53.819977,78.399994
486.089996,98.800003,53.819977,78.399994
486.089996,98.800003,53.819977,78.399994
486.089996,98.800003,53.819977,78.399994
486.089996,98.800003,53.819977,78.399994
486.089996,98.800003,53.819977,78.399994
486.089996,98.800003,53.819977,78.399994
486.089996,98.800003,53.819977,78.399994
486.089996,98.800003,53.819977,78.399994
486.089996,98.800003,53.819977,78.399994
456.089996,88.800003,53.819977,78.399994
456.089996,88.800003,53.819977,78.399994
456.089996,88.800003,53.819977,78.399994
456.089996,88.800003,53.819977,78.399994
449.089996,122.800003,53.819977,78.399994
456.089996,98.800003,53.819977,78.399994
456.089996,98.800003,53.819977,78.399994
456.089996,98.800003,53.819977,78.399994
472.089996,131.800003,53.819977,78.399994
472.089996,131.800003,53.819977,78.399994
451.089996,123.800003,53.819977,78.399994
478.089996,84.800003,53.819977,78.399994
478.089996,84.800003,53.819977,78.399994
478.089996,84.800003,53.819977,78.399994
478.089996,84.800003,53.819977,78.399994
478.089996,84.800003,53.819977,78.399994
478.089996,84.800003,53.819977,78.399994
478.089996,84.800003,53.819977,78.399994
478.089996,84.800003,53.819977,78.399994
478.089996,84.800003,53.819977,78.399994
478.089996,84.800003,53.819977,78.399994
478.089996,84.800003,53.819977,78.399994
478.089996,84.800003,53.819977,78.399994
478.089996,84.800003,53.819977,78.399994
478.089996,84.800003,53.819977,78.399994
478.089996,84.800003,53.819977,78.399994
478.089996,84.800003,53.819977,78.399994
478.089996,84.800003,53.819977,78.399994
478.089996,84.800003,53.819977,78.399994
478.089996,84.800003,53.819977,78.399994
478.089996,84.800003,53.819977,78.399994
478.089996,84.800003,53.819977,78.399994
478.089996,84.800003,53.819977,78.399994
478.089996,84.800003,53.819977,78.399994
478.089996,84.800003,53.819977,78.399994
478.089996,84.800003,53.819977,78.399994
478.089996,84.800003,53.819977,78.399994
460.089996,90.800003,53.819977,78.399994
460.089996,90.800003,53.819977,78.399994
460.089996,90.800003,53.819977,78.399994
460.089996,90.800003,53.819977,78.399994
460.089996,90.800003,53.819977,78.399994
481.089996,83.800003,53.819977,78.399994
481.089996,83.800003,53.819977,78.399994
500.089996,115.800003,53.819977,78.399994
500.089996,115.800003,53.819977,78.399994
484.089996,97.800003,53.819977,78.399994
484.089996,97.800003,53.819977,78.399994
484.089996,97.800003,53.819977,78.399994
484.089996,97.800003,53.819977,78.399994
482.089996,126.800003,53.819977,78.399994
482.089996,126.800003,53.819977,78.399994
461.089996,133.800003,53.819977,78.399994
483.089996,124.800003,53.819977,78.399994
483.089996,124.800003,53.819977,78.399994
483.089996,124.800003,53.819977,78.399994
483.089996,124.800003,53.819977,78.399994
483.089996,124.800003,53.819977,78.399994
468.089996,124.800003,53.819977,78.399994
490.089996,100.800003,53.819977,78.399994
490.089996,100.800003,53.819977,78.399994
490.089996,100.800003,53.819977,78.399994
490.089996,100.800003,53.819977,78.399994
463.089996,74.800003,53.819977,78.399994
463.089996,74.800003,53.819977,78.399994
463.089996,74.800003,53.819977,78.399994
463.089996,74.800003,53.819977,78.399994
463.089996,74.800003,53.819977,78.399994
463.089996,74.800003,53.819977,78.399994
490.089996,115.800003,53.819977,78.399994
490.089996,115.800003,53.819977,78.399994
474.089996,87.800003,53.819977,78.399994
474.089996,87.800003,53.819977,78.399994
474.089996,87.800003,53.819977,78.399994
474.089996,87.800003,53.819977,78.399994
474.089996,87.800003,53.819977,78.399994
474.089996,87.800003,53.819977,78.399994
474.089996,87.800003,53.819977,78.399994
474.089996,87.800003,53.819977,78.399994
445.089996,80.800003,53.819977,78.399994
445.089996,80.800003,53.819977,78.399994
445.089996,80.800003,53.819977,78.399994
445.089996,80.800003,53.819977,78.399994
445.089996,80.800003,53.819977,78.399994
445.089996,80.800003,53.819977,78.399994
445.089996,80.800003,53.819977,78.399994
445.089996,80.800003,53.819977,78.399994
445.089996,80.800003,53.819977,78.399994
445.089996,80.800003,53.819977,78.399994
445.089996,80.800003,53.819977,78.399994
445.089996,80.800003,53.819977,78.399994
445.089996,80.800003,53.819977,78.399994
445.089996,80.800003,53.819977,78.399994
445.089996,80.800003,53.819977,78.399994
445.089996,80.800003,53.819977,78.399994
445.089996,80.800003,53.819977,78.399994
467.089996,86.800003,53.819977,78.399994
467.089996,86.800003,53.819977,78.399994
467.089996,86.800003,53.819977,78.399994
467.089996,86.800003,53.819977,78.399994
467.089996,86.800003,53.819977,78.399994
447.089996,86.800003,53.819977,78.399994
447.089996,86.800003,53.819977,78.399994
447.089996,86.800003,53.819977,78.399994
447.089996,86.800003,53.819977,78.399994
447.089996,86.800003,53.819977,78.399994
447.089996,86.800003,53.819977,78.399994
447.089996,86.800003,53.819977,78.399994
447.089996,86.800003,53.819977,78.399994
447.089996,86.800003,53.819977,78.399994
447.089996,86.800003,53.819977,78.399994
447.089996,86.800003,53.819977,78.399994
447.089996,86.800003,53.819977,78.399994
447.089996,86.800003,53.819977,78.399994
447.089996,86.800003,53.819977,78.399994
447.089996,86.800003,53.819977,78.399994
447.089996,86.800003,53.819977,78.399994
447.089996,86.800003,53.819977,78.399994
447.089996,86.800003,53.819977,78.399994
447.089996,86.800003,53.819977,78.399994
419.089996,77.800003,53.819977,78.399994
419.089996,77.800003,53.819977,78.399994
419.089996,77.800003,53.819977,78.399994
390.089996,85.800003,53.819977,78.399994
390.089996,85.800003,53.819977,78.399994
390.089996,85.800003,53.819977,78.399994
390.089996,85.800003,53.819977,78.399994
390.089996,85.800003,53.819977,78.399994
390.089996,85.800003,53.819977,78.399994
390.089996,85.800003,53.819977,78.399994
390.089996,85.800003,53.819977,78.399994
390.089996,85.800003,53.819977,78.399994
390.089996,85.800003,53.819977,78.399994
390.089996,85.800003,53.819977,78.399994
409.089996,82.800003,53.819977,78.399994
409.089996,82.800003,53.819977,78.399994
409.089996,82.800003,53.819977,78.399994
409.089996,82.800003,53.819977,78.399994
409.089996,82.800003,53.819977,78.399994
409.089996,82.800003,53.819977,78.399994
409.089996,82.800003,53.819977,78.399994
409.089996,82.800003,53.819977,78.399994
409.089996,82.800003,53.819977,78.399994
409.089996,82.800003,53.819977,78.399994
409.089996,82.800003,53.819977,78.399994
