1
440.149994,115.599998,54.170013,69.070000
440.149994,115.599998,54.170013,69.070000
440.149994,115.599998,54.170013,69.070000
423.915009,100.464996,54.170013,69.070000
431.915009,130.464996,54.170013,69.070000
431.915009,130.464996,54.170013,69.070000
437.915009,100.464996,54.170013,69.070000
437.915009,100.464996,54.170013,69.070000
443.915009,125.464996,54.170013,69.070000
443.915009,125.464996,54.170013,69.070000
443.915009,125.464996,54.170013,69.070000
443.915009,125.464996,54.170013,69.070000
425.915009,120.464996,54.170013,69.070000
438.915009,100.464996,54.170013,69.070000
438.915009,100.464996,54.170013,69.070000
438.915009,100.464996,54.170013,69.070000
438.915009,100.464996,54.170013,69.070000
438.915009,100.464996,54.170013,69.070000
438.915009,100.464996,54.170013,69.070000
438.915009,100.464996,54.170013,69.070000
438.915009,100.464996,54.170013,69.070000
438.915009,100.464996,54.170013,69.070000
438.915009,100.464996,54.170013,69.070000
438.915009,100.464996,54.170013,69.070000
438.915009,100.464996,54.170013,69.070000
438.915009,100.464996,54.170013,69.070000
438.915009,100.464996,54.170013,69.070000
435.915009,135.464996,54.170013,69.070000
435.915009,135.464996,54.170013,69.070000
435.915009,135.464996,54.170013,69.070000
454.915009,110.464996,54.170013,69.070000
437.915009,105.464996,54.170013,69.070000
437.915009,105.464996,54.170013,69.070000
437.915009,105.464996,54.170013,69.070000
437.915009,105.464996,54.170013,69.070000
437.915009,105.464996,54.170013,69.070000
447.915009,130.464996,54.170013,69.070000
447.915009,130.464996,54.170013,69.070000
447.915009,130.464996,54.170013,69.070000
447.915009,130.464996,54.170013,69.070000
447.915009,130.464996,54.170013,69.070000
447.915009,130.464996,54.170013,69.070000
447.915009,130.464996,54.170013,69.070000
433.915009,105.464996,54.170013,69.070000
433.915009,105.464996,54.170013,69.070000
433.915009,105.464996,54.170013,69.070000
433.915009,105.464996,54.170013,69.070000
433.915009,105.464996,54.170013,69.070000
433.915009,105.464996,54.170013,69.070000
433.915009,105.464996,54.170013,69.070000
433.915009,105.464996,54.170013,69.070000
433.915009,105.464996,54.170013,69.070000
433.915009,105.464996,54.170013,69.070000
433.915009,105.464996,54.170013,69.070000
433.915009,105.464996,54.170013,69.070000
433.915009,105.464996,54.170013,69.070000
433.915009,105.464996,54.170013,69.070000
433.915009,105.464996,54.170013,69.070000
433.915009,105.464996,54.170013,69.070000
426.915009,130.464996,54.170013,69.070000
426.915009,130.464996,54.170013,69.070000
422.915009,105.464996,54.170013,69.070000
422.915009,105.464996,54.170013,69.070000
433.915009,135.464996,54.170013,69.070000
426.915009,110.464996,54.170013,69.070000
426.915009,110.464996,54.170013,69.070000
426.915009,110.464996,54.170013,69.070000
430.915009,135.464996,54.170013,69.070000
430.915009,135.464996,54.170013,69.070000
430.915009,135.464996,54.170013,69.070000
430.915009,135.464996,54.170013,69.070000
430.915009,135.464996,54.170013,69.070000
430.915009,135.464996,54.170013,69.070000
430.915009,135.464996,54.170013,69.070000
430.915009,135.464996,54.170013,69.070000
430.915009,135.464996,54.170013,69.070000
430.915009,135.464996,54.170013,69.070000
430.915009,135.464996,54.170013,69.070000
430.915009,135.464996,54.170013,69.070000
430.915009,135.464996,54.170013,69.070000
430.915009,135.464996,54.170013,69.070000
430.915009,135.464996,54.170013,69.070000
430.915009,135.464996,54.170013,69.070000
430.915009,135.464996,54.170013,69.070000
431.915009,160.464996,54.170013,69.070000
409.915009,160.464996,54.170013,69.070000
409.915009,160.464996,54.170013,69.070000
425.915009,135.464996,54.170013,69.070000
425.915009,135.464996,54.170013,69.070000
425.915009,135.464996,54.170013,69.070000
425.915009,135.464996,54.170013,69.070000
425.915009,135.464996,54.170013,69.070000
425.915009,135.464996,54.170013,69.070000
425.915009,135.464996,54.170013,69.070000
425.915009,135.464996,54.170013,69.070000
424.915009,160.464996,54.170013,69.070000
417.915009,140.464996,54.170013,69.070000
440.915009,125.464996,54.170013,69.070000
440.915009,125.464996,54.170013,69.070000
440.915009,125.464996,54.170013,69.070000
429.915009,155.464996,54.170013,69.070000
429.915009,155.464996,54.170013,69.070000
429.915009,155.464996,54.170013,69.070000
429.915009,155.464996,54.170013,69.070000
429.915009,155.464996,54.170013,69.070000
429.915009,155.464996,54.170013,69.070000
429.915009,155.464996,54.170013,69.070000
429.915009,155.464996,54.170013,69.070000
423.915009,120.464996,54.170013,69.070000
411.915009,145.464996,54.170013,69.070000
411.915009,145.464996,54.170013,69.070000
411.915009,145.464996,54.170013,69.070000
411.915009,145.464996,54.170013,69.070000
411.915009,145.464996,54.170013,69.070000
431.915009,120.464996,54.170013,69.070000
431.915009,120.464996,54.170013,69.070000
431.915009,120.464996,54.170013,69.070000
415.915009,125.464996,54.170013,69.070000
415.915009,125.464996,54.170013,69.070000
441.915009,140.464996,54.170013,69.070000
419.915009,140.464996,54.170013,69.070000
437.915009,120.464996,54.170013,69.070000
415.915009,130.464996,54.170013,69.070000
415.915009,130.464996,54.170013,69.070000
415.915009,130.464996,54.170013,69.070000
415.915009,130.464996,54.170013,69.070000
415.915009,130.464996,54.170013,69.070000
415.915009,130.464996,54.170013,69.070000
415.915009,130.464996,54.170013,69.070000
411.915009,110.464996,54.170013,69.070000
411.915009,110.464996,54.170013,69.070000
411.915009,110.464996,54.170013,69.070000
420.915009,140.464996,54.170013,69.070000
418.915009,120.464996,54.170013,69.070000
418.915009,120.464996,54.170013,69.070000
418.915009,120.464996,54.170013,69.070000
418.915009,120.464996,54.170013,69.070000
418.915009,120.464996,54.170013,69.070000
423.915009,145.464996,54.170013,69.070000
423.915009,145.464996,54.170013,69.070000
424.915009,110.464996,54.170013,69.070000
432.915009,140.464996,54.170013,69.070000
432.915009,140.464996,54.170013,69.070000
432.915009,140.464996,54.170013,69.070000
432.915009,140.464996,54.170013,69.070000
432.915009,140.464996,54.170013,69.070000
432.915009,140.464996,54.170013,69.070000
426.915009,115.464996,54.170013,69.070000
426.915009,115.464996,54.170013,69.070000
426.915009,115.464996,54.170013,69.070000
426.915009,115.464996,54.170013,69.070000
426.915009,115.464996,54.170013,69.070000
426.915009,115.464996,54.170013,69.070000
426.915009,115.464996,54.170013,69.070000
426.915009,115.464996,54.170013,69.070000
440.915009,140.464996,54.170013,69.070000
440.915009,140.464996,54.170013,69.070000
461.915009,135.464996,54.170013,69.070000
434.915009,125.464996,54.170013,69.070000
434.915009,125.464996,54.170013,69.070000
434.915009,125.464996,54.170013,69.070000
458.915009,135.464996,54.170013,69.070000
466.915009,110.464996,54.170013,69.070000
466.915009,110.464996,54.170013,69.070000
466.915009,110.464996,54.170013,69.070000
435.915009,110.464996,54.170013,69.070000
435.915009,110.464996,54.170013,69.070000
435.915009,110.464996,54.170013,69.070000
479.915009,115.464996,54.170013,69.070000
457.915009,110.464996,54.170013,69.070000
457.915009,110.464996,54.170013,69.070000
457.915009,110.464996,54.170013,69.070000
457.915009,110.464996,54.170013,69.070000
457.915009,110.464996,54.170013,69.070000
477.915009,110.464996,54.170013,69.070000
477.915009,110.464996,54.170013,69.070000
477.915009,110.464996,54.170013,69.070000
477.915009,110.464996,54.170013,69.070000
477.915009,110.464996,54.170013,69.070000
451.915009,110.464996,54.170013,69.070000
451.915009,110.464996,54.170013,69.070000
451.915009,110.464996,54.170013,69.070000
451.915009,110.464996,54.170013,69.070000
451.915009,110.464996,54.170013,69.070000
451.915009,110.464996,54.170013,69.070000
451.915009,110.464996,54.170013,69.070000
472.915009,115.464996,54.170013,69.070000
472.915009,115.464996,54.170013,69.070000
472.915009,115.464996,54.170013,69.070000
472.915009,115.464996,54.170013,69.070000
472.915009,115.464996,54.170013,69.070000
472.915009,115.464996,54.170013,69.070000
472.915009,115.464996,54.170013,69.070000
472.915009,115.464996,54.170013,69.070000
472.915009,115.464996,54.170013,69.070000
449.915009,110.464996,54.170013,69.070000
472.915009,105.464996,54.170013,69.070000
445.915009,115.464996,54.170013,69.070000
445.915009,115.464996,54.170013,69.070000
445.915009,115.464996,54.170013,69.070000
445.915009,115.464996,54.170013,69.070000
437.915009,140.464996,54.170013,69.070000
437.915009,140.464996,54.170013,69.070000
437.915009,140.464996,54.170013,69.070000
456.915009,140.464996,54.170013,69.070000
449.915009,115.464996,54.170013,69.070000
449.915009,115.464996,54.170013,69.070000
449.915009,115.464996,54.170013,69.070000
449.915009,115.464996,54.170013,69.070000
449.915009,115.464996,54.170013,69.070000
449.915009,115.464996,54.170013,69.070000
449.915009,115.464996,54.170013,69.070000
449.915009,115.464996,54.170013,69.070000
449.915009,115.464996,54.170013,69.070000
476.915009,120.464996,54.170013,69.070000
476.915009,120.464996,54.170013,69.070000
476.915009,120.464996,54.170013,69.070000
476.915009,120.464996,54.170013,69.070000
476.915009,120.464996,54.170013,69.070000
476.915009,120.464996,54.170013,69.070000
454.915009,115.464996,54.170013,69.070000
454.915009,115.464996,54.170013,69.070000
454.915009,115.464996,54.170013,69.070000
454.915009,115.464996,54.170013,69.070000
454.915009,115.464996,54.170013,69.070000
454.915009,115.464996,54.170013,69.070000
454.915009,115.464996,54.170013,69.070000
475.915009,110.464996,54.170013,69.070000
458.915009,140.464996,54.170013,69.070000
458.915009,140.464996,54.170013,69.070000
454.915009,120.464996,54.170013,69.070000
454.915009,120.464996,54.170013,69.070000
480.915009,110.464996,54.170013,69.070000
480.915009,110.464996,54.170013,69.070000
461.915009,140.464996,54.170013,69.070000
461.915009,140.464996,54.170013,69.070000
477.915009,100.464996,54.170013,69.070000
477.915009,100.464996,54.170013,69.070000
477.915009,100.464996,54.170013,69.070000
477.915009,100.464996,54.170013,69.070000
477.915009,100.464996,54.170013,69.070000
477.915009,100.464996,54.170013,69.070000
477.915009,100.464996,54.170013,69.070000
477.915009,100.464996,54.170013,69.070000
477.915009,100.464996,54.170013,69.070000
477.915009,100.464996,54.170013,69.070000
477.915009,100.464996,54.170013,69.070000
477.915009,100.464996,54.170013,69.070000
477.915009,100.464996,54.170013,69.070000
477.915009,100.464996,54.170013,69.070000
477.915009,100.464996,54.170013,69.070000
477.915009,100.464996,54.170013,69.070000
477.915009,100.464996,54.170013,69.070000
477.915009,100.464996,54.170013,69.070000
477.915009,100.464996,54.170013,69.070000
477.915009,100.464996,54.170013,69.070000
477.915009,100.464996,54.170013,69.070000
477.915009,100.464996,54.170013,69.070000
477.915009,100.464996,54.170013,69.070000
477.915009,100.464996,54.170013,69.070000
477.915009,100.464996,54.170013,69.070000
477.915009,100.464996,54.170013,69.070000
477.915009,100.464996,54.170013,69.070000
461.915009,100.464996,54.170013,69.070000
461.915009,100.464996,54.170013,69.070000
461.915009,100.464996,54.170013,69.070000
490.915009,110.464996,54.170013,69.070000
490.915009,110.464996,54.170013,69.070000
491.915009,140.464996,54.170013,69.070000
491.915009,140.464996,54.170013,69.070000
487.915009,120.464996,54.170013,69.070000
487.915009,120.464996,54.170013,69.070000
463.915009,95.464996,54.170013,69.070000
463.915009,95.464996,54.170013,69.070000
463.915009,95.464996,54.170013,69.070000
463.915009,95.464996,54.170013,69.070000
463.915009,95.464996,54.170013,69.070000
463.915009,95.464996,54.170013,69.070000
463.915009,95.464996,54.170013,69.070000
463.915009,95.464996,54.170013,69.070000
463.915009,95.464996,54.170013,69.070000
463.915009,95.464996,54.170013,69.070000
463.915009,95.464996,54.170013,69.070000
463.915009,95.464996,54.170013,69.070000
463.915009,95.464996,54.170013,69.070000
463.915009,95.464996,54.170013,69.070000
463.915009,95.464996,54.170013,69.070000
463.915009,95.464996,54.170013,69.070000
463.915009,95.464996,54.170013,69.070000
463.915009,95.464996,54.170013,69.070000
463.915009,95.464996,54.170013,69.070000
463.915009,95.464996,54.170013,69.070000
463.915009,95.464996,54.170013,69.070000
463.915009,95.464996,54.170013,69.070000
440.915009,110.464996,54.170013,69.070000
440.915009,110.464996,54.170013,69.070000
440.915009,110.464996,54.170013,69.070000
440.915009,110.464996,54.170013,69.070000
440.915009,110.464996,54.170013,69.070000
440.915009,110.464996,54.170013,69.070000
440.915009,110.464996,54.170013,69.070000
421.915009,135.464996,54.170013,69.070000
421.915009,135.464996,54.170013,69.070000
421.915009,135.464996,54.170013,69.070000
445.915009,90.464996,54.170013,69.070000
445.915009,90.464996,54.170013,69.070000
445.915009,90.464996,54.170013,69.070000
445.915009,90.464996,54.170013,69.070000
445.915009,90.464996,54.170013,69.070000
445.915009,90.464996,54.170013,69.070000
445.915009,90.464996,54.170013,69.070000
445.915009,90.464996,54.170013,69.070000
445.915009,90.464996,54.170013,69.070000
445.915009,90.464996,54.170013,69.070000
445.915009,90.464996,54.170013,69.070000
445.915009,90.464996,54.170013,69.070000
445.915009,90.464996,54.170013,69.070000
445.915009,90.464996,54.170013,69.070000
445.915009,90.464996,54.170013,69.070000
445.915009,90.464996,54.170013,69.070000
445.915009,90.464996,54.170013,69.070000
426.915009,90.464996,54.170013,69.070000
426.915009,90.464996,54.170013,69.070000
426.915009,90.464996,54.170013,69.070000
405.915009,110.464996,54.170013,69.070000
405.915009,110.464996,54.170013,69.070000
405.915009,110.464996,54.170013,69.070000
405.915009,110.464996,54.170013,69.070000
405.915009,110.464996,54.170013,69.070000
430.915009,100.464996,54.170013,69.070000
453.915009,125.464996,54.170013,69.070000
453.915009,125.464996,54.170013,69.070000
453.915009,125.464996,54.170013,69.070000
453.915009,125.464996,54.170013,69.070000
453.915009,125.464996,54.170013,69.070000
443.915009,95.464996,54.170013,69.070000
443.915009,95.464996,54.170013,69.070000
443.915009,95.464996,54.170013,69.070000
443.915009,95.464996,54.170013,69.070000
443.915009,95.464996,54.170013,69.070000
463.915009,125.464996,54.170013,69.070000
456.915009,100.464996,54.170013,69.070000
456.915009,100.464996,54.170013,69.070000
456.915009,100.464996,54.170013,69.070000
456.915009,100.464996,54.170013,69.070000
456.915009,100.464996,54.170013,69.070000
462.915009,125.464996,54.170013,69.070000
445.915009,110.464996,54.170013,69.070000
445.915009,110.464996,54.170013,69.070000
445.915009,110.464996,54.170013,69.070000
445.915009,110.464996,54.170013,69.070000
445.915009,110.464996,54.170013,69.070000
430.915009,95.464996,54.170013,69.070000
430.915009,95.464996,54.170013,69.070000
376.915009,110.464996,54.170013,69.070000
376.915009,110.464996,54.170013,69.070000
376.915009,110.464996,54.170013,69.070000
376.915009,110.464996,54.170013,69.070000
376.915009,110.464996,54.170013,69.070000
396.915009,100.464996,54.170013,69.070000
396.915009,100.464996,54.170013,69.070000
396.915009,100.464996,54.170013,69.070000
396.915009,100.464996,54.170013,69.070000
396.915009,100.464996,54.170013,69.070000
373.915009,90.464996,54.170013,69.070000
396.915009,105.464996,54.170013,69.070000
396.915009,105.464996,54.170013,69.070000
396.915009,105.464996,54.170013,69.070000
396.915009,105.464996,54.170013,69.070000
388.915009,80.464996,54.170013,69.070000
