1
438.529999,103.989998,48.019989,65.209999
438.529999,103.989998,48.019989,65.209999
438.529999,103.989998,48.019989,65.209999
438.529999,103.989998,48.019989,65.209999
438.529999,103.989998,48.019989,65.209999
438.529999,103.989998,48.019989,65.209999
438.529999,103.989998,48.019989,65.209999
445.990021,132.395004,48.019989,65.209999
445.990021,132.395004,48.019989,65.209999
445.990021,132.395004,48.019989,65.209999
443.990021,98.395004,48.019989,65.209999
443.990021,98.395004,48.019989,65.209999
443.990021,98.395004,48.019989,65.209999
436.990021,129.395004,48.019989,65.209999
436.990021,129.395004,48.019989,65.209999
436.990021,129.395004,48.019989,65.209999
436.990021,129.395004,48.019989,65.209999
445.990021,107.395004,48.019989,65.209999
445.990021,107.395004,48.019989,65.209999
445.990021,107.395004,48.019989,65.209999
445.990021,107.395004,48.019989,65.209999
445.990021,107.395004,48.019989,65.209999
445.990021,107.395004,48.019989,65.209999
445.990021,107.395004,48.019989,65.209999
445.990021,107.395004,48.019989,65.209999
445.990021,107.395004,48.019989,65.209999
445.990021,107.395004,48.019989,65.209999
445.990021,107.395004,48.019989,65.209999
441.990021,129.395004,48.019989,65.209999
441.990021,129.395004,48.019989,65.209999
441.990021,129.395004,48.019989,65.209999
441.990021,129.395004,48.019989,65.209999
441.990021,129.395004,48.019989,65.209999
441.990021,104.395004,48.019989,65.209999
441.990021,104.395004,48.019989,65.209999
441.990021,104.395004,48.019989,65.209999
441.990021,104.395004,48.019989,65.209999
441.990021,104.395004,48.019989,65.209999
446.990021,134.395004,48.019989,65.209999
446.990021,134.395004,48.019989,65.209999
428.990021,123.395004,48.019989,65.209999
428.990021,123.395004,48.019989,65.209999
428.990021,123.395004,48.019989,65.209999
428.990021,123.395004,48.019989,65.209999
428.990021,123.395004,48.019989,65.209999
428.990021,123.395004,48.019989,65.209999
428.990021,123.395004,48.019989,65.209999
428.990021,123.395004,48.019989,65.209999
428.990021,123.395004,48.019989,65.209999
428.990021,123.395004,48.019989,65.209999
428.990021,123.395004,48.019989,65.209999
428.990021,123.395004,48.019989,65.209999
428.990021,123.395004,48.019989,65.209999
428.990021,123.395004,48.019989,65.209999
428.990021,123.395004,48.019989,65.209999
428.990021,123.395004,48.019989,65.209999
428.990021,123.395004,48.019989,65.209999
428.990021,123.395004,48.019989,65.209999
428.990021,123.395004,48.019989,65.209999
428.990021,123.395004,48.019989,65.209999
428.990021,123.395004,48.019989,65.209999
428.990021,123.395004,48.019989,65.209999
428.990021,123.395004,48.019989,65.209999
428.990021,123.395004,48.019989,65.209999
428.990021,123.395004,48.019989,65.209999
428.990021,123.395004,48.019989,65.209999
428.990021,123.395004,48.019989,65.209999
428.990021,123.395004,48.019989,65.209999
428.990021,123.395004,48.019989,65.209999
428.990021,123.395004,48.019989,65.209999
428.990021,123.395004,48.019989,65.209999
428.990021,123.395004,48.019989,65.209999
428.990021,123.395004,48.019989,65.209999
431.990021,149.395004,48.019989,65.209999
431.990021,149.395004,48.019989,65.209999
431.990021,149.395004,48.019989,65.209999
429.990021,130.395004,48.019989,65.209999
429.990021,130.395004,48.019989,65.209999
429.990021,130.395004,48.019989,65.209999
429.990021,130.395004,48.019989,65.209999
429.990021,130.395004,48.019989,65.209999
429.990021,130.395004,48.019989,65.209999
420.990021,162.395004,48.019989,65.209999
420.990021,162.395004,48.019989,65.209999
427.990021,126.395004,48.019989,65.209999
427.990021,126.395004,48.019989,65.209999
427.990021,126.395004,48.019989,65.209999
427.990021,126.395004,48.019989,65.209999
427.990021,126.395004,48.019989,65.209999
427.990021,126.395004,48.019989,65.209999
427.990021,126.395004,48.019989,65.209999
427.990021,126.395004,48.019989,65.209999
427.990021,126.395004,48.019989,65.209999
427.990021,126.395004,48.019989,65.209999
427.990021,126.395004,48.019989,65.209999
427.990021,126.395004,48.019989,65.209999
427.990021,126.395004,48.019989,65.209999
427.990021,126.395004,48.019989,65.209999
427.990021,126.395004,48.019989,65.209999
427.990021,126.395004,48.019989,65.209999
427.990021,126.395004,48.019989,65.209999
427.990021,126.395004,48.019989,65.209999
427.990021,126.395004,48.019989,65.209999
427.990021,126.395004,48.019989,65.209999
427.990021,126.395004,48.019989,65.209999
441.990021,154.395004,48.019989,65.209999
427.990021,151.395004,48.019989,65.209999
427.990021,151.395004,48.019989,65.209999
409.990021,135.395004,48.019989,65.209999
409.990021,135.395004,48.019989,65.209999
409.990021,135.395004,48.019989,65.209999
409.990021,135.395004,48.019989,65.209999
409.990021,135.395004,48.019989,65.209999
434.990021,130.395004,48.019989,65.209999
430.990021,112.395004,48.019989,65.209999
430.990021,112.395004,48.019989,65.209999
430.990021,112.395004,48.019989,65.209999
430.990021,112.395004,48.019989,65.209999
430.990021,112.395004,48.019989,65.209999
445.990021,137.395004,48.019989,65.209999
446.990021,119.395004,48.019989,65.209999
422.990021,121.395004,48.019989,65.209999
422.990021,121.395004,48.019989,65.209999
419.990021,145.395004,48.019989,65.209999
410.990021,122.395004,48.019989,65.209999
431.990021,144.395004,48.019989,65.209999
452.990021,116.395004,48.019989,65.209999
452.990021,116.395004,48.019989,65.209999
424.990021,145.395004,48.019989,65.209999
415.990021,112.395004,48.019989,65.209999
421.990021,139.395004,48.019989,65.209999
421.990021,139.395004,48.019989,65.209999
418.990021,118.395004,48.019989,65.209999
418.990021,118.395004,48.019989,65.209999
425.990021,147.395004,48.019989,65.209999
425.990021,147.395004,48.019989,65.209999
425.990021,147.395004,48.019989,65.209999
425.990021,147.395004,48.019989,65.209999
425.990021,147.395004,48.019989,65.209999
425.990021,147.395004,48.019989,65.209999
425.990021,147.395004,48.019989,65.209999
462.990021,151.395004,48.019989,65.209999
462.990021,151.395004,48.019989,65.209999
462.990021,151.395004,48.019989,65.209999
462.990021,151.395004,48.019989,65.209999
462.990021,151.395004,48.019989,65.209999
462.990021,151.395004,48.019989,65.209999
462.990021,151.395004,48.019989,65.209999
462.990021,151.395004,48.019989,65.209999
462.990021,151.395004,48.019989,65.209999
438.990021,143.395004,48.019989,65.209999
438.990021,143.395004,48.019989,65.209999
440.990021,117.395004,48.019989,65.209999
440.990021,117.395004,48.019989,65.209999
440.990021,117.395004,48.019989,65.209999
440.990021,117.395004,48.019989,65.209999
440.990021,117.395004,48.019989,65.209999
440.990021,117.395004,48.019989,65.209999
440.990021,117.395004,48.019989,65.209999
440.990021,117.395004,48.019989,65.209999
440.990021,117.395004,48.019989,65.209999
440.990021,117.395004,48.019989,65.209999
440.990021,117.395004,48.019989,65.209999
440.990021,117.395004,48.019989,65.209999
440.990021,117.395004,48.019989,65.209999
440.990021,117.395004,48.019989,65.209999
440.990021,117.395004,48.019989,65.209999
440.990021,117.395004,48.019989,65.209999
476.990021,119.395004,48.019989,65.209999
476.990021,119.395004,48.019989,65.209999
453.990021,108.395004,48.019989,65.209999
453.990021,108.395004,48.019989,65.209999
453.990021,108.395004,48.019989,65.209999
453.990021,108.395004,48.019989,65.209999
477.990021,106.395004,48.019989,65.209999
477.990021,106.395004,48.019989,65.209999
477.990021,106.395004,48.019989,65.209999
488.990021,138.395004,48.019989,65.209999
479.990021,115.395004,48.019989,65.209999
455.990021,112.395004,48.019989,65.209999
455.990021,112.395004,48.019989,65.209999
455.990021,112.395004,48.019989,65.209999
455.990021,112.395004,48.019989,65.209999
455.990021,112.395004,48.019989,65.209999
455.990021,112.395004,48.019989,65.209999
481.990021,109.395004,48.019989,65.209999
481.990021,109.395004,48.019989,65.209999
483.990021,143.395004,48.019989,65.209999
474.990021,110.395004,48.019989,65.209999
474.990021,110.395004,48.019989,65.209999
446.990021,139.395004,48.019989,65.209999
462.990021,116.395004,48.019989,65.209999
462.990021,116.395004,48.019989,65.209999
462.990021,116.395004,48.019989,65.209999
462.990021,116.395004,48.019989,65.209999
462.990021,116.395004,48.019989,65.209999
482.990021,116.395004,48.019989,65.209999
482.990021,116.395004,48.019989,65.209999
482.990021,116.395004,48.019989,65.209999
482.990021,116.395004,48.019989,65.209999
486.990021,139.395004,48.019989,65.209999
482.990021,121.395004,48.019989,65.209999
478.990021,148.395004,48.019989,65.209999
478.990021,148.395004,48.019989,65.209999
478.990021,148.395004,48.019989,65.209999
478.990021,148.395004,48.019989,65.209999
478.990021,148.395004,48.019989,65.209999
483.990021,123.395004,48.019989,65.209999
483.990021,123.395004,48.019989,65.209999
465.990021,117.395004,48.019989,65.209999
486.990021,119.395004,48.019989,65.209999
486.990021,119.395004,48.019989,65.209999
486.990021,119.395004,48.019989,65.209999
469.990021,110.395004,48.019989,65.209999
469.990021,110.395004,48.019989,65.209999
469.990021,110.395004,48.019989,65.209999
472.990021,141.395004,48.019989,65.209999
483.990021,118.395004,48.019989,65.209999
459.990021,135.395004,48.019989,65.209999
480.990021,112.395004,48.019989,65.209999
480.990021,112.395004,48.019989,65.209999
480.990021,112.395004,48.019989,65.209999
488.990021,138.395004,48.019989,65.209999
488.990021,138.395004,48.019989,65.209999
488.990021,138.395004,48.019989,65.209999
489.990021,110.395004,48.019989,65.209999
489.990021,110.395004,48.019989,65.209999
489.990021,110.395004,48.019989,65.209999
489.990021,110.395004,48.019989,65.209999
489.990021,110.395004,48.019989,65.209999
489.990021,140.395004,48.019989,65.209999
465.990021,142.395004,48.019989,65.209999
486.990021,139.395004,48.019989,65.209999
486.990021,139.395004,48.019989,65.209999
463.990021,138.395004,48.019989,65.209999
463.990021,138.395004,48.019989,65.209999
480.990021,122.395004,48.019989,65.209999
480.990021,122.395004,48.019989,65.209999
480.990021,122.395004,48.019989,65.209999
463.990021,118.395004,48.019989,65.209999
463.990021,118.395004,48.019989,65.209999
490.990021,122.395004,48.019989,65.209999
471.990021,109.395004,48.019989,65.209999
492.990021,116.395004,48.019989,65.209999
488.990021,138.395004,48.019989,65.209999
469.990021,105.395004,48.019989,65.209999
469.990021,105.395004,48.019989,65.209999
469.990021,105.395004,48.019989,65.209999
469.990021,105.395004,48.019989,65.209999
469.990021,105.395004,48.019989,65.209999
469.990021,105.395004,48.019989,65.209999
469.990021,105.395004,48.019989,65.209999
469.990021,105.395004,48.019989,65.209999
469.990021,105.395004,48.019989,65.209999
453.990021,123.395004,48.019989,65.209999
453.990021,123.395004,48.019989,65.209999
470.990021,107.395004,48.019989,65.209999
470.990021,107.395004,48.019989,65.209999
470.990021,107.395004,48.019989,65.209999
470.990021,107.395004,48.019989,65.209999
470.990021,107.395004,48.019989,65.209999
470.990021,107.395004,48.019989,65.209999
470.990021,107.395004,48.019989,65.209999
470.990021,107.395004,48.019989,65.209999
453.990021,133.395004,48.019989,65.209999
464.990021,105.395004,48.019989,65.209999
464.990021,105.395004,48.019989,65.209999
464.990021,105.395004,48.019989,65.209999
464.990021,105.395004,48.019989,65.209999
464.990021,105.395004,48.019989,65.209999
464.990021,105.395004,48.019989,65.209999
464.990021,105.395004,48.019989,65.209999
486.990021,109.395004,48.019989,65.209999
486.990021,109.395004,48.019989,65.209999
486.990021,109.395004,48.019989,65.209999
486.990021,109.395004,48.019989,65.209999
485.990021,147.395004,48.019989,65.209999
486.990021,119.395004,48.019989,65.209999
486.990021,119.395004,48.019989,65.209999
486.990021,119.395004,48.019989,65.209999
486.990021,119.395004,48.019989,65.209999
486.990021,119.395004,48.019989,65.209999
468.990021,103.395004,48.019989,65.209999
468.990021,103.395004,48.019989,65.209999
468.990021,103.395004,48.019989,65.209999
468.990021,103.395004,48.019989,65.209999
468.990021,103.395004,48.019989,65.209999
468.990021,103.395004,48.019989,65.209999
468.990021,103.395004,48.019989,65.209999
468.990021,103.395004,48.019989,65.209999
468.990021,103.395004,48.019989,65.209999
468.990021,103.395004,48.019989,65.209999
468.990021,103.395004,48.019989,65.209999
468.990021,103.395004,48.019989,65.209999
468.990021,103.395004,48.019989,65.209999
450.990021,127.395004,48.019989,65.209999
450.990021,127.395004,48.019989,65.209999
456.990021,104.395004,48.019989,65.209999
456.990021,104.395004,48.019989,65.209999
456.990021,104.395004,48.019989,65.209999
456.990021,104.395004,48.019989,65.209999
456.990021,104.395004,48.019989,65.209999
456.990021,104.395004,48.019989,65.209999
456.990021,104.395004,48.019989,65.209999
456.990021,104.395004,48.019989,65.209999
456.990021,104.395004,48.019989,65.209999
456.990021,104.395004,48.019989,65.209999
456.990021,104.395004,48.019989,65.209999
456.990021,104.395004,48.019989,65.209999
456.990021,104.395004,48.019989,65.209999
456.990021,104.395004,48.019989,65.209999
456.990021,104.395004,48.019989,65.209999
456.990021,104.395004,48.019989,65.209999
456.990021,104.395004,48.019989,65.209999
456.990021,104.395004,48.019989,65.209999
456.990021,104.395004,48.019989,65.209999
456.990021,104.395004,48.019989,65.209999
456.990021,104.395004,48.019989,65.209999
456.990021,104.395004,48.019989,65.209999
456.990021,104.395004,48.019989,65.209999
456.990021,104.395004,48.019989,65.209999
456.990021,104.395004,48.019989,65.209999
456.990021,104.395004,48.019989,65.209999
424.990021,100.395004,48.019989,65.209999
424.990021,100.395004,48.019989,65.209999
411.990021,134.395004,48.019989,65.209999
427.990021,101.395004,48.019989,65.209999
427.990021,101.395004,48.019989,65.209999
444.990021,105.395004,48.019989,65.209999
444.990021,105.395004,48.019989,65.209999
444.990021,105.395004,48.019989,65.209999
444.990021,105.395004,48.019989,65.209999
444.990021,105.395004,48.019989,65.209999
444.990021,105.395004,48.019989,65.209999
444.990021,105.395004,48.019989,65.209999
444.990021,105.395004,48.019989,65.209999
444.990021,105.395004,48.019989,65.209999
444.990021,105.395004,48.019989,65.209999
429.990021,90.395004,48.019989,65.209999
405.990021,97.395004,48.019989,65.209999
405.990021,97.395004,48.019989,65.209999
422.990021,91.395004,48.019989,65.209999
422.990021,91.395004,48.019989,65.209999
434.990021,115.395004,48.019989,65.209999
434.990021,115.395004,48.019989,65.209999
434.990021,115.395004,48.019989,65.209999
434.990021,115.395004,48.019989,65.209999
388.990021,123.395004,48.019989,65.209999
388.990021,123.395004,48.019989,65.209999
388.990021,123.395004,48.019989,65.209999
388.990021,123.395004,48.019989,65.209999
388.990021,123.395004,48.019989,65.209999
388.990021,123.395004,48.019989,65.209999
388.990021,123.395004,48.019989,65.209999
388.990021,123.395004,48.019989,65.209999
388.990021,123.395004,48.019989,65.209999
388.990021,123.395004,48.019989,65.209999
388.990021,123.395004,48.019989,65.209999
388.990021,123.395004,48.019989,65.209999
388.990021,123.395004,48.019989,65.209999
388.990021,123.395004,48.019989,65.209999
402.990021,96.395004,48.019989,65.209999
402.990021,96.395004,48.019989,65.209999
402.990021,96.395004,48.019989,65.209999
402.990021,96.395004,48.019989,65.209999
402.990021,96.395004,48.019989,65.209999
402.990021,96.395004,48.019989,65.209999
402.990021,96.395004,48.019989,65.209999
402.990021,96.395004,48.019989,65.209999
402.990021,96.395004,48.019989,65.209999
