1
437.179993,112.250000,50.149994,67.279999
437.179993,112.250000,50.149994,67.279999
437.179993,112.250000,50.149994,67.279999
437.179993,112.250000,50.149994,67.279999
437.179993,112.250000,50.149994,67.279999
437.179993,112.250000,50.149994,67.279999
437.179993,112.250000,50.149994,67.279999
437.179993,112.250000,50.149994,67.279999
437.179993,112.250000,50.149994,67.279999
437.179993,112.250000,50.149994,67.279999
437.179993,112.250000,50.149994,67.279999
437.179993,112.250000,50.149994,67.279999
437.179993,112.250000,50.149994,67.279999
437.179993,112.250000,50.149994,67.279999
437.179993,112.250000,50.149994,67.279999
437.179993,112.250000,50.149994,67.279999
437.179993,112.250000,50.149994,67.279999
437.179993,112.250000,50.149994,67.279999
437.179993,112.250000,50.149994,67.279999
437.179993,112.250000,50.149994,67.279999
437.179993,112.250000,50.149994,67.279999
437.179993,112.250000,50.149994,67.279999
437.179993,112.250000,50.149994,67.279999
437.179993,112.250000,50.149994,67.279999
437.179993,112.250000,50.149994,67.279999
437.179993,112.250000,50.149994,67.279999
437.179993,112.250000,50.149994,67.279999
437.179993,112.250000,50.149994,67.279999
437.179993,112.250000,50.149994,67.279999
437.179993,112.250000,50.149994,67.279999
437.179993,112.250000,50.149994,67.279999
437.179993,112.250000,50.149994,67.279999
437.179993,112.250000,50.149994,67.279999
437.179993,112.250000,50.149994,67.279999
437.179993,112.250000,50.149994,67.279999
437.179993,112.250000,50.149994,67.279999
437.179993,112.250000,50.149994,67.279999
437.179993,112.250000,50.149994,67.279999
437.179993,112.250000,50.149994,67.279999
437.179993,112.250000,50.149994,67.279999
437.179993,112.250000,50.149994,67.279999
437.179993,112.250000,50.149994,67.279999
437.179993,112.250000,50.149994,67.279999
437.179993,112.250000,50.149994,67.279999
437.179993,112.250000,50.149994,67.279999
437.179993,112.250000,50.149994,67.279999
437.179993,112.250000,50.149994,67.279999
437.179993,112.250000,50.149994,67.279999
437.179993,112.250000,50.149994,67.279999
437.179993,112.250000,50.149994,67.279999
437.179993,112.250000,50.149994,67.279999
437.179993,112.250000,50.149994,67.279999
437.179993,112.250000,50.149994,67.279999
437.179993,112.250000,50.149994,67.279999
437.179993,112.250000,50.149994,67.279999
437.179993,112.250000,50.149994,67.279999
437.179993,112.250000,50.149994,67.279999
437.179993,112.250000,50.149994,67.279999
437.179993,112.250000,50.149994,67.279999
431.924988,136.360001,50.149994,67.279999
431.924988,136.360001,50.149994,67.279999
431.924988,136.360001,50.149994,67.279999
431.924988,136.360001,50.149994,67.279999
431.924988,136.360001,50.149994,67.279999
431.924988,136.360001,50.149994,67.279999
431.924988,107.360001,50.149994,67.279999
431.924988,107.360001,50.149994,67.279999
431.924988,107.360001,50.149994,67.279999
431.924988,107.360001,50.149994,67.279999
431.924988,107.360001,50.149994,67.279999
431.924988,107.360001,50.149994,67.279999
431.924988,107.360001,50.149994,67.279999
431.924988,107.360001,50.149994,67.279999
431.924988,107.360001,50.149994,67.279999
431.924988,107.360001,50.149994,67.279999
431.924988,107.360001,50.149994,67.279999
431.924988,107.360001,50.149994,67.279999
431.924988,107.360001,50.149994,67.279999
431.924988,107.360001,50.149994,67.279999
431.924988,107.360001,50.149994,67.279999
431.924988,107.360001,50.149994,67.279999
431.924988,107.360001,50.149994,67.279999
431.924988,107.360001,50.149994,67.279999
431.924988,107.360001,50.149994,67.279999
431.924988,107.360001,50.149994,67.279999
431.924988,132.360001,50.149994,67.279999
431.924988,132.360001,50.149994,67.279999
431.924988,132.360001,50.149994,67.279999
431.924988,132.360001,50.149994,67.279999
431.924988,132.360001,50.149994,67.279999
431.924988,132.360001,50.149994,67.279999
431.924988,132.360001,50.149994,67.279999
431.924988,132.360001,50.149994,67.279999
431.924988,132.360001,50.149994,67.279999
431.924988,132.360001,50.149994,67.279999
431.924988,132.360001,50.149994,67.279999
431.924988,132.360001,50.149994,67.279999
431.924988,132.360001,50.149994,67.279999
431.924988,132.360001,50.149994,67.279999
431.924988,132.360001,50.149994,67.279999
431.924988,132.360001,50.149994,67.279999
431.924988,132.360001,50.149994,67.279999
431.924988,132.360001,50.149994,67.279999
431.924988,132.360001,50.149994,67.279999
431.924988,132.360001,50.149994,67.279999
431.924988,132.360001,50.149994,67.279999
431.924988,132.360001,50.149994,67.279999
431.924988,132.360001,50.149994,67.279999
406.924988,130.360001,50.149994,67.279999
426.924988,146.360001,50.149994,67.279999
426.924988,146.360001,50.149994,67.279999
426.924988,146.360001,50.149994,67.279999
426.924988,146.360001,50.149994,67.279999
426.924988,146.360001,50.149994,67.279999
436.924988,121.360001,50.149994,67.279999
436.924988,121.360001,50.149994,67.279999
436.924988,121.360001,50.149994,67.279999
436.924988,121.360001,50.149994,67.279999
421.924988,115.360001,50.149994,67.279999
421.924988,115.360001,50.149994,67.279999
421.924988,115.360001,50.149994,67.279999
421.924988,115.360001,50.149994,67.279999
446.924988,109.360001,50.149994,67.279999
446.924988,109.360001,50.149994,67.279999
446.924988,109.360001,50.149994,67.279999
426.924988,142.360001,50.149994,67.279999
446.924988,133.360001,50.149994,67.279999
421.924988,139.360001,50.149994,67.279999
406.924988,120.360001,50.149994,67.279999
406.924988,120.360001,50.149994,67.279999
406.924988,120.360001,50.149994,67.279999
406.924988,120.360001,50.149994,67.279999
406.924988,120.360001,50.149994,67.279999
406.924988,120.360001,50.149994,67.279999
406.924988,120.360001,50.149994,67.279999
406.924988,120.360001,50.149994,67.279999
406.924988,120.360001,50.149994,67.279999
431.924988,144.360001,50.149994,67.279999
431.924988,144.360001,50.149994,67.279999
431.924988,144.360001,50.149994,67.279999
431.924988,144.360001,50.149994,67.279999
431.924988,144.360001,50.149994,67.279999
431.924988,144.360001,50.149994,67.279999
431.924988,120.360001,50.149994,67.279999
431.924988,120.360001,50.149994,67.279999
431.924988,120.360001,50.149994,67.279999
431.924988,120.360001,50.149994,67.279999
431.924988,120.360001,50.149994,67.279999
431.924988,120.360001,50.149994,67.279999
431.924988,120.360001,50.149994,67.279999
431.924988,120.360001,50.149994,67.279999
431.924988,120.360001,50.149994,67.279999
431.924988,120.360001,50.149994,67.279999
431.924988,120.360001,50.149994,67.279999
431.924988,120.360001,50.149994,67.279999
431.924988,120.360001,50.149994,67.279999
431.924988,120.360001,50.149994,67.279999
431.924988,120.360001,50.149994,67.279999
431.924988,120.360001,50.149994,67.279999
431.924988,120.360001,50.149994,67.279999
431.924988,120.360001,50.149994,67.279999
456.924988,138.360001,50.149994,67.279999
456.924988,138.360001,50.149994,67.279999
456.924988,138.360001,50.149994,67.279999
436.924988,116.360001,50.149994,67.279999
436.924988,116.360001,50.149994,67.279999
436.924988,116.360001,50.149994,67.279999
436.924988,116.360001,50.149994,67.279999
436.924988,116.360001,50.149994,67.279999
436.924988,116.360001,50.149994,67.279999
436.924988,116.360001,50.149994,67.279999
436.924988,116.360001,50.149994,67.279999
436.924988,116.360001,50.149994,67.279999
461.924988,105.360001,50.149994,67.279999
461.924988,105.360001,50.149994,67.279999
476.924988,132.360001,50.149994,67.279999
451.924988,108.360001,50.149994,67.279999
451.924988,108.360001,50.149994,67.279999
451.924988,108.360001,50.149994,67.279999
451.924988,108.360001,50.149994,67.279999
471.924988,117.360001,50.149994,67.279999
471.924988,117.360001,50.149994,67.279999
481.924988,144.360001,50.149994,67.279999
476.924988,110.360001,50.149994,67.279999
476.924988,110.360001,50.149994,67.279999
476.924988,110.360001,50.149994,67.279999
476.924988,110.360001,50.149994,67.279999
476.924988,110.360001,50.149994,67.279999
486.924988,139.360001,50.149994,67.279999
461.924988,115.360001,50.149994,67.279999
481.924988,131.360001,50.149994,67.279999
481.924988,131.360001,50.149994,67.279999
471.924988,113.360001,50.149994,67.279999
471.924988,113.360001,50.149994,67.279999
471.924988,113.360001,50.149994,67.279999
471.924988,113.360001,50.149994,67.279999
471.924988,113.360001,50.149994,67.279999
451.924988,108.360001,50.149994,67.279999
451.924988,108.360001,50.149994,67.279999
481.924988,110.360001,50.149994,67.279999
481.924988,110.360001,50.149994,67.279999
481.924988,110.360001,50.149994,67.279999
481.924988,110.360001,50.149994,67.279999
481.924988,110.360001,50.149994,67.279999
481.924988,110.360001,50.149994,67.279999
481.924988,145.360001,50.149994,67.279999
456.924988,146.360001,50.149994,67.279999
456.924988,146.360001,50.149994,67.279999
456.924988,146.360001,50.149994,67.279999
466.924988,112.360001,50.149994,67.279999
466.924988,112.360001,50.149994,67.279999
466.924988,112.360001,50.149994,67.279999
466.924988,112.360001,50.149994,67.279999
466.924988,112.360001,50.149994,67.279999
466.924988,112.360001,50.149994,67.279999
466.924988,112.360001,50.149994,67.279999
501.924988,119.360001,50.149994,67.279999
481.924988,110.360001,50.149994,67.279999
481.924988,110.360001,50.149994,67.279999
481.924988,110.360001,50.149994,67.279999
481.924988,110.360001,50.149994,67.279999
446.924988,119.360001,50.149994,67.279999
446.924988,119.360001,50.149994,67.279999
446.924988,119.360001,50.149994,67.279999
461.924988,102.360001,50.149994,67.279999
461.924988,102.360001,50.149994,67.279999
461.924988,102.360001,50.149994,67.279999
461.924988,102.360001,50.149994,67.279999
486.924988,116.360001,50.149994,67.279999
486.924988,116.360001,50.149994,67.279999
486.924988,116.360001,50.149994,67.279999
456.924988,139.360001,50.149994,67.279999
476.924988,135.360001,50.149994,67.279999
476.924988,135.360001,50.149994,67.279999
476.924988,135.360001,50.149994,67.279999
476.924988,135.360001,50.149994,67.279999
476.924988,135.360001,50.149994,67.279999
471.924988,115.360001,50.149994,67.279999
471.924988,115.360001,50.149994,67.279999
471.924988,115.360001,50.149994,67.279999
471.924988,115.360001,50.149994,67.279999
471.924988,115.360001,50.149994,67.279999
471.924988,115.360001,50.149994,67.279999
471.924988,115.360001,50.149994,67.279999
481.924988,142.360001,50.149994,67.279999
481.924988,142.360001,50.149994,67.279999
496.924988,109.360001,50.149994,67.279999
476.924988,100.360001,50.149994,67.279999
476.924988,100.360001,50.149994,67.279999
476.924988,100.360001,50.149994,67.279999
476.924988,100.360001,50.149994,67.279999
476.924988,100.360001,50.149994,67.279999
476.924988,100.360001,50.149994,67.279999
476.924988,100.360001,50.149994,67.279999
476.924988,100.360001,50.149994,67.279999
456.924988,118.360001,50.149994,67.279999
456.924988,118.360001,50.149994,67.279999
466.924988,99.360001,50.149994,67.279999
466.924988,99.360001,50.149994,67.279999
466.924988,99.360001,50.149994,67.279999
466.924988,99.360001,50.149994,67.279999
466.924988,99.360001,50.149994,67.279999
466.924988,99.360001,50.149994,67.279999
466.924988,99.360001,50.149994,67.279999
466.924988,99.360001,50.149994,67.279999
466.924988,99.360001,50.149994,67.279999
466.924988,99.360001,50.149994,67.279999
466.924988,99.360001,50.149994,67.279999
466.924988,99.360001,50.149994,67.279999
466.924988,99.360001,50.149994,67.279999
466.924988,99.360001,50.149994,67.279999
466.924988,99.360001,50.149994,67.279999
466.924988,99.360001,50.149994,67.279999
466.924988,99.360001,50.149994,67.279999
466.924988,99.360001,50.149994,67.279999
466.924988,99.360001,50.149994,67.279999
466.924988,99.360001,50.149994,67.279999
466.924988,99.360001,50.149994,67.279999
466.924988,99.360001,50.149994,67.279999
466.924988,99.360001,50.149994,67.279999
466.924988,99.360001,50.149994,67.279999
466.924988,99.360001,50.149994,67.279999
466.924988,99.360001,50.149994,67.279999
466.924988,99.360001,50.149994,67.279999
466.924988,99.360001,50.149994,67.279999
466.924988,99.360001,50.149994,67.279999
466.924988,99.360001,50.149994,67.279999
466.924988,99.360001,50.149994,67.279999
466.924988,99.360001,50.149994,67.279999
466.924988,99.360001,50.149994,67.279999
466.924988,99.360001,50.149994,67.279999
466.924988,99.360001,50.149994,67.279999
466.924988,99.360001,50.149994,67.279999
466.924988,99.360001,50.149994,67.279999
466.924988,99.360001,50.149994,67.279999
466.924988,99.360001,50.149994,67.279999
446.924988,118.360001,50.149994,67.279999
446.924988,118.360001,50.149994,67.279999
466.924988,100.360001,50.149994,67.279999
466.924988,100.360001,50.149994,67.279999
466.924988,100.360001,50.149994,67.279999
466.924988,100.360001,50.149994,67.279999
466.924988,100.360001,50.149994,67.279999
426.924988,120.360001,50.149994,67.279999
426.924988,120.360001,50.149994,67.279999
426.924988,120.360001,50.149994,67.279999
426.924988,120.360001,50.149994,67.279999
426.924988,120.360001,50.149994,67.279999
416.924988,100.360001,50.149994,67.279999
416.924988,100.360001,50.149994,67.279999
416.924988,100.360001,50.149994,67.279999
416.924988,100.360001,50.149994,67.279999
416.924988,100.360001,50.149994,67.279999
416.924988,100.360001,50.149994,67.279999
416.924988,100.360001,50.149994,67.279999
416.924988,100.360001,50.149994,67.279999
421.924988,83.360001,50.149994,67.279999
441.924988,99.360001,50.149994,67.279999
441.924988,99.360001,50.149994,67.279999
441.924988,99.360001,50.149994,67.279999
441.924988,99.360001,50.149994,67.279999
466.924988,98.360001,50.149994,67.279999
451.924988,89.360001,50.149994,67.279999
451.924988,89.360001,50.149994,67.279999
451.924988,89.360001,50.149994,67.279999
451.924988,89.360001,50.149994,67.279999
451.924988,89.360001,50.149994,67.279999
451.924988,89.360001,50.149994,67.279999
451.924988,89.360001,50.149994,67.279999
421.924988,106.360001,50.149994,67.279999
421.924988,106.360001,50.149994,67.279999
421.924988,106.360001,50.149994,67.279999
421.924988,106.360001,50.149994,67.279999
421.924988,106.360001,50.149994,67.279999
421.924988,86.360001,50.149994,67.279999
441.924988,87.360001,50.149994,67.279999
426.924988,108.360001,50.149994,67.279999
446.924988,109.360001,50.149994,67.279999
446.924988,109.360001,50.149994,67.279999
441.924988,86.360001,50.149994,67.279999
441.924988,86.360001,50.149994,67.279999
441.924988,86.360001,50.149994,67.279999
441.924988,86.360001,50.149994,67.279999
441.924988,86.360001,50.149994,67.279999
441.924988,86.360001,50.149994,67.279999
441.924988,86.360001,50.149994,67.279999
441.924988,86.360001,50.149994,67.279999
441.924988,86.360001,50.149994,67.279999
391.924988,95.360001,50.149994,67.279999
391.924988,95.360001,50.149994,67.279999
391.924988,95.360001,50.149994,67.279999
391.924988,95.360001,50.149994,67.279999
391.924988,95.360001,50.149994,67.279999
391.924988,95.360001,50.149994,67.279999
391.924988,95.360001,50.149994,67.279999
391.924988,95.360001,50.149994,67.279999
391.924988,119.360001,50.149994,67.279999
391.924988,119.360001,50.149994,67.279999
391.924988,119.360001,50.149994,67.279999
406.924988,102.360001,50.149994,67.279999
406.924988,102.360001,50.149994,67.279999
436.924988,119.360001,50.149994,67.279999
411.924988,90.360001,50.149994,67.279999
431.924988,106.360001,50.149994,67.279999
431.924988,106.360001,50.149994,67.279999
431.924988,106.360001,50.149994,67.279999
431.924988,106.360001,50.149994,67.279999
396.924988,85.360001,50.149994,67.279999
396.924988,85.360001,50.149994,67.279999
396.924988,85.360001,50.149994,67.279999
