1
441.260010,108.470001,54.349976,65.850006
441.260010,108.470001,54.349976,65.850006
441.260010,108.470001,54.349976,65.850006
441.260010,108.470001,54.349976,65.850006
427.825012,138.074997,54.349976,65.850006
425.825012,119.074997,54.349976,65.850006
448.825012,105.074997,54.349976,65.850006
448.825012,105.074997,54.349976,65.850006
448.825012,105.074997,54.349976,65.850006
448.825012,105.074997,54.349976,65.850006
430.825012,124.074997,54.349976,65.850006
430.825012,124.074997,54.349976,65.850006
430.825012,124.074997,54.349976,65.850006
444.825012,107.074997,54.349976,65.850006
444.825012,107.074997,54.349976,65.850006
444.825012,107.074997,54.349976,65.850006
444.825012,107.074997,54.349976,65.850006
444.825012,107.074997,54.349976,65.850006
444.825012,107.074997,54.349976,65.850006
444.825012,107.074997,54.349976,65.850006
444.825012,107.074997,54.349976,65.850006
444.825012,107.074997,54.349976,65.850006
436.825012,131.074997,54.349976,65.850006
436.825012,131.074997,54.349976,65.850006
436.825012,131.074997,54.349976,65.850006
436.825012,131.074997,54.349976,65.850006
436.825012,131.074997,54.349976,65.850006
436.825012,131.074997,54.349976,65.850006
436.825012,131.074997,54.349976,65.850006
436.825012,131.074997,54.349976,65.850006
455.825012,124.074997,54.349976,65.850006
455.825012,124.074997,54.349976,65.850006
455.825012,124.074997,54.349976,65.850006
455.825012,124.074997,54.349976,65.850006
455.825012,124.074997,54.349976,65.850006
455.825012,124.074997,54.349976,65.850006
455.825012,124.074997,54.349976,65.850006
455.825012,124.074997,54.349976,65.850006
444.825012,157.074997,54.349976,65.850006
444.825012,157.074997,54.349976,65.850006
444.825012,157.074997,54.349976,65.850006
453.825012,130.074997,54.349976,65.850006
453.825012,130.074997,54.349976,65.850006
453.825012,130.074997,54.349976,65.850006
453.825012,130.074997,54.349976,65.850006
453.825012,130.074997,54.349976,65.850006
423.825012,135.074997,54.349976,65.850006
423.825012,135.074997,54.349976,65.850006
423.825012,135.074997,54.349976,65.850006
423.825012,135.074997,54.349976,65.850006
423.825012,135.074997,54.349976,65.850006
423.825012,135.074997,54.349976,65.850006
416.825012,101.074997,54.349976,65.850006
416.825012,101.074997,54.349976,65.850006
442.825012,123.074997,54.349976,65.850006
442.825012,123.074997,54.349976,65.850006
423.825012,105.074997,54.349976,65.850006
423.825012,105.074997,54.349976,65.850006
444.825012,102.074997,54.349976,65.850006
442.825012,128.074997,54.349976,65.850006
442.825012,128.074997,54.349976,65.850006
418.825012,150.074997,54.349976,65.850006
418.825012,150.074997,54.349976,65.850006
418.825012,150.074997,54.349976,65.850006
418.825012,150.074997,54.349976,65.850006
418.825012,150.074997,54.349976,65.850006
418.825012,150.074997,54.349976,65.850006
441.825012,121.074997,54.349976,65.850006
434.825012,147.074997,54.349976,65.850006
434.825012,147.074997,54.349976,65.850006
425.825012,124.074997,54.349976,65.850006
425.825012,124.074997,54.349976,65.850006
446.825012,136.074997,54.349976,65.850006
446.825012,136.074997,54.349976,65.850006
446.825012,136.074997,54.349976,65.850006
446.825012,136.074997,54.349976,65.850006
423.825012,145.074997,54.349976,65.850006
423.825012,145.074997,54.349976,65.850006
423.825012,145.074997,54.349976,65.850006
423.825012,145.074997,54.349976,65.850006
423.825012,145.074997,54.349976,65.850006
423.825012,145.074997,54.349976,65.850006
423.825012,145.074997,54.349976,65.850006
423.825012,145.074997,54.349976,65.850006
427.825012,128.074997,54.349976,65.850006
430.825012,159.074997,54.349976,65.850006
430.825012,159.074997,54.349976,65.850006
430.825012,159.074997,54.349976,65.850006
430.825012,159.074997,54.349976,65.850006
430.825012,159.074997,54.349976,65.850006
420.825012,124.074997,54.349976,65.850006
420.825012,124.074997,54.349976,65.850006
416.825012,156.074997,54.349976,65.850006
416.825012,156.074997,54.349976,65.850006
416.825012,156.074997,54.349976,65.850006
416.825012,156.074997,54.349976,65.850006
416.825012,156.074997,54.349976,65.850006
416.825012,156.074997,54.349976,65.850006
439.825012,152.074997,54.349976,65.850006
427.825012,123.074997,54.349976,65.850006
425.825012,154.074997,54.349976,65.850006
428.825012,135.074997,54.349976,65.850006
428.825012,135.074997,54.349976,65.850006
449.825012,122.074997,54.349976,65.850006
449.825012,122.074997,54.349976,65.850006
449.825012,122.074997,54.349976,65.850006
423.825012,125.074997,54.349976,65.850006
423.825012,125.074997,54.349976,65.850006
423.825012,125.074997,54.349976,65.850006
423.825012,125.074997,54.349976,65.850006
425.825012,154.074997,54.349976,65.850006
425.825012,154.074997,54.349976,65.850006
441.825012,131.074997,54.349976,65.850006
441.825012,131.074997,54.349976,65.850006
432.825012,113.074997,54.349976,65.850006
432.825012,113.074997,54.349976,65.850006
423.825012,145.074997,54.349976,65.850006
441.825012,121.074997,54.349976,65.850006
441.825012,121.074997,54.349976,65.850006
441.825012,121.074997,54.349976,65.850006
445.825012,144.074997,54.349976,65.850006
443.825012,120.074997,54.349976,65.850006
446.825012,146.074997,54.349976,65.850006
419.825012,142.074997,54.349976,65.850006
419.825012,142.074997,54.349976,65.850006
419.825012,142.074997,54.349976,65.850006
419.825012,142.074997,54.349976,65.850006
419.825012,142.074997,54.349976,65.850006
404.825012,132.074997,54.349976,65.850006
404.825012,132.074997,54.349976,65.850006
404.825012,132.074997,54.349976,65.850006
404.825012,132.074997,54.349976,65.850006
404.825012,132.074997,54.349976,65.850006
404.825012,132.074997,54.349976,65.850006
404.825012,132.074997,54.349976,65.850006
404.825012,132.074997,54.349976,65.850006
423.825012,145.074997,54.349976,65.850006
446.825012,151.074997,54.349976,65.850006
446.825012,151.074997,54.349976,65.850006
446.825012,151.074997,54.349976,65.850006
446.825012,151.074997,54.349976,65.850006
428.825012,150.074997,54.349976,65.850006
421.825012,121.074997,54.349976,65.850006
421.825012,121.074997,54.349976,65.850006
421.825012,121.074997,54.349976,65.850006
425.825012,144.074997,54.349976,65.850006
425.825012,144.074997,54.349976,65.850006
425.825012,144.074997,54.349976,65.850006
419.825012,122.074997,54.349976,65.850006
419.825012,122.074997,54.349976,65.850006
419.825012,122.074997,54.349976,65.850006
419.825012,122.074997,54.349976,65.850006
419.825012,122.074997,54.349976,65.850006
419.825012,122.074997,54.349976,65.850006
419.825012,122.074997,54.349976,65.850006
419.825012,122.074997,54.349976,65.850006
433.825012,145.074997,54.349976,65.850006
433.825012,145.074997,54.349976,65.850006
433.825012,145.074997,54.349976,65.850006
433.825012,145.074997,54.349976,65.850006
430.825012,114.074997,54.349976,65.850006
430.825012,114.074997,54.349976,65.850006
430.825012,114.074997,54.349976,65.850006
430.825012,114.074997,54.349976,65.850006
430.825012,114.074997,54.349976,65.850006
430.825012,114.074997,54.349976,65.850006
430.825012,114.074997,54.349976,65.850006
430.825012,114.074997,54.349976,65.850006
464.825012,142.074997,54.349976,65.850006
464.825012,142.074997,54.349976,65.850006
455.825012,114.074997,54.349976,65.850006
455.825012,114.074997,54.349976,65.850006
436.825012,136.074997,54.349976,65.850006
436.825012,136.074997,54.349976,65.850006
436.825012,136.074997,54.349976,65.850006
430.825012,119.074997,54.349976,65.850006
430.825012,119.074997,54.349976,65.850006
430.825012,119.074997,54.349976,65.850006
454.825012,117.074997,54.349976,65.850006
432.825012,118.074997,54.349976,65.850006
455.825012,104.074997,54.349976,65.850006
455.825012,104.074997,54.349976,65.850006
481.825012,141.074997,54.349976,65.850006
481.825012,141.074997,54.349976,65.850006
481.825012,141.074997,54.349976,65.850006
481.825012,141.074997,54.349976,65.850006
478.825012,115.074997,54.349976,65.850006
486.825012,141.074997,54.349976,65.850006
486.825012,141.074997,54.349976,65.850006
486.825012,141.074997,54.349976,65.850006
486.825012,141.074997,54.349976,65.850006
486.825012,141.074997,54.349976,65.850006
471.825012,106.074997,54.349976,65.850006
471.825012,106.074997,54.349976,65.850006
471.825012,106.074997,54.349976,65.850006
471.825012,106.074997,54.349976,65.850006
443.825012,105.074997,54.349976,65.850006
443.825012,105.074997,54.349976,65.850006
443.825012,105.074997,54.349976,65.850006
443.825012,105.074997,54.349976,65.850006
435.825012,144.074997,54.349976,65.850006
438.825012,120.074997,54.349976,65.850006
436.825012,146.074997,54.349976,65.850006
436.825012,146.074997,54.349976,65.850006
436.825012,146.074997,54.349976,65.850006
436.825012,146.074997,54.349976,65.850006
436.825012,146.074997,54.349976,65.850006
436.825012,146.074997,54.349976,65.850006
444.825012,122.074997,54.349976,65.850006
444.825012,122.074997,54.349976,65.850006
444.825012,122.074997,54.349976,65.850006
444.825012,122.074997,54.349976,65.850006
476.825012,116.074997,54.349976,65.850006
449.825012,132.074997,54.349976,65.850006
449.825012,132.074997,54.349976,65.850006
449.825012,132.074997,54.349976,65.850006
449.825012,132.074997,54.349976,65.850006
449.825012,132.074997,54.349976,65.850006
449.825012,132.074997,54.349976,65.850006
457.825012,113.074997,54.349976,65.850006
457.825012,113.074997,54.349976,65.850006
457.825012,113.074997,54.349976,65.850006
457.825012,113.074997,54.349976,65.850006
457.825012,113.074997,54.349976,65.850006
457.825012,113.074997,54.349976,65.850006
440.825012,119.074997,54.349976,65.850006
440.825012,119.074997,54.349976,65.850006
440.825012,119.074997,54.349976,65.850006
449.825012,147.074997,54.349976,65.850006
449.825012,147.074997,54.349976,65.850006
449.825012,147.074997,54.349976,65.850006
449.825012,147.074997,54.349976,65.850006
449.825012,147.074997,54.349976,65.850006
469.825012,142.074997,54.349976,65.850006
469.825012,142.074997,54.349976,65.850006
469.825012,142.074997,54.349976,65.850006
458.825012,120.074997,54.349976,65.850006
471.825012,101.074997,54.349976,65.850006
471.825012,101.074997,54.349976,65.850006
471.825012,101.074997,54.349976,65.850006
471.825012,101.074997,54.349976,65.850006
471.825012,101.074997,54.349976,65.850006
471.825012,101.074997,54.349976,65.850006
449.825012,117.074997,54.349976,65.850006
449.825012,117.074997,54.349976,65.850006
440.825012,144.074997,54.349976,65.850006
440.825012,144.074997,54.349976,65.850006
466.825012,111.074997,54.349976,65.850006
466.825012,111.074997,54.349976,65.850006
487.825012,113.074997,54.349976,65.850006
487.825012,113.074997,54.349976,65.850006
487.825012,113.074997,54.349976,65.850006
487.825012,113.074997,54.349976,65.850006
469.825012,107.074997,54.349976,65.850006
469.825012,107.074997,54.349976,65.850006
469.825012,107.074997,54.349976,65.850006
469.825012,107.074997,54.349976,65.850006
469.825012,107.074997,54.349976,65.850006
469.825012,107.074997,54.349976,65.850006
469.825012,107.074997,54.349976,65.850006
490.825012,104.074997,54.349976,65.850006
473.825012,100.074997,54.349976,65.850006
473.825012,100.074997,54.349976,65.850006
473.825012,100.074997,54.349976,65.850006
473.825012,100.074997,54.349976,65.850006
451.825012,101.074997,54.349976,65.850006
474.825012,92.074997,54.349976,65.850006
474.825012,92.074997,54.349976,65.850006
474.825012,92.074997,54.349976,65.850006
474.825012,92.074997,54.349976,65.850006
474.825012,92.074997,54.349976,65.850006
474.825012,92.074997,54.349976,65.850006
474.825012,92.074997,54.349976,65.850006
474.825012,92.074997,54.349976,65.850006
474.825012,92.074997,54.349976,65.850006
474.825012,92.074997,54.349976,65.850006
474.825012,92.074997,54.349976,65.850006
474.825012,92.074997,54.349976,65.850006
474.825012,92.074997,54.349976,65.850006
474.825012,92.074997,54.349976,65.850006
474.825012,92.074997,54.349976,65.850006
492.825012,123.074997,54.349976,65.850006
492.825012,123.074997,54.349976,65.850006
492.825012,123.074997,54.349976,65.850006
492.825012,123.074997,54.349976,65.850006
469.825012,102.074997,54.349976,65.850006
469.825012,102.074997,54.349976,65.850006
469.825012,102.074997,54.349976,65.850006
469.825012,102.074997,54.349976,65.850006
469.825012,102.074997,54.349976,65.850006
469.825012,102.074997,54.349976,65.850006
469.825012,102.074997,54.349976,65.850006
469.825012,102.074997,54.349976,65.850006
469.825012,102.074997,54.349976,65.850006
469.825012,102.074997,54.349976,65.850006
489.825012,132.074997,54.349976,65.850006
477.825012,108.074997,54.349976,65.850006
477.825012,108.074997,54.349976,65.850006
477.825012,108.074997,54.349976,65.850006
477.825012,108.074997,54.349976,65.850006
477.825012,108.074997,54.349976,65.850006
477.825012,108.074997,54.349976,65.850006
477.825012,108.074997,54.349976,65.850006
423.825012,110.074997,54.349976,65.850006
423.825012,110.074997,54.349976,65.850006
423.825012,110.074997,54.349976,65.850006
423.825012,110.074997,54.349976,65.850006
417.825012,143.074997,54.349976,65.850006
400.825012,119.074997,54.349976,65.850006
400.825012,119.074997,54.349976,65.850006
400.825012,119.074997,54.349976,65.850006
400.825012,119.074997,54.349976,65.850006
400.825012,119.074997,54.349976,65.850006
400.825012,119.074997,54.349976,65.850006
448.825012,100.074997,54.349976,65.850006
448.825012,100.074997,54.349976,65.850006
448.825012,100.074997,54.349976,65.850006
448.825012,100.074997,54.349976,65.850006
448.825012,100.074997,54.349976,65.850006
448.825012,100.074997,54.349976,65.850006
448.825012,100.074997,54.349976,65.850006
448.825012,100.074997,54.349976,65.850006
437.825012,83.074997,54.349976,65.850006
437.825012,83.074997,54.349976,65.850006
437.825012,83.074997,54.349976,65.850006
437.825012,83.074997,54.349976,65.850006
437.825012,83.074997,54.349976,65.850006
437.825012,83.074997,54.349976,65.850006
437.825012,83.074997,54.349976,65.850006
420.825012,104.074997,54.349976,65.850006
420.825012,104.074997,54.349976,65.850006
446.825012,106.074997,54.349976,65.850006
446.825012,106.074997,54.349976,65.850006
446.825012,106.074997,54.349976,65.850006
446.825012,106.074997,54.349976,65.850006
446.825012,106.074997,54.349976,65.850006
446.825012,106.074997,54.349976,65.850006
446.825012,106.074997,54.349976,65.850006
446.825012,106.074997,54.349976,65.850006
446.825012,106.074997,54.349976,65.850006
446.825012,106.074997,54.349976,65.850006
446.825012,106.074997,54.349976,65.850006
446.825012,106.074997,54.349976,65.850006
446.825012,106.074997,54.349976,65.850006
446.825012,106.074997,54.349976,65.850006
413.825012,95.074997,54.349976,65.850006
413.825012,95.074997,54.349976,65.850006
413.825012,95.074997,54.349976,65.850006
387.825012,98.074997,54.349976,65.850006
387.825012,98.074997,54.349976,65.850006
387.825012,98.074997,54.349976,65.850006
387.825012,98.074997,54.349976,65.850006
387.825012,98.074997,54.349976,65.850006
387.825012,98.074997,54.349976,65.850006
370.825012,124.074997,54.349976,65.850006
370.825012,124.074997,54.349976,65.850006
401.825012,96.074997,54.349976,65.850006
401.825012,96.074997,54.349976,65.850006
401.825012,96.074997,54.349976,65.850006
401.825012,96.074997,54.349976,65.850006
401.825012,96.074997,54.349976,65.850006
426.825012,101.074997,54.349976,65.850006
426.825012,101.074997,54.349976,65.850006
426.825012,101.074997,54.349976,65.850006
426.825012,101.074997,54.349976,65.850006
426.825012,101.074997,54.349976,65.850006
426.825012,101.074997,54.349976,65.850006
414.825012,77.074997,54.349976,65.850006
414.825012,77.074997,54.349976,65.850006
414.825012,77.074997,54.349976,65.850006
