1
435.899994,113.839996,54.300018,70.470001
435.899994,113.839996,54.300018,70.470001
435.899994,113.839996,54.300018,70.470001
435.899994,113.839996,54.300018,70.470001
435.899994,113.839996,54.300018,70.470001
435.899994,113.839996,54.300018,70.470001
435.899994,113.839996,54.300018,70.470001
435.899994,113.839996,54.300018,70.470001
435.899994,113.839996,54.300018,70.470001
435.899994,113.839996,54.300018,70.470001
435.899994,113.839996,54.300018,70.470001
435.899994,113.839996,54.300018,70.470001
435.899994,113.839996,54.300018,70.470001
435.899994,113.839996,54.300018,70.470001
435.899994,113.839996,54.300018,70.470001
435.899994,113.839996,54.300018,70.470001
435.899994,113.839996,54.300018,70.470001
435.899994,113.839996,54.300018,70.470001
435.899994,113.839996,54.300018,70.470001
435.899994,113.839996,54.300018,70.470001
435.899994,113.839996,54.300018,70.470001
443.850006,93.764999,54.300018,70.470001
441.850006,118.764999,54.300018,70.470001
441.850006,118.764999,54.300018,70.470001
441.850006,118.764999,54.300018,70.470001
441.850006,118.764999,54.300018,70.470001
441.850006,118.764999,54.300018,70.470001
441.850006,118.764999,54.300018,70.470001
441.850006,118.764999,54.300018,70.470001
441.850006,118.764999,54.300018,70.470001
441.850006,118.764999,54.300018,70.470001
441.850006,118.764999,54.300018,70.470001
441.850006,118.764999,54.300018,70.470001
441.850006,118.764999,54.300018,70.470001
441.850006,118.764999,54.300018,70.470001
441.850006,118.764999,54.300018,70.470001
441.850006,118.764999,54.300018,70.470001
441.850006,118.764999,54.300018,70.470001
441.850006,118.764999,54.300018,70.470001
441.850006,118.764999,54.300018,70.470001
441.850006,118.764999,54.300018,70.470001
443.850006,143.764999,54.300018,70.470001
443.850006,143.764999,54.300018,70.470001
429.850006,118.764999,54.300018,70.470001
429.850006,118.764999,54.300018,70.470001
429.850006,118.764999,54.300018,70.470001
429.850006,118.764999,54.300018,70.470001
429.850006,118.764999,54.300018,70.470001
429.850006,118.764999,54.300018,70.470001
429.850006,118.764999,54.300018,70.470001
429.850006,118.764999,54.300018,70.470001
429.850006,118.764999,54.300018,70.470001
429.850006,118.764999,54.300018,70.470001
429.850006,118.764999,54.300018,70.470001
429.850006,118.764999,54.300018,70.470001
429.850006,118.764999,54.300018,70.470001
429.850006,118.764999,54.300018,70.470001
429.850006,118.764999,54.300018,70.470001
429.850006,118.764999,54.300018,70.470001
429.850006,118.764999,54.300018,70.470001
429.850006,118.764999,54.300018,70.470001
429.850006,118.764999,54.300018,70.470001
429.850006,118.764999,54.300018,70.470001
429.850006,118.764999,54.300018,70.470001
429.850006,118.764999,54.300018,70.470001
429.850006,118.764999,54.300018,70.470001
429.850006,118.764999,54.300018,70.470001
429.850006,118.764999,54.300018,70.470001
429.850006,118.764999,54.300018,70.470001
429.850006,118.764999,54.300018,70.470001
429.850006,118.764999,54.300018,70.470001
429.850006,118.764999,54.300018,70.470001
429.850006,118.764999,54.300018,70.470001
429.850006,118.764999,54.300018,70.470001
429.850006,118.764999,54.300018,70.470001
429.850006,118.764999,54.300018,70.470001
429.850006,118.764999,54.300018,70.470001
429.850006,118.764999,54.300018,70.470001
424.850006,143.764999,54.300018,70.470001
424.850006,143.764999,54.300018,70.470001
424.850006,143.764999,54.300018,70.470001
424.850006,143.764999,54.300018,70.470001
424.850006,143.764999,54.300018,70.470001
424.850006,143.764999,54.300018,70.470001
424.850006,143.764999,54.300018,70.470001
435.850006,168.764999,54.300018,70.470001
435.850006,168.764999,54.300018,70.470001
426.850006,133.764999,54.300018,70.470001
426.850006,133.764999,54.300018,70.470001
426.850006,133.764999,54.300018,70.470001
426.850006,133.764999,54.300018,70.470001
426.850006,133.764999,54.300018,70.470001
426.850006,133.764999,54.300018,70.470001
426.850006,133.764999,54.300018,70.470001
426.850006,133.764999,54.300018,70.470001
426.850006,133.764999,54.300018,70.470001
426.850006,133.764999,54.300018,70.470001
426.850006,133.764999,54.300018,70.470001
426.850006,133.764999,54.300018,70.470001
426.850006,133.764999,54.300018,70.470001
435.850006,158.764999,54.300018,70.470001
435.850006,158.764999,54.300018,70.470001
431.850006,133.764999,54.300018,70.470001
431.850006,133.764999,54.300018,70.470001
431.850006,133.764999,54.300018,70.470001
431.850006,133.764999,54.300018,70.470001
431.850006,133.764999,54.300018,70.470001
431.850006,133.764999,54.300018,70.470001
414.850006,123.764999,54.300018,70.470001
414.850006,123.764999,54.300018,70.470001
414.850006,123.764999,54.300018,70.470001
414.850006,123.764999,54.300018,70.470001
414.850006,123.764999,54.300018,70.470001
414.850006,123.764999,54.300018,70.470001
414.850006,123.764999,54.300018,70.470001
414.850006,123.764999,54.300018,70.470001
414.850006,123.764999,54.300018,70.470001
414.850006,123.764999,54.300018,70.470001
414.850006,123.764999,54.300018,70.470001
437.850006,123.764999,54.300018,70.470001
437.850006,123.764999,54.300018,70.470001
437.850006,123.764999,54.300018,70.470001
421.850006,133.764999,54.300018,70.470001
421.850006,133.764999,54.300018,70.470001
421.850006,133.764999,54.300018,70.470001
421.850006,133.764999,54.300018,70.470001
421.850006,133.764999,54.300018,70.470001
421.850006,133.764999,54.300018,70.470001
444.850006,118.764999,54.300018,70.470001
444.850006,118.764999,54.300018,70.470001
425.850006,98.764999,54.300018,70.470001
425.850006,98.764999,54.300018,70.470001
425.850006,98.764999,54.300018,70.470001
424.850006,123.764999,54.300018,70.470001
437.850006,93.764999,54.300018,70.470001
437.850006,93.764999,54.300018,70.470001
428.850006,128.764999,54.300018,70.470001
428.850006,128.764999,54.300018,70.470001
428.850006,128.764999,54.300018,70.470001
428.850006,128.764999,54.300018,70.470001
428.850006,128.764999,54.300018,70.470001
453.850006,143.764999,54.300018,70.470001
453.850006,143.764999,54.300018,70.470001
453.850006,143.764999,54.300018,70.470001
453.850006,143.764999,54.300018,70.470001
453.850006,143.764999,54.300018,70.470001
453.850006,143.764999,54.300018,70.470001
436.850006,113.764999,54.300018,70.470001
459.850006,133.764999,54.300018,70.470001
437.850006,128.764999,54.300018,70.470001
437.850006,128.764999,54.300018,70.470001
438.850006,103.764999,54.300018,70.470001
438.850006,103.764999,54.300018,70.470001
438.850006,103.764999,54.300018,70.470001
438.850006,103.764999,54.300018,70.470001
438.850006,103.764999,54.300018,70.470001
438.850006,103.764999,54.300018,70.470001
438.850006,103.764999,54.300018,70.470001
438.850006,103.764999,54.300018,70.470001
438.850006,103.764999,54.300018,70.470001
435.850006,128.764999,54.300018,70.470001
435.850006,128.764999,54.300018,70.470001
435.850006,128.764999,54.300018,70.470001
454.850006,128.764999,54.300018,70.470001
454.850006,128.764999,54.300018,70.470001
435.850006,118.764999,54.300018,70.470001
435.850006,118.764999,54.300018,70.470001
435.850006,118.764999,54.300018,70.470001
459.850006,133.764999,54.300018,70.470001
459.850006,133.764999,54.300018,70.470001
435.850006,128.764999,54.300018,70.470001
458.850006,103.764999,54.300018,70.470001
458.850006,103.764999,54.300018,70.470001
458.850006,103.764999,54.300018,70.470001
458.850006,103.764999,54.300018,70.470001
458.850006,103.764999,54.300018,70.470001
443.850006,113.764999,54.300018,70.470001
443.850006,113.764999,54.300018,70.470001
443.850006,113.764999,54.300018,70.470001
462.850006,108.764999,54.300018,70.470001
445.850006,118.764999,54.300018,70.470001
468.850006,128.764999,54.300018,70.470001
468.850006,128.764999,54.300018,70.470001
464.850006,108.764999,54.300018,70.470001
464.850006,108.764999,54.300018,70.470001
464.850006,108.764999,54.300018,70.470001
464.850006,108.764999,54.300018,70.470001
464.850006,108.764999,54.300018,70.470001
449.850006,108.764999,54.300018,70.470001
449.850006,108.764999,54.300018,70.470001
475.850006,123.764999,54.300018,70.470001
475.850006,123.764999,54.300018,70.470001
475.850006,123.764999,54.300018,70.470001
475.850006,123.764999,54.300018,70.470001
457.850006,108.764999,54.300018,70.470001
457.850006,108.764999,54.300018,70.470001
457.850006,108.764999,54.300018,70.470001
476.850006,113.764999,54.300018,70.470001
476.850006,113.764999,54.300018,70.470001
452.850006,108.764999,54.300018,70.470001
445.850006,133.764999,54.300018,70.470001
445.850006,133.764999,54.300018,70.470001
445.850006,133.764999,54.300018,70.470001
444.850006,113.764999,54.300018,70.470001
444.850006,113.764999,54.300018,70.470001
444.850006,113.764999,54.300018,70.470001
444.850006,113.764999,54.300018,70.470001
444.850006,113.764999,54.300018,70.470001
444.850006,113.764999,54.300018,70.470001
444.850006,113.764999,54.300018,70.470001
444.850006,113.764999,54.300018,70.470001
463.850006,113.764999,54.300018,70.470001
463.850006,113.764999,54.300018,70.470001
463.850006,113.764999,54.300018,70.470001
463.850006,113.764999,54.300018,70.470001
463.850006,113.764999,54.300018,70.470001
483.850006,103.764999,54.300018,70.470001
483.850006,103.764999,54.300018,70.470001
483.850006,103.764999,54.300018,70.470001
483.850006,103.764999,54.300018,70.470001
483.850006,103.764999,54.300018,70.470001
483.850006,103.764999,54.300018,70.470001
483.850006,103.764999,54.300018,70.470001
483.850006,103.764999,54.300018,70.470001
483.850006,103.764999,54.300018,70.470001
455.850006,98.764999,54.300018,70.470001
455.850006,98.764999,54.300018,70.470001
455.850006,98.764999,54.300018,70.470001
455.850006,98.764999,54.300018,70.470001
455.850006,98.764999,54.300018,70.470001
455.850006,98.764999,54.300018,70.470001
468.850006,123.764999,54.300018,70.470001
468.850006,123.764999,54.300018,70.470001
468.850006,123.764999,54.300018,70.470001
468.850006,123.764999,54.300018,70.470001
468.850006,123.764999,54.300018,70.470001
468.850006,123.764999,54.300018,70.470001
468.850006,103.764999,54.300018,70.470001
468.850006,103.764999,54.300018,70.470001
468.850006,103.764999,54.300018,70.470001
487.850006,108.764999,54.300018,70.470001
487.850006,108.764999,54.300018,70.470001
487.850006,108.764999,54.300018,70.470001
487.850006,108.764999,54.300018,70.470001
454.850006,118.764999,54.300018,70.470001
454.850006,118.764999,54.300018,70.470001
454.850006,118.764999,54.300018,70.470001
473.850006,108.764999,54.300018,70.470001
473.850006,108.764999,54.300018,70.470001
473.850006,108.764999,54.300018,70.470001
473.850006,108.764999,54.300018,70.470001
473.850006,108.764999,54.300018,70.470001
473.850006,108.764999,54.300018,70.470001
473.850006,108.764999,54.300018,70.470001
473.850006,108.764999,54.300018,70.470001
473.850006,108.764999,54.300018,70.470001
473.850006,108.764999,54.300018,70.470001
473.850006,108.764999,54.300018,70.470001
473.850006,108.764999,54.300018,70.470001
473.850006,108.764999,54.300018,70.470001
473.850006,108.764999,54.300018,70.470001
473.850006,108.764999,54.300018,70.470001
473.850006,108.764999,54.300018,70.470001
473.850006,108.764999,54.300018,70.470001
473.850006,108.764999,54.300018,70.470001
473.850006,108.764999,54.300018,70.470001
494.850006,113.764999,54.300018,70.470001
494.850006,113.764999,54.300018,70.470001
494.850006,113.764999,54.300018,70.470001
494.850006,113.764999,54.300018,70.470001
494.850006,113.764999,54.300018,70.470001
474.850006,103.764999,54.300018,70.470001
474.850006,103.764999,54.300018,70.470001
474.850006,103.764999,54.300018,70.470001
474.850006,103.764999,54.300018,70.470001
474.850006,103.764999,54.300018,70.470001
474.850006,103.764999,54.300018,70.470001
474.850006,103.764999,54.300018,70.470001
474.850006,103.764999,54.300018,70.470001
474.850006,103.764999,54.300018,70.470001
474.850006,103.764999,54.300018,70.470001
474.850006,103.764999,54.300018,70.470001
474.850006,103.764999,54.300018,70.470001
474.850006,103.764999,54.300018,70.470001
474.850006,103.764999,54.300018,70.470001
474.850006,103.764999,54.300018,70.470001
474.850006,103.764999,54.300018,70.470001
474.850006,103.764999,54.300018,70.470001
474.850006,103.764999,54.300018,70.470001
474.850006,103.764999,54.300018,70.470001
474.850006,103.764999,54.300018,70.470001
474.850006,103.764999,54.300018,70.470001
474.850006,103.764999,54.300018,70.470001
474.850006,103.764999,54.300018,70.470001
451.850006,113.764999,54.300018,70.470001
451.850006,113.764999,54.300018,70.470001
451.850006,113.764999,54.300018,70.470001
451.850006,113.764999,54.300018,70.470001
433.850006,113.764999,54.300018,70.470001
433.850006,113.764999,54.300018,70.470001
444.850006,143.764999,54.300018,70.470001
417.850006,138.764999,54.300018,70.470001
435.850006,163.764999,54.300018,70.470001
428.850006,143.764999,54.300018,70.470001
428.850006,143.764999,54.300018,70.470001
429.850006,103.764999,54.300018,70.470001
429.850006,103.764999,54.300018,70.470001
429.850006,103.764999,54.300018,70.470001
408.850006,113.764999,54.300018,70.470001
408.850006,113.764999,54.300018,70.470001
408.850006,113.764999,54.300018,70.470001
432.850006,103.764999,54.300018,70.470001
432.850006,103.764999,54.300018,70.470001
432.850006,103.764999,54.300018,70.470001
432.850006,103.764999,54.300018,70.470001
432.850006,103.764999,54.300018,70.470001
412.850006,98.764999,54.300018,70.470001
415.850006,128.764999,54.300018,70.470001
415.850006,128.764999,54.300018,70.470001
415.850006,128.764999,54.300018,70.470001
454.850006,118.764999,54.300018,70.470001
454.850006,118.764999,54.300018,70.470001
454.850006,118.764999,54.300018,70.470001
454.850006,118.764999,54.300018,70.470001
454.850006,118.764999,54.300018,70.470001
439.850006,138.764999,54.300018,70.470001
412.850006,138.764999,54.300018,70.470001
412.850006,138.764999,54.300018,70.470001
408.850006,98.764999,54.300018,70.470001
408.850006,98.764999,54.300018,70.470001
408.850006,98.764999,54.300018,70.470001
408.850006,98.764999,54.300018,70.470001
435.850006,133.764999,54.300018,70.470001
435.850006,133.764999,54.300018,70.470001
441.850006,108.764999,54.300018,70.470001
441.850006,108.764999,54.300018,70.470001
441.850006,108.764999,54.300018,70.470001
441.850006,108.764999,54.300018,70.470001
423.850006,108.764999,54.300018,70.470001
423.850006,108.764999,54.300018,70.470001
449.850006,98.764999,54.300018,70.470001
449.850006,98.764999,54.300018,70.470001
449.850006,98.764999,54.300018,70.470001
418.850006,118.764999,54.300018,70.470001
418.850006,118.764999,54.300018,70.470001
418.850006,118.764999,54.300018,70.470001
402.850006,118.764999,54.300018,70.470001
402.850006,118.764999,54.300018,70.470001
383.850006,103.764999,54.300018,70.470001
383.850006,103.764999,54.300018,70.470001
383.850006,103.764999,54.300018,70.470001
383.850006,103.764999,54.300018,70.470001
383.850006,103.764999,54.300018,70.470001
383.850006,103.764999,54.300018,70.470001
383.850006,103.764999,54.300018,70.470001
383.850006,103.764999,54.300018,70.470001
383.850006,103.764999,54.300018,70.470001
383.850006,103.764999,54.300018,70.470001
383.850006,103.764999,54.300018,70.470001
383.850006,103.764999,54.300018,70.470001
383.850006,103.764999,54.300018,70.470001
383.850006,103.764999,54.300018,70.470001
383.850006,103.764999,54.300018,70.470001
383.850006,103.764999,54.300018,70.470001
383.850006,103.764999,54.300018,70.470001
383.850006,103.764999,54.300018,70.470001
383.850006,103.764999,54.300018,70.470001
383.850006,103.764999,54.300018,70.470001
383.850006,103.764999,54.300018,70.470001
383.850006,103.764999,54.300018,70.470001
