1
174.770004,22.629999,41.789993,156.399994
174.770004,22.629999,41.789993,156.399994
174.770004,22.629999,41.789993,156.399994
174.770004,22.629999,41.789993,156.399994
174.770004,22.629999,41.789993,156.399994
174.770004,22.629999,41.789993,156.399994
174.770004,22.629999,41.789993,156.399994
174.770004,22.629999,41.789993,156.399994
174.770004,22.629999,41.789993,156.399994
174.770004,22.629999,41.789993,156.399994
174.770004,22.629999,41.789993,156.399994
174.770004,22.629999,41.789993,156.399994
174.770004,22.629999,41.789993,156.399994
174.770004,22.629999,41.789993,156.399994
174.770004,22.629999,41.789993,156.399994
174.770004,22.629999,41.789993,156.399994
174.770004,22.629999,41.789993,156.399994
174.770004,22.629999,41.789993,156.399994
174.770004,22.629999,41.789993,156.399994
174.770004,22.629999,41.789993,156.399994
174.770004,22.629999,41.789993,156.399994
174.770004,22.629999,41.789993,156.399994
174.770004,22.629999,41.789993,156.399994
174.770004,22.629999,41.789993,156.399994
174.105011,21.800003,41.789993,156.399994
174.105011,21.800003,41.789993,156.399994
174.105011,21.800003,41.789993,156.399994
174.105011,21.800003,41.789993,156.399994
174.105011,21.800003,41.789993,156.399994
174.105011,21.800003,41.789993,156.399994
174.105011,21.800003,41.789993,156.399994
174.105011,21.800003,41.789993,156.399994
174.105011,21.800003,41.789993,156.399994
151.105011,24.800003,41.789993,156.399994
151.105011,24.800003,41.789993,156.399994
151.105011,24.800003,41.789993,156.399994
151.105011,24.800003,41.789993,156.399994
151.105011,24.800003,41.789993,156.399994
151.105011,24.800003,41.789993,156.399994
151.105011,24.800003,41.789993,156.399994
151.105011,24.800003,41.789993,156.399994
151.105011,24.800003,41.789993,156.399994
151.105011,24.800003,41.789993,156.399994
151.105011,24.800003,41.789993,156.399994
151.105011,24.800003,41.789993,156.399994
151.105011,24.800003,41.789993,156.399994
151.105011,24.800003,41.789993,156.399994
151.105011,24.800003,41.789993,156.399994
151.105011,24.800003,41.789993,156.399994
151.105011,24.800003,41.789993,156.399994
151.105011,24.800003,41.789993,156.399994
151.105011,24.800003,41.789993,156.399994
151.105011,24.800003,41.789993,156.399994
151.105011,24.800003,41.789993,156.399994
151.105011,24.800003,41.789993,156.399994
151.105011,24.800003,41.789993,156.399994
151.105011,24.800003,41.789993,156.399994
151.105011,24.800003,41.789993,156.399994
151.105011,24.800003,41.789993,156.399994
151.105011,24.800003,41.789993,156.399994
151.105011,24.800003,41.789993,156.399994
151.105011,24.800003,41.789993,156.399994
151.105011,24.800003,41.789993,156.399994
151.105011,24.800003,41.789993,156.399994
151.105011,24.800003,41.789993,156.399994
151.105011,24.800003,41.789993,156.399994
151.105011,24.800003,41.789993,156.399994
151.105011,24.800003,41.789993,156.399994
151.105011,24.800003,41.789993,156.399994
151.105011,24.800003,41.789993,156.399994
151.105011,24.800003,41.789993,156.399994
151.105011,24.800003,41.789993,156.399994
151.105011,24.800003,41.789993,156.399994
151.105011,24.800003,41.789993,156.399994
151.105011,24.800003,41.789993,156.399994
151.105011,24.800003,41.789993,156.399994
151.105011,24.800003,41.789993,156.399994
151.105011,24.800003,41.789993,156.399994
151.105011,24.800003,41.789993,156.399994
151.105011,24.800003,41.789993,156.399994
151.105011,24.800003,41.789993,156.399994
151.105011,24.800003,41.789993,156.399994
151.105011,24.800003,41.789993,156.399994
151.105011,24.800003,41.789993,156.399994
151.105011,24.800003,41.789993,156.399994
151.105011,24.800003,41.789993,156.399994
151.105011,24.800003,41.789993,156.399994
151.105011,24.800003,41.789993,156.399994
151.105011,24.800003,41.789993,156.399994
151.105011,24.800003,41.789993,156.399994
151.105011,24.800003,41.789993,156.399994
151.105011,24.800003,41.789993,156.399994
151.105011,24.800003,41.789993,156.399994
151.105011,24.800003,41.789993,156.399994
151.105011,24.800003,41.789993,156.399994
151.105011,24.800003,41.789993,156.399994
174.105011,46.800003,41.789993,156.399994
174.105011,46.800003,41.789993,156.399994
154.105011,33.800003,41.789993,156.399994
154.105011,33.800003,41.789993,156.399994
154.105011,33.800003,41.789993,156.399994
154.105011,33.800003,41.789993,156.399994
129.105011,33.800003,41.789993,156.399994
129.105011,33.800003,41.789993,156.399994
129.105011,33.800003,41.789993,156.399994
129.105011,33.800003,41.789993,156.399994
129.105011,33.800003,41.789993,156.399994
129.105011,33.800003,41.789993,156.399994
129.105011,33.800003,41.789993,156.399994
129.105011,33.800003,41.789993,156.399994
129.105011,33.800003,41.789993,156.399994
129.105011,33.800003,41.789993,156.399994
129.105011,33.800003,41.789993,156.399994
129.105011,33.800003,41.789993,156.399994
129.105011,33.800003,41.789993,156.399994
129.105011,33.800003,41.789993,156.399994
129.105011,33.800003,41.789993,156.399994
144.105011,64.800003,41.789993,156.399994
144.105011,64.800003,41.789993,156.399994
144.105011,64.800003,41.789993,156.399994
144.105011,64.800003,41.789993,156.399994
144.105011,64.800003,41.789993,156.399994
144.105011,64.800003,41.789993,156.399994
144.105011,64.800003,41.789993,156.399994
144.105011,64.800003,41.789993,156.399994
144.105011,64.800003,41.789993,156.399994
144.105011,64.800003,41.789993,156.399994
2
0
0
0
0
1
131.050003,53.560001,97.399994,52.889996
131.050003,53.560001,97.399994,52.889996
131.050003,53.560001,97.399994,52.889996
131.050003,53.560001,97.399994,52.889996
131.050003,53.560001,97.399994,52.889996
131.050003,53.560001,97.399994,52.889996
131.050003,53.560001,97.399994,52.889996
131.050003,53.560001,97.399994,52.889996
131.050003,53.560001,97.399994,52.889996
131.050003,53.560001,97.399994,52.889996
131.050003,53.560001,97.399994,52.889996
131.050003,53.560001,97.399994,52.889996
131.050003,53.560001,97.399994,52.889996
131.050003,53.560001,97.399994,52.889996
131.050003,53.560001,97.399994,52.889996
131.050003,53.560001,97.399994,52.889996
131.050003,53.560001,97.399994,52.889996
131.050003,53.560001,97.399994,52.889996
131.050003,53.560001,97.399994,52.889996
131.050003,53.560001,97.399994,52.889996
131.050003,53.560001,97.399994,52.889996
131.050003,53.560001,97.399994,52.889996
131.050003,53.560001,97.399994,52.889996
131.050003,53.560001,97.399994,52.889996
131.050003,53.560001,97.399994,52.889996
131.050003,53.560001,97.399994,52.889996
131.050003,53.560001,97.399994,52.889996
131.050003,53.560001,97.399994,52.889996
131.050003,53.560001,97.399994,52.889996
131.050003,53.560001,97.399994,52.889996
131.050003,53.560001,97.399994,52.889996
131.050003,53.560001,97.399994,52.889996
131.050003,53.560001,97.399994,52.889996
131.050003,53.560001,97.399994,52.889996
131.050003,53.560001,97.399994,52.889996
131.050003,53.560001,97.399994,52.889996
131.050003,53.560001,97.399994,52.889996
131.050003,53.560001,97.399994,52.889996
131.050003,53.560001,97.399994,52.889996
131.050003,53.560001,97.399994,52.889996
131.050003,53.560001,97.399994,52.889996
131.050003,53.560001,97.399994,52.889996
131.050003,53.560001,97.399994,52.889996
131.050003,53.560001,97.399994,52.889996
131.050003,53.560001,97.399994,52.889996
131.050003,53.560001,97.399994,52.889996
131.050003,53.560001,97.399994,52.889996
131.050003,53.560001,97.399994,52.889996
131.050003,53.560001,97.399994,52.889996
131.050003,53.560001,97.399994,52.889996
131.050003,53.560001,97.399994,52.889996
131.050003,53.560001,97.399994,52.889996
131.050003,53.560001,97.399994,52.889996
131.050003,53.560001,97.399994,52.889996
131.050003,53.560001,97.399994,52.889996
131.050003,53.560001,97.399994,52.889996
131.050003,53.560001,97.399994,52.889996
131.050003,53.560001,97.399994,52.889996
131.050003,53.560001,97.399994,52.889996
131.050003,53.560001,97.399994,52.889996
131.050003,53.560001,97.399994,52.889996
131.050003,53.560001,97.399994,52.889996
131.050003,53.560001,97.399994,52.889996
131.050003,53.560001,97.399994,52.889996
130.300003,53.555000,97.399994,52.889996
130.300003,53.555000,97.399994,52.889996
130.300003,53.555000,97.399994,52.889996
130.300003,53.555000,97.399994,52.889996
130.300003,53.555000,97.399994,52.889996
130.300003,53.555000,97.399994,52.889996
130.300003,53.555000,97.399994,52.889996
130.300003,53.555000,97.399994,52.889996
130.300003,53.555000,97.399994,52.889996
130.300003,53.555000,97.399994,52.889996
130.300003,53.555000,97.399994,52.889996
130.300003,53.555000,97.399994,52.889996
130.300003,53.555000,97.399994,52.889996
130.300003,53.555000,97.399994,52.889996
130.300003,53.555000,97.399994,52.889996
130.300003,53.555000,97.399994,52.889996
130.300003,53.555000,97.399994,52.889996
130.300003,53.555000,97.399994,52.889996
130.300003,53.555000,97.399994,52.889996
130.300003,53.555000,97.399994,52.889996
130.300003,53.555000,97.399994,52.889996
