1
77.000000,93.000000,37.000000,51.000000
77.000000,93.000000,37.000000,51.000000
77.000000,93.000000,37.000000,51.000000
77.000000,93.000000,37.000000,51.000000
77.000000,93.000000,37.000000,51.000000
77.000000,93.000000,37.000000,51.000000
2
0
0
0
0
1
150.000000,98.000000,32.000000,46.000000
150.000000,98.000000,32.000000,46.000000
150.000000,98.000000,32.000000,46.000000
150.000000,98.000000,32.000000,46.000000
150.000000,98.000000,32.000000,46.000000
2
0
0
0
0
1
203.000000,96.000000,31.000000,48.000000
203.000000,96.000000,31.000000,48.000000
203.000000,96.000000,31.000000,48.000000
203.000000,96.000000,31.000000,48.000000
203.000000,96.000000,31.000000,48.000000
203.000000,96.000000,31.000000,48.000000
2
0
0
0
0
1
121.000000,96.000000,35.000000,54.000000
121.000000,96.000000,35.000000,54.000000
121.000000,96.000000,35.000000,54.000000
121.000000,96.000000,35.000000,54.000000
121.000000,96.000000,35.000000,54.000000
121.000000,96.000000,35.000000,54.000000
121.000000,96.000000,35.000000,54.000000
121.000000,96.000000,35.000000,54.000000
121.000000,96.000000,35.000000,54.000000
121.000000,96.000000,35.000000,54.000000
121.000000,96.000000,35.000000,54.000000
121.000000,96.000000,35.000000,54.000000
2
0
0
0
0
1
199.380005,101.779999,35.139999,52.290009
199.380005,101.779999,35.139999,52.290009
199.380005,101.779999,35.139999,52.290009
199.380005,101.779999,35.139999,52.290009
199.380005,101.779999,35.139999,52.290009
199.380005,101.779999,35.139999,52.290009
2
0
0
0
0
1
105.000000,106.000000,33.000000,49.000000
105.000000,106.000000,33.000000,49.000000
105.000000,106.000000,33.000000,49.000000
105.000000,106.000000,33.000000,49.000000
105.000000,106.000000,33.000000,49.000000
95.500000,101.500000,33.000000,49.000000
95.500000,101.500000,33.000000,49.000000
95.500000,101.500000,33.000000,49.000000
79.500000,106.500000,33.000000,49.000000
79.500000,106.500000,33.000000,49.000000
79.500000,106.500000,33.000000,49.000000
79.500000,106.500000,33.000000,49.000000
79.500000,106.500000,33.000000,49.000000
79.500000,106.500000,33.000000,49.000000
107.500000,101.500000,33.000000,49.000000
107.500000,101.500000,33.000000,49.000000
2
0
0
0
0
1
205.949997,106.199997,42.500000,57.860001
205.949997,106.199997,42.500000,57.860001
205.949997,106.199997,42.500000,57.860001
205.949997,106.199997,42.500000,57.860001
205.949997,106.199997,42.500000,57.860001
205.949997,106.199997,42.500000,57.860001
205.949997,106.199997,42.500000,57.860001
205.949997,106.199997,42.500000,57.860001
205.949997,106.199997,42.500000,57.860001
2
0
0
0
0
1
84.000000,111.000000,35.000000,52.000000
84.000000,111.000000,35.000000,52.000000
73.500000,119.000000,35.000000,52.000000
73.500000,119.000000,35.000000,52.000000
57.500000,127.000000,35.000000,52.000000
57.500000,127.000000,35.000000,52.000000
57.500000,127.000000,35.000000,52.000000
2
0
0
0
0
1
4.000000,115.000000,36.000000,56.000000
4.000000,115.000000,36.000000,56.000000
20.000000,134.000000,36.000000,56.000000
20.000000,134.000000,36.000000,56.000000
34.000000,133.000000,36.000000,56.000000
34.000000,133.000000,36.000000,56.000000
34.000000,133.000000,36.000000,56.000000
34.000000,133.000000,36.000000,56.000000
34.000000,133.000000,36.000000,56.000000
34.000000,133.000000,36.000000,56.000000
34.000000,133.000000,36.000000,56.000000
34.000000,133.000000,36.000000,56.000000
2
0
0
0
0
1
108.000000,97.000000,35.000000,53.000000
108.000000,97.000000,35.000000,53.000000
108.000000,97.000000,35.000000,53.000000
108.000000,97.000000,35.000000,53.000000
108.000000,97.000000,35.000000,53.000000
108.000000,97.000000,35.000000,53.000000
108.000000,97.000000,35.000000,53.000000
108.000000,97.000000,35.000000,53.000000
108.000000,97.000000,35.000000,53.000000
108.000000,97.000000,35.000000,53.000000
108.000000,97.000000,35.000000,53.000000
108.000000,97.000000,35.000000,53.000000
108.000000,97.000000,35.000000,53.000000
108.000000,97.000000,35.000000,53.000000
108.000000,97.000000,35.000000,53.000000
108.000000,97.000000,35.000000,53.000000
107.500000,96.500000,35.000000,53.000000
107.500000,96.500000,35.000000,53.000000
121.500000,72.500000,35.000000,53.000000
121.500000,72.500000,35.000000,53.000000
115.500000,53.500000,35.000000,53.000000
115.500000,53.500000,35.000000,53.000000
115.500000,53.500000,35.000000,53.000000
115.500000,53.500000,35.000000,53.000000
115.500000,53.500000,35.000000,53.000000
115.500000,53.500000,35.000000,53.000000
2
0
0
0
0
1
128.000000,100.000000,36.000000,49.000000
128.000000,100.000000,36.000000,49.000000
128.000000,100.000000,36.000000,49.000000
128.000000,100.000000,36.000000,49.000000
151.000000,95.500000,36.000000,49.000000
151.000000,95.500000,36.000000,49.000000
