1
77.000000,93.000000,37.000000,51.000000
77.000000,93.000000,37.000000,51.000000
77.000000,93.000000,37.000000,51.000000
77.000000,93.000000,37.000000,51.000000
77.000000,93.000000,37.000000,51.000000
77.000000,93.000000,37.000000,51.000000
2
0
0
0
0
1
150.000000,98.000000,32.000000,46.000000
150.000000,98.000000,32.000000,46.000000
150.000000,98.000000,32.000000,46.000000
150.000000,98.000000,32.000000,46.000000
150.000000,98.000000,32.000000,46.000000
2
0
0
0
0
1
203.000000,96.000000,31.000000,48.000000
203.000000,96.000000,31.000000,48.000000
203.000000,96.000000,31.000000,48.000000
203.000000,96.000000,31.000000,48.000000
203.000000,96.000000,31.000000,48.000000
203.000000,96.000000,31.000000,48.000000
2
0
0
0
0
1
121.000000,96.000000,35.000000,54.000000
121.000000,96.000000,35.000000,54.000000
110.500000,97.000000,35.000000,54.000000
110.500000,97.000000,35.000000,54.000000
110.500000,97.000000,35.000000,54.000000
110.500000,97.000000,35.000000,54.000000
110.500000,97.000000,35.000000,54.000000
110.500000,97.000000,35.000000,54.000000
110.500000,97.000000,35.000000,54.000000
110.500000,97.000000,35.000000,54.000000
110.500000,97.000000,35.000000,54.000000
2
0
0
0
0
1
192.789993,101.570000,36.230011,52.549995
192.789993,101.570000,36.230011,52.549995
192.789993,101.570000,36.230011,52.549995
192.789993,101.570000,36.230011,52.549995
192.789993,101.570000,36.230011,52.549995
192.789993,101.570000,36.230011,52.549995
179.884995,104.725006,36.230011,52.549995
179.884995,104.725006,36.230011,52.549995
179.884995,104.725006,36.230011,52.549995
2
0
0
0
0
1
89.000000,109.000000,33.000000,49.000000
89.000000,109.000000,33.000000,49.000000
89.000000,109.000000,33.000000,49.000000
89.000000,109.000000,33.000000,49.000000
89.000000,109.000000,33.000000,49.000000
89.000000,109.000000,33.000000,49.000000
89.000000,109.000000,33.000000,49.000000
89.000000,109.000000,33.000000,49.000000
89.000000,109.000000,33.000000,49.000000
89.000000,109.000000,33.000000,49.000000
89.000000,109.000000,33.000000,49.000000
102.500000,114.500000,33.000000,49.000000
102.500000,114.500000,33.000000,49.000000
118.500000,114.500000,33.000000,49.000000
2
0
0
0
0
1
205.949997,106.199997,42.500000,57.860001
205.949997,106.199997,42.500000,57.860001
205.949997,106.199997,42.500000,57.860001
205.949997,106.199997,42.500000,57.860001
205.949997,106.199997,42.500000,57.860001
205.949997,106.199997,42.500000,57.860001
205.949997,106.199997,42.500000,57.860001
205.949997,106.199997,42.500000,57.860001
205.949997,106.199997,42.500000,57.860001
2
0
0
0
0
1
84.000000,111.000000,35.000000,52.000000
84.000000,111.000000,35.000000,52.000000
84.000000,111.000000,35.000000,52.000000
84.000000,111.000000,35.000000,52.000000
2
0
0
0
0
1
4.000000,97.000000,38.000000,58.000000
4.000000,97.000000,38.000000,58.000000
4.000000,97.000000,38.000000,58.000000
4.000000,97.000000,38.000000,58.000000
4.000000,97.000000,38.000000,58.000000
4.000000,97.000000,38.000000,58.000000
4.000000,97.000000,38.000000,58.000000
4.000000,97.000000,38.000000,58.000000
4.000000,97.000000,38.000000,58.000000
2
0
0
0
0
1
68.000000,129.000000,38.000000,54.000000
68.000000,129.000000,38.000000,54.000000
68.000000,129.000000,38.000000,54.000000
68.000000,129.000000,38.000000,54.000000
68.000000,129.000000,38.000000,54.000000
2
0
0
0
0
1
86.000000,103.000000,35.000000,53.000000
86.000000,103.000000,35.000000,53.000000
86.000000,103.000000,35.000000,53.000000
86.000000,103.000000,35.000000,53.000000
86.000000,103.000000,35.000000,53.000000
86.000000,103.000000,35.000000,53.000000
88.500000,81.500000,35.000000,53.000000
88.500000,81.500000,35.000000,53.000000
88.500000,81.500000,35.000000,53.000000
88.500000,81.500000,35.000000,53.000000
88.500000,81.500000,35.000000,53.000000
88.500000,81.500000,35.000000,53.000000
88.500000,81.500000,35.000000,53.000000
88.500000,81.500000,35.000000,53.000000
2
0
0
0
0
1
125.000000,100.000000,40.000000,51.000000
125.000000,100.000000,40.000000,51.000000
125.000000,100.000000,40.000000,51.000000
105.000000,102.500000,40.000000,51.000000
105.000000,102.500000,40.000000,51.000000
2
0
0
0
0
1
152.000000,98.000000,34.000000,49.000000
152.000000,98.000000,34.000000,49.000000
