1
111.000000,98.000000,26.000000,102.000000
111.000000,98.000000,26.000000,102.000000
95.000000,96.000000,26.000000,102.000000
95.000000,96.000000,26.000000,102.000000
95.000000,96.000000,26.000000,102.000000
95.000000,96.000000,26.000000,102.000000
95.000000,96.000000,26.000000,102.000000
95.000000,96.000000,26.000000,102.000000
95.000000,96.000000,26.000000,102.000000
95.000000,96.000000,26.000000,102.000000
95.000000,96.000000,26.000000,102.000000
95.000000,96.000000,26.000000,102.000000
95.000000,96.000000,26.000000,102.000000
95.000000,96.000000,26.000000,102.000000
95.000000,96.000000,26.000000,102.000000
95.000000,96.000000,26.000000,102.000000
95.000000,96.000000,26.000000,102.000000
95.000000,96.000000,26.000000,102.000000
95.000000,96.000000,26.000000,102.000000
95.000000,96.000000,26.000000,102.000000
95.000000,96.000000,26.000000,102.000000
95.000000,96.000000,26.000000,102.000000
95.000000,96.000000,26.000000,102.000000
95.000000,96.000000,26.000000,102.000000
95.000000,96.000000,26.000000,102.000000
95.000000,96.000000,26.000000,102.000000
95.000000,96.000000,26.000000,102.000000
95.000000,96.000000,26.000000,102.000000
95.000000,96.000000,26.000000,102.000000
95.000000,96.000000,26.000000,102.000000
95.000000,96.000000,26.000000,102.000000
95.000000,96.000000,26.000000,102.000000
95.000000,96.000000,26.000000,102.000000
95.000000,96.000000,26.000000,102.000000
95.000000,96.000000,26.000000,102.000000
95.000000,96.000000,26.000000,102.000000
95.000000,96.000000,26.000000,102.000000
95.000000,96.000000,26.000000,102.000000
95.000000,96.000000,26.000000,102.000000
95.000000,96.000000,26.000000,102.000000
95.000000,96.000000,26.000000,102.000000
95.000000,96.000000,26.000000,102.000000
95.000000,96.000000,26.000000,102.000000
95.000000,96.000000,26.000000,102.000000
95.000000,96.000000,26.000000,102.000000
95.000000,96.000000,26.000000,102.000000
95.000000,96.000000,26.000000,102.000000
95.000000,96.000000,26.000000,102.000000
95.000000,96.000000,26.000000,102.000000
95.000000,96.000000,26.000000,102.000000
95.000000,96.000000,26.000000,102.000000
95.000000,96.000000,26.000000,102.000000
95.000000,96.000000,26.000000,102.000000
95.000000,96.000000,26.000000,102.000000
95.000000,96.000000,26.000000,102.000000
95.000000,96.000000,26.000000,102.000000
95.000000,96.000000,26.000000,102.000000
95.000000,96.000000,26.000000,102.000000
95.000000,96.000000,26.000000,102.000000
95.000000,96.000000,26.000000,102.000000
95.000000,96.000000,26.000000,102.000000
95.000000,96.000000,26.000000,102.000000
95.000000,96.000000,26.000000,102.000000
95.000000,96.000000,26.000000,102.000000
95.000000,96.000000,26.000000,102.000000
95.000000,96.000000,26.000000,102.000000
95.000000,96.000000,26.000000,102.000000
95.000000,96.000000,26.000000,102.000000
2
0
0
0
0
1
120.000000,98.000000,28.000000,83.000000
120.000000,98.000000,28.000000,83.000000
102.000000,64.500000,28.000000,83.000000
102.000000,64.500000,28.000000,83.000000
102.000000,64.500000,28.000000,83.000000
2
0
0
0
0
1
105.000000,86.000000,29.000000,116.000000
115.500000,88.000000,29.000000,116.000000
100.500000,95.000000,29.000000,116.000000
100.500000,95.000000,29.000000,116.000000
100.500000,95.000000,29.000000,116.000000
119.500000,58.000000,29.000000,116.000000
131.500000,86.000000,29.000000,116.000000
118.500000,84.000000,29.000000,116.000000
118.500000,84.000000,29.000000,116.000000
132.500000,80.000000,29.000000,116.000000
132.500000,80.000000,29.000000,116.000000
132.500000,80.000000,29.000000,116.000000
132.500000,80.000000,29.000000,116.000000
132.500000,80.000000,29.000000,116.000000
132.500000,80.000000,29.000000,116.000000
115.500000,86.000000,29.000000,116.000000
127.500000,90.000000,29.000000,116.000000
127.500000,90.000000,29.000000,116.000000
116.500000,73.000000,29.000000,116.000000
116.500000,73.000000,29.000000,116.000000
116.500000,73.000000,29.000000,116.000000
116.500000,73.000000,29.000000,116.000000
116.500000,73.000000,29.000000,116.000000
116.500000,73.000000,29.000000,116.000000
116.500000,73.000000,29.000000,116.000000
104.500000,71.000000,29.000000,116.000000
104.500000,71.000000,29.000000,116.000000
104.500000,71.000000,29.000000,116.000000
104.500000,71.000000,29.000000,116.000000
93.500000,83.000000,29.000000,116.000000
93.500000,83.000000,29.000000,116.000000
93.500000,83.000000,29.000000,116.000000
93.500000,83.000000,29.000000,116.000000
103.500000,85.000000,29.000000,116.000000
103.500000,85.000000,29.000000,116.000000
103.500000,85.000000,29.000000,116.000000
103.500000,85.000000,29.000000,116.000000
103.500000,85.000000,29.000000,116.000000
113.500000,90.000000,29.000000,116.000000
113.500000,90.000000,29.000000,116.000000
113.500000,90.000000,29.000000,116.000000
113.500000,90.000000,29.000000,116.000000
113.500000,90.000000,29.000000,116.000000
123.500000,75.000000,29.000000,116.000000
123.500000,75.000000,29.000000,116.000000
123.500000,75.000000,29.000000,116.000000
117.500000,114.000000,29.000000,116.000000
128.500000,92.000000,29.000000,116.000000
128.500000,92.000000,29.000000,116.000000
128.500000,92.000000,29.000000,116.000000
118.500000,136.000000,29.000000,116.000000
128.500000,98.000000,29.000000,116.000000
115.500000,111.000000,29.000000,116.000000
115.500000,111.000000,29.000000,116.000000
115.500000,111.000000,29.000000,116.000000
115.500000,111.000000,29.000000,116.000000
115.500000,111.000000,29.000000,116.000000
115.500000,111.000000,29.000000,116.000000
115.500000,111.000000,29.000000,116.000000
115.500000,111.000000,29.000000,116.000000
115.500000,111.000000,29.000000,116.000000
115.500000,111.000000,29.000000,116.000000
115.500000,111.000000,29.000000,116.000000
115.500000,111.000000,29.000000,116.000000
115.500000,111.000000,29.000000,116.000000
115.500000,111.000000,29.000000,116.000000
115.500000,111.000000,29.000000,116.000000
115.500000,111.000000,29.000000,116.000000
132.500000,109.000000,29.000000,116.000000
119.500000,92.000000,29.000000,116.000000
119.500000,92.000000,29.000000,116.000000
119.500000,92.000000,29.000000,116.000000
119.500000,92.000000,29.000000,116.000000
119.500000,92.000000,29.000000,116.000000
119.500000,92.000000,29.000000,116.000000
119.500000,92.000000,29.000000,116.000000
119.500000,92.000000,29.000000,116.000000
119.500000,92.000000,29.000000,116.000000
119.500000,92.000000,29.000000,116.000000
136.500000,82.000000,29.000000,116.000000
136.500000,82.000000,29.000000,116.000000
136.500000,82.000000,29.000000,116.000000
124.500000,94.000000,29.000000,116.000000
135.500000,108.000000,29.000000,116.000000
135.500000,108.000000,29.000000,116.000000
135.500000,108.000000,29.000000,116.000000
135.500000,108.000000,29.000000,116.000000
135.500000,108.000000,29.000000,116.000000
135.500000,108.000000,29.000000,116.000000
121.500000,102.000000,29.000000,116.000000
121.500000,102.000000,29.000000,116.000000
121.500000,102.000000,29.000000,116.000000
121.500000,102.000000,29.000000,116.000000
121.500000,102.000000,29.000000,116.000000
121.500000,102.000000,29.000000,116.000000
121.500000,102.000000,29.000000,116.000000
121.500000,102.000000,29.000000,116.000000
121.500000,102.000000,29.000000,116.000000
121.500000,102.000000,29.000000,116.000000
106.500000,112.000000,29.000000,116.000000
106.500000,112.000000,29.000000,116.000000
106.500000,112.000000,29.000000,116.000000
106.500000,112.000000,29.000000,116.000000
115.500000,83.000000,29.000000,116.000000
115.500000,83.000000,29.000000,116.000000
115.500000,83.000000,29.000000,116.000000
125.500000,82.000000,29.000000,116.000000
125.500000,82.000000,29.000000,116.000000
107.500000,97.000000,29.000000,116.000000
107.500000,97.000000,29.000000,116.000000
116.500000,83.000000,29.000000,116.000000
116.500000,83.000000,29.000000,116.000000
125.500000,89.000000,29.000000,116.000000
125.500000,89.000000,29.000000,116.000000
125.500000,89.000000,29.000000,116.000000
125.500000,89.000000,29.000000,116.000000
125.500000,89.000000,29.000000,116.000000
135.500000,74.000000,29.000000,116.000000
135.500000,74.000000,29.000000,116.000000
135.500000,74.000000,29.000000,116.000000
135.500000,74.000000,29.000000,116.000000
133.500000,116.000000,29.000000,116.000000
145.500000,124.000000,29.000000,116.000000
145.500000,124.000000,29.000000,116.000000
134.500000,110.000000,29.000000,116.000000
134.500000,110.000000,29.000000,116.000000
153.500000,111.000000,29.000000,116.000000
153.500000,111.000000,29.000000,116.000000
132.500000,127.000000,29.000000,116.000000
132.500000,127.000000,29.000000,116.000000
141.500000,118.000000,29.000000,116.000000
141.500000,118.000000,29.000000,116.000000
141.500000,118.000000,29.000000,116.000000
141.500000,118.000000,29.000000,116.000000
141.500000,118.000000,29.000000,116.000000
126.500000,133.000000,29.000000,116.000000
138.500000,126.000000,29.000000,116.000000
138.500000,126.000000,29.000000,116.000000
122.500000,142.000000,29.000000,116.000000
122.500000,142.000000,29.000000,116.000000
122.500000,142.000000,29.000000,116.000000
122.500000,142.000000,29.000000,116.000000
122.500000,142.000000,29.000000,116.000000
122.500000,142.000000,29.000000,116.000000
122.500000,142.000000,29.000000,116.000000
99.500000,128.000000,29.000000,116.000000
110.500000,116.000000,29.000000,116.000000
96.500000,104.000000,29.000000,116.000000
96.500000,104.000000,29.000000,116.000000
96.500000,104.000000,29.000000,116.000000
96.500000,104.000000,29.000000,116.000000
96.500000,104.000000,29.000000,116.000000
85.500000,104.000000,29.000000,116.000000
96.500000,73.000000,29.000000,116.000000
96.500000,73.000000,29.000000,116.000000
96.500000,73.000000,29.000000,116.000000
111.500000,92.000000,29.000000,116.000000
111.500000,92.000000,29.000000,116.000000
111.500000,92.000000,29.000000,116.000000
111.500000,92.000000,29.000000,116.000000
111.500000,92.000000,29.000000,116.000000
111.500000,92.000000,29.000000,116.000000
111.500000,92.000000,29.000000,116.000000
111.500000,92.000000,29.000000,116.000000
111.500000,92.000000,29.000000,116.000000
111.500000,92.000000,29.000000,116.000000
111.500000,92.000000,29.000000,116.000000
111.500000,92.000000,29.000000,116.000000
130.500000,92.000000,29.000000,116.000000
130.500000,92.000000,29.000000,116.000000
120.500000,132.000000,29.000000,116.000000
120.500000,132.000000,29.000000,116.000000
120.500000,132.000000,29.000000,116.000000
120.500000,132.000000,29.000000,116.000000
138.500000,121.000000,29.000000,116.000000
138.500000,121.000000,29.000000,116.000000
138.500000,121.000000,29.000000,116.000000
138.500000,121.000000,29.000000,116.000000
138.500000,121.000000,29.000000,116.000000
128.500000,131.000000,29.000000,116.000000
128.500000,131.000000,29.000000,116.000000
128.500000,131.000000,29.000000,116.000000
111.500000,124.000000,29.000000,116.000000
111.500000,124.000000,29.000000,116.000000
111.500000,124.000000,29.000000,116.000000
111.500000,124.000000,29.000000,116.000000
111.500000,124.000000,29.000000,116.000000
126.500000,114.000000,29.000000,116.000000
126.500000,114.000000,29.000000,116.000000
113.500000,101.000000,29.000000,116.000000
113.500000,101.000000,29.000000,116.000000
105.500000,148.000000,29.000000,116.000000
105.500000,148.000000,29.000000,116.000000
105.500000,148.000000,29.000000,116.000000
105.500000,148.000000,29.000000,116.000000
105.500000,148.000000,29.000000,116.000000
90.500000,123.000000,29.000000,116.000000
90.500000,123.000000,29.000000,116.000000
90.500000,123.000000,29.000000,116.000000
90.500000,123.000000,29.000000,116.000000
99.500000,102.000000,29.000000,116.000000
99.500000,102.000000,29.000000,116.000000
99.500000,102.000000,29.000000,116.000000
99.500000,102.000000,29.000000,116.000000
99.500000,102.000000,29.000000,116.000000
99.500000,102.000000,29.000000,116.000000
99.500000,102.000000,29.000000,116.000000
99.500000,102.000000,29.000000,116.000000
99.500000,102.000000,29.000000,116.000000
99.500000,102.000000,29.000000,116.000000
99.500000,102.000000,29.000000,116.000000
99.500000,102.000000,29.000000,116.000000
99.500000,102.000000,29.000000,116.000000
99.500000,102.000000,29.000000,116.000000
99.500000,102.000000,29.000000,116.000000
99.500000,102.000000,29.000000,116.000000
104.500000,149.000000,29.000000,116.000000
104.500000,149.000000,29.000000,116.000000
90.500000,150.000000,29.000000,116.000000
90.500000,150.000000,29.000000,116.000000
90.500000,150.000000,29.000000,116.000000
