1
145.000000,77.000000,68.000000,73.000000
145.000000,77.000000,68.000000,73.000000
145.000000,77.000000,68.000000,73.000000
145.000000,77.000000,68.000000,73.000000
145.000000,77.000000,68.000000,73.000000
145.000000,77.000000,68.000000,73.000000
145.000000,77.000000,68.000000,73.000000
145.000000,77.000000,68.000000,73.000000
145.000000,77.000000,68.000000,73.000000
145.000000,77.000000,68.000000,73.000000
145.000000,77.000000,68.000000,73.000000
145.000000,77.000000,68.000000,73.000000
145.000000,77.000000,68.000000,73.000000
145.000000,77.000000,68.000000,73.000000
145.000000,77.000000,68.000000,73.000000
180.000000,97.500000,68.000000,73.000000
180.000000,97.500000,68.000000,73.000000
180.000000,97.500000,68.000000,73.000000
180.000000,97.500000,68.000000,73.000000
180.000000,97.500000,68.000000,73.000000
180.000000,97.500000,68.000000,73.000000
180.000000,97.500000,68.000000,73.000000
180.000000,97.500000,68.000000,73.000000
180.000000,97.500000,68.000000,73.000000
180.000000,97.500000,68.000000,73.000000
180.000000,97.500000,68.000000,73.000000
180.000000,97.500000,68.000000,73.000000
180.000000,97.500000,68.000000,73.000000
180.000000,97.500000,68.000000,73.000000
180.000000,97.500000,68.000000,73.000000
180.000000,97.500000,68.000000,73.000000
180.000000,97.500000,68.000000,73.000000
180.000000,97.500000,68.000000,73.000000
180.000000,97.500000,68.000000,73.000000
180.000000,97.500000,68.000000,73.000000
155.000000,93.500000,68.000000,73.000000
155.000000,93.500000,68.000000,73.000000
155.000000,93.500000,68.000000,73.000000
155.000000,93.500000,68.000000,73.000000
155.000000,93.500000,68.000000,73.000000
155.000000,93.500000,68.000000,73.000000
155.000000,93.500000,68.000000,73.000000
155.000000,93.500000,68.000000,73.000000
155.000000,93.500000,68.000000,73.000000
155.000000,93.500000,68.000000,73.000000
155.000000,93.500000,68.000000,73.000000
155.000000,93.500000,68.000000,73.000000
155.000000,93.500000,68.000000,73.000000
155.000000,93.500000,68.000000,73.000000
155.000000,93.500000,68.000000,73.000000
155.000000,93.500000,68.000000,73.000000
155.000000,93.500000,68.000000,73.000000
155.000000,93.500000,68.000000,73.000000
155.000000,93.500000,68.000000,73.000000
155.000000,93.500000,68.000000,73.000000
155.000000,93.500000,68.000000,73.000000
155.000000,93.500000,68.000000,73.000000
155.000000,93.500000,68.000000,73.000000
155.000000,93.500000,68.000000,73.000000
155.000000,93.500000,68.000000,73.000000
155.000000,93.500000,68.000000,73.000000
155.000000,93.500000,68.000000,73.000000
155.000000,93.500000,68.000000,73.000000
155.000000,93.500000,68.000000,73.000000
155.000000,93.500000,68.000000,73.000000
155.000000,93.500000,68.000000,73.000000
155.000000,93.500000,68.000000,73.000000
155.000000,93.500000,68.000000,73.000000
155.000000,93.500000,68.000000,73.000000
155.000000,93.500000,68.000000,73.000000
155.000000,93.500000,68.000000,73.000000
155.000000,93.500000,68.000000,73.000000
155.000000,93.500000,68.000000,73.000000
155.000000,93.500000,68.000000,73.000000
155.000000,93.500000,68.000000,73.000000
155.000000,93.500000,68.000000,73.000000
155.000000,93.500000,68.000000,73.000000
155.000000,93.500000,68.000000,73.000000
155.000000,93.500000,68.000000,73.000000
155.000000,93.500000,68.000000,73.000000
155.000000,93.500000,68.000000,73.000000
155.000000,93.500000,68.000000,73.000000
155.000000,93.500000,68.000000,73.000000
155.000000,93.500000,68.000000,73.000000
155.000000,93.500000,68.000000,73.000000
155.000000,93.500000,68.000000,73.000000
155.000000,93.500000,68.000000,73.000000
155.000000,93.500000,68.000000,73.000000
155.000000,93.500000,68.000000,73.000000
155.000000,93.500000,68.000000,73.000000
155.000000,93.500000,68.000000,73.000000
155.000000,93.500000,68.000000,73.000000
155.000000,93.500000,68.000000,73.000000
155.000000,93.500000,68.000000,73.000000
155.000000,93.500000,68.000000,73.000000
155.000000,93.500000,68.000000,73.000000
155.000000,93.500000,68.000000,73.000000
155.000000,93.500000,68.000000,73.000000
155.000000,93.500000,68.000000,73.000000
155.000000,93.500000,68.000000,73.000000
155.000000,93.500000,68.000000,73.000000
155.000000,93.500000,68.000000,73.000000
155.000000,93.500000,68.000000,73.000000
155.000000,93.500000,68.000000,73.000000
155.000000,93.500000,68.000000,73.000000
155.000000,93.500000,68.000000,73.000000
155.000000,93.500000,68.000000,73.000000
155.000000,93.500000,68.000000,73.000000
155.000000,93.500000,68.000000,73.000000
155.000000,93.500000,68.000000,73.000000
155.000000,93.500000,68.000000,73.000000
155.000000,93.500000,68.000000,73.000000
155.000000,93.500000,68.000000,73.000000
155.000000,93.500000,68.000000,73.000000
155.000000,93.500000,68.000000,73.000000
155.000000,93.500000,68.000000,73.000000
155.000000,93.500000,68.000000,73.000000
155.000000,93.500000,68.000000,73.000000
155.000000,93.500000,68.000000,73.000000
155.000000,93.500000,68.000000,73.000000
155.000000,93.500000,68.000000,73.000000
155.000000,93.500000,68.000000,73.000000
155.000000,93.500000,68.000000,73.000000
155.000000,93.500000,68.000000,73.000000
155.000000,93.500000,68.000000,73.000000
155.000000,93.500000,68.000000,73.000000
155.000000,93.500000,68.000000,73.000000
155.000000,93.500000,68.000000,73.000000
155.000000,93.500000,68.000000,73.000000
155.000000,93.500000,68.000000,73.000000
155.000000,93.500000,68.000000,73.000000
155.000000,93.500000,68.000000,73.000000
155.000000,93.500000,68.000000,73.000000
155.000000,93.500000,68.000000,73.000000
155.000000,93.500000,68.000000,73.000000
155.000000,93.500000,68.000000,73.000000
155.000000,93.500000,68.000000,73.000000
155.000000,93.500000,68.000000,73.000000
155.000000,93.500000,68.000000,73.000000
155.000000,93.500000,68.000000,73.000000
155.000000,93.500000,68.000000,73.000000
155.000000,93.500000,68.000000,73.000000
155.000000,93.500000,68.000000,73.000000
155.000000,93.500000,68.000000,73.000000
155.000000,93.500000,68.000000,73.000000
155.000000,93.500000,68.000000,73.000000
155.000000,93.500000,68.000000,73.000000
155.000000,93.500000,68.000000,73.000000
155.000000,93.500000,68.000000,73.000000
155.000000,93.500000,68.000000,73.000000
155.000000,93.500000,68.000000,73.000000
155.000000,93.500000,68.000000,73.000000
155.000000,93.500000,68.000000,73.000000
155.000000,93.500000,68.000000,73.000000
155.000000,93.500000,68.000000,73.000000
155.000000,93.500000,68.000000,73.000000
155.000000,93.500000,68.000000,73.000000
155.000000,93.500000,68.000000,73.000000
155.000000,93.500000,68.000000,73.000000
155.000000,93.500000,68.000000,73.000000
155.000000,93.500000,68.000000,73.000000
155.000000,93.500000,68.000000,73.000000
155.000000,93.500000,68.000000,73.000000
155.000000,93.500000,68.000000,73.000000
155.000000,93.500000,68.000000,73.000000
155.000000,93.500000,68.000000,73.000000
155.000000,93.500000,68.000000,73.000000
155.000000,93.500000,68.000000,73.000000
155.000000,93.500000,68.000000,73.000000
155.000000,93.500000,68.000000,73.000000
155.000000,93.500000,68.000000,73.000000
155.000000,93.500000,68.000000,73.000000
155.000000,93.500000,68.000000,73.000000
155.000000,93.500000,68.000000,73.000000
155.000000,93.500000,68.000000,73.000000
155.000000,93.500000,68.000000,73.000000
155.000000,93.500000,68.000000,73.000000
155.000000,93.500000,68.000000,73.000000
155.000000,93.500000,68.000000,73.000000
155.000000,93.500000,68.000000,73.000000
155.000000,93.500000,68.000000,73.000000
155.000000,93.500000,68.000000,73.000000
155.000000,93.500000,68.000000,73.000000
155.000000,93.500000,68.000000,73.000000
155.000000,93.500000,68.000000,73.000000
155.000000,93.500000,68.000000,73.000000
155.000000,93.500000,68.000000,73.000000
155.000000,93.500000,68.000000,73.000000
155.000000,93.500000,68.000000,73.000000
155.000000,93.500000,68.000000,73.000000
155.000000,93.500000,68.000000,73.000000
155.000000,93.500000,68.000000,73.000000
155.000000,93.500000,68.000000,73.000000
155.000000,93.500000,68.000000,73.000000
155.000000,93.500000,68.000000,73.000000
183.000000,93.500000,68.000000,73.000000
183.000000,93.500000,68.000000,73.000000
183.000000,93.500000,68.000000,73.000000
183.000000,93.500000,68.000000,73.000000
183.000000,93.500000,68.000000,73.000000
183.000000,93.500000,68.000000,73.000000
183.000000,93.500000,68.000000,73.000000
183.000000,93.500000,68.000000,73.000000
183.000000,93.500000,68.000000,73.000000
183.000000,93.500000,68.000000,73.000000
183.000000,93.500000,68.000000,73.000000
183.000000,93.500000,68.000000,73.000000
183.000000,93.500000,68.000000,73.000000
183.000000,93.500000,68.000000,73.000000
183.000000,93.500000,68.000000,73.000000
183.000000,93.500000,68.000000,73.000000
183.000000,93.500000,68.000000,73.000000
183.000000,93.500000,68.000000,73.000000
183.000000,93.500000,68.000000,73.000000
183.000000,93.500000,68.000000,73.000000
183.000000,93.500000,68.000000,73.000000
183.000000,93.500000,68.000000,73.000000
183.000000,93.500000,68.000000,73.000000
183.000000,93.500000,68.000000,73.000000
183.000000,93.500000,68.000000,73.000000
183.000000,93.500000,68.000000,73.000000
183.000000,93.500000,68.000000,73.000000
183.000000,93.500000,68.000000,73.000000
183.000000,93.500000,68.000000,73.000000
183.000000,93.500000,68.000000,73.000000
183.000000,93.500000,68.000000,73.000000
183.000000,93.500000,68.000000,73.000000
183.000000,93.500000,68.000000,73.000000
183.000000,93.500000,68.000000,73.000000
183.000000,93.500000,68.000000,73.000000
183.000000,93.500000,68.000000,73.000000
189.000000,62.500000,68.000000,73.000000
189.000000,62.500000,68.000000,73.000000
189.000000,62.500000,68.000000,73.000000
189.000000,62.500000,68.000000,73.000000
189.000000,62.500000,68.000000,73.000000
189.000000,62.500000,68.000000,73.000000
210.000000,96.500000,68.000000,73.000000
210.000000,96.500000,68.000000,73.000000
210.000000,96.500000,68.000000,73.000000
210.000000,96.500000,68.000000,73.000000
210.000000,96.500000,68.000000,73.000000
210.000000,96.500000,68.000000,73.000000
210.000000,96.500000,68.000000,73.000000
210.000000,96.500000,68.000000,73.000000
210.000000,96.500000,68.000000,73.000000
210.000000,96.500000,68.000000,73.000000
210.000000,96.500000,68.000000,73.000000
210.000000,96.500000,68.000000,73.000000
210.000000,96.500000,68.000000,73.000000
210.000000,96.500000,68.000000,73.000000
210.000000,96.500000,68.000000,73.000000
210.000000,96.500000,68.000000,73.000000
210.000000,96.500000,68.000000,73.000000
210.000000,96.500000,68.000000,73.000000
210.000000,96.500000,68.000000,73.000000
210.000000,96.500000,68.000000,73.000000
210.000000,96.500000,68.000000,73.000000
210.000000,96.500000,68.000000,73.000000
210.000000,96.500000,68.000000,73.000000
210.000000,96.500000,68.000000,73.000000
198.000000,50.500000,68.000000,73.000000
198.000000,50.500000,68.000000,73.000000
198.000000,50.500000,68.000000,73.000000
211.000000,79.500000,68.000000,73.000000
211.000000,79.500000,68.000000,73.000000
211.000000,79.500000,68.000000,73.000000
211.000000,79.500000,68.000000,73.000000
211.000000,79.500000,68.000000,73.000000
236.000000,79.500000,68.000000,73.000000
236.000000,79.500000,68.000000,73.000000
236.000000,79.500000,68.000000,73.000000
236.000000,79.500000,68.000000,73.000000
236.000000,79.500000,68.000000,73.000000
236.000000,79.500000,68.000000,73.000000
236.000000,79.500000,68.000000,73.000000
236.000000,79.500000,68.000000,73.000000
236.000000,79.500000,68.000000,73.000000
236.000000,79.500000,68.000000,73.000000
236.000000,79.500000,68.000000,73.000000
236.000000,79.500000,68.000000,73.000000
236.000000,79.500000,68.000000,73.000000
236.000000,79.500000,68.000000,73.000000
236.000000,79.500000,68.000000,73.000000
236.000000,79.500000,68.000000,73.000000
236.000000,79.500000,68.000000,73.000000
236.000000,79.500000,68.000000,73.000000
236.000000,79.500000,68.000000,73.000000
236.000000,79.500000,68.000000,73.000000
236.000000,79.500000,68.000000,73.000000
236.000000,79.500000,68.000000,73.000000
236.000000,79.500000,68.000000,73.000000
236.000000,79.500000,68.000000,73.000000
236.000000,79.500000,68.000000,73.000000
236.000000,79.500000,68.000000,73.000000
236.000000,79.500000,68.000000,73.000000
236.000000,79.500000,68.000000,73.000000
236.000000,79.500000,68.000000,73.000000
236.000000,79.500000,68.000000,73.000000
236.000000,79.500000,68.000000,73.000000
236.000000,79.500000,68.000000,73.000000
216.000000,99.500000,68.000000,73.000000
216.000000,99.500000,68.000000,73.000000
216.000000,99.500000,68.000000,73.000000
216.000000,99.500000,68.000000,73.000000
216.000000,99.500000,68.000000,73.000000
216.000000,99.500000,68.000000,73.000000
216.000000,99.500000,68.000000,73.000000
216.000000,99.500000,68.000000,73.000000
216.000000,99.500000,68.000000,73.000000
216.000000,99.500000,68.000000,73.000000
216.000000,99.500000,68.000000,73.000000
177.000000,102.500000,68.000000,73.000000
177.000000,102.500000,68.000000,73.000000
177.000000,102.500000,68.000000,73.000000
175.000000,51.500000,68.000000,73.000000
174.000000,83.500000,68.000000,73.000000
174.000000,83.500000,68.000000,73.000000
152.000000,52.500000,68.000000,73.000000
152.000000,52.500000,68.000000,73.000000
154.000000,80.500000,68.000000,73.000000
154.000000,80.500000,68.000000,73.000000
126.000000,63.500000,68.000000,73.000000
126.000000,63.500000,68.000000,73.000000
126.000000,63.500000,68.000000,73.000000
126.000000,63.500000,68.000000,73.000000
126.000000,63.500000,68.000000,73.000000
126.000000,63.500000,68.000000,73.000000
126.000000,63.500000,68.000000,73.000000
126.000000,63.500000,68.000000,73.000000
126.000000,63.500000,68.000000,73.000000
126.000000,63.500000,68.000000,73.000000
126.000000,63.500000,68.000000,73.000000
126.000000,63.500000,68.000000,73.000000
126.000000,63.500000,68.000000,73.000000
126.000000,63.500000,68.000000,73.000000
150.000000,49.500000,68.000000,73.000000
150.000000,49.500000,68.000000,73.000000
150.000000,49.500000,68.000000,73.000000
150.000000,49.500000,68.000000,73.000000
150.000000,49.500000,68.000000,73.000000
150.000000,49.500000,68.000000,73.000000
150.000000,49.500000,68.000000,73.000000
150.000000,49.500000,68.000000,73.000000
150.000000,49.500000,68.000000,73.000000
150.000000,49.500000,68.000000,73.000000
170.000000,74.500000,68.000000,73.000000
170.000000,74.500000,68.000000,73.000000
170.000000,74.500000,68.000000,73.000000
170.000000,74.500000,68.000000,73.000000
204.000000,105.500000,68.000000,73.000000
170.000000,99.500000,68.000000,73.000000
170.000000,99.500000,68.000000,73.000000
170.000000,99.500000,68.000000,73.000000
170.000000,99.500000,68.000000,73.000000
219.000000,105.500000,68.000000,73.000000
219.000000,105.500000,68.000000,73.000000
219.000000,105.500000,68.000000,73.000000
192.000000,112.500000,68.000000,73.000000
192.000000,112.500000,68.000000,73.000000
192.000000,112.500000,68.000000,73.000000
195.000000,84.500000,68.000000,73.000000
195.000000,84.500000,68.000000,73.000000
195.000000,84.500000,68.000000,73.000000
195.000000,84.500000,68.000000,73.000000
174.000000,75.500000,68.000000,73.000000
174.000000,75.500000,68.000000,73.000000
174.000000,75.500000,68.000000,73.000000
174.000000,75.500000,68.000000,73.000000
174.000000,75.500000,68.000000,73.000000
174.000000,75.500000,68.000000,73.000000
174.000000,75.500000,68.000000,73.000000
174.000000,75.500000,68.000000,73.000000
174.000000,75.500000,68.000000,73.000000
174.000000,75.500000,68.000000,73.000000
174.000000,75.500000,68.000000,73.000000
174.000000,75.500000,68.000000,73.000000
174.000000,75.500000,68.000000,73.000000
174.000000,75.500000,68.000000,73.000000
174.000000,75.500000,68.000000,73.000000
174.000000,75.500000,68.000000,73.000000
174.000000,75.500000,68.000000,73.000000
174.000000,75.500000,68.000000,73.000000
174.000000,75.500000,68.000000,73.000000
174.000000,75.500000,68.000000,73.000000
174.000000,75.500000,68.000000,73.000000
204.000000,85.500000,68.000000,73.000000
204.000000,85.500000,68.000000,73.000000
204.000000,85.500000,68.000000,73.000000
204.000000,85.500000,68.000000,73.000000
204.000000,85.500000,68.000000,73.000000
204.000000,85.500000,68.000000,73.000000
204.000000,85.500000,68.000000,73.000000
204.000000,85.500000,68.000000,73.000000
204.000000,85.500000,68.000000,73.000000
204.000000,85.500000,68.000000,73.000000
204.000000,85.500000,68.000000,73.000000
204.000000,85.500000,68.000000,73.000000
204.000000,85.500000,68.000000,73.000000
204.000000,85.500000,68.000000,73.000000
204.000000,85.500000,68.000000,73.000000
204.000000,85.500000,68.000000,73.000000
204.000000,85.500000,68.000000,73.000000
204.000000,85.500000,68.000000,73.000000
204.000000,85.500000,68.000000,73.000000
204.000000,85.500000,68.000000,73.000000
204.000000,85.500000,68.000000,73.000000
204.000000,85.500000,68.000000,73.000000
204.000000,85.500000,68.000000,73.000000
204.000000,85.500000,68.000000,73.000000
204.000000,85.500000,68.000000,73.000000
204.000000,85.500000,68.000000,73.000000
204.000000,85.500000,68.000000,73.000000
204.000000,85.500000,68.000000,73.000000
204.000000,85.500000,68.000000,73.000000
204.000000,85.500000,68.000000,73.000000
204.000000,85.500000,68.000000,73.000000
204.000000,85.500000,68.000000,73.000000
204.000000,85.500000,68.000000,73.000000
204.000000,85.500000,68.000000,73.000000
204.000000,85.500000,68.000000,73.000000
204.000000,85.500000,68.000000,73.000000
204.000000,85.500000,68.000000,73.000000
204.000000,85.500000,68.000000,73.000000
204.000000,85.500000,68.000000,73.000000
204.000000,85.500000,68.000000,73.000000
204.000000,85.500000,68.000000,73.000000
204.000000,85.500000,68.000000,73.000000
204.000000,85.500000,68.000000,73.000000
204.000000,85.500000,68.000000,73.000000
204.000000,85.500000,68.000000,73.000000
204.000000,85.500000,68.000000,73.000000
182.000000,94.500000,68.000000,73.000000
182.000000,94.500000,68.000000,73.000000
160.000000,88.500000,68.000000,73.000000
160.000000,88.500000,68.000000,73.000000
160.000000,88.500000,68.000000,73.000000
202.000000,99.500000,68.000000,73.000000
202.000000,99.500000,68.000000,73.000000
202.000000,99.500000,68.000000,73.000000
202.000000,99.500000,68.000000,73.000000
202.000000,99.500000,68.000000,73.000000
197.000000,74.500000,68.000000,73.000000
197.000000,74.500000,68.000000,73.000000
197.000000,74.500000,68.000000,73.000000
197.000000,74.500000,68.000000,73.000000
197.000000,74.500000,68.000000,73.000000
197.000000,74.500000,68.000000,73.000000
171.000000,86.500000,68.000000,73.000000
171.000000,86.500000,68.000000,73.000000
171.000000,86.500000,68.000000,73.000000
171.000000,86.500000,68.000000,73.000000
171.000000,86.500000,68.000000,73.000000
171.000000,86.500000,68.000000,73.000000
171.000000,86.500000,68.000000,73.000000
171.000000,86.500000,68.000000,73.000000
178.000000,57.500000,68.000000,73.000000
178.000000,57.500000,68.000000,73.000000
178.000000,57.500000,68.000000,73.000000
178.000000,57.500000,68.000000,73.000000
178.000000,57.500000,68.000000,73.000000
178.000000,82.500000,68.000000,73.000000
178.000000,82.500000,68.000000,73.000000
131.000000,76.500000,68.000000,73.000000
131.000000,76.500000,68.000000,73.000000
131.000000,76.500000,68.000000,73.000000
131.000000,76.500000,68.000000,73.000000
131.000000,76.500000,68.000000,73.000000
131.000000,76.500000,68.000000,73.000000
131.000000,76.500000,68.000000,73.000000
131.000000,76.500000,68.000000,73.000000
131.000000,76.500000,68.000000,73.000000
131.000000,76.500000,68.000000,73.000000
131.000000,76.500000,68.000000,73.000000
131.000000,76.500000,68.000000,73.000000
131.000000,76.500000,68.000000,73.000000
131.000000,76.500000,68.000000,73.000000
131.000000,76.500000,68.000000,73.000000
131.000000,76.500000,68.000000,73.000000
131.000000,76.500000,68.000000,73.000000
131.000000,76.500000,68.000000,73.000000
131.000000,37.500000,68.000000,73.000000
131.000000,37.500000,68.000000,73.000000
131.000000,37.500000,68.000000,73.000000
131.000000,37.500000,68.000000,73.000000
131.000000,37.500000,68.000000,73.000000
131.000000,37.500000,68.000000,73.000000
157.000000,81.500000,68.000000,73.000000
157.000000,81.500000,68.000000,73.000000
157.000000,81.500000,68.000000,73.000000
157.000000,81.500000,68.000000,73.000000
157.000000,81.500000,68.000000,73.000000
157.000000,81.500000,68.000000,73.000000
157.000000,81.500000,68.000000,73.000000
157.000000,81.500000,68.000000,73.000000
157.000000,81.500000,68.000000,73.000000
137.000000,53.500000,68.000000,73.000000
137.000000,53.500000,68.000000,73.000000
137.000000,53.500000,68.000000,73.000000
137.000000,53.500000,68.000000,73.000000
137.000000,53.500000,68.000000,73.000000
137.000000,53.500000,68.000000,73.000000
179.000000,58.500000,68.000000,73.000000
179.000000,58.500000,68.000000,73.000000
179.000000,58.500000,68.000000,73.000000
179.000000,58.500000,68.000000,73.000000
179.000000,58.500000,68.000000,73.000000
179.000000,58.500000,68.000000,73.000000
179.000000,58.500000,68.000000,73.000000
179.000000,58.500000,68.000000,73.000000
179.000000,58.500000,68.000000,73.000000
179.000000,58.500000,68.000000,73.000000
179.000000,58.500000,68.000000,73.000000
179.000000,58.500000,68.000000,73.000000
179.000000,58.500000,68.000000,73.000000
179.000000,58.500000,68.000000,73.000000
179.000000,58.500000,68.000000,73.000000
179.000000,58.500000,68.000000,73.000000
179.000000,58.500000,68.000000,73.000000
173.000000,83.500000,68.000000,73.000000
173.000000,83.500000,68.000000,73.000000
173.000000,83.500000,68.000000,73.000000
139.000000,78.500000,68.000000,73.000000
139.000000,78.500000,68.000000,73.000000
139.000000,78.500000,68.000000,73.000000
139.000000,78.500000,68.000000,73.000000
139.000000,78.500000,68.000000,73.000000
139.000000,78.500000,68.000000,73.000000
139.000000,78.500000,68.000000,73.000000
139.000000,78.500000,68.000000,73.000000
139.000000,78.500000,68.000000,73.000000
139.000000,78.500000,68.000000,73.000000
139.000000,78.500000,68.000000,73.000000
139.000000,78.500000,68.000000,73.000000
139.000000,78.500000,68.000000,73.000000
139.000000,78.500000,68.000000,73.000000
139.000000,78.500000,68.000000,73.000000
139.000000,78.500000,68.000000,73.000000
139.000000,78.500000,68.000000,73.000000
139.000000,78.500000,68.000000,73.000000
139.000000,78.500000,68.000000,73.000000
139.000000,78.500000,68.000000,73.000000
139.000000,78.500000,68.000000,73.000000
139.000000,78.500000,68.000000,73.000000
139.000000,78.500000,68.000000,73.000000
139.000000,78.500000,68.000000,73.000000
139.000000,78.500000,68.000000,73.000000
139.000000,78.500000,68.000000,73.000000
139.000000,78.500000,68.000000,73.000000
139.000000,78.500000,68.000000,73.000000
139.000000,78.500000,68.000000,73.000000
139.000000,78.500000,68.000000,73.000000
139.000000,78.500000,68.000000,73.000000
139.000000,78.500000,68.000000,73.000000
139.000000,78.500000,68.000000,73.000000
139.000000,78.500000,68.000000,73.000000
139.000000,78.500000,68.000000,73.000000
139.000000,78.500000,68.000000,73.000000
139.000000,78.500000,68.000000,73.000000
139.000000,78.500000,68.000000,73.000000
139.000000,78.500000,68.000000,73.000000
139.000000,78.500000,68.000000,73.000000
139.000000,78.500000,68.000000,73.000000
139.000000,78.500000,68.000000,73.000000
139.000000,78.500000,68.000000,73.000000
139.000000,78.500000,68.000000,73.000000
139.000000,78.500000,68.000000,73.000000
139.000000,78.500000,68.000000,73.000000
