1
145.000000,77.000000,68.000000,73.000000
145.000000,77.000000,68.000000,73.000000
145.000000,77.000000,68.000000,73.000000
145.000000,77.000000,68.000000,73.000000
145.000000,77.000000,68.000000,73.000000
145.000000,77.000000,68.000000,73.000000
145.000000,77.000000,68.000000,73.000000
145.000000,77.000000,68.000000,73.000000
145.000000,77.000000,68.000000,73.000000
145.000000,77.000000,68.000000,73.000000
145.000000,77.000000,68.000000,73.000000
145.000000,77.000000,68.000000,73.000000
145.000000,77.000000,68.000000,73.000000
145.000000,77.000000,68.000000,73.000000
145.000000,77.000000,68.000000,73.000000
145.000000,77.000000,68.000000,73.000000
176.000000,90.500000,68.000000,73.000000
176.000000,90.500000,68.000000,73.000000
176.000000,90.500000,68.000000,73.000000
176.000000,90.500000,68.000000,73.000000
176.000000,90.500000,68.000000,73.000000
176.000000,90.500000,68.000000,73.000000
176.000000,90.500000,68.000000,73.000000
176.000000,90.500000,68.000000,73.000000
176.000000,90.500000,68.000000,73.000000
176.000000,90.500000,68.000000,73.000000
176.000000,90.500000,68.000000,73.000000
176.000000,90.500000,68.000000,73.000000
176.000000,90.500000,68.000000,73.000000
176.000000,90.500000,68.000000,73.000000
176.000000,90.500000,68.000000,73.000000
176.000000,90.500000,68.000000,73.000000
176.000000,90.500000,68.000000,73.000000
176.000000,90.500000,68.000000,73.000000
176.000000,90.500000,68.000000,73.000000
176.000000,90.500000,68.000000,73.000000
176.000000,90.500000,68.000000,73.000000
176.000000,90.500000,68.000000,73.000000
176.000000,90.500000,68.000000,73.000000
133.000000,84.500000,68.000000,73.000000
133.000000,84.500000,68.000000,73.000000
133.000000,84.500000,68.000000,73.000000
133.000000,84.500000,68.000000,73.000000
133.000000,84.500000,68.000000,73.000000
133.000000,84.500000,68.000000,73.000000
133.000000,84.500000,68.000000,73.000000
133.000000,84.500000,68.000000,73.000000
133.000000,84.500000,68.000000,73.000000
133.000000,84.500000,68.000000,73.000000
133.000000,84.500000,68.000000,73.000000
133.000000,84.500000,68.000000,73.000000
133.000000,84.500000,68.000000,73.000000
133.000000,84.500000,68.000000,73.000000
133.000000,84.500000,68.000000,73.000000
133.000000,84.500000,68.000000,73.000000
133.000000,84.500000,68.000000,73.000000
133.000000,84.500000,68.000000,73.000000
133.000000,84.500000,68.000000,73.000000
133.000000,84.500000,68.000000,73.000000
133.000000,84.500000,68.000000,73.000000
133.000000,84.500000,68.000000,73.000000
133.000000,84.500000,68.000000,73.000000
133.000000,84.500000,68.000000,73.000000
133.000000,84.500000,68.000000,73.000000
156.000000,83.500000,68.000000,73.000000
156.000000,83.500000,68.000000,73.000000
156.000000,83.500000,68.000000,73.000000
156.000000,83.500000,68.000000,73.000000
156.000000,83.500000,68.000000,73.000000
156.000000,83.500000,68.000000,73.000000
156.000000,83.500000,68.000000,73.000000
156.000000,83.500000,68.000000,73.000000
156.000000,83.500000,68.000000,73.000000
156.000000,83.500000,68.000000,73.000000
156.000000,83.500000,68.000000,73.000000
156.000000,83.500000,68.000000,73.000000
156.000000,83.500000,68.000000,73.000000
156.000000,83.500000,68.000000,73.000000
156.000000,83.500000,68.000000,73.000000
156.000000,83.500000,68.000000,73.000000
156.000000,83.500000,68.000000,73.000000
156.000000,83.500000,68.000000,73.000000
156.000000,83.500000,68.000000,73.000000
156.000000,83.500000,68.000000,73.000000
156.000000,83.500000,68.000000,73.000000
156.000000,83.500000,68.000000,73.000000
156.000000,83.500000,68.000000,73.000000
156.000000,83.500000,68.000000,73.000000
156.000000,83.500000,68.000000,73.000000
156.000000,83.500000,68.000000,73.000000
156.000000,83.500000,68.000000,73.000000
156.000000,83.500000,68.000000,73.000000
156.000000,83.500000,68.000000,73.000000
156.000000,83.500000,68.000000,73.000000
156.000000,83.500000,68.000000,73.000000
156.000000,83.500000,68.000000,73.000000
156.000000,83.500000,68.000000,73.000000
156.000000,83.500000,68.000000,73.000000
156.000000,83.500000,68.000000,73.000000
156.000000,83.500000,68.000000,73.000000
156.000000,83.500000,68.000000,73.000000
156.000000,83.500000,68.000000,73.000000
156.000000,83.500000,68.000000,73.000000
156.000000,83.500000,68.000000,73.000000
156.000000,83.500000,68.000000,73.000000
156.000000,83.500000,68.000000,73.000000
156.000000,83.500000,68.000000,73.000000
156.000000,83.500000,68.000000,73.000000
156.000000,83.500000,68.000000,73.000000
156.000000,83.500000,68.000000,73.000000
156.000000,83.500000,68.000000,73.000000
156.000000,83.500000,68.000000,73.000000
156.000000,83.500000,68.000000,73.000000
156.000000,83.500000,68.000000,73.000000
156.000000,83.500000,68.000000,73.000000
156.000000,83.500000,68.000000,73.000000
156.000000,83.500000,68.000000,73.000000
156.000000,83.500000,68.000000,73.000000
156.000000,83.500000,68.000000,73.000000
156.000000,83.500000,68.000000,73.000000
156.000000,83.500000,68.000000,73.000000
156.000000,83.500000,68.000000,73.000000
156.000000,83.500000,68.000000,73.000000
189.000000,97.500000,68.000000,73.000000
189.000000,97.500000,68.000000,73.000000
189.000000,97.500000,68.000000,73.000000
189.000000,97.500000,68.000000,73.000000
189.000000,97.500000,68.000000,73.000000
189.000000,97.500000,68.000000,73.000000
189.000000,97.500000,68.000000,73.000000
189.000000,97.500000,68.000000,73.000000
189.000000,97.500000,68.000000,73.000000
189.000000,97.500000,68.000000,73.000000
154.000000,86.500000,68.000000,73.000000
154.000000,86.500000,68.000000,73.000000
154.000000,86.500000,68.000000,73.000000
154.000000,86.500000,68.000000,73.000000
154.000000,86.500000,68.000000,73.000000
154.000000,86.500000,68.000000,73.000000
154.000000,86.500000,68.000000,73.000000
154.000000,86.500000,68.000000,73.000000
154.000000,86.500000,68.000000,73.000000
154.000000,86.500000,68.000000,73.000000
154.000000,86.500000,68.000000,73.000000
154.000000,86.500000,68.000000,73.000000
154.000000,86.500000,68.000000,73.000000
154.000000,86.500000,68.000000,73.000000
154.000000,86.500000,68.000000,73.000000
154.000000,86.500000,68.000000,73.000000
154.000000,86.500000,68.000000,73.000000
154.000000,86.500000,68.000000,73.000000
154.000000,86.500000,68.000000,73.000000
154.000000,86.500000,68.000000,73.000000
154.000000,86.500000,68.000000,73.000000
154.000000,86.500000,68.000000,73.000000
154.000000,86.500000,68.000000,73.000000
154.000000,86.500000,68.000000,73.000000
154.000000,86.500000,68.000000,73.000000
154.000000,86.500000,68.000000,73.000000
154.000000,86.500000,68.000000,73.000000
154.000000,86.500000,68.000000,73.000000
154.000000,86.500000,68.000000,73.000000
154.000000,86.500000,68.000000,73.000000
154.000000,86.500000,68.000000,73.000000
154.000000,86.500000,68.000000,73.000000
154.000000,86.500000,68.000000,73.000000
154.000000,86.500000,68.000000,73.000000
154.000000,86.500000,68.000000,73.000000
154.000000,86.500000,68.000000,73.000000
154.000000,86.500000,68.000000,73.000000
154.000000,86.500000,68.000000,73.000000
154.000000,86.500000,68.000000,73.000000
154.000000,86.500000,68.000000,73.000000
154.000000,86.500000,68.000000,73.000000
154.000000,86.500000,68.000000,73.000000
154.000000,86.500000,68.000000,73.000000
154.000000,86.500000,68.000000,73.000000
154.000000,86.500000,68.000000,73.000000
154.000000,86.500000,68.000000,73.000000
154.000000,86.500000,68.000000,73.000000
154.000000,86.500000,68.000000,73.000000
154.000000,86.500000,68.000000,73.000000
154.000000,86.500000,68.000000,73.000000
154.000000,86.500000,68.000000,73.000000
154.000000,86.500000,68.000000,73.000000
154.000000,86.500000,68.000000,73.000000
154.000000,86.500000,68.000000,73.000000
154.000000,86.500000,68.000000,73.000000
154.000000,86.500000,68.000000,73.000000
154.000000,86.500000,68.000000,73.000000
154.000000,86.500000,68.000000,73.000000
154.000000,86.500000,68.000000,73.000000
154.000000,86.500000,68.000000,73.000000
154.000000,86.500000,68.000000,73.000000
181.000000,82.500000,68.000000,73.000000
181.000000,82.500000,68.000000,73.000000
181.000000,82.500000,68.000000,73.000000
181.000000,82.500000,68.000000,73.000000
181.000000,82.500000,68.000000,73.000000
181.000000,82.500000,68.000000,73.000000
181.000000,82.500000,68.000000,73.000000
181.000000,82.500000,68.000000,73.000000
181.000000,82.500000,68.000000,73.000000
181.000000,82.500000,68.000000,73.000000
181.000000,82.500000,68.000000,73.000000
181.000000,82.500000,68.000000,73.000000
181.000000,82.500000,68.000000,73.000000
181.000000,82.500000,68.000000,73.000000
181.000000,82.500000,68.000000,73.000000
181.000000,82.500000,68.000000,73.000000
181.000000,82.500000,68.000000,73.000000
181.000000,82.500000,68.000000,73.000000
181.000000,82.500000,68.000000,73.000000
181.000000,82.500000,68.000000,73.000000
181.000000,82.500000,68.000000,73.000000
181.000000,82.500000,68.000000,73.000000
181.000000,82.500000,68.000000,73.000000
181.000000,82.500000,68.000000,73.000000
181.000000,82.500000,68.000000,73.000000
181.000000,82.500000,68.000000,73.000000
181.000000,82.500000,68.000000,73.000000
181.000000,82.500000,68.000000,73.000000
181.000000,82.500000,68.000000,73.000000
181.000000,82.500000,68.000000,73.000000
181.000000,82.500000,68.000000,73.000000
181.000000,82.500000,68.000000,73.000000
181.000000,82.500000,68.000000,73.000000
181.000000,82.500000,68.000000,73.000000
181.000000,82.500000,68.000000,73.000000
181.000000,82.500000,68.000000,73.000000
181.000000,82.500000,68.000000,73.000000
181.000000,82.500000,68.000000,73.000000
181.000000,82.500000,68.000000,73.000000
181.000000,82.500000,68.000000,73.000000
181.000000,82.500000,68.000000,73.000000
181.000000,82.500000,68.000000,73.000000
215.000000,61.500000,68.000000,73.000000
215.000000,61.500000,68.000000,73.000000
215.000000,61.500000,68.000000,73.000000
215.000000,61.500000,68.000000,73.000000
215.000000,61.500000,68.000000,73.000000
215.000000,61.500000,68.000000,73.000000
215.000000,61.500000,68.000000,73.000000
215.000000,61.500000,68.000000,73.000000
215.000000,61.500000,68.000000,73.000000
240.000000,76.500000,68.000000,73.000000
240.000000,76.500000,68.000000,73.000000
240.000000,76.500000,68.000000,73.000000
240.000000,76.500000,68.000000,73.000000
206.000000,84.500000,68.000000,73.000000
206.000000,84.500000,68.000000,73.000000
206.000000,84.500000,68.000000,73.000000
206.000000,84.500000,68.000000,73.000000
206.000000,84.500000,68.000000,73.000000
206.000000,84.500000,68.000000,73.000000
206.000000,84.500000,68.000000,73.000000
206.000000,84.500000,68.000000,73.000000
206.000000,84.500000,68.000000,73.000000
206.000000,84.500000,68.000000,73.000000
206.000000,84.500000,68.000000,73.000000
206.000000,84.500000,68.000000,73.000000
206.000000,84.500000,68.000000,73.000000
206.000000,84.500000,68.000000,73.000000
206.000000,84.500000,68.000000,73.000000
216.000000,59.500000,68.000000,73.000000
216.000000,59.500000,68.000000,73.000000
216.000000,59.500000,68.000000,73.000000
224.000000,88.500000,68.000000,73.000000
224.000000,88.500000,68.000000,73.000000
224.000000,88.500000,68.000000,73.000000
224.000000,88.500000,68.000000,73.000000
224.000000,88.500000,68.000000,73.000000
224.000000,88.500000,68.000000,73.000000
224.000000,88.500000,68.000000,73.000000
226.000000,69.500000,68.000000,73.000000
226.000000,69.500000,68.000000,73.000000
226.000000,69.500000,68.000000,73.000000
226.000000,69.500000,68.000000,73.000000
226.000000,69.500000,68.000000,73.000000
226.000000,69.500000,68.000000,73.000000
226.000000,69.500000,68.000000,73.000000
226.000000,69.500000,68.000000,73.000000
226.000000,69.500000,68.000000,73.000000
226.000000,69.500000,68.000000,73.000000
226.000000,69.500000,68.000000,73.000000
226.000000,69.500000,68.000000,73.000000
226.000000,69.500000,68.000000,73.000000
226.000000,69.500000,68.000000,73.000000
226.000000,69.500000,68.000000,73.000000
226.000000,69.500000,68.000000,73.000000
226.000000,69.500000,68.000000,73.000000
226.000000,69.500000,68.000000,73.000000
226.000000,69.500000,68.000000,73.000000
226.000000,69.500000,68.000000,73.000000
226.000000,69.500000,68.000000,73.000000
231.000000,49.500000,68.000000,73.000000
231.000000,49.500000,68.000000,73.000000
231.000000,49.500000,68.000000,73.000000
231.000000,49.500000,68.000000,73.000000
231.000000,49.500000,68.000000,73.000000
231.000000,49.500000,68.000000,73.000000
231.000000,49.500000,68.000000,73.000000
231.000000,49.500000,68.000000,73.000000
249.000000,78.500000,68.000000,73.000000
249.000000,78.500000,68.000000,73.000000
226.000000,94.500000,68.000000,73.000000
226.000000,94.500000,68.000000,73.000000
226.000000,94.500000,68.000000,73.000000
226.000000,94.500000,68.000000,73.000000
226.000000,94.500000,68.000000,73.000000
226.000000,94.500000,68.000000,73.000000
202.000000,97.500000,68.000000,73.000000
202.000000,97.500000,68.000000,73.000000
202.000000,97.500000,68.000000,73.000000
174.000000,103.500000,68.000000,73.000000
174.000000,103.500000,68.000000,73.000000
174.000000,103.500000,68.000000,73.000000
162.000000,82.500000,68.000000,73.000000
162.000000,82.500000,68.000000,73.000000
139.000000,78.500000,68.000000,73.000000
139.000000,78.500000,68.000000,73.000000
139.000000,78.500000,68.000000,73.000000
107.000000,62.500000,68.000000,73.000000
107.000000,62.500000,68.000000,73.000000
107.000000,62.500000,68.000000,73.000000
107.000000,62.500000,68.000000,73.000000
107.000000,62.500000,68.000000,73.000000
107.000000,62.500000,68.000000,73.000000
107.000000,62.500000,68.000000,73.000000
107.000000,62.500000,68.000000,73.000000
107.000000,62.500000,68.000000,73.000000
141.000000,99.500000,68.000000,73.000000
141.000000,99.500000,68.000000,73.000000
168.000000,95.500000,68.000000,73.000000
168.000000,95.500000,68.000000,73.000000
168.000000,95.500000,68.000000,73.000000
168.000000,95.500000,68.000000,73.000000
168.000000,95.500000,68.000000,73.000000
168.000000,95.500000,68.000000,73.000000
168.000000,95.500000,68.000000,73.000000
168.000000,95.500000,68.000000,73.000000
168.000000,95.500000,68.000000,73.000000
168.000000,95.500000,68.000000,73.000000
168.000000,95.500000,68.000000,73.000000
168.000000,95.500000,68.000000,73.000000
168.000000,95.500000,68.000000,73.000000
168.000000,95.500000,68.000000,73.000000
168.000000,95.500000,68.000000,73.000000
168.000000,95.500000,68.000000,73.000000
168.000000,95.500000,68.000000,73.000000
168.000000,95.500000,68.000000,73.000000
168.000000,95.500000,68.000000,73.000000
168.000000,95.500000,68.000000,73.000000
208.000000,100.500000,68.000000,73.000000
182.000000,97.500000,68.000000,73.000000
182.000000,97.500000,68.000000,73.000000
182.000000,97.500000,68.000000,73.000000
182.000000,97.500000,68.000000,73.000000
182.000000,97.500000,68.000000,73.000000
182.000000,97.500000,68.000000,73.000000
182.000000,97.500000,68.000000,73.000000
182.000000,97.500000,68.000000,73.000000
182.000000,97.500000,68.000000,73.000000
182.000000,97.500000,68.000000,73.000000
182.000000,97.500000,68.000000,73.000000
182.000000,97.500000,68.000000,73.000000
182.000000,97.500000,68.000000,73.000000
176.000000,65.500000,68.000000,73.000000
176.000000,65.500000,68.000000,73.000000
176.000000,65.500000,68.000000,73.000000
176.000000,65.500000,68.000000,73.000000
176.000000,65.500000,68.000000,73.000000
176.000000,65.500000,68.000000,73.000000
176.000000,65.500000,68.000000,73.000000
176.000000,65.500000,68.000000,73.000000
176.000000,65.500000,68.000000,73.000000
176.000000,65.500000,68.000000,73.000000
176.000000,65.500000,68.000000,73.000000
176.000000,65.500000,68.000000,73.000000
176.000000,65.500000,68.000000,73.000000
176.000000,65.500000,68.000000,73.000000
176.000000,65.500000,68.000000,73.000000
176.000000,65.500000,68.000000,73.000000
188.000000,91.500000,68.000000,73.000000
188.000000,91.500000,68.000000,73.000000
188.000000,91.500000,68.000000,73.000000
188.000000,91.500000,68.000000,73.000000
188.000000,91.500000,68.000000,73.000000
188.000000,91.500000,68.000000,73.000000
188.000000,91.500000,68.000000,73.000000
188.000000,91.500000,68.000000,73.000000
188.000000,91.500000,68.000000,73.000000
188.000000,91.500000,68.000000,73.000000
188.000000,91.500000,68.000000,73.000000
188.000000,91.500000,68.000000,73.000000
188.000000,91.500000,68.000000,73.000000
188.000000,91.500000,68.000000,73.000000
188.000000,91.500000,68.000000,73.000000
188.000000,91.500000,68.000000,73.000000
188.000000,91.500000,68.000000,73.000000
188.000000,91.500000,68.000000,73.000000
188.000000,91.500000,68.000000,73.000000
188.000000,91.500000,68.000000,73.000000
188.000000,91.500000,68.000000,73.000000
188.000000,91.500000,68.000000,73.000000
188.000000,91.500000,68.000000,73.000000
188.000000,91.500000,68.000000,73.000000
188.000000,91.500000,68.000000,73.000000
188.000000,91.500000,68.000000,73.000000
188.000000,91.500000,68.000000,73.000000
188.000000,91.500000,68.000000,73.000000
188.000000,91.500000,68.000000,73.000000
188.000000,91.500000,68.000000,73.000000
188.000000,91.500000,68.000000,73.000000
188.000000,91.500000,68.000000,73.000000
188.000000,91.500000,68.000000,73.000000
188.000000,91.500000,68.000000,73.000000
188.000000,91.500000,68.000000,73.000000
188.000000,91.500000,68.000000,73.000000
188.000000,91.500000,68.000000,73.000000
188.000000,91.500000,68.000000,73.000000
188.000000,91.500000,68.000000,73.000000
188.000000,91.500000,68.000000,73.000000
218.000000,91.500000,68.000000,73.000000
218.000000,91.500000,68.000000,73.000000
218.000000,91.500000,68.000000,73.000000
218.000000,91.500000,68.000000,73.000000
218.000000,91.500000,68.000000,73.000000
193.000000,106.500000,68.000000,73.000000
193.000000,106.500000,68.000000,73.000000
193.000000,106.500000,68.000000,73.000000
165.000000,87.500000,68.000000,73.000000
165.000000,87.500000,68.000000,73.000000
165.000000,87.500000,68.000000,73.000000
165.000000,87.500000,68.000000,73.000000
165.000000,87.500000,68.000000,73.000000
165.000000,87.500000,68.000000,73.000000
165.000000,87.500000,68.000000,73.000000
193.000000,86.500000,68.000000,73.000000
193.000000,86.500000,68.000000,73.000000
193.000000,86.500000,68.000000,73.000000
193.000000,86.500000,68.000000,73.000000
193.000000,86.500000,68.000000,73.000000
193.000000,86.500000,68.000000,73.000000
164.000000,85.500000,68.000000,73.000000
164.000000,85.500000,68.000000,73.000000
164.000000,85.500000,68.000000,73.000000
164.000000,85.500000,68.000000,73.000000
164.000000,85.500000,68.000000,73.000000
164.000000,85.500000,68.000000,73.000000
164.000000,85.500000,68.000000,73.000000
164.000000,85.500000,68.000000,73.000000
164.000000,85.500000,68.000000,73.000000
164.000000,85.500000,68.000000,73.000000
164.000000,85.500000,68.000000,73.000000
164.000000,85.500000,68.000000,73.000000
164.000000,85.500000,68.000000,73.000000
164.000000,85.500000,68.000000,73.000000
164.000000,85.500000,68.000000,73.000000
164.000000,85.500000,68.000000,73.000000
164.000000,85.500000,68.000000,73.000000
164.000000,85.500000,68.000000,73.000000
164.000000,85.500000,68.000000,73.000000
164.000000,85.500000,68.000000,73.000000
164.000000,85.500000,68.000000,73.000000
125.000000,64.500000,68.000000,73.000000
125.000000,64.500000,68.000000,73.000000
125.000000,64.500000,68.000000,73.000000
125.000000,64.500000,68.000000,73.000000
125.000000,64.500000,68.000000,73.000000
125.000000,64.500000,68.000000,73.000000
125.000000,64.500000,68.000000,73.000000
125.000000,64.500000,68.000000,73.000000
125.000000,64.500000,68.000000,73.000000
125.000000,64.500000,68.000000,73.000000
125.000000,64.500000,68.000000,73.000000
125.000000,64.500000,68.000000,73.000000
125.000000,64.500000,68.000000,73.000000
125.000000,64.500000,68.000000,73.000000
129.000000,35.500000,68.000000,73.000000
129.000000,35.500000,68.000000,73.000000
129.000000,35.500000,68.000000,73.000000
129.000000,35.500000,68.000000,73.000000
129.000000,35.500000,68.000000,73.000000
129.000000,35.500000,68.000000,73.000000
129.000000,35.500000,68.000000,73.000000
129.000000,35.500000,68.000000,73.000000
162.000000,82.500000,68.000000,73.000000
162.000000,82.500000,68.000000,73.000000
162.000000,82.500000,68.000000,73.000000
162.000000,82.500000,68.000000,73.000000
162.000000,82.500000,68.000000,73.000000
162.000000,82.500000,68.000000,73.000000
162.000000,82.500000,68.000000,73.000000
162.000000,82.500000,68.000000,73.000000
162.000000,82.500000,68.000000,73.000000
162.000000,82.500000,68.000000,73.000000
162.000000,82.500000,68.000000,73.000000
162.000000,82.500000,68.000000,73.000000
162.000000,82.500000,68.000000,73.000000
130.000000,59.500000,68.000000,73.000000
130.000000,59.500000,68.000000,73.000000
130.000000,59.500000,68.000000,73.000000
130.000000,59.500000,68.000000,73.000000
130.000000,59.500000,68.000000,73.000000
170.000000,74.500000,68.000000,73.000000
170.000000,74.500000,68.000000,73.000000
170.000000,74.500000,68.000000,73.000000
170.000000,74.500000,68.000000,73.000000
170.000000,74.500000,68.000000,73.000000
170.000000,74.500000,68.000000,73.000000
170.000000,74.500000,68.000000,73.000000
170.000000,74.500000,68.000000,73.000000
170.000000,74.500000,68.000000,73.000000
170.000000,74.500000,68.000000,73.000000
170.000000,74.500000,68.000000,73.000000
170.000000,74.500000,68.000000,73.000000
170.000000,74.500000,68.000000,73.000000
170.000000,74.500000,68.000000,73.000000
170.000000,74.500000,68.000000,73.000000
170.000000,74.500000,68.000000,73.000000
134.000000,96.500000,68.000000,73.000000
134.000000,96.500000,68.000000,73.000000
134.000000,96.500000,68.000000,73.000000
134.000000,96.500000,68.000000,73.000000
112.000000,66.500000,68.000000,73.000000
112.000000,66.500000,68.000000,73.000000
112.000000,66.500000,68.000000,73.000000
112.000000,66.500000,68.000000,73.000000
112.000000,66.500000,68.000000,73.000000
112.000000,66.500000,68.000000,73.000000
112.000000,66.500000,68.000000,73.000000
112.000000,66.500000,68.000000,73.000000
112.000000,66.500000,68.000000,73.000000
112.000000,66.500000,68.000000,73.000000
112.000000,66.500000,68.000000,73.000000
112.000000,66.500000,68.000000,73.000000
138.000000,63.500000,68.000000,73.000000
138.000000,63.500000,68.000000,73.000000
138.000000,63.500000,68.000000,73.000000
138.000000,63.500000,68.000000,73.000000
138.000000,63.500000,68.000000,73.000000
138.000000,63.500000,68.000000,73.000000
138.000000,63.500000,68.000000,73.000000
119.000000,100.500000,68.000000,73.000000
119.000000,100.500000,68.000000,73.000000
119.000000,100.500000,68.000000,73.000000
119.000000,100.500000,68.000000,73.000000
119.000000,100.500000,68.000000,73.000000
119.000000,100.500000,68.000000,73.000000
119.000000,100.500000,68.000000,73.000000
119.000000,100.500000,68.000000,73.000000
119.000000,100.500000,68.000000,73.000000
119.000000,100.500000,68.000000,73.000000
119.000000,100.500000,68.000000,73.000000
119.000000,100.500000,68.000000,73.000000
119.000000,100.500000,68.000000,73.000000
119.000000,100.500000,68.000000,73.000000
119.000000,100.500000,68.000000,73.000000
119.000000,100.500000,68.000000,73.000000
119.000000,100.500000,68.000000,73.000000
119.000000,100.500000,68.000000,73.000000
119.000000,100.500000,68.000000,73.000000
119.000000,100.500000,68.000000,73.000000
119.000000,100.500000,68.000000,73.000000
119.000000,100.500000,68.000000,73.000000
119.000000,100.500000,68.000000,73.000000
2
