1
145.000000,77.000000,68.000000,73.000000
145.000000,77.000000,68.000000,73.000000
145.000000,77.000000,68.000000,73.000000
145.000000,77.000000,68.000000,73.000000
145.000000,77.000000,68.000000,73.000000
145.000000,77.000000,68.000000,73.000000
145.000000,77.000000,68.000000,73.000000
145.000000,77.000000,68.000000,73.000000
145.000000,77.000000,68.000000,73.000000
145.000000,77.000000,68.000000,73.000000
145.000000,77.000000,68.000000,73.000000
145.000000,77.000000,68.000000,73.000000
145.000000,77.000000,68.000000,73.000000
145.000000,77.000000,68.000000,73.000000
145.000000,77.000000,68.000000,73.000000
145.000000,77.000000,68.000000,73.000000
167.000000,103.500000,68.000000,73.000000
167.000000,103.500000,68.000000,73.000000
167.000000,103.500000,68.000000,73.000000
167.000000,103.500000,68.000000,73.000000
167.000000,103.500000,68.000000,73.000000
167.000000,103.500000,68.000000,73.000000
167.000000,103.500000,68.000000,73.000000
167.000000,103.500000,68.000000,73.000000
167.000000,103.500000,68.000000,73.000000
167.000000,103.500000,68.000000,73.000000
167.000000,103.500000,68.000000,73.000000
167.000000,103.500000,68.000000,73.000000
167.000000,103.500000,68.000000,73.000000
167.000000,103.500000,68.000000,73.000000
167.000000,103.500000,68.000000,73.000000
167.000000,103.500000,68.000000,73.000000
167.000000,103.500000,68.000000,73.000000
167.000000,103.500000,68.000000,73.000000
167.000000,103.500000,68.000000,73.000000
183.000000,76.500000,68.000000,73.000000
164.000000,84.500000,68.000000,73.000000
164.000000,84.500000,68.000000,73.000000
164.000000,84.500000,68.000000,73.000000
164.000000,84.500000,68.000000,73.000000
164.000000,84.500000,68.000000,73.000000
164.000000,84.500000,68.000000,73.000000
164.000000,84.500000,68.000000,73.000000
164.000000,84.500000,68.000000,73.000000
138.000000,76.500000,68.000000,73.000000
138.000000,76.500000,68.000000,73.000000
138.000000,76.500000,68.000000,73.000000
138.000000,76.500000,68.000000,73.000000
138.000000,76.500000,68.000000,73.000000
138.000000,76.500000,68.000000,73.000000
138.000000,76.500000,68.000000,73.000000
138.000000,76.500000,68.000000,73.000000
138.000000,76.500000,68.000000,73.000000
138.000000,76.500000,68.000000,73.000000
138.000000,76.500000,68.000000,73.000000
138.000000,76.500000,68.000000,73.000000
138.000000,76.500000,68.000000,73.000000
138.000000,76.500000,68.000000,73.000000
130.000000,99.500000,68.000000,73.000000
130.000000,99.500000,68.000000,73.000000
130.000000,99.500000,68.000000,73.000000
130.000000,99.500000,68.000000,73.000000
130.000000,99.500000,68.000000,73.000000
130.000000,99.500000,68.000000,73.000000
130.000000,99.500000,68.000000,73.000000
163.000000,81.500000,68.000000,73.000000
163.000000,81.500000,68.000000,73.000000
163.000000,81.500000,68.000000,73.000000
163.000000,81.500000,68.000000,73.000000
163.000000,81.500000,68.000000,73.000000
163.000000,81.500000,68.000000,73.000000
163.000000,81.500000,68.000000,73.000000
163.000000,81.500000,68.000000,73.000000
163.000000,81.500000,68.000000,73.000000
163.000000,81.500000,68.000000,73.000000
163.000000,81.500000,68.000000,73.000000
163.000000,81.500000,68.000000,73.000000
163.000000,81.500000,68.000000,73.000000
163.000000,81.500000,68.000000,73.000000
163.000000,81.500000,68.000000,73.000000
163.000000,81.500000,68.000000,73.000000
163.000000,81.500000,68.000000,73.000000
163.000000,81.500000,68.000000,73.000000
163.000000,81.500000,68.000000,73.000000
163.000000,81.500000,68.000000,73.000000
163.000000,81.500000,68.000000,73.000000
163.000000,81.500000,68.000000,73.000000
163.000000,81.500000,68.000000,73.000000
163.000000,81.500000,68.000000,73.000000
163.000000,81.500000,68.000000,73.000000
163.000000,81.500000,68.000000,73.000000
163.000000,81.500000,68.000000,73.000000
163.000000,81.500000,68.000000,73.000000
163.000000,81.500000,68.000000,73.000000
163.000000,81.500000,68.000000,73.000000
163.000000,81.500000,68.000000,73.000000
163.000000,81.500000,68.000000,73.000000
163.000000,81.500000,68.000000,73.000000
163.000000,81.500000,68.000000,73.000000
163.000000,81.500000,68.000000,73.000000
163.000000,81.500000,68.000000,73.000000
163.000000,81.500000,68.000000,73.000000
163.000000,81.500000,68.000000,73.000000
163.000000,81.500000,68.000000,73.000000
163.000000,81.500000,68.000000,73.000000
163.000000,81.500000,68.000000,73.000000
163.000000,81.500000,68.000000,73.000000
163.000000,81.500000,68.000000,73.000000
163.000000,81.500000,68.000000,73.000000
163.000000,81.500000,68.000000,73.000000
163.000000,81.500000,68.000000,73.000000
163.000000,81.500000,68.000000,73.000000
163.000000,81.500000,68.000000,73.000000
163.000000,81.500000,68.000000,73.000000
163.000000,81.500000,68.000000,73.000000
163.000000,81.500000,68.000000,73.000000
163.000000,81.500000,68.000000,73.000000
163.000000,81.500000,68.000000,73.000000
163.000000,81.500000,68.000000,73.000000
163.000000,81.500000,68.000000,73.000000
163.000000,81.500000,68.000000,73.000000
163.000000,81.500000,68.000000,73.000000
163.000000,81.500000,68.000000,73.000000
163.000000,81.500000,68.000000,73.000000
163.000000,81.500000,68.000000,73.000000
163.000000,81.500000,68.000000,73.000000
163.000000,81.500000,68.000000,73.000000
163.000000,81.500000,68.000000,73.000000
163.000000,81.500000,68.000000,73.000000
163.000000,81.500000,68.000000,73.000000
163.000000,81.500000,68.000000,73.000000
163.000000,81.500000,68.000000,73.000000
163.000000,81.500000,68.000000,73.000000
163.000000,81.500000,68.000000,73.000000
163.000000,81.500000,68.000000,73.000000
163.000000,81.500000,68.000000,73.000000
163.000000,81.500000,68.000000,73.000000
163.000000,81.500000,68.000000,73.000000
163.000000,81.500000,68.000000,73.000000
163.000000,81.500000,68.000000,73.000000
163.000000,81.500000,68.000000,73.000000
163.000000,81.500000,68.000000,73.000000
163.000000,81.500000,68.000000,73.000000
163.000000,81.500000,68.000000,73.000000
163.000000,81.500000,68.000000,73.000000
163.000000,81.500000,68.000000,73.000000
163.000000,81.500000,68.000000,73.000000
163.000000,81.500000,68.000000,73.000000
163.000000,81.500000,68.000000,73.000000
163.000000,81.500000,68.000000,73.000000
163.000000,81.500000,68.000000,73.000000
163.000000,81.500000,68.000000,73.000000
163.000000,81.500000,68.000000,73.000000
163.000000,81.500000,68.000000,73.000000
163.000000,81.500000,68.000000,73.000000
163.000000,81.500000,68.000000,73.000000
163.000000,81.500000,68.000000,73.000000
163.000000,81.500000,68.000000,73.000000
163.000000,81.500000,68.000000,73.000000
163.000000,81.500000,68.000000,73.000000
163.000000,81.500000,68.000000,73.000000
163.000000,81.500000,68.000000,73.000000
163.000000,81.500000,68.000000,73.000000
163.000000,81.500000,68.000000,73.000000
163.000000,81.500000,68.000000,73.000000
163.000000,81.500000,68.000000,73.000000
163.000000,81.500000,68.000000,73.000000
163.000000,81.500000,68.000000,73.000000
163.000000,81.500000,68.000000,73.000000
163.000000,81.500000,68.000000,73.000000
163.000000,81.500000,68.000000,73.000000
163.000000,81.500000,68.000000,73.000000
163.000000,81.500000,68.000000,73.000000
163.000000,81.500000,68.000000,73.000000
163.000000,81.500000,68.000000,73.000000
163.000000,81.500000,68.000000,73.000000
163.000000,81.500000,68.000000,73.000000
163.000000,81.500000,68.000000,73.000000
163.000000,81.500000,68.000000,73.000000
163.000000,81.500000,68.000000,73.000000
163.000000,81.500000,68.000000,73.000000
163.000000,81.500000,68.000000,73.000000
163.000000,81.500000,68.000000,73.000000
163.000000,81.500000,68.000000,73.000000
163.000000,81.500000,68.000000,73.000000
163.000000,81.500000,68.000000,73.000000
163.000000,81.500000,68.000000,73.000000
163.000000,81.500000,68.000000,73.000000
163.000000,81.500000,68.000000,73.000000
163.000000,81.500000,68.000000,73.000000
163.000000,81.500000,68.000000,73.000000
163.000000,81.500000,68.000000,73.000000
163.000000,81.500000,68.000000,73.000000
163.000000,81.500000,68.000000,73.000000
163.000000,81.500000,68.000000,73.000000
163.000000,81.500000,68.000000,73.000000
163.000000,81.500000,68.000000,73.000000
163.000000,81.500000,68.000000,73.000000
197.000000,73.500000,68.000000,73.000000
197.000000,73.500000,68.000000,73.000000
197.000000,73.500000,68.000000,73.000000
197.000000,73.500000,68.000000,73.000000
197.000000,73.500000,68.000000,73.000000
197.000000,73.500000,68.000000,73.000000
197.000000,73.500000,68.000000,73.000000
197.000000,73.500000,68.000000,73.000000
197.000000,73.500000,68.000000,73.000000
197.000000,73.500000,68.000000,73.000000
197.000000,73.500000,68.000000,73.000000
197.000000,73.500000,68.000000,73.000000
197.000000,73.500000,68.000000,73.000000
197.000000,73.500000,68.000000,73.000000
197.000000,73.500000,68.000000,73.000000
197.000000,73.500000,68.000000,73.000000
197.000000,73.500000,68.000000,73.000000
197.000000,73.500000,68.000000,73.000000
197.000000,73.500000,68.000000,73.000000
197.000000,73.500000,68.000000,73.000000
197.000000,73.500000,68.000000,73.000000
197.000000,73.500000,68.000000,73.000000
199.000000,99.500000,68.000000,73.000000
199.000000,99.500000,68.000000,73.000000
199.000000,99.500000,68.000000,73.000000
199.000000,99.500000,68.000000,73.000000
199.000000,99.500000,68.000000,73.000000
199.000000,99.500000,68.000000,73.000000
199.000000,99.500000,68.000000,73.000000
199.000000,99.500000,68.000000,73.000000
199.000000,99.500000,68.000000,73.000000
199.000000,99.500000,68.000000,73.000000
204.000000,69.500000,68.000000,73.000000
204.000000,69.500000,68.000000,73.000000
204.000000,69.500000,68.000000,73.000000
204.000000,69.500000,68.000000,73.000000
204.000000,69.500000,68.000000,73.000000
204.000000,69.500000,68.000000,73.000000
204.000000,69.500000,68.000000,73.000000
204.000000,69.500000,68.000000,73.000000
204.000000,69.500000,68.000000,73.000000
204.000000,69.500000,68.000000,73.000000
204.000000,69.500000,68.000000,73.000000
230.000000,92.500000,68.000000,73.000000
230.000000,92.500000,68.000000,73.000000
230.000000,92.500000,68.000000,73.000000
230.000000,92.500000,68.000000,73.000000
230.000000,92.500000,68.000000,73.000000
230.000000,92.500000,68.000000,73.000000
230.000000,92.500000,68.000000,73.000000
230.000000,92.500000,68.000000,73.000000
230.000000,92.500000,68.000000,73.000000
230.000000,92.500000,68.000000,73.000000
230.000000,92.500000,68.000000,73.000000
230.000000,92.500000,68.000000,73.000000
212.000000,68.500000,68.000000,73.000000
212.000000,68.500000,68.000000,73.000000
212.000000,68.500000,68.000000,73.000000
212.000000,68.500000,68.000000,73.000000
212.000000,68.500000,68.000000,73.000000
212.000000,68.500000,68.000000,73.000000
212.000000,68.500000,68.000000,73.000000
212.000000,68.500000,68.000000,73.000000
212.000000,68.500000,68.000000,73.000000
212.000000,68.500000,68.000000,73.000000
212.000000,68.500000,68.000000,73.000000
212.000000,68.500000,68.000000,73.000000
239.000000,74.500000,68.000000,73.000000
239.000000,74.500000,68.000000,73.000000
239.000000,74.500000,68.000000,73.000000
239.000000,74.500000,68.000000,73.000000
239.000000,74.500000,68.000000,73.000000
239.000000,74.500000,68.000000,73.000000
239.000000,74.500000,68.000000,73.000000
239.000000,74.500000,68.000000,73.000000
239.000000,74.500000,68.000000,73.000000
239.000000,74.500000,68.000000,73.000000
239.000000,74.500000,68.000000,73.000000
239.000000,74.500000,68.000000,73.000000
239.000000,74.500000,68.000000,73.000000
239.000000,74.500000,68.000000,73.000000
239.000000,74.500000,68.000000,73.000000
239.000000,74.500000,68.000000,73.000000
239.000000,74.500000,68.000000,73.000000
239.000000,74.500000,68.000000,73.000000
239.000000,74.500000,68.000000,73.000000
239.000000,74.500000,68.000000,73.000000
239.000000,74.500000,68.000000,73.000000
239.000000,74.500000,68.000000,73.000000
239.000000,74.500000,68.000000,73.000000
239.000000,74.500000,68.000000,73.000000
239.000000,74.500000,68.000000,73.000000
239.000000,74.500000,68.000000,73.000000
239.000000,74.500000,68.000000,73.000000
239.000000,74.500000,68.000000,73.000000
239.000000,74.500000,68.000000,73.000000
239.000000,74.500000,68.000000,73.000000
239.000000,74.500000,68.000000,73.000000
239.000000,74.500000,68.000000,73.000000
239.000000,74.500000,68.000000,73.000000
239.000000,74.500000,68.000000,73.000000
239.000000,74.500000,68.000000,73.000000
239.000000,74.500000,68.000000,73.000000
239.000000,74.500000,68.000000,73.000000
239.000000,74.500000,68.000000,73.000000
212.000000,73.500000,68.000000,73.000000
212.000000,73.500000,68.000000,73.000000
212.000000,73.500000,68.000000,73.000000
212.000000,73.500000,68.000000,73.000000
212.000000,73.500000,68.000000,73.000000
212.000000,73.500000,68.000000,73.000000
212.000000,73.500000,68.000000,73.000000
212.000000,73.500000,68.000000,73.000000
212.000000,73.500000,68.000000,73.000000
212.000000,73.500000,68.000000,73.000000
192.000000,68.500000,68.000000,73.000000
192.000000,68.500000,68.000000,73.000000
164.000000,69.500000,68.000000,73.000000
164.000000,69.500000,68.000000,73.000000
146.000000,65.500000,68.000000,73.000000
146.000000,65.500000,68.000000,73.000000
146.000000,65.500000,68.000000,73.000000
146.000000,65.500000,68.000000,73.000000
146.000000,65.500000,68.000000,73.000000
116.000000,40.500000,68.000000,73.000000
116.000000,40.500000,68.000000,73.000000
116.000000,40.500000,68.000000,73.000000
116.000000,40.500000,68.000000,73.000000
116.000000,40.500000,68.000000,73.000000
116.000000,40.500000,68.000000,73.000000
116.000000,40.500000,68.000000,73.000000
116.000000,40.500000,68.000000,73.000000
134.000000,67.500000,68.000000,73.000000
134.000000,67.500000,68.000000,73.000000
134.000000,67.500000,68.000000,73.000000
134.000000,67.500000,68.000000,73.000000
134.000000,67.500000,68.000000,73.000000
134.000000,67.500000,68.000000,73.000000
134.000000,67.500000,68.000000,73.000000
134.000000,67.500000,68.000000,73.000000
156.000000,103.500000,68.000000,73.000000
156.000000,103.500000,68.000000,73.000000
156.000000,103.500000,68.000000,73.000000
156.000000,103.500000,68.000000,73.000000
156.000000,103.500000,68.000000,73.000000
176.000000,58.500000,68.000000,73.000000
176.000000,58.500000,68.000000,73.000000
173.000000,84.500000,68.000000,73.000000
173.000000,84.500000,68.000000,73.000000
173.000000,84.500000,68.000000,73.000000
173.000000,84.500000,68.000000,73.000000
197.000000,116.500000,68.000000,73.000000
197.000000,116.500000,68.000000,73.000000
197.000000,116.500000,68.000000,73.000000
197.000000,116.500000,68.000000,73.000000
197.000000,116.500000,68.000000,73.000000
197.000000,116.500000,68.000000,73.000000
197.000000,116.500000,68.000000,73.000000
197.000000,116.500000,68.000000,73.000000
197.000000,116.500000,68.000000,73.000000
197.000000,116.500000,68.000000,73.000000
197.000000,116.500000,68.000000,73.000000
208.000000,94.500000,68.000000,73.000000
208.000000,94.500000,68.000000,73.000000
190.000000,80.500000,68.000000,73.000000
190.000000,80.500000,68.000000,73.000000
190.000000,80.500000,68.000000,73.000000
190.000000,80.500000,68.000000,73.000000
190.000000,80.500000,68.000000,73.000000
190.000000,80.500000,68.000000,73.000000
151.000000,73.500000,68.000000,73.000000
151.000000,73.500000,68.000000,73.000000
151.000000,73.500000,68.000000,73.000000
151.000000,73.500000,68.000000,73.000000
151.000000,73.500000,68.000000,73.000000
151.000000,73.500000,68.000000,73.000000
151.000000,73.500000,68.000000,73.000000
151.000000,73.500000,68.000000,73.000000
151.000000,73.500000,68.000000,73.000000
151.000000,73.500000,68.000000,73.000000
151.000000,73.500000,68.000000,73.000000
151.000000,73.500000,68.000000,73.000000
151.000000,73.500000,68.000000,73.000000
151.000000,73.500000,68.000000,73.000000
151.000000,73.500000,68.000000,73.000000
176.000000,83.500000,68.000000,73.000000
176.000000,83.500000,68.000000,73.000000
176.000000,83.500000,68.000000,73.000000
176.000000,83.500000,68.000000,73.000000
176.000000,83.500000,68.000000,73.000000
176.000000,83.500000,68.000000,73.000000
176.000000,83.500000,68.000000,73.000000
202.000000,76.500000,68.000000,73.000000
202.000000,76.500000,68.000000,73.000000
202.000000,76.500000,68.000000,73.000000
202.000000,76.500000,68.000000,73.000000
202.000000,76.500000,68.000000,73.000000
202.000000,76.500000,68.000000,73.000000
202.000000,76.500000,68.000000,73.000000
202.000000,76.500000,68.000000,73.000000
202.000000,76.500000,68.000000,73.000000
202.000000,76.500000,68.000000,73.000000
202.000000,76.500000,68.000000,73.000000
202.000000,76.500000,68.000000,73.000000
202.000000,76.500000,68.000000,73.000000
202.000000,76.500000,68.000000,73.000000
202.000000,76.500000,68.000000,73.000000
202.000000,76.500000,68.000000,73.000000
202.000000,76.500000,68.000000,73.000000
202.000000,76.500000,68.000000,73.000000
202.000000,76.500000,68.000000,73.000000
202.000000,76.500000,68.000000,73.000000
202.000000,76.500000,68.000000,73.000000
202.000000,76.500000,68.000000,73.000000
202.000000,76.500000,68.000000,73.000000
202.000000,76.500000,68.000000,73.000000
202.000000,76.500000,68.000000,73.000000
202.000000,76.500000,68.000000,73.000000
202.000000,76.500000,68.000000,73.000000
202.000000,76.500000,68.000000,73.000000
202.000000,76.500000,68.000000,73.000000
202.000000,76.500000,68.000000,73.000000
202.000000,76.500000,68.000000,73.000000
202.000000,76.500000,68.000000,73.000000
202.000000,76.500000,68.000000,73.000000
202.000000,76.500000,68.000000,73.000000
202.000000,76.500000,68.000000,73.000000
202.000000,76.500000,68.000000,73.000000
202.000000,76.500000,68.000000,73.000000
202.000000,76.500000,68.000000,73.000000
202.000000,76.500000,68.000000,73.000000
202.000000,76.500000,68.000000,73.000000
177.000000,71.500000,68.000000,73.000000
177.000000,71.500000,68.000000,73.000000
177.000000,71.500000,68.000000,73.000000
177.000000,71.500000,68.000000,73.000000
177.000000,71.500000,68.000000,73.000000
177.000000,71.500000,68.000000,73.000000
177.000000,71.500000,68.000000,73.000000
177.000000,71.500000,68.000000,73.000000
177.000000,71.500000,68.000000,73.000000
177.000000,71.500000,68.000000,73.000000
177.000000,71.500000,68.000000,73.000000
177.000000,71.500000,68.000000,73.000000
177.000000,71.500000,68.000000,73.000000
177.000000,71.500000,68.000000,73.000000
177.000000,71.500000,68.000000,73.000000
177.000000,71.500000,68.000000,73.000000
177.000000,71.500000,68.000000,73.000000
177.000000,71.500000,68.000000,73.000000
177.000000,71.500000,68.000000,73.000000
177.000000,71.500000,68.000000,73.000000
177.000000,71.500000,68.000000,73.000000
154.000000,77.500000,68.000000,73.000000
154.000000,77.500000,68.000000,73.000000
154.000000,77.500000,68.000000,73.000000
154.000000,77.500000,68.000000,73.000000
154.000000,77.500000,68.000000,73.000000
154.000000,77.500000,68.000000,73.000000
154.000000,77.500000,68.000000,73.000000
154.000000,77.500000,68.000000,73.000000
154.000000,77.500000,68.000000,73.000000
154.000000,77.500000,68.000000,73.000000
154.000000,77.500000,68.000000,73.000000
154.000000,77.500000,68.000000,73.000000
154.000000,77.500000,68.000000,73.000000
154.000000,77.500000,68.000000,73.000000
154.000000,77.500000,68.000000,73.000000
154.000000,77.500000,68.000000,73.000000
154.000000,77.500000,68.000000,73.000000
154.000000,77.500000,68.000000,73.000000
154.000000,77.500000,68.000000,73.000000
118.000000,48.500000,68.000000,73.000000
118.000000,48.500000,68.000000,73.000000
118.000000,48.500000,68.000000,73.000000
118.000000,48.500000,68.000000,73.000000
118.000000,48.500000,68.000000,73.000000
153.000000,68.500000,68.000000,73.000000
153.000000,68.500000,68.000000,73.000000
153.000000,68.500000,68.000000,73.000000
153.000000,68.500000,68.000000,73.000000
153.000000,68.500000,68.000000,73.000000
153.000000,68.500000,68.000000,73.000000
119.000000,27.500000,68.000000,73.000000
119.000000,27.500000,68.000000,73.000000
151.000000,68.500000,68.000000,73.000000
151.000000,68.500000,68.000000,73.000000
151.000000,68.500000,68.000000,73.000000
151.000000,68.500000,68.000000,73.000000
151.000000,68.500000,68.000000,73.000000
151.000000,68.500000,68.000000,73.000000
151.000000,68.500000,68.000000,73.000000
151.000000,68.500000,68.000000,73.000000
151.000000,68.500000,68.000000,73.000000
151.000000,68.500000,68.000000,73.000000
151.000000,68.500000,68.000000,73.000000
151.000000,68.500000,68.000000,73.000000
151.000000,68.500000,68.000000,73.000000
151.000000,68.500000,68.000000,73.000000
140.000000,44.500000,68.000000,73.000000
140.000000,44.500000,68.000000,73.000000
140.000000,44.500000,68.000000,73.000000
140.000000,44.500000,68.000000,73.000000
140.000000,44.500000,68.000000,73.000000
140.000000,44.500000,68.000000,73.000000
176.000000,53.500000,68.000000,73.000000
176.000000,53.500000,68.000000,73.000000
176.000000,53.500000,68.000000,73.000000
176.000000,53.500000,68.000000,73.000000
176.000000,53.500000,68.000000,73.000000
176.000000,53.500000,68.000000,73.000000
176.000000,53.500000,68.000000,73.000000
176.000000,53.500000,68.000000,73.000000
176.000000,53.500000,68.000000,73.000000
176.000000,53.500000,68.000000,73.000000
176.000000,53.500000,68.000000,73.000000
176.000000,53.500000,68.000000,73.000000
176.000000,53.500000,68.000000,73.000000
176.000000,53.500000,68.000000,73.000000
176.000000,53.500000,68.000000,73.000000
166.000000,83.500000,68.000000,73.000000
166.000000,83.500000,68.000000,73.000000
166.000000,83.500000,68.000000,73.000000
166.000000,83.500000,68.000000,73.000000
135.000000,74.500000,68.000000,73.000000
135.000000,74.500000,68.000000,73.000000
135.000000,74.500000,68.000000,73.000000
135.000000,74.500000,68.000000,73.000000
135.000000,74.500000,68.000000,73.000000
135.000000,74.500000,68.000000,73.000000
135.000000,74.500000,68.000000,73.000000
135.000000,74.500000,68.000000,73.000000
135.000000,74.500000,68.000000,73.000000
135.000000,74.500000,68.000000,73.000000
113.000000,87.500000,68.000000,73.000000
113.000000,87.500000,68.000000,73.000000
113.000000,87.500000,68.000000,73.000000
113.000000,87.500000,68.000000,73.000000
148.000000,89.500000,68.000000,73.000000
148.000000,89.500000,68.000000,73.000000
148.000000,89.500000,68.000000,73.000000
148.000000,89.500000,68.000000,73.000000
148.000000,89.500000,68.000000,73.000000
148.000000,89.500000,68.000000,73.000000
148.000000,89.500000,68.000000,73.000000
148.000000,89.500000,68.000000,73.000000
148.000000,89.500000,68.000000,73.000000
148.000000,89.500000,68.000000,73.000000
123.000000,104.500000,68.000000,73.000000
123.000000,104.500000,68.000000,73.000000
123.000000,104.500000,68.000000,73.000000
138.000000,68.500000,68.000000,73.000000
138.000000,68.500000,68.000000,73.000000
138.000000,68.500000,68.000000,73.000000
138.000000,68.500000,68.000000,73.000000
138.000000,68.500000,68.000000,73.000000
138.000000,68.500000,68.000000,73.000000
138.000000,68.500000,68.000000,73.000000
138.000000,68.500000,68.000000,73.000000
138.000000,68.500000,68.000000,73.000000
138.000000,68.500000,68.000000,73.000000
138.000000,68.500000,68.000000,73.000000
138.000000,68.500000,68.000000,73.000000
138.000000,68.500000,68.000000,73.000000
138.000000,68.500000,68.000000,73.000000
138.000000,68.500000,68.000000,73.000000
138.000000,68.500000,68.000000,73.000000
157.000000,73.500000,68.000000,73.000000
157.000000,73.500000,68.000000,73.000000
157.000000,73.500000,68.000000,73.000000
