1
145.000000,77.000000,68.000000,73.000000
145.000000,77.000000,68.000000,73.000000
145.000000,77.000000,68.000000,73.000000
145.000000,77.000000,68.000000,73.000000
145.000000,77.000000,68.000000,73.000000
145.000000,77.000000,68.000000,73.000000
145.000000,77.000000,68.000000,73.000000
145.000000,77.000000,68.000000,73.000000
145.000000,77.000000,68.000000,73.000000
145.000000,77.000000,68.000000,73.000000
145.000000,77.000000,68.000000,73.000000
145.000000,77.000000,68.000000,73.000000
145.000000,77.000000,68.000000,73.000000
145.000000,77.000000,68.000000,73.000000
145.000000,77.000000,68.000000,73.000000
145.000000,77.000000,68.000000,73.000000
145.000000,77.000000,68.000000,73.000000
172.000000,83.500000,68.000000,73.000000
172.000000,83.500000,68.000000,73.000000
172.000000,83.500000,68.000000,73.000000
172.000000,83.500000,68.000000,73.000000
172.000000,83.500000,68.000000,73.000000
172.000000,83.500000,68.000000,73.000000
172.000000,83.500000,68.000000,73.000000
172.000000,83.500000,68.000000,73.000000
172.000000,83.500000,68.000000,73.000000
172.000000,83.500000,68.000000,73.000000
172.000000,83.500000,68.000000,73.000000
172.000000,83.500000,68.000000,73.000000
172.000000,83.500000,68.000000,73.000000
172.000000,83.500000,68.000000,73.000000
172.000000,83.500000,68.000000,73.000000
172.000000,83.500000,68.000000,73.000000
172.000000,83.500000,68.000000,73.000000
172.000000,83.500000,68.000000,73.000000
172.000000,83.500000,68.000000,73.000000
172.000000,83.500000,68.000000,73.000000
172.000000,83.500000,68.000000,73.000000
146.000000,75.500000,68.000000,73.000000
146.000000,75.500000,68.000000,73.000000
146.000000,75.500000,68.000000,73.000000
146.000000,75.500000,68.000000,73.000000
146.000000,75.500000,68.000000,73.000000
146.000000,75.500000,68.000000,73.000000
146.000000,75.500000,68.000000,73.000000
146.000000,75.500000,68.000000,73.000000
146.000000,75.500000,68.000000,73.000000
146.000000,75.500000,68.000000,73.000000
146.000000,75.500000,68.000000,73.000000
146.000000,75.500000,68.000000,73.000000
146.000000,75.500000,68.000000,73.000000
146.000000,75.500000,68.000000,73.000000
146.000000,75.500000,68.000000,73.000000
146.000000,75.500000,68.000000,73.000000
146.000000,75.500000,68.000000,73.000000
146.000000,75.500000,68.000000,73.000000
146.000000,75.500000,68.000000,73.000000
146.000000,75.500000,68.000000,73.000000
146.000000,75.500000,68.000000,73.000000
125.000000,89.500000,68.000000,73.000000
125.000000,89.500000,68.000000,73.000000
162.000000,72.500000,68.000000,73.000000
162.000000,72.500000,68.000000,73.000000
162.000000,72.500000,68.000000,73.000000
162.000000,72.500000,68.000000,73.000000
162.000000,72.500000,68.000000,73.000000
162.000000,72.500000,68.000000,73.000000
162.000000,72.500000,68.000000,73.000000
162.000000,72.500000,68.000000,73.000000
162.000000,72.500000,68.000000,73.000000
162.000000,72.500000,68.000000,73.000000
162.000000,72.500000,68.000000,73.000000
162.000000,72.500000,68.000000,73.000000
162.000000,72.500000,68.000000,73.000000
162.000000,72.500000,68.000000,73.000000
162.000000,72.500000,68.000000,73.000000
162.000000,72.500000,68.000000,73.000000
162.000000,72.500000,68.000000,73.000000
162.000000,72.500000,68.000000,73.000000
162.000000,72.500000,68.000000,73.000000
162.000000,72.500000,68.000000,73.000000
162.000000,72.500000,68.000000,73.000000
162.000000,72.500000,68.000000,73.000000
162.000000,72.500000,68.000000,73.000000
162.000000,72.500000,68.000000,73.000000
162.000000,72.500000,68.000000,73.000000
162.000000,72.500000,68.000000,73.000000
162.000000,72.500000,68.000000,73.000000
162.000000,72.500000,68.000000,73.000000
162.000000,72.500000,68.000000,73.000000
162.000000,72.500000,68.000000,73.000000
162.000000,72.500000,68.000000,73.000000
162.000000,72.500000,68.000000,73.000000
162.000000,72.500000,68.000000,73.000000
162.000000,72.500000,68.000000,73.000000
162.000000,72.500000,68.000000,73.000000
162.000000,72.500000,68.000000,73.000000
140.000000,79.500000,68.000000,73.000000
140.000000,79.500000,68.000000,73.000000
140.000000,79.500000,68.000000,73.000000
140.000000,79.500000,68.000000,73.000000
140.000000,79.500000,68.000000,73.000000
140.000000,79.500000,68.000000,73.000000
140.000000,79.500000,68.000000,73.000000
140.000000,79.500000,68.000000,73.000000
140.000000,79.500000,68.000000,73.000000
140.000000,79.500000,68.000000,73.000000
140.000000,79.500000,68.000000,73.000000
140.000000,79.500000,68.000000,73.000000
140.000000,79.500000,68.000000,73.000000
168.000000,81.500000,68.000000,73.000000
168.000000,81.500000,68.000000,73.000000
168.000000,81.500000,68.000000,73.000000
168.000000,81.500000,68.000000,73.000000
168.000000,81.500000,68.000000,73.000000
168.000000,81.500000,68.000000,73.000000
168.000000,81.500000,68.000000,73.000000
168.000000,81.500000,68.000000,73.000000
168.000000,81.500000,68.000000,73.000000
168.000000,81.500000,68.000000,73.000000
168.000000,81.500000,68.000000,73.000000
168.000000,81.500000,68.000000,73.000000
168.000000,81.500000,68.000000,73.000000
168.000000,81.500000,68.000000,73.000000
168.000000,81.500000,68.000000,73.000000
168.000000,81.500000,68.000000,73.000000
168.000000,81.500000,68.000000,73.000000
168.000000,81.500000,68.000000,73.000000
168.000000,81.500000,68.000000,73.000000
168.000000,81.500000,68.000000,73.000000
168.000000,81.500000,68.000000,73.000000
168.000000,81.500000,68.000000,73.000000
168.000000,81.500000,68.000000,73.000000
168.000000,81.500000,68.000000,73.000000
168.000000,81.500000,68.000000,73.000000
168.000000,81.500000,68.000000,73.000000
168.000000,81.500000,68.000000,73.000000
168.000000,81.500000,68.000000,73.000000
168.000000,81.500000,68.000000,73.000000
168.000000,81.500000,68.000000,73.000000
168.000000,81.500000,68.000000,73.000000
168.000000,81.500000,68.000000,73.000000
168.000000,81.500000,68.000000,73.000000
168.000000,81.500000,68.000000,73.000000
168.000000,81.500000,68.000000,73.000000
168.000000,81.500000,68.000000,73.000000
168.000000,81.500000,68.000000,73.000000
168.000000,81.500000,68.000000,73.000000
168.000000,81.500000,68.000000,73.000000
168.000000,81.500000,68.000000,73.000000
168.000000,81.500000,68.000000,73.000000
168.000000,81.500000,68.000000,73.000000
168.000000,81.500000,68.000000,73.000000
168.000000,81.500000,68.000000,73.000000
168.000000,81.500000,68.000000,73.000000
168.000000,81.500000,68.000000,73.000000
168.000000,81.500000,68.000000,73.000000
168.000000,81.500000,68.000000,73.000000
168.000000,81.500000,68.000000,73.000000
168.000000,81.500000,68.000000,73.000000
168.000000,81.500000,68.000000,73.000000
168.000000,81.500000,68.000000,73.000000
168.000000,81.500000,68.000000,73.000000
168.000000,81.500000,68.000000,73.000000
146.000000,100.500000,68.000000,73.000000
146.000000,100.500000,68.000000,73.000000
179.000000,69.500000,68.000000,73.000000
179.000000,69.500000,68.000000,73.000000
179.000000,69.500000,68.000000,73.000000
186.000000,90.500000,68.000000,73.000000
186.000000,90.500000,68.000000,73.000000
154.000000,74.500000,68.000000,73.000000
154.000000,74.500000,68.000000,73.000000
154.000000,74.500000,68.000000,73.000000
154.000000,74.500000,68.000000,73.000000
154.000000,74.500000,68.000000,73.000000
154.000000,74.500000,68.000000,73.000000
154.000000,74.500000,68.000000,73.000000
154.000000,74.500000,68.000000,73.000000
154.000000,74.500000,68.000000,73.000000
154.000000,74.500000,68.000000,73.000000
154.000000,74.500000,68.000000,73.000000
154.000000,74.500000,68.000000,73.000000
154.000000,74.500000,68.000000,73.000000
154.000000,74.500000,68.000000,73.000000
154.000000,74.500000,68.000000,73.000000
173.000000,101.500000,68.000000,73.000000
173.000000,101.500000,68.000000,73.000000
173.000000,101.500000,68.000000,73.000000
173.000000,101.500000,68.000000,73.000000
173.000000,101.500000,68.000000,73.000000
173.000000,101.500000,68.000000,73.000000
173.000000,101.500000,68.000000,73.000000
173.000000,101.500000,68.000000,73.000000
173.000000,101.500000,68.000000,73.000000
173.000000,101.500000,68.000000,73.000000
173.000000,101.500000,68.000000,73.000000
173.000000,101.500000,68.000000,73.000000
173.000000,101.500000,68.000000,73.000000
173.000000,101.500000,68.000000,73.000000
207.000000,92.500000,68.000000,73.000000
207.000000,92.500000,68.000000,73.000000
207.000000,92.500000,68.000000,73.000000
207.000000,92.500000,68.000000,73.000000
207.000000,92.500000,68.000000,73.000000
207.000000,92.500000,68.000000,73.000000
207.000000,92.500000,68.000000,73.000000
207.000000,92.500000,68.000000,73.000000
207.000000,92.500000,68.000000,73.000000
207.000000,92.500000,68.000000,73.000000
207.000000,92.500000,68.000000,73.000000
207.000000,92.500000,68.000000,73.000000
207.000000,92.500000,68.000000,73.000000
207.000000,92.500000,68.000000,73.000000
207.000000,92.500000,68.000000,73.000000
207.000000,92.500000,68.000000,73.000000
207.000000,92.500000,68.000000,73.000000
207.000000,92.500000,68.000000,73.000000
207.000000,92.500000,68.000000,73.000000
207.000000,92.500000,68.000000,73.000000
207.000000,92.500000,68.000000,73.000000
158.000000,96.500000,68.000000,73.000000
179.000000,70.500000,68.000000,73.000000
179.000000,70.500000,68.000000,73.000000
179.000000,70.500000,68.000000,73.000000
179.000000,70.500000,68.000000,73.000000
179.000000,70.500000,68.000000,73.000000
179.000000,70.500000,68.000000,73.000000
179.000000,70.500000,68.000000,73.000000
179.000000,70.500000,68.000000,73.000000
179.000000,70.500000,68.000000,73.000000
179.000000,70.500000,68.000000,73.000000
179.000000,70.500000,68.000000,73.000000
179.000000,70.500000,68.000000,73.000000
211.000000,98.500000,68.000000,73.000000
211.000000,98.500000,68.000000,73.000000
211.000000,98.500000,68.000000,73.000000
211.000000,98.500000,68.000000,73.000000
211.000000,98.500000,68.000000,73.000000
211.000000,98.500000,68.000000,73.000000
211.000000,98.500000,68.000000,73.000000
211.000000,98.500000,68.000000,73.000000
211.000000,98.500000,68.000000,73.000000
211.000000,98.500000,68.000000,73.000000
211.000000,98.500000,68.000000,73.000000
211.000000,98.500000,68.000000,73.000000
211.000000,98.500000,68.000000,73.000000
211.000000,98.500000,68.000000,73.000000
211.000000,98.500000,68.000000,73.000000
211.000000,98.500000,68.000000,73.000000
211.000000,98.500000,68.000000,73.000000
211.000000,98.500000,68.000000,73.000000
211.000000,98.500000,68.000000,73.000000
211.000000,98.500000,68.000000,73.000000
211.000000,98.500000,68.000000,73.000000
211.000000,98.500000,68.000000,73.000000
211.000000,98.500000,68.000000,73.000000
211.000000,98.500000,68.000000,73.000000
211.000000,98.500000,68.000000,73.000000
211.000000,98.500000,68.000000,73.000000
211.000000,98.500000,68.000000,73.000000
211.000000,98.500000,68.000000,73.000000
244.000000,55.500000,68.000000,73.000000
244.000000,55.500000,68.000000,73.000000
244.000000,55.500000,68.000000,73.000000
244.000000,55.500000,68.000000,73.000000
223.000000,86.500000,68.000000,73.000000
223.000000,86.500000,68.000000,73.000000
223.000000,86.500000,68.000000,73.000000
231.000000,63.500000,68.000000,73.000000
231.000000,63.500000,68.000000,73.000000
231.000000,63.500000,68.000000,73.000000
231.000000,63.500000,68.000000,73.000000
231.000000,63.500000,68.000000,73.000000
231.000000,63.500000,68.000000,73.000000
231.000000,63.500000,68.000000,73.000000
231.000000,63.500000,68.000000,73.000000
231.000000,63.500000,68.000000,73.000000
231.000000,63.500000,68.000000,73.000000
231.000000,63.500000,68.000000,73.000000
231.000000,63.500000,68.000000,73.000000
231.000000,63.500000,68.000000,73.000000
231.000000,63.500000,68.000000,73.000000
231.000000,63.500000,68.000000,73.000000
231.000000,63.500000,68.000000,73.000000
231.000000,63.500000,68.000000,73.000000
231.000000,63.500000,68.000000,73.000000
231.000000,63.500000,68.000000,73.000000
231.000000,63.500000,68.000000,73.000000
231.000000,63.500000,68.000000,73.000000
231.000000,63.500000,68.000000,73.000000
231.000000,63.500000,68.000000,73.000000
231.000000,63.500000,68.000000,73.000000
231.000000,63.500000,68.000000,73.000000
231.000000,63.500000,68.000000,73.000000
231.000000,63.500000,68.000000,73.000000
231.000000,63.500000,68.000000,73.000000
231.000000,63.500000,68.000000,73.000000
231.000000,63.500000,68.000000,73.000000
231.000000,63.500000,68.000000,73.000000
231.000000,63.500000,68.000000,73.000000
231.000000,63.500000,68.000000,73.000000
231.000000,63.500000,68.000000,73.000000
192.000000,71.500000,68.000000,73.000000
192.000000,71.500000,68.000000,73.000000
192.000000,71.500000,68.000000,73.000000
192.000000,71.500000,68.000000,73.000000
221.000000,88.500000,68.000000,73.000000
221.000000,88.500000,68.000000,73.000000
221.000000,88.500000,68.000000,73.000000
204.000000,67.500000,68.000000,73.000000
175.000000,100.500000,68.000000,73.000000
175.000000,100.500000,68.000000,73.000000
192.000000,66.500000,68.000000,73.000000
168.000000,89.500000,68.000000,73.000000
168.000000,89.500000,68.000000,73.000000
168.000000,89.500000,68.000000,73.000000
156.000000,68.500000,68.000000,73.000000
156.000000,68.500000,68.000000,73.000000
133.000000,59.500000,68.000000,73.000000
133.000000,59.500000,68.000000,73.000000
133.000000,59.500000,68.000000,73.000000
133.000000,59.500000,68.000000,73.000000
133.000000,59.500000,68.000000,73.000000
133.000000,59.500000,68.000000,73.000000
133.000000,59.500000,68.000000,73.000000
133.000000,59.500000,68.000000,73.000000
133.000000,59.500000,68.000000,73.000000
133.000000,59.500000,68.000000,73.000000
133.000000,59.500000,68.000000,73.000000
133.000000,59.500000,68.000000,73.000000
133.000000,59.500000,68.000000,73.000000
133.000000,59.500000,68.000000,73.000000
133.000000,59.500000,68.000000,73.000000
133.000000,59.500000,68.000000,73.000000
133.000000,59.500000,68.000000,73.000000
133.000000,59.500000,68.000000,73.000000
133.000000,59.500000,68.000000,73.000000
167.000000,105.500000,68.000000,73.000000
167.000000,105.500000,68.000000,73.000000
167.000000,105.500000,68.000000,73.000000
168.000000,75.500000,68.000000,73.000000
168.000000,75.500000,68.000000,73.000000
168.000000,75.500000,68.000000,73.000000
168.000000,75.500000,68.000000,73.000000
168.000000,75.500000,68.000000,73.000000
168.000000,75.500000,68.000000,73.000000
168.000000,75.500000,68.000000,73.000000
168.000000,75.500000,68.000000,73.000000
168.000000,75.500000,68.000000,73.000000
162.000000,101.500000,68.000000,73.000000
162.000000,101.500000,68.000000,73.000000
162.000000,101.500000,68.000000,73.000000
195.000000,103.500000,68.000000,73.000000
195.000000,103.500000,68.000000,73.000000
195.000000,103.500000,68.000000,73.000000
195.000000,103.500000,68.000000,73.000000
195.000000,103.500000,68.000000,73.000000
195.000000,103.500000,68.000000,73.000000
195.000000,103.500000,68.000000,73.000000
195.000000,103.500000,68.000000,73.000000
195.000000,103.500000,68.000000,73.000000
195.000000,103.500000,68.000000,73.000000
150.000000,68.500000,68.000000,73.000000
150.000000,68.500000,68.000000,73.000000
150.000000,68.500000,68.000000,73.000000
150.000000,68.500000,68.000000,73.000000
150.000000,68.500000,68.000000,73.000000
150.000000,68.500000,68.000000,73.000000
150.000000,68.500000,68.000000,73.000000
150.000000,68.500000,68.000000,73.000000
150.000000,68.500000,68.000000,73.000000
150.000000,68.500000,68.000000,73.000000
150.000000,68.500000,68.000000,73.000000
150.000000,68.500000,68.000000,73.000000
150.000000,68.500000,68.000000,73.000000
150.000000,68.500000,68.000000,73.000000
150.000000,68.500000,68.000000,73.000000
150.000000,68.500000,68.000000,73.000000
150.000000,68.500000,68.000000,73.000000
150.000000,68.500000,68.000000,73.000000
171.000000,71.500000,68.000000,73.000000
171.000000,71.500000,68.000000,73.000000
171.000000,71.500000,68.000000,73.000000
171.000000,71.500000,68.000000,73.000000
171.000000,71.500000,68.000000,73.000000
171.000000,71.500000,68.000000,73.000000
219.000000,90.500000,68.000000,73.000000
219.000000,90.500000,68.000000,73.000000
219.000000,90.500000,68.000000,73.000000
219.000000,90.500000,68.000000,73.000000
219.000000,90.500000,68.000000,73.000000
219.000000,90.500000,68.000000,73.000000
219.000000,90.500000,68.000000,73.000000
219.000000,90.500000,68.000000,73.000000
219.000000,90.500000,68.000000,73.000000
219.000000,90.500000,68.000000,73.000000
219.000000,90.500000,68.000000,73.000000
219.000000,90.500000,68.000000,73.000000
186.000000,81.500000,68.000000,73.000000
186.000000,81.500000,68.000000,73.000000
186.000000,81.500000,68.000000,73.000000
186.000000,81.500000,68.000000,73.000000
186.000000,81.500000,68.000000,73.000000
186.000000,81.500000,68.000000,73.000000
186.000000,81.500000,68.000000,73.000000
186.000000,81.500000,68.000000,73.000000
186.000000,81.500000,68.000000,73.000000
186.000000,81.500000,68.000000,73.000000
186.000000,81.500000,68.000000,73.000000
186.000000,81.500000,68.000000,73.000000
186.000000,81.500000,68.000000,73.000000
186.000000,81.500000,68.000000,73.000000
186.000000,81.500000,68.000000,73.000000
186.000000,81.500000,68.000000,73.000000
186.000000,81.500000,68.000000,73.000000
186.000000,81.500000,68.000000,73.000000
186.000000,81.500000,68.000000,73.000000
186.000000,81.500000,68.000000,73.000000
186.000000,81.500000,68.000000,73.000000
186.000000,81.500000,68.000000,73.000000
186.000000,81.500000,68.000000,73.000000
186.000000,81.500000,68.000000,73.000000
186.000000,81.500000,68.000000,73.000000
186.000000,81.500000,68.000000,73.000000
186.000000,81.500000,68.000000,73.000000
186.000000,81.500000,68.000000,73.000000
186.000000,81.500000,68.000000,73.000000
186.000000,81.500000,68.000000,73.000000
186.000000,81.500000,68.000000,73.000000
186.000000,81.500000,68.000000,73.000000
186.000000,81.500000,68.000000,73.000000
186.000000,81.500000,68.000000,73.000000
186.000000,81.500000,68.000000,73.000000
186.000000,81.500000,68.000000,73.000000
186.000000,81.500000,68.000000,73.000000
186.000000,81.500000,68.000000,73.000000
186.000000,81.500000,68.000000,73.000000
186.000000,81.500000,68.000000,73.000000
186.000000,81.500000,68.000000,73.000000
186.000000,81.500000,68.000000,73.000000
186.000000,81.500000,68.000000,73.000000
186.000000,81.500000,68.000000,73.000000
186.000000,81.500000,68.000000,73.000000
186.000000,81.500000,68.000000,73.000000
186.000000,81.500000,68.000000,73.000000
186.000000,81.500000,68.000000,73.000000
186.000000,81.500000,68.000000,73.000000
186.000000,81.500000,68.000000,73.000000
186.000000,81.500000,68.000000,73.000000
163.000000,87.500000,68.000000,73.000000
163.000000,87.500000,68.000000,73.000000
163.000000,87.500000,68.000000,73.000000
163.000000,87.500000,68.000000,73.000000
163.000000,87.500000,68.000000,73.000000
163.000000,87.500000,68.000000,73.000000
163.000000,87.500000,68.000000,73.000000
163.000000,87.500000,68.000000,73.000000
163.000000,87.500000,68.000000,73.000000
163.000000,87.500000,68.000000,73.000000
163.000000,87.500000,68.000000,73.000000
163.000000,87.500000,68.000000,73.000000
163.000000,87.500000,68.000000,73.000000
163.000000,87.500000,68.000000,73.000000
163.000000,87.500000,68.000000,73.000000
129.000000,63.500000,68.000000,73.000000
129.000000,63.500000,68.000000,73.000000
129.000000,63.500000,68.000000,73.000000
129.000000,63.500000,68.000000,73.000000
129.000000,63.500000,68.000000,73.000000
129.000000,63.500000,68.000000,73.000000
129.000000,63.500000,68.000000,73.000000
129.000000,63.500000,68.000000,73.000000
129.000000,63.500000,68.000000,73.000000
129.000000,63.500000,68.000000,73.000000
129.000000,63.500000,68.000000,73.000000
129.000000,63.500000,68.000000,73.000000
129.000000,63.500000,68.000000,73.000000
129.000000,63.500000,68.000000,73.000000
163.000000,69.500000,68.000000,73.000000
163.000000,69.500000,68.000000,73.000000
130.000000,37.500000,68.000000,73.000000
130.000000,37.500000,68.000000,73.000000
130.000000,37.500000,68.000000,73.000000
130.000000,37.500000,68.000000,73.000000
130.000000,37.500000,68.000000,73.000000
130.000000,37.500000,68.000000,73.000000
156.000000,71.500000,68.000000,73.000000
156.000000,71.500000,68.000000,73.000000
156.000000,71.500000,68.000000,73.000000
156.000000,71.500000,68.000000,73.000000
156.000000,71.500000,68.000000,73.000000
156.000000,71.500000,68.000000,73.000000
156.000000,71.500000,68.000000,73.000000
156.000000,71.500000,68.000000,73.000000
156.000000,71.500000,68.000000,73.000000
156.000000,71.500000,68.000000,73.000000
156.000000,71.500000,68.000000,73.000000
156.000000,71.500000,68.000000,73.000000
156.000000,71.500000,68.000000,73.000000
129.000000,58.500000,68.000000,73.000000
129.000000,58.500000,68.000000,73.000000
129.000000,58.500000,68.000000,73.000000
129.000000,58.500000,68.000000,73.000000
153.000000,59.500000,68.000000,73.000000
153.000000,59.500000,68.000000,73.000000
185.000000,62.500000,68.000000,73.000000
185.000000,62.500000,68.000000,73.000000
185.000000,62.500000,68.000000,73.000000
185.000000,62.500000,68.000000,73.000000
185.000000,62.500000,68.000000,73.000000
185.000000,62.500000,68.000000,73.000000
185.000000,62.500000,68.000000,73.000000
185.000000,62.500000,68.000000,73.000000
185.000000,62.500000,68.000000,73.000000
185.000000,62.500000,68.000000,73.000000
185.000000,62.500000,68.000000,73.000000
185.000000,62.500000,68.000000,73.000000
185.000000,62.500000,68.000000,73.000000
153.000000,84.500000,68.000000,73.000000
153.000000,84.500000,68.000000,73.000000
153.000000,84.500000,68.000000,73.000000
153.000000,84.500000,68.000000,73.000000
153.000000,84.500000,68.000000,73.000000
153.000000,84.500000,68.000000,73.000000
134.000000,63.500000,68.000000,73.000000
134.000000,63.500000,68.000000,73.000000
134.000000,63.500000,68.000000,73.000000
134.000000,63.500000,68.000000,73.000000
134.000000,63.500000,68.000000,73.000000
134.000000,63.500000,68.000000,73.000000
134.000000,63.500000,68.000000,73.000000
111.000000,86.500000,68.000000,73.000000
111.000000,86.500000,68.000000,73.000000
111.000000,86.500000,68.000000,73.000000
149.000000,83.500000,68.000000,73.000000
149.000000,83.500000,68.000000,73.000000
149.000000,83.500000,68.000000,73.000000
149.000000,83.500000,68.000000,73.000000
149.000000,83.500000,68.000000,73.000000
149.000000,83.500000,68.000000,73.000000
149.000000,83.500000,68.000000,73.000000
149.000000,83.500000,68.000000,73.000000
149.000000,83.500000,68.000000,73.000000
149.000000,83.500000,68.000000,73.000000
149.000000,83.500000,68.000000,73.000000
115.000000,97.500000,68.000000,73.000000
115.000000,97.500000,68.000000,73.000000
115.000000,97.500000,68.000000,73.000000
133.000000,64.500000,68.000000,73.000000
133.000000,64.500000,68.000000,73.000000
133.000000,64.500000,68.000000,73.000000
133.000000,64.500000,68.000000,73.000000
133.000000,64.500000,68.000000,73.000000
133.000000,64.500000,68.000000,73.000000
133.000000,64.500000,68.000000,73.000000
133.000000,64.500000,68.000000,73.000000
133.000000,64.500000,68.000000,73.000000
133.000000,64.500000,68.000000,73.000000
133.000000,64.500000,68.000000,73.000000
133.000000,64.500000,68.000000,73.000000
133.000000,64.500000,68.000000,73.000000
116.000000,91.500000,68.000000,73.000000
116.000000,91.500000,68.000000,73.000000
116.000000,91.500000,68.000000,73.000000
139.000000,78.500000,68.000000,73.000000
139.000000,78.500000,68.000000,73.000000
139.000000,78.500000,68.000000,73.000000
