1
145.000000,77.000000,68.000000,73.000000
145.000000,77.000000,68.000000,73.000000
145.000000,77.000000,68.000000,73.000000
145.000000,77.000000,68.000000,73.000000
145.000000,77.000000,68.000000,73.000000
145.000000,77.000000,68.000000,73.000000
145.000000,77.000000,68.000000,73.000000
145.000000,77.000000,68.000000,73.000000
145.000000,77.000000,68.000000,73.000000
145.000000,77.000000,68.000000,73.000000
145.000000,77.000000,68.000000,73.000000
145.000000,77.000000,68.000000,73.000000
145.000000,77.000000,68.000000,73.000000
145.000000,77.000000,68.000000,73.000000
145.000000,77.000000,68.000000,73.000000
145.000000,77.000000,68.000000,73.000000
145.000000,77.000000,68.000000,73.000000
145.000000,77.000000,68.000000,73.000000
171.000000,110.500000,68.000000,73.000000
171.000000,110.500000,68.000000,73.000000
171.000000,110.500000,68.000000,73.000000
171.000000,110.500000,68.000000,73.000000
171.000000,110.500000,68.000000,73.000000
171.000000,110.500000,68.000000,73.000000
171.000000,110.500000,68.000000,73.000000
171.000000,110.500000,68.000000,73.000000
171.000000,110.500000,68.000000,73.000000
171.000000,110.500000,68.000000,73.000000
171.000000,110.500000,68.000000,73.000000
171.000000,110.500000,68.000000,73.000000
171.000000,110.500000,68.000000,73.000000
165.000000,78.500000,68.000000,73.000000
165.000000,78.500000,68.000000,73.000000
165.000000,78.500000,68.000000,73.000000
165.000000,78.500000,68.000000,73.000000
165.000000,78.500000,68.000000,73.000000
165.000000,78.500000,68.000000,73.000000
165.000000,78.500000,68.000000,73.000000
165.000000,78.500000,68.000000,73.000000
165.000000,78.500000,68.000000,73.000000
141.000000,88.500000,68.000000,73.000000
141.000000,88.500000,68.000000,73.000000
141.000000,88.500000,68.000000,73.000000
141.000000,88.500000,68.000000,73.000000
141.000000,88.500000,68.000000,73.000000
141.000000,88.500000,68.000000,73.000000
141.000000,88.500000,68.000000,73.000000
141.000000,88.500000,68.000000,73.000000
141.000000,88.500000,68.000000,73.000000
141.000000,88.500000,68.000000,73.000000
141.000000,88.500000,68.000000,73.000000
141.000000,88.500000,68.000000,73.000000
141.000000,88.500000,68.000000,73.000000
141.000000,88.500000,68.000000,73.000000
141.000000,88.500000,68.000000,73.000000
141.000000,88.500000,68.000000,73.000000
141.000000,88.500000,68.000000,73.000000
141.000000,88.500000,68.000000,73.000000
141.000000,88.500000,68.000000,73.000000
141.000000,88.500000,68.000000,73.000000
141.000000,88.500000,68.000000,73.000000
141.000000,88.500000,68.000000,73.000000
141.000000,88.500000,68.000000,73.000000
141.000000,88.500000,68.000000,73.000000
141.000000,88.500000,68.000000,73.000000
141.000000,88.500000,68.000000,73.000000
141.000000,88.500000,68.000000,73.000000
141.000000,88.500000,68.000000,73.000000
141.000000,88.500000,68.000000,73.000000
141.000000,88.500000,68.000000,73.000000
141.000000,88.500000,68.000000,73.000000
141.000000,88.500000,68.000000,73.000000
172.000000,75.500000,68.000000,73.000000
172.000000,75.500000,68.000000,73.000000
172.000000,75.500000,68.000000,73.000000
172.000000,75.500000,68.000000,73.000000
172.000000,75.500000,68.000000,73.000000
172.000000,75.500000,68.000000,73.000000
172.000000,75.500000,68.000000,73.000000
172.000000,75.500000,68.000000,73.000000
172.000000,75.500000,68.000000,73.000000
172.000000,75.500000,68.000000,73.000000
172.000000,75.500000,68.000000,73.000000
172.000000,75.500000,68.000000,73.000000
172.000000,75.500000,68.000000,73.000000
172.000000,75.500000,68.000000,73.000000
172.000000,75.500000,68.000000,73.000000
172.000000,75.500000,68.000000,73.000000
172.000000,75.500000,68.000000,73.000000
172.000000,75.500000,68.000000,73.000000
172.000000,75.500000,68.000000,73.000000
148.000000,81.500000,68.000000,73.000000
148.000000,81.500000,68.000000,73.000000
148.000000,81.500000,68.000000,73.000000
148.000000,81.500000,68.000000,73.000000
148.000000,81.500000,68.000000,73.000000
148.000000,81.500000,68.000000,73.000000
148.000000,81.500000,68.000000,73.000000
148.000000,81.500000,68.000000,73.000000
148.000000,81.500000,68.000000,73.000000
148.000000,81.500000,68.000000,73.000000
148.000000,81.500000,68.000000,73.000000
148.000000,81.500000,68.000000,73.000000
148.000000,81.500000,68.000000,73.000000
148.000000,81.500000,68.000000,73.000000
148.000000,81.500000,68.000000,73.000000
148.000000,81.500000,68.000000,73.000000
148.000000,81.500000,68.000000,73.000000
148.000000,81.500000,68.000000,73.000000
148.000000,81.500000,68.000000,73.000000
148.000000,81.500000,68.000000,73.000000
148.000000,81.500000,68.000000,73.000000
148.000000,81.500000,68.000000,73.000000
148.000000,81.500000,68.000000,73.000000
148.000000,81.500000,68.000000,73.000000
148.000000,81.500000,68.000000,73.000000
148.000000,81.500000,68.000000,73.000000
148.000000,81.500000,68.000000,73.000000
148.000000,81.500000,68.000000,73.000000
148.000000,81.500000,68.000000,73.000000
148.000000,81.500000,68.000000,73.000000
148.000000,81.500000,68.000000,73.000000
148.000000,81.500000,68.000000,73.000000
190.000000,84.500000,68.000000,73.000000
190.000000,84.500000,68.000000,73.000000
190.000000,84.500000,68.000000,73.000000
190.000000,84.500000,68.000000,73.000000
190.000000,84.500000,68.000000,73.000000
190.000000,84.500000,68.000000,73.000000
190.000000,84.500000,68.000000,73.000000
190.000000,84.500000,68.000000,73.000000
153.000000,83.500000,68.000000,73.000000
153.000000,83.500000,68.000000,73.000000
153.000000,83.500000,68.000000,73.000000
153.000000,83.500000,68.000000,73.000000
153.000000,83.500000,68.000000,73.000000
153.000000,83.500000,68.000000,73.000000
153.000000,83.500000,68.000000,73.000000
153.000000,83.500000,68.000000,73.000000
153.000000,83.500000,68.000000,73.000000
153.000000,83.500000,68.000000,73.000000
153.000000,83.500000,68.000000,73.000000
153.000000,83.500000,68.000000,73.000000
153.000000,83.500000,68.000000,73.000000
153.000000,83.500000,68.000000,73.000000
153.000000,83.500000,68.000000,73.000000
153.000000,83.500000,68.000000,73.000000
153.000000,83.500000,68.000000,73.000000
153.000000,83.500000,68.000000,73.000000
153.000000,83.500000,68.000000,73.000000
153.000000,83.500000,68.000000,73.000000
153.000000,83.500000,68.000000,73.000000
153.000000,83.500000,68.000000,73.000000
153.000000,83.500000,68.000000,73.000000
153.000000,83.500000,68.000000,73.000000
153.000000,83.500000,68.000000,73.000000
153.000000,83.500000,68.000000,73.000000
153.000000,83.500000,68.000000,73.000000
153.000000,83.500000,68.000000,73.000000
153.000000,83.500000,68.000000,73.000000
153.000000,83.500000,68.000000,73.000000
153.000000,83.500000,68.000000,73.000000
153.000000,83.500000,68.000000,73.000000
153.000000,83.500000,68.000000,73.000000
153.000000,83.500000,68.000000,73.000000
153.000000,83.500000,68.000000,73.000000
153.000000,83.500000,68.000000,73.000000
153.000000,83.500000,68.000000,73.000000
153.000000,83.500000,68.000000,73.000000
153.000000,83.500000,68.000000,73.000000
153.000000,83.500000,68.000000,73.000000
153.000000,83.500000,68.000000,73.000000
153.000000,83.500000,68.000000,73.000000
153.000000,83.500000,68.000000,73.000000
153.000000,83.500000,68.000000,73.000000
153.000000,83.500000,68.000000,73.000000
153.000000,83.500000,68.000000,73.000000
153.000000,83.500000,68.000000,73.000000
153.000000,83.500000,68.000000,73.000000
153.000000,83.500000,68.000000,73.000000
153.000000,83.500000,68.000000,73.000000
153.000000,83.500000,68.000000,73.000000
153.000000,83.500000,68.000000,73.000000
153.000000,83.500000,68.000000,73.000000
153.000000,83.500000,68.000000,73.000000
153.000000,83.500000,68.000000,73.000000
153.000000,83.500000,68.000000,73.000000
173.000000,93.500000,68.000000,73.000000
173.000000,93.500000,68.000000,73.000000
173.000000,93.500000,68.000000,73.000000
173.000000,93.500000,68.000000,73.000000
173.000000,93.500000,68.000000,73.000000
173.000000,93.500000,68.000000,73.000000
173.000000,93.500000,68.000000,73.000000
173.000000,93.500000,68.000000,73.000000
173.000000,93.500000,68.000000,73.000000
173.000000,93.500000,68.000000,73.000000
173.000000,93.500000,68.000000,73.000000
173.000000,93.500000,68.000000,73.000000
200.000000,84.500000,68.000000,73.000000
200.000000,84.500000,68.000000,73.000000
200.000000,84.500000,68.000000,73.000000
200.000000,84.500000,68.000000,73.000000
200.000000,84.500000,68.000000,73.000000
200.000000,84.500000,68.000000,73.000000
200.000000,84.500000,68.000000,73.000000
200.000000,84.500000,68.000000,73.000000
200.000000,84.500000,68.000000,73.000000
200.000000,84.500000,68.000000,73.000000
200.000000,84.500000,68.000000,73.000000
200.000000,84.500000,68.000000,73.000000
200.000000,84.500000,68.000000,73.000000
200.000000,84.500000,68.000000,73.000000
200.000000,84.500000,68.000000,73.000000
200.000000,84.500000,68.000000,73.000000
200.000000,84.500000,68.000000,73.000000
200.000000,84.500000,68.000000,73.000000
200.000000,84.500000,68.000000,73.000000
200.000000,84.500000,68.000000,73.000000
200.000000,84.500000,68.000000,73.000000
200.000000,84.500000,68.000000,73.000000
200.000000,84.500000,68.000000,73.000000
200.000000,84.500000,68.000000,73.000000
200.000000,84.500000,68.000000,73.000000
200.000000,84.500000,68.000000,73.000000
200.000000,84.500000,68.000000,73.000000
200.000000,84.500000,68.000000,73.000000
200.000000,84.500000,68.000000,73.000000
200.000000,84.500000,68.000000,73.000000
200.000000,84.500000,68.000000,73.000000
200.000000,84.500000,68.000000,73.000000
200.000000,84.500000,68.000000,73.000000
200.000000,84.500000,68.000000,73.000000
200.000000,84.500000,68.000000,73.000000
200.000000,84.500000,68.000000,73.000000
200.000000,84.500000,68.000000,73.000000
200.000000,84.500000,68.000000,73.000000
200.000000,84.500000,68.000000,73.000000
224.000000,81.500000,68.000000,73.000000
224.000000,81.500000,68.000000,73.000000
224.000000,81.500000,68.000000,73.000000
224.000000,81.500000,68.000000,73.000000
224.000000,81.500000,68.000000,73.000000
224.000000,81.500000,68.000000,73.000000
224.000000,81.500000,68.000000,73.000000
224.000000,81.500000,68.000000,73.000000
224.000000,81.500000,68.000000,73.000000
224.000000,81.500000,68.000000,73.000000
204.000000,91.500000,68.000000,73.000000
204.000000,91.500000,68.000000,73.000000
204.000000,91.500000,68.000000,73.000000
204.000000,91.500000,68.000000,73.000000
204.000000,91.500000,68.000000,73.000000
204.000000,91.500000,68.000000,73.000000
204.000000,91.500000,68.000000,73.000000
204.000000,91.500000,68.000000,73.000000
204.000000,91.500000,68.000000,73.000000
204.000000,91.500000,68.000000,73.000000
204.000000,91.500000,68.000000,73.000000
204.000000,91.500000,68.000000,73.000000
204.000000,91.500000,68.000000,73.000000
204.000000,91.500000,68.000000,73.000000
204.000000,91.500000,68.000000,73.000000
204.000000,91.500000,68.000000,73.000000
230.000000,79.500000,68.000000,73.000000
230.000000,79.500000,68.000000,73.000000
230.000000,79.500000,68.000000,73.000000
230.000000,79.500000,68.000000,73.000000
230.000000,79.500000,68.000000,73.000000
230.000000,79.500000,68.000000,73.000000
230.000000,79.500000,68.000000,73.000000
230.000000,79.500000,68.000000,73.000000
230.000000,79.500000,68.000000,73.000000
230.000000,79.500000,68.000000,73.000000
230.000000,79.500000,68.000000,73.000000
230.000000,79.500000,68.000000,73.000000
230.000000,79.500000,68.000000,73.000000
230.000000,79.500000,68.000000,73.000000
230.000000,79.500000,68.000000,73.000000
230.000000,79.500000,68.000000,73.000000
230.000000,79.500000,68.000000,73.000000
230.000000,79.500000,68.000000,73.000000
230.000000,79.500000,68.000000,73.000000
230.000000,79.500000,68.000000,73.000000
230.000000,79.500000,68.000000,73.000000
230.000000,79.500000,68.000000,73.000000
230.000000,79.500000,68.000000,73.000000
230.000000,79.500000,68.000000,73.000000
230.000000,79.500000,68.000000,73.000000
242.000000,55.500000,68.000000,73.000000
242.000000,55.500000,68.000000,73.000000
242.000000,55.500000,68.000000,73.000000
242.000000,55.500000,68.000000,73.000000
242.000000,55.500000,68.000000,73.000000
242.000000,55.500000,68.000000,73.000000
242.000000,55.500000,68.000000,73.000000
242.000000,55.500000,68.000000,73.000000
242.000000,55.500000,68.000000,73.000000
242.000000,55.500000,68.000000,73.000000
242.000000,55.500000,68.000000,73.000000
242.000000,55.500000,68.000000,73.000000
219.000000,96.500000,68.000000,73.000000
219.000000,96.500000,68.000000,73.000000
219.000000,96.500000,68.000000,73.000000
219.000000,96.500000,68.000000,73.000000
219.000000,96.500000,68.000000,73.000000
219.000000,96.500000,68.000000,73.000000
219.000000,96.500000,68.000000,73.000000
219.000000,96.500000,68.000000,73.000000
219.000000,96.500000,68.000000,73.000000
219.000000,96.500000,68.000000,73.000000
194.000000,76.500000,68.000000,73.000000
194.000000,76.500000,68.000000,73.000000
194.000000,76.500000,68.000000,73.000000
194.000000,76.500000,68.000000,73.000000
153.000000,93.500000,68.000000,73.000000
153.000000,93.500000,68.000000,73.000000
150.000000,64.500000,68.000000,73.000000
150.000000,64.500000,68.000000,73.000000
150.000000,64.500000,68.000000,73.000000
118.000000,38.500000,68.000000,73.000000
118.000000,38.500000,68.000000,73.000000
118.000000,38.500000,68.000000,73.000000
118.000000,38.500000,68.000000,73.000000
118.000000,38.500000,68.000000,73.000000
118.000000,38.500000,68.000000,73.000000
118.000000,38.500000,68.000000,73.000000
118.000000,38.500000,68.000000,73.000000
118.000000,38.500000,68.000000,73.000000
118.000000,38.500000,68.000000,73.000000
128.000000,70.500000,68.000000,73.000000
128.000000,70.500000,68.000000,73.000000
128.000000,70.500000,68.000000,73.000000
128.000000,70.500000,68.000000,73.000000
128.000000,70.500000,68.000000,73.000000
128.000000,70.500000,68.000000,73.000000
128.000000,70.500000,68.000000,73.000000
159.000000,78.500000,68.000000,73.000000
159.000000,78.500000,68.000000,73.000000
159.000000,78.500000,68.000000,73.000000
159.000000,78.500000,68.000000,73.000000
159.000000,78.500000,68.000000,73.000000
159.000000,78.500000,68.000000,73.000000
159.000000,78.500000,68.000000,73.000000
159.000000,78.500000,68.000000,73.000000
159.000000,78.500000,68.000000,73.000000
159.000000,78.500000,68.000000,73.000000
159.000000,78.500000,68.000000,73.000000
159.000000,78.500000,68.000000,73.000000
189.000000,98.500000,68.000000,73.000000
189.000000,98.500000,68.000000,73.000000
189.000000,98.500000,68.000000,73.000000
189.000000,98.500000,68.000000,73.000000
189.000000,98.500000,68.000000,73.000000
189.000000,98.500000,68.000000,73.000000
189.000000,98.500000,68.000000,73.000000
189.000000,98.500000,68.000000,73.000000
189.000000,98.500000,68.000000,73.000000
189.000000,98.500000,68.000000,73.000000
189.000000,98.500000,68.000000,73.000000
189.000000,98.500000,68.000000,73.000000
189.000000,98.500000,68.000000,73.000000
189.000000,98.500000,68.000000,73.000000
183.000000,75.500000,68.000000,73.000000
183.000000,75.500000,68.000000,73.000000
183.000000,75.500000,68.000000,73.000000
183.000000,75.500000,68.000000,73.000000
183.000000,75.500000,68.000000,73.000000
183.000000,75.500000,68.000000,73.000000
149.000000,78.500000,68.000000,73.000000
149.000000,78.500000,68.000000,73.000000
149.000000,78.500000,68.000000,73.000000
149.000000,78.500000,68.000000,73.000000
149.000000,78.500000,68.000000,73.000000
149.000000,78.500000,68.000000,73.000000
149.000000,78.500000,68.000000,73.000000
149.000000,78.500000,68.000000,73.000000
149.000000,78.500000,68.000000,73.000000
149.000000,78.500000,68.000000,73.000000
149.000000,78.500000,68.000000,73.000000
149.000000,78.500000,68.000000,73.000000
149.000000,78.500000,68.000000,73.000000
149.000000,78.500000,68.000000,73.000000
176.000000,94.500000,68.000000,73.000000
176.000000,94.500000,68.000000,73.000000
207.000000,92.500000,68.000000,73.000000
207.000000,92.500000,68.000000,73.000000
207.000000,92.500000,68.000000,73.000000
207.000000,92.500000,68.000000,73.000000
207.000000,92.500000,68.000000,73.000000
207.000000,92.500000,68.000000,73.000000
207.000000,92.500000,68.000000,73.000000
207.000000,92.500000,68.000000,73.000000
207.000000,92.500000,68.000000,73.000000
207.000000,92.500000,68.000000,73.000000
207.000000,92.500000,68.000000,73.000000
207.000000,92.500000,68.000000,73.000000
207.000000,92.500000,68.000000,73.000000
207.000000,92.500000,68.000000,73.000000
207.000000,92.500000,68.000000,73.000000
207.000000,92.500000,68.000000,73.000000
207.000000,92.500000,68.000000,73.000000
207.000000,92.500000,68.000000,73.000000
207.000000,92.500000,68.000000,73.000000
207.000000,92.500000,68.000000,73.000000
207.000000,92.500000,68.000000,73.000000
207.000000,92.500000,68.000000,73.000000
207.000000,92.500000,68.000000,73.000000
207.000000,92.500000,68.000000,73.000000
207.000000,92.500000,68.000000,73.000000
207.000000,92.500000,68.000000,73.000000
207.000000,92.500000,68.000000,73.000000
207.000000,92.500000,68.000000,73.000000
207.000000,92.500000,68.000000,73.000000
207.000000,92.500000,68.000000,73.000000
207.000000,92.500000,68.000000,73.000000
207.000000,92.500000,68.000000,73.000000
207.000000,92.500000,68.000000,73.000000
207.000000,92.500000,68.000000,73.000000
210.000000,71.500000,68.000000,73.000000
210.000000,71.500000,68.000000,73.000000
210.000000,71.500000,68.000000,73.000000
210.000000,71.500000,68.000000,73.000000
210.000000,71.500000,68.000000,73.000000
210.000000,71.500000,68.000000,73.000000
210.000000,71.500000,68.000000,73.000000
210.000000,71.500000,68.000000,73.000000
210.000000,71.500000,68.000000,73.000000
210.000000,71.500000,68.000000,73.000000
190.000000,71.500000,68.000000,73.000000
190.000000,71.500000,68.000000,73.000000
190.000000,71.500000,68.000000,73.000000
190.000000,71.500000,68.000000,73.000000
190.000000,71.500000,68.000000,73.000000
190.000000,71.500000,68.000000,73.000000
190.000000,71.500000,68.000000,73.000000
190.000000,71.500000,68.000000,73.000000
190.000000,71.500000,68.000000,73.000000
190.000000,71.500000,68.000000,73.000000
190.000000,71.500000,68.000000,73.000000
190.000000,71.500000,68.000000,73.000000
190.000000,71.500000,68.000000,73.000000
190.000000,71.500000,68.000000,73.000000
190.000000,71.500000,68.000000,73.000000
190.000000,71.500000,68.000000,73.000000
190.000000,71.500000,68.000000,73.000000
190.000000,71.500000,68.000000,73.000000
190.000000,71.500000,68.000000,73.000000
190.000000,71.500000,68.000000,73.000000
190.000000,71.500000,68.000000,73.000000
168.000000,75.500000,68.000000,73.000000
168.000000,75.500000,68.000000,73.000000
168.000000,75.500000,68.000000,73.000000
168.000000,75.500000,68.000000,73.000000
168.000000,75.500000,68.000000,73.000000
168.000000,75.500000,68.000000,73.000000
168.000000,75.500000,68.000000,73.000000
168.000000,75.500000,68.000000,73.000000
168.000000,75.500000,68.000000,73.000000
168.000000,75.500000,68.000000,73.000000
168.000000,75.500000,68.000000,73.000000
168.000000,75.500000,68.000000,73.000000
168.000000,75.500000,68.000000,73.000000
168.000000,75.500000,68.000000,73.000000
146.000000,85.500000,68.000000,73.000000
146.000000,85.500000,68.000000,73.000000
146.000000,85.500000,68.000000,73.000000
146.000000,85.500000,68.000000,73.000000
134.000000,60.500000,68.000000,73.000000
134.000000,60.500000,68.000000,73.000000
134.000000,60.500000,68.000000,73.000000
134.000000,60.500000,68.000000,73.000000
134.000000,60.500000,68.000000,73.000000
134.000000,60.500000,68.000000,73.000000
134.000000,60.500000,68.000000,73.000000
134.000000,60.500000,68.000000,73.000000
134.000000,60.500000,68.000000,73.000000
134.000000,60.500000,68.000000,73.000000
134.000000,60.500000,68.000000,73.000000
134.000000,60.500000,68.000000,73.000000
134.000000,60.500000,68.000000,73.000000
134.000000,60.500000,68.000000,73.000000
134.000000,60.500000,68.000000,73.000000
134.000000,60.500000,68.000000,73.000000
134.000000,60.500000,68.000000,73.000000
134.000000,60.500000,68.000000,73.000000
134.000000,60.500000,68.000000,73.000000
134.000000,60.500000,68.000000,73.000000
134.000000,60.500000,68.000000,73.000000
134.000000,60.500000,68.000000,73.000000
166.000000,81.500000,68.000000,73.000000
166.000000,81.500000,68.000000,73.000000
166.000000,81.500000,68.000000,73.000000
166.000000,81.500000,68.000000,73.000000
143.000000,42.500000,68.000000,73.000000
143.000000,42.500000,68.000000,73.000000
143.000000,42.500000,68.000000,73.000000
143.000000,42.500000,68.000000,73.000000
143.000000,42.500000,68.000000,73.000000
143.000000,42.500000,68.000000,73.000000
143.000000,42.500000,68.000000,73.000000
143.000000,42.500000,68.000000,73.000000
143.000000,42.500000,68.000000,73.000000
185.000000,61.500000,68.000000,73.000000
185.000000,61.500000,68.000000,73.000000
185.000000,61.500000,68.000000,73.000000
185.000000,61.500000,68.000000,73.000000
185.000000,61.500000,68.000000,73.000000
185.000000,61.500000,68.000000,73.000000
185.000000,61.500000,68.000000,73.000000
185.000000,61.500000,68.000000,73.000000
185.000000,61.500000,68.000000,73.000000
185.000000,61.500000,68.000000,73.000000
185.000000,61.500000,68.000000,73.000000
185.000000,61.500000,68.000000,73.000000
185.000000,61.500000,68.000000,73.000000
185.000000,61.500000,68.000000,73.000000
185.000000,61.500000,68.000000,73.000000
185.000000,61.500000,68.000000,73.000000
156.000000,85.500000,68.000000,73.000000
156.000000,85.500000,68.000000,73.000000
156.000000,85.500000,68.000000,73.000000
156.000000,85.500000,68.000000,73.000000
156.000000,85.500000,68.000000,73.000000
136.000000,60.500000,68.000000,73.000000
136.000000,60.500000,68.000000,73.000000
136.000000,60.500000,68.000000,73.000000
136.000000,60.500000,68.000000,73.000000
136.000000,60.500000,68.000000,73.000000
136.000000,60.500000,68.000000,73.000000
136.000000,60.500000,68.000000,73.000000
136.000000,60.500000,68.000000,73.000000
115.000000,85.500000,68.000000,73.000000
115.000000,85.500000,68.000000,73.000000
115.000000,85.500000,68.000000,73.000000
115.000000,85.500000,68.000000,73.000000
115.000000,85.500000,68.000000,73.000000
115.000000,85.500000,68.000000,73.000000
138.000000,78.500000,68.000000,73.000000
138.000000,78.500000,68.000000,73.000000
138.000000,78.500000,68.000000,73.000000
138.000000,78.500000,68.000000,73.000000
138.000000,78.500000,68.000000,73.000000
138.000000,78.500000,68.000000,73.000000
138.000000,78.500000,68.000000,73.000000
138.000000,78.500000,68.000000,73.000000
138.000000,78.500000,68.000000,73.000000
138.000000,78.500000,68.000000,73.000000
138.000000,78.500000,68.000000,73.000000
138.000000,78.500000,68.000000,73.000000
138.000000,78.500000,68.000000,73.000000
138.000000,78.500000,68.000000,73.000000
138.000000,78.500000,68.000000,73.000000
111.000000,74.500000,68.000000,73.000000
111.000000,74.500000,68.000000,73.000000
111.000000,74.500000,68.000000,73.000000
111.000000,74.500000,68.000000,73.000000
111.000000,74.500000,68.000000,73.000000
111.000000,74.500000,68.000000,73.000000
111.000000,74.500000,68.000000,73.000000
111.000000,74.500000,68.000000,73.000000
111.000000,74.500000,68.000000,73.000000
111.000000,74.500000,68.000000,73.000000
111.000000,74.500000,68.000000,73.000000
111.000000,74.500000,68.000000,73.000000
146.000000,86.500000,68.000000,73.000000
146.000000,86.500000,68.000000,73.000000
146.000000,86.500000,68.000000,73.000000
