1
145.000000,77.000000,68.000000,73.000000
145.000000,77.000000,68.000000,73.000000
145.000000,77.000000,68.000000,73.000000
145.000000,77.000000,68.000000,73.000000
145.000000,77.000000,68.000000,73.000000
145.000000,77.000000,68.000000,73.000000
145.000000,77.000000,68.000000,73.000000
145.000000,77.000000,68.000000,73.000000
145.000000,77.000000,68.000000,73.000000
145.000000,77.000000,68.000000,73.000000
145.000000,77.000000,68.000000,73.000000
145.000000,77.000000,68.000000,73.000000
145.000000,77.000000,68.000000,73.000000
145.000000,77.000000,68.000000,73.000000
145.000000,77.000000,68.000000,73.000000
145.000000,77.000000,68.000000,73.000000
156.000000,105.500000,68.000000,73.000000
156.000000,105.500000,68.000000,73.000000
156.000000,105.500000,68.000000,73.000000
156.000000,105.500000,68.000000,73.000000
165.000000,77.500000,68.000000,73.000000
165.000000,77.500000,68.000000,73.000000
165.000000,77.500000,68.000000,73.000000
165.000000,77.500000,68.000000,73.000000
165.000000,77.500000,68.000000,73.000000
165.000000,77.500000,68.000000,73.000000
168.000000,102.500000,68.000000,73.000000
168.000000,102.500000,68.000000,73.000000
168.000000,102.500000,68.000000,73.000000
168.000000,102.500000,68.000000,73.000000
168.000000,102.500000,68.000000,73.000000
168.000000,102.500000,68.000000,73.000000
168.000000,102.500000,68.000000,73.000000
168.000000,102.500000,68.000000,73.000000
168.000000,102.500000,68.000000,73.000000
143.000000,97.500000,68.000000,73.000000
143.000000,97.500000,68.000000,73.000000
143.000000,97.500000,68.000000,73.000000
143.000000,97.500000,68.000000,73.000000
143.000000,97.500000,68.000000,73.000000
143.000000,97.500000,68.000000,73.000000
143.000000,97.500000,68.000000,73.000000
143.000000,97.500000,68.000000,73.000000
143.000000,97.500000,68.000000,73.000000
143.000000,97.500000,68.000000,73.000000
143.000000,97.500000,68.000000,73.000000
143.000000,97.500000,68.000000,73.000000
143.000000,97.500000,68.000000,73.000000
143.000000,97.500000,68.000000,73.000000
143.000000,97.500000,68.000000,73.000000
143.000000,97.500000,68.000000,73.000000
143.000000,97.500000,68.000000,73.000000
143.000000,97.500000,68.000000,73.000000
143.000000,97.500000,68.000000,73.000000
143.000000,97.500000,68.000000,73.000000
143.000000,97.500000,68.000000,73.000000
143.000000,97.500000,68.000000,73.000000
143.000000,97.500000,68.000000,73.000000
143.000000,97.500000,68.000000,73.000000
143.000000,97.500000,68.000000,73.000000
143.000000,97.500000,68.000000,73.000000
143.000000,97.500000,68.000000,73.000000
143.000000,97.500000,68.000000,73.000000
143.000000,97.500000,68.000000,73.000000
143.000000,97.500000,68.000000,73.000000
143.000000,97.500000,68.000000,73.000000
143.000000,97.500000,68.000000,73.000000
143.000000,97.500000,68.000000,73.000000
143.000000,97.500000,68.000000,73.000000
143.000000,97.500000,68.000000,73.000000
182.000000,69.500000,68.000000,73.000000
182.000000,69.500000,68.000000,73.000000
182.000000,69.500000,68.000000,73.000000
182.000000,69.500000,68.000000,73.000000
182.000000,69.500000,68.000000,73.000000
182.000000,69.500000,68.000000,73.000000
182.000000,69.500000,68.000000,73.000000
182.000000,69.500000,68.000000,73.000000
182.000000,69.500000,68.000000,73.000000
182.000000,69.500000,68.000000,73.000000
182.000000,69.500000,68.000000,73.000000
182.000000,69.500000,68.000000,73.000000
182.000000,69.500000,68.000000,73.000000
182.000000,69.500000,68.000000,73.000000
182.000000,69.500000,68.000000,73.000000
182.000000,69.500000,68.000000,73.000000
182.000000,69.500000,68.000000,73.000000
161.000000,59.500000,68.000000,73.000000
161.000000,59.500000,68.000000,73.000000
161.000000,59.500000,68.000000,73.000000
161.000000,59.500000,68.000000,73.000000
161.000000,59.500000,68.000000,73.000000
161.000000,59.500000,68.000000,73.000000
161.000000,59.500000,68.000000,73.000000
135.000000,68.500000,68.000000,73.000000
135.000000,68.500000,68.000000,73.000000
135.000000,68.500000,68.000000,73.000000
135.000000,68.500000,68.000000,73.000000
135.000000,68.500000,68.000000,73.000000
135.000000,68.500000,68.000000,73.000000
160.000000,86.500000,68.000000,73.000000
160.000000,86.500000,68.000000,73.000000
160.000000,86.500000,68.000000,73.000000
160.000000,86.500000,68.000000,73.000000
160.000000,86.500000,68.000000,73.000000
160.000000,86.500000,68.000000,73.000000
160.000000,86.500000,68.000000,73.000000
160.000000,86.500000,68.000000,73.000000
160.000000,86.500000,68.000000,73.000000
160.000000,86.500000,68.000000,73.000000
160.000000,86.500000,68.000000,73.000000
160.000000,86.500000,68.000000,73.000000
160.000000,86.500000,68.000000,73.000000
160.000000,86.500000,68.000000,73.000000
160.000000,86.500000,68.000000,73.000000
160.000000,86.500000,68.000000,73.000000
160.000000,86.500000,68.000000,73.000000
160.000000,86.500000,68.000000,73.000000
160.000000,86.500000,68.000000,73.000000
160.000000,86.500000,68.000000,73.000000
160.000000,86.500000,68.000000,73.000000
160.000000,86.500000,68.000000,73.000000
160.000000,86.500000,68.000000,73.000000
160.000000,86.500000,68.000000,73.000000
160.000000,86.500000,68.000000,73.000000
160.000000,86.500000,68.000000,73.000000
160.000000,86.500000,68.000000,73.000000
160.000000,86.500000,68.000000,73.000000
160.000000,86.500000,68.000000,73.000000
160.000000,86.500000,68.000000,73.000000
160.000000,86.500000,68.000000,73.000000
160.000000,86.500000,68.000000,73.000000
160.000000,86.500000,68.000000,73.000000
160.000000,86.500000,68.000000,73.000000
160.000000,86.500000,68.000000,73.000000
160.000000,86.500000,68.000000,73.000000
160.000000,86.500000,68.000000,73.000000
160.000000,86.500000,68.000000,73.000000
160.000000,86.500000,68.000000,73.000000
160.000000,86.500000,68.000000,73.000000
160.000000,86.500000,68.000000,73.000000
160.000000,86.500000,68.000000,73.000000
160.000000,86.500000,68.000000,73.000000
160.000000,86.500000,68.000000,73.000000
160.000000,86.500000,68.000000,73.000000
160.000000,86.500000,68.000000,73.000000
160.000000,86.500000,68.000000,73.000000
160.000000,86.500000,68.000000,73.000000
160.000000,86.500000,68.000000,73.000000
160.000000,86.500000,68.000000,73.000000
160.000000,86.500000,68.000000,73.000000
160.000000,86.500000,68.000000,73.000000
160.000000,86.500000,68.000000,73.000000
160.000000,86.500000,68.000000,73.000000
160.000000,86.500000,68.000000,73.000000
160.000000,86.500000,68.000000,73.000000
160.000000,86.500000,68.000000,73.000000
160.000000,86.500000,68.000000,73.000000
160.000000,86.500000,68.000000,73.000000
160.000000,86.500000,68.000000,73.000000
160.000000,86.500000,68.000000,73.000000
160.000000,86.500000,68.000000,73.000000
160.000000,86.500000,68.000000,73.000000
160.000000,86.500000,68.000000,73.000000
160.000000,86.500000,68.000000,73.000000
160.000000,86.500000,68.000000,73.000000
160.000000,86.500000,68.000000,73.000000
160.000000,86.500000,68.000000,73.000000
160.000000,86.500000,68.000000,73.000000
160.000000,86.500000,68.000000,73.000000
160.000000,86.500000,68.000000,73.000000
160.000000,86.500000,68.000000,73.000000
160.000000,86.500000,68.000000,73.000000
160.000000,86.500000,68.000000,73.000000
160.000000,86.500000,68.000000,73.000000
160.000000,86.500000,68.000000,73.000000
160.000000,86.500000,68.000000,73.000000
160.000000,86.500000,68.000000,73.000000
160.000000,86.500000,68.000000,73.000000
160.000000,86.500000,68.000000,73.000000
160.000000,86.500000,68.000000,73.000000
160.000000,86.500000,68.000000,73.000000
160.000000,86.500000,68.000000,73.000000
160.000000,86.500000,68.000000,73.000000
160.000000,86.500000,68.000000,73.000000
160.000000,86.500000,68.000000,73.000000
160.000000,86.500000,68.000000,73.000000
160.000000,86.500000,68.000000,73.000000
160.000000,86.500000,68.000000,73.000000
160.000000,86.500000,68.000000,73.000000
160.000000,86.500000,68.000000,73.000000
160.000000,86.500000,68.000000,73.000000
160.000000,86.500000,68.000000,73.000000
160.000000,86.500000,68.000000,73.000000
160.000000,86.500000,68.000000,73.000000
160.000000,86.500000,68.000000,73.000000
160.000000,86.500000,68.000000,73.000000
160.000000,86.500000,68.000000,73.000000
160.000000,86.500000,68.000000,73.000000
160.000000,86.500000,68.000000,73.000000
184.000000,100.500000,68.000000,73.000000
184.000000,100.500000,68.000000,73.000000
184.000000,100.500000,68.000000,73.000000
184.000000,100.500000,68.000000,73.000000
184.000000,100.500000,68.000000,73.000000
184.000000,100.500000,68.000000,73.000000
184.000000,100.500000,68.000000,73.000000
184.000000,100.500000,68.000000,73.000000
184.000000,100.500000,68.000000,73.000000
184.000000,100.500000,68.000000,73.000000
184.000000,100.500000,68.000000,73.000000
184.000000,100.500000,68.000000,73.000000
184.000000,100.500000,68.000000,73.000000
184.000000,100.500000,68.000000,73.000000
184.000000,100.500000,68.000000,73.000000
184.000000,100.500000,68.000000,73.000000
184.000000,100.500000,68.000000,73.000000
184.000000,100.500000,68.000000,73.000000
184.000000,100.500000,68.000000,73.000000
184.000000,100.500000,68.000000,73.000000
184.000000,100.500000,68.000000,73.000000
184.000000,100.500000,68.000000,73.000000
184.000000,100.500000,68.000000,73.000000
184.000000,100.500000,68.000000,73.000000
184.000000,100.500000,68.000000,73.000000
184.000000,100.500000,68.000000,73.000000
184.000000,100.500000,68.000000,73.000000
184.000000,100.500000,68.000000,73.000000
184.000000,100.500000,68.000000,73.000000
184.000000,100.500000,68.000000,73.000000
184.000000,100.500000,68.000000,73.000000
210.000000,99.500000,68.000000,73.000000
210.000000,99.500000,68.000000,73.000000
210.000000,99.500000,68.000000,73.000000
210.000000,99.500000,68.000000,73.000000
210.000000,99.500000,68.000000,73.000000
210.000000,99.500000,68.000000,73.000000
210.000000,99.500000,68.000000,73.000000
210.000000,99.500000,68.000000,73.000000
210.000000,99.500000,68.000000,73.000000
210.000000,99.500000,68.000000,73.000000
210.000000,99.500000,68.000000,73.000000
210.000000,99.500000,68.000000,73.000000
210.000000,99.500000,68.000000,73.000000
210.000000,99.500000,68.000000,73.000000
210.000000,99.500000,68.000000,73.000000
210.000000,99.500000,68.000000,73.000000
210.000000,99.500000,68.000000,73.000000
210.000000,99.500000,68.000000,73.000000
210.000000,99.500000,68.000000,73.000000
210.000000,99.500000,68.000000,73.000000
210.000000,99.500000,68.000000,73.000000
210.000000,99.500000,68.000000,73.000000
210.000000,99.500000,68.000000,73.000000
210.000000,99.500000,68.000000,73.000000
210.000000,99.500000,68.000000,73.000000
210.000000,99.500000,68.000000,73.000000
210.000000,99.500000,68.000000,73.000000
210.000000,99.500000,68.000000,73.000000
210.000000,99.500000,68.000000,73.000000
210.000000,99.500000,68.000000,73.000000
210.000000,99.500000,68.000000,73.000000
210.000000,99.500000,68.000000,73.000000
210.000000,99.500000,68.000000,73.000000
243.000000,116.500000,68.000000,73.000000
214.000000,80.500000,68.000000,73.000000
214.000000,80.500000,68.000000,73.000000
214.000000,80.500000,68.000000,73.000000
214.000000,80.500000,68.000000,73.000000
223.000000,106.500000,68.000000,73.000000
223.000000,106.500000,68.000000,73.000000
250.000000,94.500000,68.000000,73.000000
236.000000,73.500000,68.000000,73.000000
236.000000,73.500000,68.000000,73.000000
236.000000,73.500000,68.000000,73.000000
236.000000,73.500000,68.000000,73.000000
236.000000,73.500000,68.000000,73.000000
236.000000,73.500000,68.000000,73.000000
236.000000,73.500000,68.000000,73.000000
236.000000,73.500000,68.000000,73.000000
236.000000,73.500000,68.000000,73.000000
236.000000,73.500000,68.000000,73.000000
236.000000,73.500000,68.000000,73.000000
236.000000,73.500000,68.000000,73.000000
236.000000,73.500000,68.000000,73.000000
236.000000,73.500000,68.000000,73.000000
236.000000,73.500000,68.000000,73.000000
236.000000,73.500000,68.000000,73.000000
236.000000,73.500000,68.000000,73.000000
236.000000,73.500000,68.000000,73.000000
236.000000,73.500000,68.000000,73.000000
236.000000,73.500000,68.000000,73.000000
236.000000,73.500000,68.000000,73.000000
236.000000,73.500000,68.000000,73.000000
236.000000,73.500000,68.000000,73.000000
236.000000,73.500000,68.000000,73.000000
236.000000,73.500000,68.000000,73.000000
236.000000,73.500000,68.000000,73.000000
236.000000,73.500000,68.000000,73.000000
236.000000,73.500000,68.000000,73.000000
236.000000,73.500000,68.000000,73.000000
225.000000,99.500000,68.000000,73.000000
225.000000,99.500000,68.000000,73.000000
225.000000,99.500000,68.000000,73.000000
225.000000,99.500000,68.000000,73.000000
225.000000,99.500000,68.000000,73.000000
225.000000,99.500000,68.000000,73.000000
225.000000,99.500000,68.000000,73.000000
225.000000,99.500000,68.000000,73.000000
225.000000,99.500000,68.000000,73.000000
225.000000,99.500000,68.000000,73.000000
200.000000,94.500000,68.000000,73.000000
200.000000,94.500000,68.000000,73.000000
200.000000,94.500000,68.000000,73.000000
200.000000,94.500000,68.000000,73.000000
169.000000,95.500000,68.000000,73.000000
169.000000,95.500000,68.000000,73.000000
169.000000,95.500000,68.000000,73.000000
142.000000,77.500000,68.000000,73.000000
142.000000,77.500000,68.000000,73.000000
109.000000,45.500000,68.000000,73.000000
109.000000,45.500000,68.000000,73.000000
109.000000,45.500000,68.000000,73.000000
109.000000,45.500000,68.000000,73.000000
109.000000,45.500000,68.000000,73.000000
109.000000,45.500000,68.000000,73.000000
109.000000,45.500000,68.000000,73.000000
109.000000,45.500000,68.000000,73.000000
109.000000,45.500000,68.000000,73.000000
109.000000,45.500000,68.000000,73.000000
109.000000,45.500000,68.000000,73.000000
135.000000,99.500000,68.000000,73.000000
161.000000,78.500000,68.000000,73.000000
161.000000,78.500000,68.000000,73.000000
161.000000,78.500000,68.000000,73.000000
161.000000,78.500000,68.000000,73.000000
161.000000,78.500000,68.000000,73.000000
161.000000,78.500000,68.000000,73.000000
161.000000,78.500000,68.000000,73.000000
161.000000,78.500000,68.000000,73.000000
161.000000,78.500000,68.000000,73.000000
161.000000,78.500000,68.000000,73.000000
141.000000,58.500000,68.000000,73.000000
141.000000,58.500000,68.000000,73.000000
141.000000,58.500000,68.000000,73.000000
141.000000,58.500000,68.000000,73.000000
141.000000,58.500000,68.000000,73.000000
141.000000,58.500000,68.000000,73.000000
141.000000,58.500000,68.000000,73.000000
158.000000,96.500000,68.000000,73.000000
158.000000,96.500000,68.000000,73.000000
158.000000,96.500000,68.000000,73.000000
158.000000,96.500000,68.000000,73.000000
192.000000,102.500000,68.000000,73.000000
192.000000,102.500000,68.000000,73.000000
192.000000,102.500000,68.000000,73.000000
192.000000,102.500000,68.000000,73.000000
192.000000,102.500000,68.000000,73.000000
192.000000,102.500000,68.000000,73.000000
192.000000,102.500000,68.000000,73.000000
192.000000,102.500000,68.000000,73.000000
192.000000,102.500000,68.000000,73.000000
186.000000,78.500000,68.000000,73.000000
186.000000,78.500000,68.000000,73.000000
186.000000,78.500000,68.000000,73.000000
186.000000,78.500000,68.000000,73.000000
186.000000,78.500000,68.000000,73.000000
166.000000,73.500000,68.000000,73.000000
166.000000,73.500000,68.000000,73.000000
166.000000,73.500000,68.000000,73.000000
166.000000,73.500000,68.000000,73.000000
166.000000,73.500000,68.000000,73.000000
166.000000,73.500000,68.000000,73.000000
166.000000,73.500000,68.000000,73.000000
166.000000,73.500000,68.000000,73.000000
166.000000,73.500000,68.000000,73.000000
166.000000,73.500000,68.000000,73.000000
166.000000,73.500000,68.000000,73.000000
166.000000,73.500000,68.000000,73.000000
166.000000,73.500000,68.000000,73.000000
166.000000,73.500000,68.000000,73.000000
166.000000,73.500000,68.000000,73.000000
166.000000,73.500000,68.000000,73.000000
166.000000,73.500000,68.000000,73.000000
166.000000,73.500000,68.000000,73.000000
195.000000,90.500000,68.000000,73.000000
195.000000,90.500000,68.000000,73.000000
195.000000,90.500000,68.000000,73.000000
195.000000,90.500000,68.000000,73.000000
195.000000,90.500000,68.000000,73.000000
195.000000,90.500000,68.000000,73.000000
195.000000,90.500000,68.000000,73.000000
195.000000,90.500000,68.000000,73.000000
195.000000,90.500000,68.000000,73.000000
195.000000,90.500000,68.000000,73.000000
195.000000,90.500000,68.000000,73.000000
195.000000,90.500000,68.000000,73.000000
195.000000,90.500000,68.000000,73.000000
195.000000,90.500000,68.000000,73.000000
195.000000,90.500000,68.000000,73.000000
195.000000,90.500000,68.000000,73.000000
195.000000,90.500000,68.000000,73.000000
195.000000,90.500000,68.000000,73.000000
195.000000,90.500000,68.000000,73.000000
195.000000,90.500000,68.000000,73.000000
195.000000,90.500000,68.000000,73.000000
195.000000,90.500000,68.000000,73.000000
195.000000,90.500000,68.000000,73.000000
195.000000,90.500000,68.000000,73.000000
195.000000,90.500000,68.000000,73.000000
195.000000,90.500000,68.000000,73.000000
195.000000,90.500000,68.000000,73.000000
195.000000,90.500000,68.000000,73.000000
195.000000,90.500000,68.000000,73.000000
195.000000,90.500000,68.000000,73.000000
195.000000,90.500000,68.000000,73.000000
195.000000,90.500000,68.000000,73.000000
195.000000,90.500000,68.000000,73.000000
195.000000,90.500000,68.000000,73.000000
195.000000,90.500000,68.000000,73.000000
195.000000,90.500000,68.000000,73.000000
195.000000,90.500000,68.000000,73.000000
195.000000,90.500000,68.000000,73.000000
195.000000,90.500000,68.000000,73.000000
195.000000,90.500000,68.000000,73.000000
195.000000,90.500000,68.000000,73.000000
195.000000,90.500000,68.000000,73.000000
195.000000,90.500000,68.000000,73.000000
195.000000,90.500000,68.000000,73.000000
195.000000,90.500000,68.000000,73.000000
195.000000,90.500000,68.000000,73.000000
195.000000,90.500000,68.000000,73.000000
161.000000,88.500000,68.000000,73.000000
161.000000,88.500000,68.000000,73.000000
161.000000,88.500000,68.000000,73.000000
161.000000,88.500000,68.000000,73.000000
161.000000,88.500000,68.000000,73.000000
191.000000,98.500000,68.000000,73.000000
191.000000,98.500000,68.000000,73.000000
191.000000,98.500000,68.000000,73.000000
191.000000,98.500000,68.000000,73.000000
191.000000,98.500000,68.000000,73.000000
196.000000,78.500000,68.000000,73.000000
196.000000,78.500000,68.000000,73.000000
158.000000,89.500000,68.000000,73.000000
158.000000,89.500000,68.000000,73.000000
158.000000,89.500000,68.000000,73.000000
158.000000,89.500000,68.000000,73.000000
158.000000,89.500000,68.000000,73.000000
158.000000,89.500000,68.000000,73.000000
158.000000,89.500000,68.000000,73.000000
158.000000,89.500000,68.000000,73.000000
158.000000,89.500000,68.000000,73.000000
158.000000,89.500000,68.000000,73.000000
158.000000,89.500000,68.000000,73.000000
158.000000,89.500000,68.000000,73.000000
158.000000,89.500000,68.000000,73.000000
158.000000,89.500000,68.000000,73.000000
158.000000,89.500000,68.000000,73.000000
158.000000,89.500000,68.000000,73.000000
158.000000,89.500000,68.000000,73.000000
158.000000,89.500000,68.000000,73.000000
158.000000,89.500000,68.000000,73.000000
158.000000,89.500000,68.000000,73.000000
158.000000,89.500000,68.000000,73.000000
129.000000,62.500000,68.000000,73.000000
129.000000,62.500000,68.000000,73.000000
129.000000,62.500000,68.000000,73.000000
129.000000,62.500000,68.000000,73.000000
129.000000,62.500000,68.000000,73.000000
129.000000,62.500000,68.000000,73.000000
129.000000,62.500000,68.000000,73.000000
129.000000,62.500000,68.000000,73.000000
129.000000,62.500000,68.000000,73.000000
129.000000,62.500000,68.000000,73.000000
129.000000,62.500000,68.000000,73.000000
129.000000,62.500000,68.000000,73.000000
129.000000,62.500000,68.000000,73.000000
129.000000,62.500000,68.000000,73.000000
129.000000,62.500000,68.000000,73.000000
129.000000,62.500000,68.000000,73.000000
129.000000,62.500000,68.000000,73.000000
129.000000,62.500000,68.000000,73.000000
129.000000,62.500000,68.000000,73.000000
129.000000,62.500000,68.000000,73.000000
129.000000,62.500000,68.000000,73.000000
129.000000,62.500000,68.000000,73.000000
161.000000,87.500000,68.000000,73.000000
187.000000,85.500000,68.000000,73.000000
163.000000,78.500000,68.000000,73.000000
163.000000,78.500000,68.000000,73.000000
163.000000,78.500000,68.000000,73.000000
163.000000,78.500000,68.000000,73.000000
163.000000,78.500000,68.000000,73.000000
163.000000,78.500000,68.000000,73.000000
163.000000,78.500000,68.000000,73.000000
163.000000,78.500000,68.000000,73.000000
163.000000,78.500000,68.000000,73.000000
142.000000,80.500000,68.000000,73.000000
142.000000,80.500000,68.000000,73.000000
142.000000,80.500000,68.000000,73.000000
140.000000,59.500000,68.000000,73.000000
140.000000,59.500000,68.000000,73.000000
140.000000,59.500000,68.000000,73.000000
140.000000,59.500000,68.000000,73.000000
140.000000,59.500000,68.000000,73.000000
175.000000,69.500000,68.000000,73.000000
175.000000,69.500000,68.000000,73.000000
175.000000,69.500000,68.000000,73.000000
175.000000,69.500000,68.000000,73.000000
175.000000,69.500000,68.000000,73.000000
175.000000,69.500000,68.000000,73.000000
175.000000,69.500000,68.000000,73.000000
175.000000,69.500000,68.000000,73.000000
175.000000,69.500000,68.000000,73.000000
175.000000,69.500000,68.000000,73.000000
175.000000,69.500000,68.000000,73.000000
175.000000,69.500000,68.000000,73.000000
175.000000,69.500000,68.000000,73.000000
175.000000,69.500000,68.000000,73.000000
175.000000,69.500000,68.000000,73.000000
175.000000,69.500000,68.000000,73.000000
147.000000,75.500000,68.000000,73.000000
147.000000,75.500000,68.000000,73.000000
147.000000,75.500000,68.000000,73.000000
147.000000,75.500000,68.000000,73.000000
147.000000,75.500000,68.000000,73.000000
105.000000,59.500000,68.000000,73.000000
105.000000,59.500000,68.000000,73.000000
105.000000,59.500000,68.000000,73.000000
105.000000,59.500000,68.000000,73.000000
105.000000,59.500000,68.000000,73.000000
135.000000,99.500000,68.000000,73.000000
135.000000,99.500000,68.000000,73.000000
135.000000,99.500000,68.000000,73.000000
135.000000,99.500000,68.000000,73.000000
135.000000,99.500000,68.000000,73.000000
135.000000,99.500000,68.000000,73.000000
135.000000,99.500000,68.000000,73.000000
135.000000,99.500000,68.000000,73.000000
135.000000,99.500000,68.000000,73.000000
135.000000,99.500000,68.000000,73.000000
135.000000,99.500000,68.000000,73.000000
135.000000,99.500000,68.000000,73.000000
135.000000,99.500000,68.000000,73.000000
135.000000,99.500000,68.000000,73.000000
135.000000,99.500000,68.000000,73.000000
135.000000,99.500000,68.000000,73.000000
135.000000,99.500000,68.000000,73.000000
135.000000,99.500000,68.000000,73.000000
135.000000,99.500000,68.000000,73.000000
135.000000,99.500000,68.000000,73.000000
135.000000,99.500000,68.000000,73.000000
135.000000,99.500000,68.000000,73.000000
135.000000,99.500000,68.000000,73.000000
135.000000,99.500000,68.000000,73.000000
135.000000,99.500000,68.000000,73.000000
135.000000,99.500000,68.000000,73.000000
135.000000,99.500000,68.000000,73.000000
135.000000,99.500000,68.000000,73.000000
135.000000,99.500000,68.000000,73.000000
135.000000,99.500000,68.000000,73.000000
135.000000,99.500000,68.000000,73.000000
135.000000,99.500000,68.000000,73.000000
135.000000,99.500000,68.000000,73.000000
135.000000,99.500000,68.000000,73.000000
135.000000,99.500000,68.000000,73.000000
135.000000,99.500000,68.000000,73.000000
