1
145.000000,77.000000,68.000000,73.000000
145.000000,77.000000,68.000000,73.000000
145.000000,77.000000,68.000000,73.000000
145.000000,77.000000,68.000000,73.000000
145.000000,77.000000,68.000000,73.000000
145.000000,77.000000,68.000000,73.000000
145.000000,77.000000,68.000000,73.000000
145.000000,77.000000,68.000000,73.000000
145.000000,77.000000,68.000000,73.000000
145.000000,77.000000,68.000000,73.000000
145.000000,77.000000,68.000000,73.000000
145.000000,77.000000,68.000000,73.000000
145.000000,77.000000,68.000000,73.000000
145.000000,77.000000,68.000000,73.000000
145.000000,77.000000,68.000000,73.000000
145.000000,77.000000,68.000000,73.000000
145.000000,77.000000,68.000000,73.000000
145.000000,77.000000,68.000000,73.000000
145.000000,77.000000,68.000000,73.000000
164.000000,104.500000,68.000000,73.000000
164.000000,104.500000,68.000000,73.000000
164.000000,104.500000,68.000000,73.000000
164.000000,104.500000,68.000000,73.000000
164.000000,104.500000,68.000000,73.000000
164.000000,104.500000,68.000000,73.000000
164.000000,104.500000,68.000000,73.000000
164.000000,104.500000,68.000000,73.000000
164.000000,104.500000,68.000000,73.000000
164.000000,104.500000,68.000000,73.000000
164.000000,104.500000,68.000000,73.000000
164.000000,104.500000,68.000000,73.000000
164.000000,104.500000,68.000000,73.000000
164.000000,104.500000,68.000000,73.000000
164.000000,104.500000,68.000000,73.000000
164.000000,104.500000,68.000000,73.000000
164.000000,104.500000,68.000000,73.000000
136.000000,85.500000,68.000000,73.000000
136.000000,85.500000,68.000000,73.000000
136.000000,85.500000,68.000000,73.000000
136.000000,85.500000,68.000000,73.000000
136.000000,85.500000,68.000000,73.000000
136.000000,85.500000,68.000000,73.000000
136.000000,85.500000,68.000000,73.000000
136.000000,85.500000,68.000000,73.000000
136.000000,85.500000,68.000000,73.000000
136.000000,85.500000,68.000000,73.000000
136.000000,85.500000,68.000000,73.000000
136.000000,85.500000,68.000000,73.000000
136.000000,85.500000,68.000000,73.000000
136.000000,85.500000,68.000000,73.000000
136.000000,85.500000,68.000000,73.000000
136.000000,85.500000,68.000000,73.000000
136.000000,85.500000,68.000000,73.000000
136.000000,85.500000,68.000000,73.000000
136.000000,85.500000,68.000000,73.000000
136.000000,85.500000,68.000000,73.000000
136.000000,85.500000,68.000000,73.000000
136.000000,85.500000,68.000000,73.000000
136.000000,85.500000,68.000000,73.000000
136.000000,85.500000,68.000000,73.000000
136.000000,85.500000,68.000000,73.000000
136.000000,85.500000,68.000000,73.000000
136.000000,85.500000,68.000000,73.000000
136.000000,85.500000,68.000000,73.000000
136.000000,85.500000,68.000000,73.000000
136.000000,85.500000,68.000000,73.000000
136.000000,85.500000,68.000000,73.000000
161.000000,76.500000,68.000000,73.000000
161.000000,76.500000,68.000000,73.000000
161.000000,76.500000,68.000000,73.000000
161.000000,76.500000,68.000000,73.000000
161.000000,76.500000,68.000000,73.000000
161.000000,76.500000,68.000000,73.000000
161.000000,76.500000,68.000000,73.000000
161.000000,76.500000,68.000000,73.000000
161.000000,76.500000,68.000000,73.000000
161.000000,76.500000,68.000000,73.000000
161.000000,76.500000,68.000000,73.000000
161.000000,76.500000,68.000000,73.000000
161.000000,76.500000,68.000000,73.000000
161.000000,76.500000,68.000000,73.000000
161.000000,76.500000,68.000000,73.000000
161.000000,76.500000,68.000000,73.000000
161.000000,76.500000,68.000000,73.000000
161.000000,76.500000,68.000000,73.000000
161.000000,76.500000,68.000000,73.000000
161.000000,76.500000,68.000000,73.000000
161.000000,76.500000,68.000000,73.000000
161.000000,76.500000,68.000000,73.000000
161.000000,76.500000,68.000000,73.000000
161.000000,76.500000,68.000000,73.000000
161.000000,76.500000,68.000000,73.000000
161.000000,76.500000,68.000000,73.000000
161.000000,76.500000,68.000000,73.000000
161.000000,76.500000,68.000000,73.000000
161.000000,76.500000,68.000000,73.000000
161.000000,76.500000,68.000000,73.000000
161.000000,76.500000,68.000000,73.000000
161.000000,76.500000,68.000000,73.000000
133.000000,83.500000,68.000000,73.000000
133.000000,83.500000,68.000000,73.000000
133.000000,83.500000,68.000000,73.000000
133.000000,83.500000,68.000000,73.000000
133.000000,83.500000,68.000000,73.000000
133.000000,83.500000,68.000000,73.000000
133.000000,83.500000,68.000000,73.000000
133.000000,83.500000,68.000000,73.000000
156.000000,90.500000,68.000000,73.000000
156.000000,90.500000,68.000000,73.000000
156.000000,90.500000,68.000000,73.000000
156.000000,90.500000,68.000000,73.000000
156.000000,90.500000,68.000000,73.000000
156.000000,90.500000,68.000000,73.000000
156.000000,90.500000,68.000000,73.000000
156.000000,90.500000,68.000000,73.000000
156.000000,90.500000,68.000000,73.000000
156.000000,90.500000,68.000000,73.000000
156.000000,90.500000,68.000000,73.000000
156.000000,90.500000,68.000000,73.000000
156.000000,90.500000,68.000000,73.000000
156.000000,90.500000,68.000000,73.000000
156.000000,90.500000,68.000000,73.000000
156.000000,90.500000,68.000000,73.000000
156.000000,90.500000,68.000000,73.000000
156.000000,90.500000,68.000000,73.000000
156.000000,90.500000,68.000000,73.000000
156.000000,90.500000,68.000000,73.000000
156.000000,90.500000,68.000000,73.000000
156.000000,90.500000,68.000000,73.000000
156.000000,90.500000,68.000000,73.000000
156.000000,90.500000,68.000000,73.000000
156.000000,90.500000,68.000000,73.000000
156.000000,90.500000,68.000000,73.000000
156.000000,90.500000,68.000000,73.000000
156.000000,90.500000,68.000000,73.000000
156.000000,90.500000,68.000000,73.000000
156.000000,90.500000,68.000000,73.000000
156.000000,90.500000,68.000000,73.000000
156.000000,90.500000,68.000000,73.000000
156.000000,90.500000,68.000000,73.000000
156.000000,90.500000,68.000000,73.000000
156.000000,90.500000,68.000000,73.000000
156.000000,90.500000,68.000000,73.000000
156.000000,90.500000,68.000000,73.000000
156.000000,90.500000,68.000000,73.000000
156.000000,90.500000,68.000000,73.000000
156.000000,90.500000,68.000000,73.000000
156.000000,90.500000,68.000000,73.000000
156.000000,90.500000,68.000000,73.000000
156.000000,90.500000,68.000000,73.000000
156.000000,90.500000,68.000000,73.000000
156.000000,90.500000,68.000000,73.000000
156.000000,90.500000,68.000000,73.000000
156.000000,90.500000,68.000000,73.000000
156.000000,90.500000,68.000000,73.000000
156.000000,90.500000,68.000000,73.000000
156.000000,90.500000,68.000000,73.000000
156.000000,90.500000,68.000000,73.000000
156.000000,90.500000,68.000000,73.000000
156.000000,90.500000,68.000000,73.000000
156.000000,90.500000,68.000000,73.000000
156.000000,90.500000,68.000000,73.000000
156.000000,90.500000,68.000000,73.000000
156.000000,90.500000,68.000000,73.000000
156.000000,90.500000,68.000000,73.000000
156.000000,90.500000,68.000000,73.000000
156.000000,90.500000,68.000000,73.000000
156.000000,90.500000,68.000000,73.000000
156.000000,90.500000,68.000000,73.000000
156.000000,90.500000,68.000000,73.000000
156.000000,90.500000,68.000000,73.000000
156.000000,90.500000,68.000000,73.000000
156.000000,90.500000,68.000000,73.000000
156.000000,90.500000,68.000000,73.000000
156.000000,90.500000,68.000000,73.000000
156.000000,90.500000,68.000000,73.000000
156.000000,90.500000,68.000000,73.000000
156.000000,90.500000,68.000000,73.000000
156.000000,90.500000,68.000000,73.000000
156.000000,90.500000,68.000000,73.000000
156.000000,90.500000,68.000000,73.000000
156.000000,90.500000,68.000000,73.000000
156.000000,90.500000,68.000000,73.000000
156.000000,90.500000,68.000000,73.000000
156.000000,90.500000,68.000000,73.000000
156.000000,90.500000,68.000000,73.000000
156.000000,90.500000,68.000000,73.000000
156.000000,90.500000,68.000000,73.000000
156.000000,90.500000,68.000000,73.000000
156.000000,90.500000,68.000000,73.000000
156.000000,90.500000,68.000000,73.000000
156.000000,90.500000,68.000000,73.000000
156.000000,90.500000,68.000000,73.000000
156.000000,90.500000,68.000000,73.000000
156.000000,90.500000,68.000000,73.000000
180.000000,87.500000,68.000000,73.000000
180.000000,87.500000,68.000000,73.000000
180.000000,87.500000,68.000000,73.000000
180.000000,87.500000,68.000000,73.000000
180.000000,87.500000,68.000000,73.000000
180.000000,87.500000,68.000000,73.000000
180.000000,87.500000,68.000000,73.000000
180.000000,87.500000,68.000000,73.000000
180.000000,87.500000,68.000000,73.000000
180.000000,87.500000,68.000000,73.000000
180.000000,87.500000,68.000000,73.000000
180.000000,87.500000,68.000000,73.000000
180.000000,87.500000,68.000000,73.000000
180.000000,87.500000,68.000000,73.000000
180.000000,87.500000,68.000000,73.000000
180.000000,87.500000,68.000000,73.000000
180.000000,87.500000,68.000000,73.000000
180.000000,87.500000,68.000000,73.000000
180.000000,87.500000,68.000000,73.000000
180.000000,87.500000,68.000000,73.000000
180.000000,87.500000,68.000000,73.000000
180.000000,87.500000,68.000000,73.000000
180.000000,87.500000,68.000000,73.000000
180.000000,87.500000,68.000000,73.000000
180.000000,87.500000,68.000000,73.000000
180.000000,87.500000,68.000000,73.000000
180.000000,87.500000,68.000000,73.000000
180.000000,87.500000,68.000000,73.000000
180.000000,87.500000,68.000000,73.000000
180.000000,87.500000,68.000000,73.000000
180.000000,87.500000,68.000000,73.000000
180.000000,87.500000,68.000000,73.000000
180.000000,87.500000,68.000000,73.000000
180.000000,87.500000,68.000000,73.000000
180.000000,87.500000,68.000000,73.000000
180.000000,87.500000,68.000000,73.000000
180.000000,87.500000,68.000000,73.000000
180.000000,87.500000,68.000000,73.000000
180.000000,87.500000,68.000000,73.000000
180.000000,87.500000,68.000000,73.000000
215.000000,87.500000,68.000000,73.000000
215.000000,87.500000,68.000000,73.000000
215.000000,87.500000,68.000000,73.000000
215.000000,87.500000,68.000000,73.000000
215.000000,87.500000,68.000000,73.000000
215.000000,87.500000,68.000000,73.000000
215.000000,87.500000,68.000000,73.000000
215.000000,87.500000,68.000000,73.000000
215.000000,87.500000,68.000000,73.000000
215.000000,87.500000,68.000000,73.000000
215.000000,87.500000,68.000000,73.000000
215.000000,87.500000,68.000000,73.000000
215.000000,87.500000,68.000000,73.000000
215.000000,87.500000,68.000000,73.000000
215.000000,87.500000,68.000000,73.000000
215.000000,87.500000,68.000000,73.000000
215.000000,87.500000,68.000000,73.000000
215.000000,87.500000,68.000000,73.000000
215.000000,87.500000,68.000000,73.000000
215.000000,87.500000,68.000000,73.000000
215.000000,87.500000,68.000000,73.000000
215.000000,87.500000,68.000000,73.000000
215.000000,87.500000,68.000000,73.000000
215.000000,87.500000,68.000000,73.000000
215.000000,87.500000,68.000000,73.000000
215.000000,87.500000,68.000000,73.000000
215.000000,87.500000,68.000000,73.000000
215.000000,87.500000,68.000000,73.000000
215.000000,87.500000,68.000000,73.000000
215.000000,87.500000,68.000000,73.000000
215.000000,87.500000,68.000000,73.000000
215.000000,87.500000,68.000000,73.000000
215.000000,87.500000,68.000000,73.000000
248.000000,96.500000,68.000000,73.000000
248.000000,96.500000,68.000000,73.000000
248.000000,96.500000,68.000000,73.000000
248.000000,96.500000,68.000000,73.000000
247.000000,73.500000,68.000000,73.000000
247.000000,73.500000,68.000000,73.000000
247.000000,73.500000,68.000000,73.000000
247.000000,73.500000,68.000000,73.000000
247.000000,73.500000,68.000000,73.000000
247.000000,73.500000,68.000000,73.000000
247.000000,73.500000,68.000000,73.000000
247.000000,73.500000,68.000000,73.000000
247.000000,73.500000,68.000000,73.000000
247.000000,73.500000,68.000000,73.000000
247.000000,73.500000,68.000000,73.000000
247.000000,73.500000,68.000000,73.000000
247.000000,73.500000,68.000000,73.000000
247.000000,73.500000,68.000000,73.000000
247.000000,73.500000,68.000000,73.000000
247.000000,73.500000,68.000000,73.000000
247.000000,73.500000,68.000000,73.000000
247.000000,73.500000,68.000000,73.000000
247.000000,73.500000,68.000000,73.000000
247.000000,73.500000,68.000000,73.000000
247.000000,73.500000,68.000000,73.000000
247.000000,73.500000,68.000000,73.000000
247.000000,73.500000,68.000000,73.000000
247.000000,73.500000,68.000000,73.000000
247.000000,73.500000,68.000000,73.000000
247.000000,73.500000,68.000000,73.000000
247.000000,73.500000,68.000000,73.000000
247.000000,73.500000,68.000000,73.000000
247.000000,73.500000,68.000000,73.000000
247.000000,73.500000,68.000000,73.000000
247.000000,73.500000,68.000000,73.000000
208.000000,81.500000,68.000000,73.000000
208.000000,81.500000,68.000000,73.000000
208.000000,81.500000,68.000000,73.000000
208.000000,81.500000,68.000000,73.000000
208.000000,81.500000,68.000000,73.000000
208.000000,81.500000,68.000000,73.000000
208.000000,81.500000,68.000000,73.000000
208.000000,81.500000,68.000000,73.000000
208.000000,81.500000,68.000000,73.000000
208.000000,81.500000,68.000000,73.000000
188.000000,101.500000,68.000000,73.000000
179.000000,64.500000,68.000000,73.000000
170.000000,92.500000,68.000000,73.000000
170.000000,92.500000,68.000000,73.000000
157.000000,63.500000,68.000000,73.000000
157.000000,63.500000,68.000000,73.000000
157.000000,63.500000,68.000000,73.000000
115.000000,37.500000,68.000000,73.000000
115.000000,37.500000,68.000000,73.000000
115.000000,37.500000,68.000000,73.000000
115.000000,37.500000,68.000000,73.000000
115.000000,37.500000,68.000000,73.000000
115.000000,37.500000,68.000000,73.000000
115.000000,37.500000,68.000000,73.000000
115.000000,37.500000,68.000000,73.000000
115.000000,37.500000,68.000000,73.000000
115.000000,37.500000,68.000000,73.000000
135.000000,72.500000,68.000000,73.000000
135.000000,72.500000,68.000000,73.000000
135.000000,72.500000,68.000000,73.000000
135.000000,72.500000,68.000000,73.000000
135.000000,72.500000,68.000000,73.000000
135.000000,72.500000,68.000000,73.000000
135.000000,72.500000,68.000000,73.000000
135.000000,72.500000,68.000000,73.000000
135.000000,72.500000,68.000000,73.000000
164.000000,74.500000,68.000000,73.000000
164.000000,74.500000,68.000000,73.000000
164.000000,74.500000,68.000000,73.000000
164.000000,74.500000,68.000000,73.000000
164.000000,74.500000,68.000000,73.000000
164.000000,74.500000,68.000000,73.000000
164.000000,74.500000,68.000000,73.000000
164.000000,74.500000,68.000000,73.000000
164.000000,74.500000,68.000000,73.000000
164.000000,74.500000,68.000000,73.000000
184.000000,114.500000,68.000000,73.000000
184.000000,114.500000,68.000000,73.000000
184.000000,114.500000,68.000000,73.000000
184.000000,114.500000,68.000000,73.000000
184.000000,114.500000,68.000000,73.000000
184.000000,114.500000,68.000000,73.000000
184.000000,114.500000,68.000000,73.000000
184.000000,114.500000,68.000000,73.000000
184.000000,114.500000,68.000000,73.000000
184.000000,114.500000,68.000000,73.000000
184.000000,114.500000,68.000000,73.000000
184.000000,114.500000,68.000000,73.000000
184.000000,114.500000,68.000000,73.000000
187.000000,93.500000,68.000000,73.000000
187.000000,93.500000,68.000000,73.000000
187.000000,93.500000,68.000000,73.000000
187.000000,93.500000,68.000000,73.000000
187.000000,93.500000,68.000000,73.000000
187.000000,93.500000,68.000000,73.000000
187.000000,93.500000,68.000000,73.000000
174.000000,74.500000,68.000000,73.000000
174.000000,74.500000,68.000000,73.000000
174.000000,74.500000,68.000000,73.000000
174.000000,74.500000,68.000000,73.000000
174.000000,74.500000,68.000000,73.000000
174.000000,74.500000,68.000000,73.000000
174.000000,74.500000,68.000000,73.000000
174.000000,74.500000,68.000000,73.000000
174.000000,74.500000,68.000000,73.000000
174.000000,74.500000,68.000000,73.000000
174.000000,74.500000,68.000000,73.000000
174.000000,74.500000,68.000000,73.000000
174.000000,74.500000,68.000000,73.000000
174.000000,74.500000,68.000000,73.000000
174.000000,74.500000,68.000000,73.000000
201.000000,90.500000,68.000000,73.000000
201.000000,90.500000,68.000000,73.000000
201.000000,90.500000,68.000000,73.000000
201.000000,90.500000,68.000000,73.000000
201.000000,90.500000,68.000000,73.000000
201.000000,90.500000,68.000000,73.000000
201.000000,90.500000,68.000000,73.000000
201.000000,90.500000,68.000000,73.000000
201.000000,90.500000,68.000000,73.000000
201.000000,90.500000,68.000000,73.000000
201.000000,90.500000,68.000000,73.000000
201.000000,90.500000,68.000000,73.000000
201.000000,90.500000,68.000000,73.000000
201.000000,90.500000,68.000000,73.000000
201.000000,90.500000,68.000000,73.000000
201.000000,90.500000,68.000000,73.000000
201.000000,90.500000,68.000000,73.000000
201.000000,90.500000,68.000000,73.000000
201.000000,90.500000,68.000000,73.000000
201.000000,90.500000,68.000000,73.000000
201.000000,90.500000,68.000000,73.000000
201.000000,90.500000,68.000000,73.000000
201.000000,90.500000,68.000000,73.000000
201.000000,90.500000,68.000000,73.000000
201.000000,90.500000,68.000000,73.000000
201.000000,90.500000,68.000000,73.000000
201.000000,90.500000,68.000000,73.000000
201.000000,90.500000,68.000000,73.000000
201.000000,90.500000,68.000000,73.000000
201.000000,90.500000,68.000000,73.000000
201.000000,90.500000,68.000000,73.000000
201.000000,90.500000,68.000000,73.000000
201.000000,90.500000,68.000000,73.000000
201.000000,90.500000,68.000000,73.000000
201.000000,90.500000,68.000000,73.000000
201.000000,90.500000,68.000000,73.000000
201.000000,90.500000,68.000000,73.000000
201.000000,90.500000,68.000000,73.000000
201.000000,90.500000,68.000000,73.000000
201.000000,90.500000,68.000000,73.000000
201.000000,90.500000,68.000000,73.000000
201.000000,90.500000,68.000000,73.000000
201.000000,90.500000,68.000000,73.000000
201.000000,90.500000,68.000000,73.000000
201.000000,90.500000,68.000000,73.000000
201.000000,90.500000,68.000000,73.000000
169.000000,79.500000,68.000000,73.000000
169.000000,79.500000,68.000000,73.000000
169.000000,79.500000,68.000000,73.000000
169.000000,79.500000,68.000000,73.000000
169.000000,79.500000,68.000000,73.000000
169.000000,79.500000,68.000000,73.000000
169.000000,79.500000,68.000000,73.000000
169.000000,79.500000,68.000000,73.000000
169.000000,79.500000,68.000000,73.000000
169.000000,79.500000,68.000000,73.000000
169.000000,79.500000,68.000000,73.000000
169.000000,79.500000,68.000000,73.000000
169.000000,79.500000,68.000000,73.000000
169.000000,79.500000,68.000000,73.000000
169.000000,79.500000,68.000000,73.000000
169.000000,79.500000,68.000000,73.000000
169.000000,79.500000,68.000000,73.000000
169.000000,79.500000,68.000000,73.000000
169.000000,79.500000,68.000000,73.000000
169.000000,79.500000,68.000000,73.000000
169.000000,79.500000,68.000000,73.000000
169.000000,79.500000,68.000000,73.000000
169.000000,79.500000,68.000000,73.000000
169.000000,79.500000,68.000000,73.000000
169.000000,79.500000,68.000000,73.000000
169.000000,79.500000,68.000000,73.000000
169.000000,79.500000,68.000000,73.000000
169.000000,79.500000,68.000000,73.000000
169.000000,79.500000,68.000000,73.000000
169.000000,79.500000,68.000000,73.000000
169.000000,79.500000,68.000000,73.000000
169.000000,79.500000,68.000000,73.000000
169.000000,79.500000,68.000000,73.000000
169.000000,79.500000,68.000000,73.000000
169.000000,79.500000,68.000000,73.000000
134.000000,89.500000,68.000000,73.000000
124.000000,57.500000,68.000000,73.000000
124.000000,57.500000,68.000000,73.000000
124.000000,57.500000,68.000000,73.000000
124.000000,57.500000,68.000000,73.000000
124.000000,57.500000,68.000000,73.000000
124.000000,57.500000,68.000000,73.000000
124.000000,57.500000,68.000000,73.000000
124.000000,57.500000,68.000000,73.000000
124.000000,57.500000,68.000000,73.000000
124.000000,57.500000,68.000000,73.000000
124.000000,57.500000,68.000000,73.000000
124.000000,57.500000,68.000000,73.000000
124.000000,57.500000,68.000000,73.000000
124.000000,57.500000,68.000000,73.000000
124.000000,57.500000,68.000000,73.000000
124.000000,57.500000,68.000000,73.000000
124.000000,57.500000,68.000000,73.000000
124.000000,57.500000,68.000000,73.000000
155.000000,82.500000,68.000000,73.000000
155.000000,82.500000,68.000000,73.000000
155.000000,82.500000,68.000000,73.000000
155.000000,82.500000,68.000000,73.000000
155.000000,82.500000,68.000000,73.000000
155.000000,82.500000,68.000000,73.000000
155.000000,82.500000,68.000000,73.000000
158.000000,57.500000,68.000000,73.000000
158.000000,57.500000,68.000000,73.000000
158.000000,57.500000,68.000000,73.000000
158.000000,57.500000,68.000000,73.000000
158.000000,57.500000,68.000000,73.000000
158.000000,57.500000,68.000000,73.000000
158.000000,57.500000,68.000000,73.000000
158.000000,57.500000,68.000000,73.000000
158.000000,57.500000,68.000000,73.000000
158.000000,57.500000,68.000000,73.000000
158.000000,57.500000,68.000000,73.000000
158.000000,57.500000,68.000000,73.000000
158.000000,57.500000,68.000000,73.000000
158.000000,57.500000,68.000000,73.000000
158.000000,57.500000,68.000000,73.000000
158.000000,57.500000,68.000000,73.000000
158.000000,57.500000,68.000000,73.000000
158.000000,57.500000,68.000000,73.000000
158.000000,57.500000,68.000000,73.000000
158.000000,57.500000,68.000000,73.000000
158.000000,57.500000,68.000000,73.000000
158.000000,57.500000,68.000000,73.000000
158.000000,57.500000,68.000000,73.000000
158.000000,57.500000,68.000000,73.000000
158.000000,57.500000,68.000000,73.000000
193.000000,43.500000,68.000000,73.000000
193.000000,43.500000,68.000000,73.000000
184.000000,70.500000,68.000000,73.000000
184.000000,70.500000,68.000000,73.000000
155.000000,102.500000,68.000000,73.000000
155.000000,102.500000,68.000000,73.000000
155.000000,102.500000,68.000000,73.000000
144.000000,75.500000,68.000000,73.000000
144.000000,75.500000,68.000000,73.000000
144.000000,75.500000,68.000000,73.000000
129.000000,54.500000,68.000000,73.000000
129.000000,54.500000,68.000000,73.000000
129.000000,54.500000,68.000000,73.000000
129.000000,54.500000,68.000000,73.000000
129.000000,54.500000,68.000000,73.000000
129.000000,54.500000,68.000000,73.000000
139.000000,87.500000,68.000000,73.000000
139.000000,87.500000,68.000000,73.000000
139.000000,87.500000,68.000000,73.000000
139.000000,87.500000,68.000000,73.000000
139.000000,87.500000,68.000000,73.000000
139.000000,87.500000,68.000000,73.000000
139.000000,87.500000,68.000000,73.000000
139.000000,87.500000,68.000000,73.000000
139.000000,87.500000,68.000000,73.000000
139.000000,87.500000,68.000000,73.000000
139.000000,87.500000,68.000000,73.000000
139.000000,87.500000,68.000000,73.000000
139.000000,87.500000,68.000000,73.000000
139.000000,87.500000,68.000000,73.000000
139.000000,87.500000,68.000000,73.000000
139.000000,87.500000,68.000000,73.000000
139.000000,87.500000,68.000000,73.000000
139.000000,87.500000,68.000000,73.000000
139.000000,87.500000,68.000000,73.000000
139.000000,87.500000,68.000000,73.000000
139.000000,87.500000,68.000000,73.000000
139.000000,87.500000,68.000000,73.000000
139.000000,87.500000,68.000000,73.000000
139.000000,87.500000,68.000000,73.000000
139.000000,87.500000,68.000000,73.000000
139.000000,87.500000,68.000000,73.000000
139.000000,87.500000,68.000000,73.000000
139.000000,87.500000,68.000000,73.000000
139.000000,87.500000,68.000000,73.000000
139.000000,87.500000,68.000000,73.000000
139.000000,87.500000,68.000000,73.000000
139.000000,87.500000,68.000000,73.000000
139.000000,87.500000,68.000000,73.000000
139.000000,87.500000,68.000000,73.000000
139.000000,87.500000,68.000000,73.000000
139.000000,87.500000,68.000000,73.000000
