1
145.000000,77.000000,68.000000,73.000000
145.000000,77.000000,68.000000,73.000000
145.000000,77.000000,68.000000,73.000000
145.000000,77.000000,68.000000,73.000000
145.000000,77.000000,68.000000,73.000000
145.000000,77.000000,68.000000,73.000000
145.000000,77.000000,68.000000,73.000000
145.000000,77.000000,68.000000,73.000000
145.000000,77.000000,68.000000,73.000000
145.000000,77.000000,68.000000,73.000000
145.000000,77.000000,68.000000,73.000000
145.000000,77.000000,68.000000,73.000000
145.000000,77.000000,68.000000,73.000000
145.000000,77.000000,68.000000,73.000000
145.000000,77.000000,68.000000,73.000000
145.000000,77.000000,68.000000,73.000000
145.000000,77.000000,68.000000,73.000000
145.000000,77.000000,68.000000,73.000000
145.000000,77.000000,68.000000,73.000000
169.000000,94.500000,68.000000,73.000000
169.000000,94.500000,68.000000,73.000000
169.000000,94.500000,68.000000,73.000000
169.000000,94.500000,68.000000,73.000000
169.000000,94.500000,68.000000,73.000000
169.000000,94.500000,68.000000,73.000000
169.000000,94.500000,68.000000,73.000000
169.000000,94.500000,68.000000,73.000000
169.000000,94.500000,68.000000,73.000000
169.000000,94.500000,68.000000,73.000000
169.000000,94.500000,68.000000,73.000000
169.000000,94.500000,68.000000,73.000000
169.000000,94.500000,68.000000,73.000000
169.000000,94.500000,68.000000,73.000000
169.000000,94.500000,68.000000,73.000000
169.000000,94.500000,68.000000,73.000000
169.000000,94.500000,68.000000,73.000000
169.000000,94.500000,68.000000,73.000000
169.000000,94.500000,68.000000,73.000000
138.000000,86.500000,68.000000,73.000000
138.000000,86.500000,68.000000,73.000000
138.000000,86.500000,68.000000,73.000000
138.000000,86.500000,68.000000,73.000000
138.000000,86.500000,68.000000,73.000000
138.000000,86.500000,68.000000,73.000000
138.000000,86.500000,68.000000,73.000000
138.000000,86.500000,68.000000,73.000000
138.000000,86.500000,68.000000,73.000000
138.000000,86.500000,68.000000,73.000000
138.000000,86.500000,68.000000,73.000000
138.000000,86.500000,68.000000,73.000000
138.000000,86.500000,68.000000,73.000000
138.000000,86.500000,68.000000,73.000000
138.000000,86.500000,68.000000,73.000000
138.000000,86.500000,68.000000,73.000000
138.000000,86.500000,68.000000,73.000000
138.000000,86.500000,68.000000,73.000000
138.000000,86.500000,68.000000,73.000000
138.000000,86.500000,68.000000,73.000000
138.000000,86.500000,68.000000,73.000000
138.000000,86.500000,68.000000,73.000000
138.000000,86.500000,68.000000,73.000000
138.000000,86.500000,68.000000,73.000000
138.000000,86.500000,68.000000,73.000000
138.000000,86.500000,68.000000,73.000000
138.000000,86.500000,68.000000,73.000000
138.000000,86.500000,68.000000,73.000000
138.000000,86.500000,68.000000,73.000000
138.000000,86.500000,68.000000,73.000000
138.000000,86.500000,68.000000,73.000000
138.000000,86.500000,68.000000,73.000000
138.000000,86.500000,68.000000,73.000000
138.000000,86.500000,68.000000,73.000000
164.000000,83.500000,68.000000,73.000000
164.000000,83.500000,68.000000,73.000000
164.000000,83.500000,68.000000,73.000000
164.000000,83.500000,68.000000,73.000000
164.000000,83.500000,68.000000,73.000000
164.000000,83.500000,68.000000,73.000000
164.000000,83.500000,68.000000,73.000000
164.000000,83.500000,68.000000,73.000000
164.000000,83.500000,68.000000,73.000000
164.000000,83.500000,68.000000,73.000000
164.000000,83.500000,68.000000,73.000000
164.000000,83.500000,68.000000,73.000000
164.000000,83.500000,68.000000,73.000000
164.000000,83.500000,68.000000,73.000000
164.000000,83.500000,68.000000,73.000000
164.000000,83.500000,68.000000,73.000000
164.000000,83.500000,68.000000,73.000000
164.000000,83.500000,68.000000,73.000000
164.000000,83.500000,68.000000,73.000000
164.000000,83.500000,68.000000,73.000000
164.000000,83.500000,68.000000,73.000000
164.000000,83.500000,68.000000,73.000000
143.000000,80.500000,68.000000,73.000000
143.000000,80.500000,68.000000,73.000000
143.000000,80.500000,68.000000,73.000000
143.000000,80.500000,68.000000,73.000000
143.000000,80.500000,68.000000,73.000000
143.000000,80.500000,68.000000,73.000000
143.000000,80.500000,68.000000,73.000000
143.000000,80.500000,68.000000,73.000000
143.000000,80.500000,68.000000,73.000000
143.000000,80.500000,68.000000,73.000000
143.000000,80.500000,68.000000,73.000000
143.000000,80.500000,68.000000,73.000000
143.000000,80.500000,68.000000,73.000000
143.000000,80.500000,68.000000,73.000000
143.000000,80.500000,68.000000,73.000000
143.000000,80.500000,68.000000,73.000000
143.000000,80.500000,68.000000,73.000000
143.000000,80.500000,68.000000,73.000000
143.000000,80.500000,68.000000,73.000000
143.000000,80.500000,68.000000,73.000000
143.000000,80.500000,68.000000,73.000000
143.000000,80.500000,68.000000,73.000000
143.000000,80.500000,68.000000,73.000000
143.000000,80.500000,68.000000,73.000000
143.000000,80.500000,68.000000,73.000000
167.000000,89.500000,68.000000,73.000000
167.000000,89.500000,68.000000,73.000000
167.000000,89.500000,68.000000,73.000000
167.000000,89.500000,68.000000,73.000000
167.000000,89.500000,68.000000,73.000000
167.000000,89.500000,68.000000,73.000000
167.000000,89.500000,68.000000,73.000000
167.000000,89.500000,68.000000,73.000000
167.000000,89.500000,68.000000,73.000000
167.000000,89.500000,68.000000,73.000000
167.000000,89.500000,68.000000,73.000000
167.000000,89.500000,68.000000,73.000000
167.000000,89.500000,68.000000,73.000000
167.000000,89.500000,68.000000,73.000000
167.000000,89.500000,68.000000,73.000000
167.000000,89.500000,68.000000,73.000000
167.000000,89.500000,68.000000,73.000000
167.000000,89.500000,68.000000,73.000000
167.000000,89.500000,68.000000,73.000000
167.000000,89.500000,68.000000,73.000000
167.000000,89.500000,68.000000,73.000000
167.000000,89.500000,68.000000,73.000000
167.000000,89.500000,68.000000,73.000000
167.000000,89.500000,68.000000,73.000000
167.000000,89.500000,68.000000,73.000000
167.000000,89.500000,68.000000,73.000000
167.000000,89.500000,68.000000,73.000000
167.000000,89.500000,68.000000,73.000000
167.000000,89.500000,68.000000,73.000000
167.000000,89.500000,68.000000,73.000000
167.000000,89.500000,68.000000,73.000000
167.000000,89.500000,68.000000,73.000000
167.000000,89.500000,68.000000,73.000000
167.000000,89.500000,68.000000,73.000000
167.000000,89.500000,68.000000,73.000000
167.000000,89.500000,68.000000,73.000000
167.000000,89.500000,68.000000,73.000000
167.000000,89.500000,68.000000,73.000000
167.000000,89.500000,68.000000,73.000000
167.000000,89.500000,68.000000,73.000000
167.000000,89.500000,68.000000,73.000000
167.000000,89.500000,68.000000,73.000000
167.000000,89.500000,68.000000,73.000000
167.000000,89.500000,68.000000,73.000000
167.000000,89.500000,68.000000,73.000000
167.000000,89.500000,68.000000,73.000000
167.000000,89.500000,68.000000,73.000000
167.000000,89.500000,68.000000,73.000000
167.000000,89.500000,68.000000,73.000000
167.000000,89.500000,68.000000,73.000000
167.000000,89.500000,68.000000,73.000000
167.000000,89.500000,68.000000,73.000000
167.000000,89.500000,68.000000,73.000000
167.000000,89.500000,68.000000,73.000000
167.000000,89.500000,68.000000,73.000000
167.000000,89.500000,68.000000,73.000000
167.000000,89.500000,68.000000,73.000000
167.000000,89.500000,68.000000,73.000000
167.000000,89.500000,68.000000,73.000000
167.000000,89.500000,68.000000,73.000000
167.000000,89.500000,68.000000,73.000000
167.000000,89.500000,68.000000,73.000000
167.000000,89.500000,68.000000,73.000000
167.000000,89.500000,68.000000,73.000000
167.000000,89.500000,68.000000,73.000000
167.000000,89.500000,68.000000,73.000000
167.000000,89.500000,68.000000,73.000000
167.000000,89.500000,68.000000,73.000000
167.000000,89.500000,68.000000,73.000000
167.000000,89.500000,68.000000,73.000000
167.000000,89.500000,68.000000,73.000000
167.000000,89.500000,68.000000,73.000000
167.000000,89.500000,68.000000,73.000000
167.000000,89.500000,68.000000,73.000000
167.000000,89.500000,68.000000,73.000000
167.000000,89.500000,68.000000,73.000000
167.000000,89.500000,68.000000,73.000000
167.000000,89.500000,68.000000,73.000000
167.000000,89.500000,68.000000,73.000000
167.000000,89.500000,68.000000,73.000000
193.000000,86.500000,68.000000,73.000000
193.000000,86.500000,68.000000,73.000000
193.000000,86.500000,68.000000,73.000000
193.000000,86.500000,68.000000,73.000000
193.000000,86.500000,68.000000,73.000000
193.000000,86.500000,68.000000,73.000000
193.000000,86.500000,68.000000,73.000000
193.000000,86.500000,68.000000,73.000000
193.000000,86.500000,68.000000,73.000000
193.000000,86.500000,68.000000,73.000000
193.000000,86.500000,68.000000,73.000000
193.000000,86.500000,68.000000,73.000000
193.000000,86.500000,68.000000,73.000000
193.000000,86.500000,68.000000,73.000000
193.000000,86.500000,68.000000,73.000000
193.000000,86.500000,68.000000,73.000000
193.000000,86.500000,68.000000,73.000000
193.000000,86.500000,68.000000,73.000000
193.000000,86.500000,68.000000,73.000000
193.000000,86.500000,68.000000,73.000000
193.000000,86.500000,68.000000,73.000000
193.000000,86.500000,68.000000,73.000000
193.000000,86.500000,68.000000,73.000000
193.000000,86.500000,68.000000,73.000000
193.000000,86.500000,68.000000,73.000000
193.000000,86.500000,68.000000,73.000000
193.000000,86.500000,68.000000,73.000000
193.000000,86.500000,68.000000,73.000000
193.000000,86.500000,68.000000,73.000000
193.000000,86.500000,68.000000,73.000000
193.000000,86.500000,68.000000,73.000000
193.000000,86.500000,68.000000,73.000000
193.000000,86.500000,68.000000,73.000000
193.000000,86.500000,68.000000,73.000000
193.000000,86.500000,68.000000,73.000000
193.000000,86.500000,68.000000,73.000000
193.000000,86.500000,68.000000,73.000000
193.000000,86.500000,68.000000,73.000000
193.000000,86.500000,68.000000,73.000000
222.000000,102.500000,68.000000,73.000000
222.000000,102.500000,68.000000,73.000000
222.000000,102.500000,68.000000,73.000000
222.000000,102.500000,68.000000,73.000000
222.000000,102.500000,68.000000,73.000000
222.000000,102.500000,68.000000,73.000000
222.000000,102.500000,68.000000,73.000000
222.000000,102.500000,68.000000,73.000000
222.000000,102.500000,68.000000,73.000000
222.000000,102.500000,68.000000,73.000000
222.000000,102.500000,68.000000,73.000000
222.000000,102.500000,68.000000,73.000000
222.000000,102.500000,68.000000,73.000000
222.000000,102.500000,68.000000,73.000000
222.000000,102.500000,68.000000,73.000000
222.000000,102.500000,68.000000,73.000000
222.000000,102.500000,68.000000,73.000000
222.000000,102.500000,68.000000,73.000000
222.000000,102.500000,68.000000,73.000000
186.000000,98.500000,68.000000,73.000000
186.000000,98.500000,68.000000,73.000000
186.000000,98.500000,68.000000,73.000000
186.000000,98.500000,68.000000,73.000000
186.000000,98.500000,68.000000,73.000000
206.000000,73.500000,68.000000,73.000000
206.000000,73.500000,68.000000,73.000000
206.000000,73.500000,68.000000,73.000000
229.000000,70.500000,68.000000,73.000000
229.000000,70.500000,68.000000,73.000000
229.000000,70.500000,68.000000,73.000000
229.000000,70.500000,68.000000,73.000000
229.000000,70.500000,68.000000,73.000000
229.000000,70.500000,68.000000,73.000000
229.000000,70.500000,68.000000,73.000000
229.000000,70.500000,68.000000,73.000000
229.000000,70.500000,68.000000,73.000000
229.000000,70.500000,68.000000,73.000000
229.000000,70.500000,68.000000,73.000000
229.000000,70.500000,68.000000,73.000000
229.000000,70.500000,68.000000,73.000000
229.000000,70.500000,68.000000,73.000000
229.000000,70.500000,68.000000,73.000000
229.000000,70.500000,68.000000,73.000000
229.000000,70.500000,68.000000,73.000000
229.000000,70.500000,68.000000,73.000000
229.000000,70.500000,68.000000,73.000000
229.000000,70.500000,68.000000,73.000000
229.000000,70.500000,68.000000,73.000000
229.000000,70.500000,68.000000,73.000000
229.000000,70.500000,68.000000,73.000000
229.000000,70.500000,68.000000,73.000000
229.000000,70.500000,68.000000,73.000000
229.000000,70.500000,68.000000,73.000000
229.000000,70.500000,68.000000,73.000000
229.000000,70.500000,68.000000,73.000000
229.000000,70.500000,68.000000,73.000000
229.000000,70.500000,68.000000,73.000000
244.000000,40.500000,68.000000,73.000000
244.000000,40.500000,68.000000,73.000000
244.000000,40.500000,68.000000,73.000000
244.000000,40.500000,68.000000,73.000000
244.000000,40.500000,68.000000,73.000000
209.000000,45.500000,68.000000,73.000000
209.000000,45.500000,68.000000,73.000000
209.000000,45.500000,68.000000,73.000000
209.000000,45.500000,68.000000,73.000000
183.000000,71.500000,68.000000,73.000000
183.000000,71.500000,68.000000,73.000000
183.000000,71.500000,68.000000,73.000000
216.000000,88.500000,68.000000,73.000000
216.000000,88.500000,68.000000,73.000000
216.000000,88.500000,68.000000,73.000000
216.000000,88.500000,68.000000,73.000000
190.000000,94.500000,68.000000,73.000000
190.000000,94.500000,68.000000,73.000000
190.000000,94.500000,68.000000,73.000000
143.000000,56.500000,68.000000,73.000000
143.000000,56.500000,68.000000,73.000000
143.000000,56.500000,68.000000,73.000000
143.000000,56.500000,68.000000,73.000000
143.000000,56.500000,68.000000,73.000000
143.000000,56.500000,68.000000,73.000000
143.000000,56.500000,68.000000,73.000000
113.000000,22.500000,68.000000,73.000000
113.000000,22.500000,68.000000,73.000000
134.000000,73.500000,68.000000,73.000000
134.000000,73.500000,68.000000,73.000000
134.000000,73.500000,68.000000,73.000000
134.000000,73.500000,68.000000,73.000000
134.000000,73.500000,68.000000,73.000000
109.000000,54.500000,68.000000,73.000000
109.000000,54.500000,68.000000,73.000000
109.000000,54.500000,68.000000,73.000000
133.000000,92.500000,68.000000,73.000000
133.000000,92.500000,68.000000,73.000000
129.000000,44.500000,68.000000,73.000000
129.000000,44.500000,68.000000,73.000000
129.000000,44.500000,68.000000,73.000000
129.000000,44.500000,68.000000,73.000000
129.000000,44.500000,68.000000,73.000000
129.000000,44.500000,68.000000,73.000000
129.000000,44.500000,68.000000,73.000000
152.000000,87.500000,68.000000,73.000000
152.000000,87.500000,68.000000,73.000000
152.000000,87.500000,68.000000,73.000000
152.000000,87.500000,68.000000,73.000000
152.000000,87.500000,68.000000,73.000000
152.000000,87.500000,68.000000,73.000000
152.000000,87.500000,68.000000,73.000000
152.000000,87.500000,68.000000,73.000000
152.000000,87.500000,68.000000,73.000000
152.000000,87.500000,68.000000,73.000000
152.000000,87.500000,68.000000,73.000000
174.000000,118.500000,68.000000,73.000000
174.000000,118.500000,68.000000,73.000000
174.000000,118.500000,68.000000,73.000000
174.000000,118.500000,68.000000,73.000000
174.000000,118.500000,68.000000,73.000000
174.000000,118.500000,68.000000,73.000000
174.000000,118.500000,68.000000,73.000000
174.000000,118.500000,68.000000,73.000000
212.000000,107.500000,68.000000,73.000000
212.000000,107.500000,68.000000,73.000000
199.000000,88.500000,68.000000,73.000000
199.000000,88.500000,68.000000,73.000000
181.000000,74.500000,68.000000,73.000000
181.000000,74.500000,68.000000,73.000000
181.000000,74.500000,68.000000,73.000000
181.000000,74.500000,68.000000,73.000000
155.000000,66.500000,68.000000,73.000000
155.000000,66.500000,68.000000,73.000000
155.000000,66.500000,68.000000,73.000000
155.000000,66.500000,68.000000,73.000000
155.000000,66.500000,68.000000,73.000000
155.000000,66.500000,68.000000,73.000000
155.000000,66.500000,68.000000,73.000000
155.000000,66.500000,68.000000,73.000000
155.000000,66.500000,68.000000,73.000000
155.000000,66.500000,68.000000,73.000000
155.000000,66.500000,68.000000,73.000000
155.000000,66.500000,68.000000,73.000000
155.000000,66.500000,68.000000,73.000000
155.000000,66.500000,68.000000,73.000000
155.000000,66.500000,68.000000,73.000000
155.000000,66.500000,68.000000,73.000000
155.000000,66.500000,68.000000,73.000000
155.000000,66.500000,68.000000,73.000000
204.000000,93.500000,68.000000,73.000000
204.000000,93.500000,68.000000,73.000000
204.000000,93.500000,68.000000,73.000000
204.000000,93.500000,68.000000,73.000000
204.000000,93.500000,68.000000,73.000000
204.000000,93.500000,68.000000,73.000000
204.000000,93.500000,68.000000,73.000000
204.000000,93.500000,68.000000,73.000000
204.000000,93.500000,68.000000,73.000000
204.000000,93.500000,68.000000,73.000000
204.000000,93.500000,68.000000,73.000000
204.000000,93.500000,68.000000,73.000000
204.000000,93.500000,68.000000,73.000000
204.000000,93.500000,68.000000,73.000000
204.000000,93.500000,68.000000,73.000000
204.000000,93.500000,68.000000,73.000000
204.000000,93.500000,68.000000,73.000000
204.000000,93.500000,68.000000,73.000000
204.000000,93.500000,68.000000,73.000000
204.000000,93.500000,68.000000,73.000000
204.000000,93.500000,68.000000,73.000000
204.000000,93.500000,68.000000,73.000000
204.000000,93.500000,68.000000,73.000000
204.000000,93.500000,68.000000,73.000000
204.000000,93.500000,68.000000,73.000000
204.000000,93.500000,68.000000,73.000000
204.000000,93.500000,68.000000,73.000000
204.000000,93.500000,68.000000,73.000000
204.000000,93.500000,68.000000,73.000000
204.000000,93.500000,68.000000,73.000000
204.000000,93.500000,68.000000,73.000000
204.000000,93.500000,68.000000,73.000000
204.000000,93.500000,68.000000,73.000000
204.000000,93.500000,68.000000,73.000000
172.000000,77.500000,68.000000,73.000000
172.000000,77.500000,68.000000,73.000000
172.000000,77.500000,68.000000,73.000000
172.000000,77.500000,68.000000,73.000000
201.000000,94.500000,68.000000,73.000000
201.000000,94.500000,68.000000,73.000000
201.000000,94.500000,68.000000,73.000000
201.000000,94.500000,68.000000,73.000000
201.000000,94.500000,68.000000,73.000000
201.000000,94.500000,68.000000,73.000000
201.000000,94.500000,68.000000,73.000000
173.000000,90.500000,68.000000,73.000000
173.000000,90.500000,68.000000,73.000000
173.000000,90.500000,68.000000,73.000000
173.000000,90.500000,68.000000,73.000000
173.000000,90.500000,68.000000,73.000000
173.000000,90.500000,68.000000,73.000000
173.000000,90.500000,68.000000,73.000000
173.000000,90.500000,68.000000,73.000000
173.000000,90.500000,68.000000,73.000000
173.000000,90.500000,68.000000,73.000000
173.000000,90.500000,68.000000,73.000000
173.000000,90.500000,68.000000,73.000000
173.000000,90.500000,68.000000,73.000000
195.000000,81.500000,68.000000,73.000000
195.000000,81.500000,68.000000,73.000000
148.000000,75.500000,68.000000,73.000000
148.000000,75.500000,68.000000,73.000000
148.000000,75.500000,68.000000,73.000000
148.000000,75.500000,68.000000,73.000000
148.000000,75.500000,68.000000,73.000000
148.000000,75.500000,68.000000,73.000000
148.000000,75.500000,68.000000,73.000000
148.000000,75.500000,68.000000,73.000000
148.000000,75.500000,68.000000,73.000000
148.000000,75.500000,68.000000,73.000000
148.000000,75.500000,68.000000,73.000000
148.000000,75.500000,68.000000,73.000000
148.000000,75.500000,68.000000,73.000000
148.000000,75.500000,68.000000,73.000000
148.000000,75.500000,68.000000,73.000000
148.000000,75.500000,68.000000,73.000000
148.000000,75.500000,68.000000,73.000000
148.000000,75.500000,68.000000,73.000000
148.000000,75.500000,68.000000,73.000000
148.000000,75.500000,68.000000,73.000000
148.000000,75.500000,68.000000,73.000000
148.000000,75.500000,68.000000,73.000000
148.000000,75.500000,68.000000,73.000000
133.000000,54.500000,68.000000,73.000000
133.000000,54.500000,68.000000,73.000000
133.000000,54.500000,68.000000,73.000000
133.000000,54.500000,68.000000,73.000000
133.000000,54.500000,68.000000,73.000000
133.000000,54.500000,68.000000,73.000000
133.000000,54.500000,68.000000,73.000000
133.000000,54.500000,68.000000,73.000000
133.000000,54.500000,68.000000,73.000000
133.000000,54.500000,68.000000,73.000000
133.000000,54.500000,68.000000,73.000000
133.000000,54.500000,68.000000,73.000000
133.000000,54.500000,68.000000,73.000000
133.000000,54.500000,68.000000,73.000000
133.000000,54.500000,68.000000,73.000000
133.000000,54.500000,68.000000,73.000000
133.000000,54.500000,68.000000,73.000000
133.000000,54.500000,68.000000,73.000000
133.000000,54.500000,68.000000,73.000000
133.000000,54.500000,68.000000,73.000000
161.000000,88.500000,68.000000,73.000000
161.000000,88.500000,68.000000,73.000000
178.000000,44.500000,68.000000,73.000000
178.000000,44.500000,68.000000,73.000000
155.000000,75.500000,68.000000,73.000000
155.000000,75.500000,68.000000,73.000000
155.000000,75.500000,68.000000,73.000000
155.000000,75.500000,68.000000,73.000000
155.000000,75.500000,68.000000,73.000000
140.000000,35.500000,68.000000,73.000000
140.000000,35.500000,68.000000,73.000000
140.000000,35.500000,68.000000,73.000000
140.000000,35.500000,68.000000,73.000000
140.000000,35.500000,68.000000,73.000000
140.000000,35.500000,68.000000,73.000000
181.000000,59.500000,68.000000,73.000000
181.000000,59.500000,68.000000,73.000000
181.000000,59.500000,68.000000,73.000000
181.000000,59.500000,68.000000,73.000000
181.000000,59.500000,68.000000,73.000000
181.000000,59.500000,68.000000,73.000000
181.000000,59.500000,68.000000,73.000000
181.000000,59.500000,68.000000,73.000000
181.000000,59.500000,68.000000,73.000000
181.000000,59.500000,68.000000,73.000000
181.000000,59.500000,68.000000,73.000000
181.000000,59.500000,68.000000,73.000000
181.000000,59.500000,68.000000,73.000000
181.000000,59.500000,68.000000,73.000000
181.000000,59.500000,68.000000,73.000000
181.000000,59.500000,68.000000,73.000000
152.000000,72.500000,68.000000,73.000000
152.000000,72.500000,68.000000,73.000000
152.000000,72.500000,68.000000,73.000000
152.000000,72.500000,68.000000,73.000000
152.000000,72.500000,68.000000,73.000000
117.000000,72.500000,68.000000,73.000000
117.000000,72.500000,68.000000,73.000000
117.000000,72.500000,68.000000,73.000000
117.000000,72.500000,68.000000,73.000000
117.000000,72.500000,68.000000,73.000000
117.000000,72.500000,68.000000,73.000000
117.000000,72.500000,68.000000,73.000000
149.000000,79.500000,68.000000,73.000000
149.000000,79.500000,68.000000,73.000000
149.000000,79.500000,68.000000,73.000000
149.000000,79.500000,68.000000,73.000000
149.000000,79.500000,68.000000,73.000000
149.000000,79.500000,68.000000,73.000000
149.000000,79.500000,68.000000,73.000000
149.000000,79.500000,68.000000,73.000000
149.000000,79.500000,68.000000,73.000000
149.000000,79.500000,68.000000,73.000000
149.000000,79.500000,68.000000,73.000000
149.000000,79.500000,68.000000,73.000000
149.000000,79.500000,68.000000,73.000000
149.000000,79.500000,68.000000,73.000000
149.000000,79.500000,68.000000,73.000000
109.000000,89.500000,68.000000,73.000000
109.000000,89.500000,68.000000,73.000000
109.000000,89.500000,68.000000,73.000000
109.000000,89.500000,68.000000,73.000000
109.000000,89.500000,68.000000,73.000000
109.000000,89.500000,68.000000,73.000000
109.000000,89.500000,68.000000,73.000000
109.000000,89.500000,68.000000,73.000000
109.000000,89.500000,68.000000,73.000000
109.000000,89.500000,68.000000,73.000000
109.000000,89.500000,68.000000,73.000000
140.000000,83.500000,68.000000,73.000000
140.000000,83.500000,68.000000,73.000000
140.000000,83.500000,68.000000,73.000000
140.000000,83.500000,68.000000,73.000000
140.000000,83.500000,68.000000,73.000000
140.000000,83.500000,68.000000,73.000000
140.000000,83.500000,68.000000,73.000000
140.000000,83.500000,68.000000,73.000000
140.000000,83.500000,68.000000,73.000000
140.000000,83.500000,68.000000,73.000000
140.000000,83.500000,68.000000,73.000000
