1
438.670013,107.669998,49.659973,71.320007
438.670013,107.669998,49.659973,71.320007
438.670013,107.669998,49.659973,71.320007
438.670013,107.669998,49.659973,71.320007
438.670013,107.669998,49.659973,71.320007
438.670013,107.669998,49.659973,71.320007
438.670013,107.669998,49.659973,71.320007
438.670013,107.669998,49.659973,71.320007
438.670013,107.669998,49.659973,71.320007
438.670013,107.669998,49.659973,71.320007
438.670013,107.669998,49.659973,71.320007
438.670013,107.669998,49.659973,71.320007
442.170013,85.339996,49.659973,71.320007
442.170013,85.339996,49.659973,71.320007
442.170013,85.339996,49.659973,71.320007
439.170013,117.339996,49.659973,71.320007
439.170013,117.339996,49.659973,71.320007
439.170013,117.339996,49.659973,71.320007
439.170013,117.339996,49.659973,71.320007
445.170013,98.339996,49.659973,71.320007
445.170013,98.339996,49.659973,71.320007
448.170013,126.339996,49.659973,71.320007
448.170013,126.339996,49.659973,71.320007
448.170013,126.339996,49.659973,71.320007
448.170013,126.339996,49.659973,71.320007
448.170013,126.339996,49.659973,71.320007
448.170013,126.339996,49.659973,71.320007
448.170013,126.339996,49.659973,71.320007
448.170013,126.339996,49.659973,71.320007
448.170013,126.339996,49.659973,71.320007
448.170013,126.339996,49.659973,71.320007
448.170013,126.339996,49.659973,71.320007
448.170013,126.339996,49.659973,71.320007
448.170013,126.339996,49.659973,71.320007
448.170013,126.339996,49.659973,71.320007
439.170013,152.339996,49.659973,71.320007
448.170013,131.339996,49.659973,71.320007
448.170013,131.339996,49.659973,71.320007
446.170013,109.339996,49.659973,71.320007
446.170013,109.339996,49.659973,71.320007
446.170013,109.339996,49.659973,71.320007
446.170013,109.339996,49.659973,71.320007
446.170013,109.339996,49.659973,71.320007
446.170013,109.339996,49.659973,71.320007
446.170013,109.339996,49.659973,71.320007
419.170013,107.339996,49.659973,71.320007
419.170013,107.339996,49.659973,71.320007
419.170013,107.339996,49.659973,71.320007
419.170013,107.339996,49.659973,71.320007
419.170013,107.339996,49.659973,71.320007
419.170013,107.339996,49.659973,71.320007
419.170013,107.339996,49.659973,71.320007
419.170013,107.339996,49.659973,71.320007
419.170013,107.339996,49.659973,71.320007
419.170013,107.339996,49.659973,71.320007
419.170013,107.339996,49.659973,71.320007
419.170013,107.339996,49.659973,71.320007
419.170013,107.339996,49.659973,71.320007
419.170013,107.339996,49.659973,71.320007
419.170013,107.339996,49.659973,71.320007
442.170013,100.339996,49.659973,71.320007
446.170013,129.339996,49.659973,71.320007
435.170013,103.339996,49.659973,71.320007
435.170013,103.339996,49.659973,71.320007
435.170013,103.339996,49.659973,71.320007
435.170013,103.339996,49.659973,71.320007
431.170013,139.339996,49.659973,71.320007
440.170013,118.339996,49.659973,71.320007
424.170013,147.339996,49.659973,71.320007
424.170013,147.339996,49.659973,71.320007
424.170013,147.339996,49.659973,71.320007
424.170013,147.339996,49.659973,71.320007
410.170013,118.339996,49.659973,71.320007
410.170013,118.339996,49.659973,71.320007
410.170013,118.339996,49.659973,71.320007
442.170013,100.339996,49.659973,71.320007
442.170013,100.339996,49.659973,71.320007
435.170013,153.339996,49.659973,71.320007
435.170013,153.339996,49.659973,71.320007
435.170013,153.339996,49.659973,71.320007
435.170013,153.339996,49.659973,71.320007
431.170013,119.339996,49.659973,71.320007
431.170013,119.339996,49.659973,71.320007
431.170013,119.339996,49.659973,71.320007
431.170013,119.339996,49.659973,71.320007
431.170013,119.339996,49.659973,71.320007
431.170013,119.339996,49.659973,71.320007
431.170013,119.339996,49.659973,71.320007
431.170013,119.339996,49.659973,71.320007
431.170013,119.339996,49.659973,71.320007
431.170013,119.339996,49.659973,71.320007
411.170013,139.339996,49.659973,71.320007
411.170013,139.339996,49.659973,71.320007
411.170013,139.339996,49.659973,71.320007
411.170013,139.339996,49.659973,71.320007
411.170013,139.339996,49.659973,71.320007
411.170013,139.339996,49.659973,71.320007
411.170013,139.339996,49.659973,71.320007
434.170013,112.339996,49.659973,71.320007
434.170013,112.339996,49.659973,71.320007
422.170013,155.339996,49.659973,71.320007
422.170013,155.339996,49.659973,71.320007
422.170013,155.339996,49.659973,71.320007
419.170013,117.339996,49.659973,71.320007
419.170013,117.339996,49.659973,71.320007
447.170013,150.339996,49.659973,71.320007
431.170013,119.339996,49.659973,71.320007
431.170013,119.339996,49.659973,71.320007
431.170013,119.339996,49.659973,71.320007
431.170013,119.339996,49.659973,71.320007
407.170013,140.339996,49.659973,71.320007
407.170013,140.339996,49.659973,71.320007
407.170013,140.339996,49.659973,71.320007
407.170013,140.339996,49.659973,71.320007
407.170013,140.339996,49.659973,71.320007
407.170013,140.339996,49.659973,71.320007
407.170013,140.339996,49.659973,71.320007
407.170013,140.339996,49.659973,71.320007
429.170013,102.339996,49.659973,71.320007
429.170013,102.339996,49.659973,71.320007
429.170013,102.339996,49.659973,71.320007
429.170013,102.339996,49.659973,71.320007
429.170013,102.339996,49.659973,71.320007
429.170013,102.339996,49.659973,71.320007
408.170013,131.339996,49.659973,71.320007
408.170013,131.339996,49.659973,71.320007
408.170013,131.339996,49.659973,71.320007
408.170013,131.339996,49.659973,71.320007
408.170013,131.339996,49.659973,71.320007
408.170013,111.339996,49.659973,71.320007
408.170013,111.339996,49.659973,71.320007
411.170013,139.339996,49.659973,71.320007
411.170013,139.339996,49.659973,71.320007
411.170013,139.339996,49.659973,71.320007
411.170013,139.339996,49.659973,71.320007
411.170013,139.339996,49.659973,71.320007
411.170013,139.339996,49.659973,71.320007
411.170013,139.339996,49.659973,71.320007
429.170013,147.339996,49.659973,71.320007
429.170013,147.339996,49.659973,71.320007
429.170013,147.339996,49.659973,71.320007
429.170013,147.339996,49.659973,71.320007
429.170013,147.339996,49.659973,71.320007
424.170013,122.339996,49.659973,71.320007
424.170013,122.339996,49.659973,71.320007
424.170013,122.339996,49.659973,71.320007
424.170013,122.339996,49.659973,71.320007
424.170013,122.339996,49.659973,71.320007
424.170013,122.339996,49.659973,71.320007
424.170013,122.339996,49.659973,71.320007
424.170013,122.339996,49.659973,71.320007
424.170013,122.339996,49.659973,71.320007
424.170013,122.339996,49.659973,71.320007
424.170013,122.339996,49.659973,71.320007
424.170013,122.339996,49.659973,71.320007
442.170013,100.339996,49.659973,71.320007
442.170013,100.339996,49.659973,71.320007
442.170013,100.339996,49.659973,71.320007
442.170013,100.339996,49.659973,71.320007
442.170013,100.339996,49.659973,71.320007
442.170013,100.339996,49.659973,71.320007
442.170013,100.339996,49.659973,71.320007
442.170013,100.339996,49.659973,71.320007
442.170013,100.339996,49.659973,71.320007
442.170013,100.339996,49.659973,71.320007
442.170013,100.339996,49.659973,71.320007
442.170013,100.339996,49.659973,71.320007
442.170013,100.339996,49.659973,71.320007
442.170013,100.339996,49.659973,71.320007
442.170013,100.339996,49.659973,71.320007
442.170013,100.339996,49.659973,71.320007
442.170013,100.339996,49.659973,71.320007
442.170013,100.339996,49.659973,71.320007
429.170013,122.339996,49.659973,71.320007
429.170013,122.339996,49.659973,71.320007
442.170013,100.339996,49.659973,71.320007
442.170013,100.339996,49.659973,71.320007
442.170013,100.339996,49.659973,71.320007
442.170013,100.339996,49.659973,71.320007
442.170013,100.339996,49.659973,71.320007
442.170013,100.339996,49.659973,71.320007
466.170013,94.339996,49.659973,71.320007
466.170013,94.339996,49.659973,71.320007
466.170013,94.339996,49.659973,71.320007
453.170013,101.339996,49.659973,71.320007
453.170013,101.339996,49.659973,71.320007
453.170013,101.339996,49.659973,71.320007
453.170013,101.339996,49.659973,71.320007
453.170013,101.339996,49.659973,71.320007
453.170013,101.339996,49.659973,71.320007
453.170013,101.339996,49.659973,71.320007
453.170013,101.339996,49.659973,71.320007
453.170013,101.339996,49.659973,71.320007
453.170013,101.339996,49.659973,71.320007
453.170013,101.339996,49.659973,71.320007
437.170013,135.339996,49.659973,71.320007
446.170013,99.339996,49.659973,71.320007
446.170013,99.339996,49.659973,71.320007
446.170013,99.339996,49.659973,71.320007
433.170013,136.339996,49.659973,71.320007
433.170013,136.339996,49.659973,71.320007
433.170013,136.339996,49.659973,71.320007
433.170013,136.339996,49.659973,71.320007
433.170013,136.339996,49.659973,71.320007
433.170013,136.339996,49.659973,71.320007
433.170013,136.339996,49.659973,71.320007
446.170013,114.339996,49.659973,71.320007
446.170013,114.339996,49.659973,71.320007
446.170013,114.339996,49.659973,71.320007
446.170013,114.339996,49.659973,71.320007
446.170013,114.339996,49.659973,71.320007
446.170013,114.339996,49.659973,71.320007
446.170013,114.339996,49.659973,71.320007
446.170013,114.339996,49.659973,71.320007
446.170013,114.339996,49.659973,71.320007
446.170013,114.339996,49.659973,71.320007
446.170013,114.339996,49.659973,71.320007
446.170013,114.339996,49.659973,71.320007
446.170013,114.339996,49.659973,71.320007
446.170013,114.339996,49.659973,71.320007
446.170013,114.339996,49.659973,71.320007
446.170013,114.339996,49.659973,71.320007
446.170013,114.339996,49.659973,71.320007
446.170013,114.339996,49.659973,71.320007
446.170013,114.339996,49.659973,71.320007
446.170013,114.339996,49.659973,71.320007
446.170013,114.339996,49.659973,71.320007
446.170013,114.339996,49.659973,71.320007
454.170013,142.339996,49.659973,71.320007
453.170013,121.339996,49.659973,71.320007
453.170013,121.339996,49.659973,71.320007
453.170013,121.339996,49.659973,71.320007
453.170013,121.339996,49.659973,71.320007
453.170013,121.339996,49.659973,71.320007
453.170013,121.339996,49.659973,71.320007
453.170013,121.339996,49.659973,71.320007
453.170013,121.339996,49.659973,71.320007
453.170013,121.339996,49.659973,71.320007
464.170013,102.339996,49.659973,71.320007
458.170013,136.339996,49.659973,71.320007
477.170013,100.339996,49.659973,71.320007
477.170013,100.339996,49.659973,71.320007
477.170013,100.339996,49.659973,71.320007
477.170013,100.339996,49.659973,71.320007
477.170013,100.339996,49.659973,71.320007
477.170013,100.339996,49.659973,71.320007
477.170013,100.339996,49.659973,71.320007
477.170013,100.339996,49.659973,71.320007
479.170013,77.339996,49.659973,71.320007
479.170013,77.339996,49.659973,71.320007
479.170013,77.339996,49.659973,71.320007
486.170013,109.339996,49.659973,71.320007
486.170013,109.339996,49.659973,71.320007
469.170013,102.339996,49.659973,71.320007
469.170013,102.339996,49.659973,71.320007
469.170013,102.339996,49.659973,71.320007
469.170013,102.339996,49.659973,71.320007
469.170013,102.339996,49.659973,71.320007
469.170013,102.339996,49.659973,71.320007
469.170013,102.339996,49.659973,71.320007
469.170013,102.339996,49.659973,71.320007
469.170013,102.339996,49.659973,71.320007
469.170013,102.339996,49.659973,71.320007
469.170013,102.339996,49.659973,71.320007
469.170013,102.339996,49.659973,71.320007
495.170013,98.339996,49.659973,71.320007
495.170013,98.339996,49.659973,71.320007
495.170013,98.339996,49.659973,71.320007
497.170013,125.339996,49.659973,71.320007
497.170013,125.339996,49.659973,71.320007
490.170013,103.339996,49.659973,71.320007
490.170013,103.339996,49.659973,71.320007
493.170013,141.339996,49.659973,71.320007
493.170013,141.339996,49.659973,71.320007
491.170013,119.339996,49.659973,71.320007
491.170013,119.339996,49.659973,71.320007
491.170013,119.339996,49.659973,71.320007
491.170013,119.339996,49.659973,71.320007
491.170013,119.339996,49.659973,71.320007
491.170013,119.339996,49.659973,71.320007
491.170013,119.339996,49.659973,71.320007
491.170013,119.339996,49.659973,71.320007
491.170013,119.339996,49.659973,71.320007
491.170013,119.339996,49.659973,71.320007
491.170013,99.339996,49.659973,71.320007
491.170013,99.339996,49.659973,71.320007
491.170013,99.339996,49.659973,71.320007
491.170013,99.339996,49.659973,71.320007
492.170013,125.339996,49.659973,71.320007
492.170013,125.339996,49.659973,71.320007
492.170013,125.339996,49.659973,71.320007
492.170013,125.339996,49.659973,71.320007
492.170013,125.339996,49.659973,71.320007
492.170013,125.339996,49.659973,71.320007
466.170013,84.339996,49.659973,71.320007
485.170013,108.339996,49.659973,71.320007
485.170013,108.339996,49.659973,71.320007
485.170013,108.339996,49.659973,71.320007
485.170013,108.339996,49.659973,71.320007
485.170013,108.339996,49.659973,71.320007
485.170013,108.339996,49.659973,71.320007
439.170013,102.339996,49.659973,71.320007
439.170013,102.339996,49.659973,71.320007
439.170013,102.339996,49.659973,71.320007
439.170013,102.339996,49.659973,71.320007
439.170013,102.339996,49.659973,71.320007
439.170013,102.339996,49.659973,71.320007
439.170013,102.339996,49.659973,71.320007
439.170013,102.339996,49.659973,71.320007
426.170013,89.339996,49.659973,71.320007
426.170013,89.339996,49.659973,71.320007
426.170013,89.339996,49.659973,71.320007
408.170013,91.339996,49.659973,71.320007
408.170013,91.339996,49.659973,71.320007
408.170013,91.339996,49.659973,71.320007
408.170013,91.339996,49.659973,71.320007
408.170013,91.339996,49.659973,71.320007
433.170013,86.339996,49.659973,71.320007
407.170013,100.339996,49.659973,71.320007
407.170013,100.339996,49.659973,71.320007
407.170013,100.339996,49.659973,71.320007
407.170013,100.339996,49.659973,71.320007
443.170013,71.339996,49.659973,71.320007
443.170013,71.339996,49.659973,71.320007
476.170013,84.339996,49.659973,71.320007
476.170013,84.339996,49.659973,71.320007
476.170013,84.339996,49.659973,71.320007
476.170013,84.339996,49.659973,71.320007
457.170013,100.339996,49.659973,71.320007
457.170013,100.339996,49.659973,71.320007
457.170013,100.339996,49.659973,71.320007
457.170013,100.339996,49.659973,71.320007
457.170013,100.339996,49.659973,71.320007
457.170013,100.339996,49.659973,71.320007
457.170013,100.339996,49.659973,71.320007
457.170013,100.339996,49.659973,71.320007
457.170013,100.339996,49.659973,71.320007
457.170013,100.339996,49.659973,71.320007
457.170013,100.339996,49.659973,71.320007
457.170013,100.339996,49.659973,71.320007
457.170013,100.339996,49.659973,71.320007
457.170013,100.339996,49.659973,71.320007
443.170013,86.339996,49.659973,71.320007
443.170013,86.339996,49.659973,71.320007
443.170013,86.339996,49.659973,71.320007
422.170013,90.339996,49.659973,71.320007
422.170013,90.339996,49.659973,71.320007
422.170013,90.339996,49.659973,71.320007
459.170013,107.339996,49.659973,71.320007
459.170013,107.339996,49.659973,71.320007
459.170013,107.339996,49.659973,71.320007
459.170013,107.339996,49.659973,71.320007
459.170013,107.339996,49.659973,71.320007
459.170013,107.339996,49.659973,71.320007
459.170013,107.339996,49.659973,71.320007
436.170013,99.339996,49.659973,71.320007
436.170013,99.339996,49.659973,71.320007
419.170013,87.339996,49.659973,71.320007
419.170013,87.339996,49.659973,71.320007
419.170013,87.339996,49.659973,71.320007
419.170013,87.339996,49.659973,71.320007
419.170013,87.339996,49.659973,71.320007
419.170013,87.339996,49.659973,71.320007
398.170013,81.339996,49.659973,71.320007
398.170013,81.339996,49.659973,71.320007
398.170013,81.339996,49.659973,71.320007
425.170013,78.339996,49.659973,71.320007
425.170013,78.339996,49.659973,71.320007
425.170013,78.339996,49.659973,71.320007
425.170013,78.339996,49.659973,71.320007
