1
438.670013,107.669998,49.659973,71.320007
438.670013,107.669998,49.659973,71.320007
438.670013,107.669998,49.659973,71.320007
438.670013,107.669998,49.659973,71.320007
438.670013,107.669998,49.659973,71.320007
438.670013,107.669998,49.659973,71.320007
438.670013,107.669998,49.659973,71.320007
438.670013,107.669998,49.659973,71.320007
438.670013,107.669998,49.659973,71.320007
438.670013,107.669998,49.659973,71.320007
438.670013,107.669998,49.659973,71.320007
438.670013,107.669998,49.659973,71.320007
438.670013,107.669998,49.659973,71.320007
438.670013,107.669998,49.659973,71.320007
438.670013,107.669998,49.659973,71.320007
438.670013,107.669998,49.659973,71.320007
438.670013,107.669998,49.659973,71.320007
438.670013,107.669998,49.659973,71.320007
438.670013,107.669998,49.659973,71.320007
438.670013,107.669998,49.659973,71.320007
438.670013,107.669998,49.659973,71.320007
438.670013,107.669998,49.659973,71.320007
438.670013,107.669998,49.659973,71.320007
438.670013,107.669998,49.659973,71.320007
438.670013,107.669998,49.659973,71.320007
438.670013,107.669998,49.659973,71.320007
438.670013,107.669998,49.659973,71.320007
438.670013,107.669998,49.659973,71.320007
438.670013,107.669998,49.659973,71.320007
438.670013,107.669998,49.659973,71.320007
438.670013,107.669998,49.659973,71.320007
438.670013,107.669998,49.659973,71.320007
438.670013,107.669998,49.659973,71.320007
438.670013,107.669998,49.659973,71.320007
438.670013,107.669998,49.659973,71.320007
444.170013,137.339996,49.659973,71.320007
448.170013,111.339996,49.659973,71.320007
448.170013,111.339996,49.659973,71.320007
446.170013,139.339996,49.659973,71.320007
446.170013,139.339996,49.659973,71.320007
446.170013,139.339996,49.659973,71.320007
446.170013,139.339996,49.659973,71.320007
427.170013,105.339996,49.659973,71.320007
427.170013,105.339996,49.659973,71.320007
427.170013,105.339996,49.659973,71.320007
427.170013,105.339996,49.659973,71.320007
427.170013,105.339996,49.659973,71.320007
427.170013,105.339996,49.659973,71.320007
427.170013,105.339996,49.659973,71.320007
427.170013,105.339996,49.659973,71.320007
427.170013,105.339996,49.659973,71.320007
427.170013,105.339996,49.659973,71.320007
427.170013,105.339996,49.659973,71.320007
427.170013,105.339996,49.659973,71.320007
427.170013,105.339996,49.659973,71.320007
427.170013,105.339996,49.659973,71.320007
427.170013,105.339996,49.659973,71.320007
427.170013,105.339996,49.659973,71.320007
427.170013,105.339996,49.659973,71.320007
427.170013,105.339996,49.659973,71.320007
427.170013,105.339996,49.659973,71.320007
427.170013,105.339996,49.659973,71.320007
427.170013,105.339996,49.659973,71.320007
416.170013,134.339996,49.659973,71.320007
416.170013,134.339996,49.659973,71.320007
416.170013,134.339996,49.659973,71.320007
433.170013,111.339996,49.659973,71.320007
433.170013,111.339996,49.659973,71.320007
433.170013,111.339996,49.659973,71.320007
433.170013,111.339996,49.659973,71.320007
433.170013,111.339996,49.659973,71.320007
433.170013,111.339996,49.659973,71.320007
433.170013,111.339996,49.659973,71.320007
416.170013,119.339996,49.659973,71.320007
416.170013,119.339996,49.659973,71.320007
416.170013,119.339996,49.659973,71.320007
428.170013,146.339996,49.659973,71.320007
428.170013,146.339996,49.659973,71.320007
428.170013,146.339996,49.659973,71.320007
440.170013,123.339996,49.659973,71.320007
440.170013,123.339996,49.659973,71.320007
440.170013,123.339996,49.659973,71.320007
440.170013,123.339996,49.659973,71.320007
440.170013,123.339996,49.659973,71.320007
440.170013,123.339996,49.659973,71.320007
440.170013,123.339996,49.659973,71.320007
440.170013,123.339996,49.659973,71.320007
440.170013,123.339996,49.659973,71.320007
440.170013,123.339996,49.659973,71.320007
440.170013,123.339996,49.659973,71.320007
440.170013,123.339996,49.659973,71.320007
440.170013,123.339996,49.659973,71.320007
440.170013,123.339996,49.659973,71.320007
421.170013,154.339996,49.659973,71.320007
425.170013,123.339996,49.659973,71.320007
425.170013,123.339996,49.659973,71.320007
425.170013,123.339996,49.659973,71.320007
425.170013,123.339996,49.659973,71.320007
425.170013,123.339996,49.659973,71.320007
425.170013,123.339996,49.659973,71.320007
434.170013,157.339996,49.659973,71.320007
434.170013,157.339996,49.659973,71.320007
434.170013,157.339996,49.659973,71.320007
421.170013,124.339996,49.659973,71.320007
421.170013,124.339996,49.659973,71.320007
409.170013,152.339996,49.659973,71.320007
409.170013,152.339996,49.659973,71.320007
427.170013,130.339996,49.659973,71.320007
427.170013,130.339996,49.659973,71.320007
435.170013,108.339996,49.659973,71.320007
409.170013,142.339996,49.659973,71.320007
433.170013,111.339996,49.659973,71.320007
433.170013,111.339996,49.659973,71.320007
433.170013,111.339996,49.659973,71.320007
433.170013,111.339996,49.659973,71.320007
433.170013,111.339996,49.659973,71.320007
433.170013,111.339996,49.659973,71.320007
433.170013,111.339996,49.659973,71.320007
433.170013,111.339996,49.659973,71.320007
433.170013,111.339996,49.659973,71.320007
433.170013,111.339996,49.659973,71.320007
433.170013,111.339996,49.659973,71.320007
433.170013,111.339996,49.659973,71.320007
433.170013,111.339996,49.659973,71.320007
433.170013,111.339996,49.659973,71.320007
409.170013,112.339996,49.659973,71.320007
409.170013,112.339996,49.659973,71.320007
409.170013,112.339996,49.659973,71.320007
409.170013,112.339996,49.659973,71.320007
409.170013,112.339996,49.659973,71.320007
412.170013,90.339996,49.659973,71.320007
412.170013,90.339996,49.659973,71.320007
412.170013,90.339996,49.659973,71.320007
414.170013,132.339996,49.659973,71.320007
414.170013,132.339996,49.659973,71.320007
412.170013,110.339996,49.659973,71.320007
412.170013,110.339996,49.659973,71.320007
412.170013,110.339996,49.659973,71.320007
429.170013,147.339996,49.659973,71.320007
429.170013,147.339996,49.659973,71.320007
429.170013,147.339996,49.659973,71.320007
429.170013,147.339996,49.659973,71.320007
429.170013,147.339996,49.659973,71.320007
429.170013,147.339996,49.659973,71.320007
429.170013,147.339996,49.659973,71.320007
429.170013,147.339996,49.659973,71.320007
429.170013,147.339996,49.659973,71.320007
429.170013,147.339996,49.659973,71.320007
429.170013,147.339996,49.659973,71.320007
429.170013,147.339996,49.659973,71.320007
429.170013,147.339996,49.659973,71.320007
431.170013,119.339996,49.659973,71.320007
431.170013,119.339996,49.659973,71.320007
431.170013,119.339996,49.659973,71.320007
478.170013,126.339996,49.659973,71.320007
478.170013,126.339996,49.659973,71.320007
478.170013,126.339996,49.659973,71.320007
478.170013,126.339996,49.659973,71.320007
478.170013,126.339996,49.659973,71.320007
453.170013,106.339996,49.659973,71.320007
453.170013,106.339996,49.659973,71.320007
453.170013,106.339996,49.659973,71.320007
453.170013,106.339996,49.659973,71.320007
453.170013,106.339996,49.659973,71.320007
453.170013,106.339996,49.659973,71.320007
453.170013,106.339996,49.659973,71.320007
453.170013,106.339996,49.659973,71.320007
453.170013,106.339996,49.659973,71.320007
479.170013,102.339996,49.659973,71.320007
453.170013,111.339996,49.659973,71.320007
453.170013,111.339996,49.659973,71.320007
453.170013,111.339996,49.659973,71.320007
453.170013,111.339996,49.659973,71.320007
453.170013,111.339996,49.659973,71.320007
453.170013,111.339996,49.659973,71.320007
453.170013,111.339996,49.659973,71.320007
453.170013,111.339996,49.659973,71.320007
453.170013,111.339996,49.659973,71.320007
453.170013,111.339996,49.659973,71.320007
453.170013,111.339996,49.659973,71.320007
453.170013,111.339996,49.659973,71.320007
453.170013,111.339996,49.659973,71.320007
485.170013,103.339996,49.659973,71.320007
485.170013,103.339996,49.659973,71.320007
485.170013,103.339996,49.659973,71.320007
472.170013,100.339996,49.659973,71.320007
472.170013,100.339996,49.659973,71.320007
480.170013,138.339996,49.659973,71.320007
454.170013,112.339996,49.659973,71.320007
454.170013,112.339996,49.659973,71.320007
462.170013,145.339996,49.659973,71.320007
462.170013,145.339996,49.659973,71.320007
475.170013,108.339996,49.659973,71.320007
475.170013,108.339996,49.659973,71.320007
475.170013,108.339996,49.659973,71.320007
492.170013,135.339996,49.659973,71.320007
492.170013,135.339996,49.659973,71.320007
492.170013,135.339996,49.659973,71.320007
449.170013,102.339996,49.659973,71.320007
449.170013,102.339996,49.659973,71.320007
449.170013,102.339996,49.659973,71.320007
436.170013,124.339996,49.659973,71.320007
436.170013,124.339996,49.659973,71.320007
436.170013,124.339996,49.659973,71.320007
436.170013,124.339996,49.659973,71.320007
436.170013,124.339996,49.659973,71.320007
436.170013,124.339996,49.659973,71.320007
436.170013,124.339996,49.659973,71.320007
436.170013,124.339996,49.659973,71.320007
478.170013,106.339996,49.659973,71.320007
478.170013,106.339996,49.659973,71.320007
478.170013,106.339996,49.659973,71.320007
478.170013,106.339996,49.659973,71.320007
478.170013,106.339996,49.659973,71.320007
478.170013,106.339996,49.659973,71.320007
507.170013,130.339996,49.659973,71.320007
501.170013,104.339996,49.659973,71.320007
480.170013,103.339996,49.659973,71.320007
480.170013,103.339996,49.659973,71.320007
480.170013,103.339996,49.659973,71.320007
480.170013,103.339996,49.659973,71.320007
480.170013,103.339996,49.659973,71.320007
480.170013,103.339996,49.659973,71.320007
480.170013,103.339996,49.659973,71.320007
480.170013,103.339996,49.659973,71.320007
457.170013,100.339996,49.659973,71.320007
457.170013,100.339996,49.659973,71.320007
457.170013,100.339996,49.659973,71.320007
484.170013,112.339996,49.659973,71.320007
484.170013,112.339996,49.659973,71.320007
484.170013,112.339996,49.659973,71.320007
484.170013,112.339996,49.659973,71.320007
484.170013,112.339996,49.659973,71.320007
484.170013,112.339996,49.659973,71.320007
484.170013,112.339996,49.659973,71.320007
484.170013,112.339996,49.659973,71.320007
484.170013,112.339996,49.659973,71.320007
484.170013,112.339996,49.659973,71.320007
484.170013,112.339996,49.659973,71.320007
462.170013,105.339996,49.659973,71.320007
462.170013,105.339996,49.659973,71.320007
462.170013,105.339996,49.659973,71.320007
462.170013,105.339996,49.659973,71.320007
462.170013,105.339996,49.659973,71.320007
488.170013,96.339996,49.659973,71.320007
467.170013,115.339996,49.659973,71.320007
481.170013,79.339996,49.659973,71.320007
481.170013,79.339996,49.659973,71.320007
481.170013,79.339996,49.659973,71.320007
481.170013,79.339996,49.659973,71.320007
481.170013,79.339996,49.659973,71.320007
476.170013,104.339996,49.659973,71.320007
476.170013,104.339996,49.659973,71.320007
476.170013,104.339996,49.659973,71.320007
476.170013,104.339996,49.659973,71.320007
476.170013,104.339996,49.659973,71.320007
476.170013,104.339996,49.659973,71.320007
476.170013,104.339996,49.659973,71.320007
476.170013,104.339996,49.659973,71.320007
476.170013,104.339996,49.659973,71.320007
476.170013,104.339996,49.659973,71.320007
476.170013,104.339996,49.659973,71.320007
476.170013,104.339996,49.659973,71.320007
476.170013,104.339996,49.659973,71.320007
476.170013,104.339996,49.659973,71.320007
476.170013,104.339996,49.659973,71.320007
501.170013,114.339996,49.659973,71.320007
501.170013,114.339996,49.659973,71.320007
501.170013,114.339996,49.659973,71.320007
501.170013,114.339996,49.659973,71.320007
501.170013,114.339996,49.659973,71.320007
471.170013,89.339996,49.659973,71.320007
471.170013,89.339996,49.659973,71.320007
471.170013,89.339996,49.659973,71.320007
471.170013,89.339996,49.659973,71.320007
471.170013,89.339996,49.659973,71.320007
471.170013,89.339996,49.659973,71.320007
471.170013,89.339996,49.659973,71.320007
471.170013,89.339996,49.659973,71.320007
471.170013,89.339996,49.659973,71.320007
471.170013,89.339996,49.659973,71.320007
471.170013,89.339996,49.659973,71.320007
471.170013,89.339996,49.659973,71.320007
471.170013,89.339996,49.659973,71.320007
471.170013,89.339996,49.659973,71.320007
471.170013,89.339996,49.659973,71.320007
471.170013,89.339996,49.659973,71.320007
471.170013,89.339996,49.659973,71.320007
471.170013,89.339996,49.659973,71.320007
471.170013,89.339996,49.659973,71.320007
471.170013,89.339996,49.659973,71.320007
471.170013,89.339996,49.659973,71.320007
471.170013,89.339996,49.659973,71.320007
471.170013,89.339996,49.659973,71.320007
471.170013,89.339996,49.659973,71.320007
426.170013,109.339996,49.659973,71.320007
426.170013,109.339996,49.659973,71.320007
426.170013,109.339996,49.659973,71.320007
413.170013,121.339996,49.659973,71.320007
437.170013,100.339996,49.659973,71.320007
437.170013,100.339996,49.659973,71.320007
437.170013,100.339996,49.659973,71.320007
409.170013,137.339996,49.659973,71.320007
413.170013,106.339996,49.659973,71.320007
413.170013,106.339996,49.659973,71.320007
413.170013,106.339996,49.659973,71.320007
440.170013,98.339996,49.659973,71.320007
440.170013,98.339996,49.659973,71.320007
413.170013,106.339996,49.659973,71.320007
437.170013,90.339996,49.659973,71.320007
437.170013,90.339996,49.659973,71.320007
437.170013,90.339996,49.659973,71.320007
437.170013,90.339996,49.659973,71.320007
437.170013,90.339996,49.659973,71.320007
437.170013,90.339996,49.659973,71.320007
437.170013,90.339996,49.659973,71.320007
437.170013,90.339996,49.659973,71.320007
437.170013,90.339996,49.659973,71.320007
437.170013,90.339996,49.659973,71.320007
437.170013,90.339996,49.659973,71.320007
481.170013,109.339996,49.659973,71.320007
455.170013,93.339996,49.659973,71.320007
455.170013,93.339996,49.659973,71.320007
455.170013,93.339996,49.659973,71.320007
455.170013,93.339996,49.659973,71.320007
455.170013,93.339996,49.659973,71.320007
455.170013,93.339996,49.659973,71.320007
455.170013,93.339996,49.659973,71.320007
455.170013,93.339996,49.659973,71.320007
455.170013,93.339996,49.659973,71.320007
455.170013,93.339996,49.659973,71.320007
455.170013,93.339996,49.659973,71.320007
455.170013,93.339996,49.659973,71.320007
455.170013,93.339996,49.659973,71.320007
455.170013,93.339996,49.659973,71.320007
455.170013,93.339996,49.659973,71.320007
455.170013,93.339996,49.659973,71.320007
455.170013,93.339996,49.659973,71.320007
455.170013,93.339996,49.659973,71.320007
455.170013,93.339996,49.659973,71.320007
455.170013,93.339996,49.659973,71.320007
455.170013,93.339996,49.659973,71.320007
455.170013,93.339996,49.659973,71.320007
455.170013,93.339996,49.659973,71.320007
455.170013,93.339996,49.659973,71.320007
455.170013,93.339996,49.659973,71.320007
455.170013,93.339996,49.659973,71.320007
419.170013,97.339996,49.659973,71.320007
393.170013,91.339996,49.659973,71.320007
417.170013,85.339996,49.659973,71.320007
441.170013,94.339996,49.659973,71.320007
441.170013,94.339996,49.659973,71.320007
441.170013,94.339996,49.659973,71.320007
423.170013,91.339996,49.659973,71.320007
423.170013,91.339996,49.659973,71.320007
423.170013,91.339996,49.659973,71.320007
423.170013,91.339996,49.659973,71.320007
423.170013,91.339996,49.659973,71.320007
423.170013,91.339996,49.659973,71.320007
397.170013,95.339996,49.659973,71.320007
397.170013,95.339996,49.659973,71.320007
397.170013,95.339996,49.659973,71.320007
397.170013,95.339996,49.659973,71.320007
423.170013,101.339996,49.659973,71.320007
423.170013,101.339996,49.659973,71.320007
423.170013,101.339996,49.659973,71.320007
423.170013,101.339996,49.659973,71.320007
423.170013,101.339996,49.659973,71.320007
423.170013,101.339996,49.659973,71.320007
423.170013,101.339996,49.659973,71.320007
