1
438.670013,107.669998,49.659973,71.320007
438.670013,107.669998,49.659973,71.320007
438.670013,107.669998,49.659973,71.320007
438.670013,107.669998,49.659973,71.320007
438.670013,107.669998,49.659973,71.320007
438.670013,107.669998,49.659973,71.320007
438.670013,107.669998,49.659973,71.320007
438.670013,107.669998,49.659973,71.320007
438.670013,107.669998,49.659973,71.320007
438.670013,107.669998,49.659973,71.320007
438.670013,107.669998,49.659973,71.320007
438.670013,107.669998,49.659973,71.320007
438.670013,107.669998,49.659973,71.320007
438.670013,107.669998,49.659973,71.320007
438.670013,107.669998,49.659973,71.320007
438.670013,107.669998,49.659973,71.320007
438.670013,107.669998,49.659973,71.320007
438.670013,107.669998,49.659973,71.320007
438.670013,107.669998,49.659973,71.320007
438.670013,107.669998,49.659973,71.320007
438.670013,107.669998,49.659973,71.320007
438.670013,107.669998,49.659973,71.320007
438.670013,107.669998,49.659973,71.320007
438.670013,107.669998,49.659973,71.320007
435.170013,88.339996,49.659973,71.320007
444.170013,122.339996,49.659973,71.320007
444.170013,122.339996,49.659973,71.320007
444.170013,122.339996,49.659973,71.320007
444.170013,122.339996,49.659973,71.320007
444.170013,122.339996,49.659973,71.320007
444.170013,122.339996,49.659973,71.320007
444.170013,122.339996,49.659973,71.320007
444.170013,122.339996,49.659973,71.320007
444.170013,122.339996,49.659973,71.320007
444.170013,122.339996,49.659973,71.320007
444.170013,122.339996,49.659973,71.320007
444.170013,122.339996,49.659973,71.320007
427.170013,120.339996,49.659973,71.320007
446.170013,129.339996,49.659973,71.320007
446.170013,129.339996,49.659973,71.320007
446.170013,129.339996,49.659973,71.320007
446.170013,129.339996,49.659973,71.320007
446.170013,129.339996,49.659973,71.320007
446.170013,129.339996,49.659973,71.320007
446.170013,129.339996,49.659973,71.320007
419.170013,112.339996,49.659973,71.320007
443.170013,136.339996,49.659973,71.320007
447.170013,105.339996,49.659973,71.320007
447.170013,105.339996,49.659973,71.320007
447.170013,105.339996,49.659973,71.320007
420.170013,103.339996,49.659973,71.320007
420.170013,103.339996,49.659973,71.320007
448.170013,116.339996,49.659973,71.320007
448.170013,116.339996,49.659973,71.320007
448.170013,116.339996,49.659973,71.320007
430.170013,93.339996,49.659973,71.320007
430.170013,93.339996,49.659973,71.320007
430.170013,93.339996,49.659973,71.320007
430.170013,93.339996,49.659973,71.320007
430.170013,93.339996,49.659973,71.320007
430.170013,93.339996,49.659973,71.320007
430.170013,93.339996,49.659973,71.320007
430.170013,93.339996,49.659973,71.320007
437.170013,135.339996,49.659973,71.320007
437.170013,135.339996,49.659973,71.320007
437.170013,135.339996,49.659973,71.320007
434.170013,107.339996,49.659973,71.320007
434.170013,107.339996,49.659973,71.320007
434.170013,107.339996,49.659973,71.320007
434.170013,107.339996,49.659973,71.320007
434.170013,107.339996,49.659973,71.320007
434.170013,107.339996,49.659973,71.320007
434.170013,107.339996,49.659973,71.320007
422.170013,135.339996,49.659973,71.320007
431.170013,109.339996,49.659973,71.320007
431.170013,109.339996,49.659973,71.320007
431.170013,109.339996,49.659973,71.320007
431.170013,109.339996,49.659973,71.320007
431.170013,109.339996,49.659973,71.320007
421.170013,154.339996,49.659973,71.320007
421.170013,154.339996,49.659973,71.320007
421.170013,154.339996,49.659973,71.320007
421.170013,154.339996,49.659973,71.320007
421.170013,154.339996,49.659973,71.320007
421.170013,154.339996,49.659973,71.320007
421.170013,154.339996,49.659973,71.320007
421.170013,154.339996,49.659973,71.320007
433.170013,131.339996,49.659973,71.320007
433.170013,131.339996,49.659973,71.320007
433.170013,131.339996,49.659973,71.320007
433.170013,131.339996,49.659973,71.320007
433.170013,131.339996,49.659973,71.320007
433.170013,131.339996,49.659973,71.320007
417.170013,150.339996,49.659973,71.320007
436.170013,159.339996,49.659973,71.320007
436.170013,159.339996,49.659973,71.320007
436.170013,159.339996,49.659973,71.320007
436.170013,159.339996,49.659973,71.320007
432.170013,120.339996,49.659973,71.320007
432.170013,120.339996,49.659973,71.320007
432.170013,120.339996,49.659973,71.320007
439.170013,152.339996,49.659973,71.320007
439.170013,152.339996,49.659973,71.320007
439.170013,152.339996,49.659973,71.320007
431.170013,119.339996,49.659973,71.320007
431.170013,119.339996,49.659973,71.320007
431.170013,119.339996,49.659973,71.320007
431.170013,119.339996,49.659973,71.320007
431.170013,119.339996,49.659973,71.320007
431.170013,119.339996,49.659973,71.320007
410.170013,148.339996,49.659973,71.320007
410.170013,148.339996,49.659973,71.320007
410.170013,148.339996,49.659973,71.320007
410.170013,148.339996,49.659973,71.320007
411.170013,114.339996,49.659973,71.320007
411.170013,114.339996,49.659973,71.320007
429.170013,142.339996,49.659973,71.320007
429.170013,142.339996,49.659973,71.320007
432.170013,110.339996,49.659973,71.320007
432.170013,110.339996,49.659973,71.320007
432.170013,110.339996,49.659973,71.320007
432.170013,110.339996,49.659973,71.320007
432.170013,110.339996,49.659973,71.320007
432.170013,110.339996,49.659973,71.320007
411.170013,134.339996,49.659973,71.320007
410.170013,108.339996,49.659973,71.320007
410.170013,108.339996,49.659973,71.320007
410.170013,108.339996,49.659973,71.320007
410.170013,108.339996,49.659973,71.320007
410.170013,108.339996,49.659973,71.320007
410.170013,108.339996,49.659973,71.320007
414.170013,147.339996,49.659973,71.320007
414.170013,147.339996,49.659973,71.320007
412.170013,120.339996,49.659973,71.320007
412.170013,120.339996,49.659973,71.320007
412.170013,120.339996,49.659973,71.320007
412.170013,120.339996,49.659973,71.320007
433.170013,141.339996,49.659973,71.320007
433.170013,141.339996,49.659973,71.320007
433.170013,141.339996,49.659973,71.320007
433.170013,141.339996,49.659973,71.320007
433.170013,141.339996,49.659973,71.320007
433.170013,141.339996,49.659973,71.320007
433.170013,141.339996,49.659973,71.320007
433.170013,141.339996,49.659973,71.320007
433.170013,141.339996,49.659973,71.320007
433.170013,141.339996,49.659973,71.320007
433.170013,141.339996,49.659973,71.320007
433.170013,141.339996,49.659973,71.320007
433.170013,141.339996,49.659973,71.320007
433.170013,141.339996,49.659973,71.320007
439.170013,117.339996,49.659973,71.320007
439.170013,117.339996,49.659973,71.320007
439.170013,117.339996,49.659973,71.320007
439.170013,117.339996,49.659973,71.320007
439.170013,117.339996,49.659973,71.320007
439.170013,117.339996,49.659973,71.320007
439.170013,117.339996,49.659973,71.320007
439.170013,117.339996,49.659973,71.320007
439.170013,117.339996,49.659973,71.320007
439.170013,117.339996,49.659973,71.320007
439.170013,117.339996,49.659973,71.320007
439.170013,117.339996,49.659973,71.320007
439.170013,117.339996,49.659973,71.320007
439.170013,117.339996,49.659973,71.320007
439.170013,117.339996,49.659973,71.320007
439.170013,117.339996,49.659973,71.320007
439.170013,117.339996,49.659973,71.320007
477.170013,105.339996,49.659973,71.320007
477.170013,105.339996,49.659973,71.320007
445.170013,138.339996,49.659973,71.320007
459.170013,102.339996,49.659973,71.320007
459.170013,102.339996,49.659973,71.320007
459.170013,102.339996,49.659973,71.320007
459.170013,102.339996,49.659973,71.320007
459.170013,102.339996,49.659973,71.320007
489.170013,137.339996,49.659973,71.320007
483.170013,111.339996,49.659973,71.320007
483.170013,111.339996,49.659973,71.320007
486.170013,144.339996,49.659973,71.320007
486.170013,144.339996,49.659973,71.320007
474.170013,122.339996,49.659973,71.320007
474.170013,122.339996,49.659973,71.320007
474.170013,122.339996,49.659973,71.320007
474.170013,122.339996,49.659973,71.320007
475.170013,103.339996,49.659973,71.320007
475.170013,103.339996,49.659973,71.320007
475.170013,103.339996,49.659973,71.320007
475.170013,103.339996,49.659973,71.320007
475.170013,103.339996,49.659973,71.320007
450.170013,108.339996,49.659973,71.320007
450.170013,108.339996,49.659973,71.320007
443.170013,141.339996,49.659973,71.320007
452.170013,115.339996,49.659973,71.320007
452.170013,115.339996,49.659973,71.320007
452.170013,115.339996,49.659973,71.320007
452.170013,115.339996,49.659973,71.320007
478.170013,101.339996,49.659973,71.320007
452.170013,105.339996,49.659973,71.320007
441.170013,139.339996,49.659973,71.320007
450.170013,103.339996,49.659973,71.320007
450.170013,103.339996,49.659973,71.320007
443.170013,136.339996,49.659973,71.320007
442.170013,115.339996,49.659973,71.320007
441.170013,149.339996,49.659973,71.320007
441.170013,149.339996,49.659973,71.320007
441.170013,149.339996,49.659973,71.320007
441.170013,149.339996,49.659973,71.320007
462.170013,105.339996,49.659973,71.320007
462.170013,105.339996,49.659973,71.320007
462.170013,105.339996,49.659973,71.320007
462.170013,105.339996,49.659973,71.320007
462.170013,105.339996,49.659973,71.320007
457.170013,130.339996,49.659973,71.320007
457.170013,130.339996,49.659973,71.320007
457.170013,130.339996,49.659973,71.320007
457.170013,130.339996,49.659973,71.320007
473.170013,106.339996,49.659973,71.320007
473.170013,106.339996,49.659973,71.320007
473.170013,106.339996,49.659973,71.320007
473.170013,106.339996,49.659973,71.320007
473.170013,106.339996,49.659973,71.320007
473.170013,106.339996,49.659973,71.320007
473.170013,106.339996,49.659973,71.320007
473.170013,106.339996,49.659973,71.320007
473.170013,106.339996,49.659973,71.320007
473.170013,106.339996,49.659973,71.320007
473.170013,106.339996,49.659973,71.320007
473.170013,106.339996,49.659973,71.320007
456.170013,119.339996,49.659973,71.320007
456.170013,119.339996,49.659973,71.320007
479.170013,107.339996,49.659973,71.320007
463.170013,141.339996,49.659973,71.320007
463.170013,141.339996,49.659973,71.320007
463.170013,141.339996,49.659973,71.320007
463.170013,141.339996,49.659973,71.320007
479.170013,97.339996,49.659973,71.320007
479.170013,97.339996,49.659973,71.320007
479.170013,97.339996,49.659973,71.320007
479.170013,97.339996,49.659973,71.320007
479.170013,97.339996,49.659973,71.320007
479.170013,97.339996,49.659973,71.320007
479.170013,97.339996,49.659973,71.320007
479.170013,97.339996,49.659973,71.320007
479.170013,97.339996,49.659973,71.320007
479.170013,97.339996,49.659973,71.320007
479.170013,97.339996,49.659973,71.320007
479.170013,97.339996,49.659973,71.320007
479.170013,97.339996,49.659973,71.320007
479.170013,97.339996,49.659973,71.320007
479.170013,97.339996,49.659973,71.320007
479.170013,97.339996,49.659973,71.320007
479.170013,97.339996,49.659973,71.320007
479.170013,97.339996,49.659973,71.320007
451.170013,119.339996,49.659973,71.320007
451.170013,119.339996,49.659973,71.320007
469.170013,102.339996,49.659973,71.320007
469.170013,102.339996,49.659973,71.320007
469.170013,102.339996,49.659973,71.320007
469.170013,102.339996,49.659973,71.320007
469.170013,102.339996,49.659973,71.320007
469.170013,102.339996,49.659973,71.320007
469.170013,102.339996,49.659973,71.320007
469.170013,102.339996,49.659973,71.320007
469.170013,102.339996,49.659973,71.320007
493.170013,111.339996,49.659973,71.320007
493.170013,111.339996,49.659973,71.320007
493.170013,111.339996,49.659973,71.320007
493.170013,111.339996,49.659973,71.320007
494.170013,142.339996,49.659973,71.320007
493.170013,111.339996,49.659973,71.320007
472.170013,95.339996,49.659973,71.320007
472.170013,95.339996,49.659973,71.320007
472.170013,95.339996,49.659973,71.320007
472.170013,95.339996,49.659973,71.320007
472.170013,95.339996,49.659973,71.320007
472.170013,95.339996,49.659973,71.320007
472.170013,95.339996,49.659973,71.320007
472.170013,95.339996,49.659973,71.320007
472.170013,95.339996,49.659973,71.320007
472.170013,95.339996,49.659973,71.320007
472.170013,95.339996,49.659973,71.320007
472.170013,95.339996,49.659973,71.320007
472.170013,95.339996,49.659973,71.320007
472.170013,95.339996,49.659973,71.320007
472.170013,95.339996,49.659973,71.320007
472.170013,95.339996,49.659973,71.320007
472.170013,95.339996,49.659973,71.320007
472.170013,95.339996,49.659973,71.320007
472.170013,95.339996,49.659973,71.320007
472.170013,95.339996,49.659973,71.320007
472.170013,95.339996,49.659973,71.320007
472.170013,95.339996,49.659973,71.320007
472.170013,95.339996,49.659973,71.320007
472.170013,95.339996,49.659973,71.320007
458.170013,101.339996,49.659973,71.320007
458.170013,101.339996,49.659973,71.320007
458.170013,101.339996,49.659973,71.320007
458.170013,101.339996,49.659973,71.320007
458.170013,101.339996,49.659973,71.320007
458.170013,101.339996,49.659973,71.320007
458.170013,101.339996,49.659973,71.320007
458.170013,101.339996,49.659973,71.320007
458.170013,101.339996,49.659973,71.320007
458.170013,101.339996,49.659973,71.320007
458.170013,101.339996,49.659973,71.320007
458.170013,101.339996,49.659973,71.320007
458.170013,101.339996,49.659973,71.320007
458.170013,101.339996,49.659973,71.320007
458.170013,101.339996,49.659973,71.320007
458.170013,101.339996,49.659973,71.320007
458.170013,101.339996,49.659973,71.320007
407.170013,100.339996,49.659973,71.320007
407.170013,100.339996,49.659973,71.320007
407.170013,100.339996,49.659973,71.320007
407.170013,100.339996,49.659973,71.320007
407.170013,100.339996,49.659973,71.320007
407.170013,100.339996,49.659973,71.320007
407.170013,100.339996,49.659973,71.320007
425.170013,98.339996,49.659973,71.320007
404.170013,107.339996,49.659973,71.320007
404.170013,107.339996,49.659973,71.320007
442.170013,90.339996,49.659973,71.320007
442.170013,90.339996,49.659973,71.320007
442.170013,90.339996,49.659973,71.320007
442.170013,90.339996,49.659973,71.320007
442.170013,90.339996,49.659973,71.320007
442.170013,90.339996,49.659973,71.320007
442.170013,90.339996,49.659973,71.320007
442.170013,90.339996,49.659973,71.320007
442.170013,90.339996,49.659973,71.320007
442.170013,90.339996,49.659973,71.320007
442.170013,90.339996,49.659973,71.320007
442.170013,90.339996,49.659973,71.320007
442.170013,90.339996,49.659973,71.320007
442.170013,90.339996,49.659973,71.320007
442.170013,90.339996,49.659973,71.320007
442.170013,90.339996,49.659973,71.320007
442.170013,90.339996,49.659973,71.320007
460.170013,98.339996,49.659973,71.320007
460.170013,98.339996,49.659973,71.320007
460.170013,98.339996,49.659973,71.320007
447.170013,95.339996,49.659973,71.320007
447.170013,95.339996,49.659973,71.320007
447.170013,95.339996,49.659973,71.320007
424.170013,92.339996,49.659973,71.320007
424.170013,92.339996,49.659973,71.320007
424.170013,92.339996,49.659973,71.320007
391.170013,94.339996,49.659973,71.320007
391.170013,94.339996,49.659973,71.320007
391.170013,94.339996,49.659973,71.320007
378.170013,116.339996,49.659973,71.320007
378.170013,116.339996,49.659973,71.320007
378.170013,116.339996,49.659973,71.320007
396.170013,94.339996,49.659973,71.320007
396.170013,94.339996,49.659973,71.320007
396.170013,94.339996,49.659973,71.320007
396.170013,94.339996,49.659973,71.320007
427.170013,100.339996,49.659973,71.320007
411.170013,99.339996,49.659973,71.320007
411.170013,99.339996,49.659973,71.320007
411.170013,99.339996,49.659973,71.320007
411.170013,99.339996,49.659973,71.320007
397.170013,85.339996,49.659973,71.320007
397.170013,85.339996,49.659973,71.320007
397.170013,85.339996,49.659973,71.320007
397.170013,85.339996,49.659973,71.320007
373.170013,86.339996,49.659973,71.320007
373.170013,86.339996,49.659973,71.320007
396.170013,79.339996,49.659973,71.320007
