1
438.670013,107.669998,49.659973,71.320007
438.670013,107.669998,49.659973,71.320007
438.670013,107.669998,49.659973,71.320007
438.670013,107.669998,49.659973,71.320007
438.670013,107.669998,49.659973,71.320007
438.670013,107.669998,49.659973,71.320007
438.670013,107.669998,49.659973,71.320007
438.670013,107.669998,49.659973,71.320007
456.170013,109.339996,49.659973,71.320007
456.170013,109.339996,49.659973,71.320007
456.170013,109.339996,49.659973,71.320007
428.170013,116.339996,49.659973,71.320007
432.170013,90.339996,49.659973,71.320007
432.170013,90.339996,49.659973,71.320007
432.170013,90.339996,49.659973,71.320007
432.170013,90.339996,49.659973,71.320007
432.170013,90.339996,49.659973,71.320007
432.170013,90.339996,49.659973,71.320007
432.170013,90.339996,49.659973,71.320007
450.170013,98.339996,49.659973,71.320007
450.170013,98.339996,49.659973,71.320007
450.170013,98.339996,49.659973,71.320007
450.170013,98.339996,49.659973,71.320007
450.170013,98.339996,49.659973,71.320007
450.170013,98.339996,49.659973,71.320007
444.170013,127.339996,49.659973,71.320007
444.170013,127.339996,49.659973,71.320007
444.170013,127.339996,49.659973,71.320007
444.170013,127.339996,49.659973,71.320007
444.170013,127.339996,49.659973,71.320007
444.170013,127.339996,49.659973,71.320007
444.170013,127.339996,49.659973,71.320007
444.170013,127.339996,49.659973,71.320007
444.170013,127.339996,49.659973,71.320007
444.170013,127.339996,49.659973,71.320007
444.170013,127.339996,49.659973,71.320007
444.170013,127.339996,49.659973,71.320007
444.170013,127.339996,49.659973,71.320007
431.170013,139.339996,49.659973,71.320007
430.170013,108.339996,49.659973,71.320007
434.170013,137.339996,49.659973,71.320007
434.170013,137.339996,49.659973,71.320007
434.170013,137.339996,49.659973,71.320007
434.170013,137.339996,49.659973,71.320007
434.170013,137.339996,49.659973,71.320007
434.170013,137.339996,49.659973,71.320007
434.170013,137.339996,49.659973,71.320007
434.170013,137.339996,49.659973,71.320007
434.170013,137.339996,49.659973,71.320007
434.170013,137.339996,49.659973,71.320007
434.170013,137.339996,49.659973,71.320007
434.170013,137.339996,49.659973,71.320007
434.170013,137.339996,49.659973,71.320007
434.170013,137.339996,49.659973,71.320007
434.170013,137.339996,49.659973,71.320007
434.170013,137.339996,49.659973,71.320007
434.170013,137.339996,49.659973,71.320007
434.170013,137.339996,49.659973,71.320007
434.170013,137.339996,49.659973,71.320007
430.170013,103.339996,49.659973,71.320007
444.170013,132.339996,49.659973,71.320007
444.170013,132.339996,49.659973,71.320007
442.170013,105.339996,49.659973,71.320007
442.170013,105.339996,49.659973,71.320007
442.170013,105.339996,49.659973,71.320007
442.170013,105.339996,49.659973,71.320007
438.170013,131.339996,49.659973,71.320007
438.170013,131.339996,49.659973,71.320007
438.170013,131.339996,49.659973,71.320007
438.170013,131.339996,49.659973,71.320007
438.170013,131.339996,49.659973,71.320007
438.170013,131.339996,49.659973,71.320007
438.170013,131.339996,49.659973,71.320007
438.170013,131.339996,49.659973,71.320007
420.170013,128.339996,49.659973,71.320007
420.170013,128.339996,49.659973,71.320007
438.170013,136.339996,49.659973,71.320007
438.170013,136.339996,49.659973,71.320007
438.170013,136.339996,49.659973,71.320007
438.170013,136.339996,49.659973,71.320007
438.170013,136.339996,49.659973,71.320007
438.170013,136.339996,49.659973,71.320007
438.170013,136.339996,49.659973,71.320007
438.170013,136.339996,49.659973,71.320007
420.170013,123.339996,49.659973,71.320007
420.170013,123.339996,49.659973,71.320007
420.170013,123.339996,49.659973,71.320007
420.170013,123.339996,49.659973,71.320007
420.170013,123.339996,49.659973,71.320007
420.170013,123.339996,49.659973,71.320007
420.170013,123.339996,49.659973,71.320007
413.170013,151.339996,49.659973,71.320007
413.170013,151.339996,49.659973,71.320007
413.170013,151.339996,49.659973,71.320007
440.170013,158.339996,49.659973,71.320007
424.170013,157.339996,49.659973,71.320007
424.170013,157.339996,49.659973,71.320007
424.170013,157.339996,49.659973,71.320007
424.170013,157.339996,49.659973,71.320007
430.170013,123.339996,49.659973,71.320007
439.170013,152.339996,49.659973,71.320007
423.170013,151.339996,49.659973,71.320007
423.170013,151.339996,49.659973,71.320007
441.170013,134.339996,49.659973,71.320007
441.170013,134.339996,49.659973,71.320007
441.170013,134.339996,49.659973,71.320007
428.170013,136.339996,49.659973,71.320007
428.170013,136.339996,49.659973,71.320007
431.170013,114.339996,49.659973,71.320007
431.170013,114.339996,49.659973,71.320007
434.170013,142.339996,49.659973,71.320007
434.170013,142.339996,49.659973,71.320007
417.170013,135.339996,49.659973,71.320007
417.170013,135.339996,49.659973,71.320007
417.170013,135.339996,49.659973,71.320007
417.170013,135.339996,49.659973,71.320007
417.170013,135.339996,49.659973,71.320007
417.170013,135.339996,49.659973,71.320007
431.170013,104.339996,49.659973,71.320007
431.170013,104.339996,49.659973,71.320007
431.170013,104.339996,49.659973,71.320007
431.170013,104.339996,49.659973,71.320007
431.170013,104.339996,49.659973,71.320007
431.170013,104.339996,49.659973,71.320007
410.170013,128.339996,49.659973,71.320007
410.170013,128.339996,49.659973,71.320007
410.170013,128.339996,49.659973,71.320007
410.170013,128.339996,49.659973,71.320007
410.170013,128.339996,49.659973,71.320007
410.170013,128.339996,49.659973,71.320007
410.170013,128.339996,49.659973,71.320007
410.170013,128.339996,49.659973,71.320007
410.170013,128.339996,49.659973,71.320007
410.170013,128.339996,49.659973,71.320007
410.170013,128.339996,49.659973,71.320007
410.170013,128.339996,49.659973,71.320007
410.170013,128.339996,49.659973,71.320007
432.170013,145.339996,49.659973,71.320007
432.170013,145.339996,49.659973,71.320007
432.170013,145.339996,49.659973,71.320007
432.170013,145.339996,49.659973,71.320007
432.170013,145.339996,49.659973,71.320007
432.170013,145.339996,49.659973,71.320007
426.170013,124.339996,49.659973,71.320007
426.170013,124.339996,49.659973,71.320007
426.170013,124.339996,49.659973,71.320007
426.170013,124.339996,49.659973,71.320007
426.170013,124.339996,49.659973,71.320007
426.170013,124.339996,49.659973,71.320007
426.170013,124.339996,49.659973,71.320007
426.170013,124.339996,49.659973,71.320007
438.170013,96.339996,49.659973,71.320007
438.170013,96.339996,49.659973,71.320007
438.170013,96.339996,49.659973,71.320007
438.170013,96.339996,49.659973,71.320007
438.170013,96.339996,49.659973,71.320007
438.170013,96.339996,49.659973,71.320007
438.170013,96.339996,49.659973,71.320007
438.170013,96.339996,49.659973,71.320007
438.170013,96.339996,49.659973,71.320007
438.170013,96.339996,49.659973,71.320007
438.170013,96.339996,49.659973,71.320007
438.170013,96.339996,49.659973,71.320007
438.170013,96.339996,49.659973,71.320007
438.170013,96.339996,49.659973,71.320007
438.170013,96.339996,49.659973,71.320007
438.170013,96.339996,49.659973,71.320007
438.170013,96.339996,49.659973,71.320007
438.170013,96.339996,49.659973,71.320007
438.170013,96.339996,49.659973,71.320007
438.170013,96.339996,49.659973,71.320007
438.170013,96.339996,49.659973,71.320007
438.170013,96.339996,49.659973,71.320007
438.170013,96.339996,49.659973,71.320007
438.170013,96.339996,49.659973,71.320007
438.170013,96.339996,49.659973,71.320007
438.170013,96.339996,49.659973,71.320007
438.170013,96.339996,49.659973,71.320007
471.170013,104.339996,49.659973,71.320007
471.170013,104.339996,49.659973,71.320007
454.170013,102.339996,49.659973,71.320007
454.170013,102.339996,49.659973,71.320007
477.170013,135.339996,49.659973,71.320007
451.170013,104.339996,49.659973,71.320007
451.170013,104.339996,49.659973,71.320007
451.170013,104.339996,49.659973,71.320007
451.170013,104.339996,49.659973,71.320007
451.170013,104.339996,49.659973,71.320007
451.170013,104.339996,49.659973,71.320007
451.170013,104.339996,49.659973,71.320007
451.170013,104.339996,49.659973,71.320007
451.170013,104.339996,49.659973,71.320007
472.170013,105.339996,49.659973,71.320007
472.170013,105.339996,49.659973,71.320007
472.170013,105.339996,49.659973,71.320007
472.170013,105.339996,49.659973,71.320007
443.170013,121.339996,49.659973,71.320007
443.170013,121.339996,49.659973,71.320007
443.170013,121.339996,49.659973,71.320007
443.170013,121.339996,49.659973,71.320007
443.170013,121.339996,49.659973,71.320007
443.170013,121.339996,49.659973,71.320007
443.170013,121.339996,49.659973,71.320007
443.170013,121.339996,49.659973,71.320007
443.170013,121.339996,49.659973,71.320007
443.170013,121.339996,49.659973,71.320007
443.170013,121.339996,49.659973,71.320007
443.170013,121.339996,49.659973,71.320007
443.170013,121.339996,49.659973,71.320007
443.170013,121.339996,49.659973,71.320007
443.170013,121.339996,49.659973,71.320007
443.170013,121.339996,49.659973,71.320007
482.170013,110.339996,49.659973,71.320007
482.170013,110.339996,49.659973,71.320007
482.170013,110.339996,49.659973,71.320007
482.170013,110.339996,49.659973,71.320007
482.170013,110.339996,49.659973,71.320007
482.170013,110.339996,49.659973,71.320007
482.170013,110.339996,49.659973,71.320007
482.170013,110.339996,49.659973,71.320007
482.170013,110.339996,49.659973,71.320007
463.170013,96.339996,49.659973,71.320007
463.170013,96.339996,49.659973,71.320007
463.170013,96.339996,49.659973,71.320007
463.170013,96.339996,49.659973,71.320007
463.170013,96.339996,49.659973,71.320007
463.170013,96.339996,49.659973,71.320007
463.170013,96.339996,49.659973,71.320007
461.170013,139.339996,49.659973,71.320007
461.170013,139.339996,49.659973,71.320007
479.170013,97.339996,49.659973,71.320007
479.170013,97.339996,49.659973,71.320007
479.170013,97.339996,49.659973,71.320007
491.170013,129.339996,49.659973,71.320007
470.170013,128.339996,49.659973,71.320007
470.170013,128.339996,49.659973,71.320007
488.170013,116.339996,49.659973,71.320007
462.170013,120.339996,49.659973,71.320007
462.170013,120.339996,49.659973,71.320007
462.170013,120.339996,49.659973,71.320007
462.170013,120.339996,49.659973,71.320007
456.170013,94.339996,49.659973,71.320007
456.170013,94.339996,49.659973,71.320007
456.170013,94.339996,49.659973,71.320007
478.170013,96.339996,49.659973,71.320007
478.170013,96.339996,49.659973,71.320007
478.170013,96.339996,49.659973,71.320007
478.170013,96.339996,49.659973,71.320007
478.170013,96.339996,49.659973,71.320007
478.170013,96.339996,49.659973,71.320007
478.170013,96.339996,49.659973,71.320007
478.170013,96.339996,49.659973,71.320007
478.170013,96.339996,49.659973,71.320007
494.170013,127.339996,49.659973,71.320007
473.170013,96.339996,49.659973,71.320007
473.170013,96.339996,49.659973,71.320007
473.170013,96.339996,49.659973,71.320007
473.170013,96.339996,49.659973,71.320007
473.170013,96.339996,49.659973,71.320007
473.170013,96.339996,49.659973,71.320007
473.170013,96.339996,49.659973,71.320007
473.170013,96.339996,49.659973,71.320007
473.170013,96.339996,49.659973,71.320007
473.170013,96.339996,49.659973,71.320007
473.170013,96.339996,49.659973,71.320007
473.170013,96.339996,49.659973,71.320007
473.170013,96.339996,49.659973,71.320007
473.170013,96.339996,49.659973,71.320007
473.170013,96.339996,49.659973,71.320007
493.170013,131.339996,49.659973,71.320007
493.170013,131.339996,49.659973,71.320007
493.170013,131.339996,49.659973,71.320007
493.170013,131.339996,49.659973,71.320007
493.170013,131.339996,49.659973,71.320007
493.170013,131.339996,49.659973,71.320007
493.170013,131.339996,49.659973,71.320007
493.170013,131.339996,49.659973,71.320007
480.170013,123.339996,49.659973,71.320007
480.170013,123.339996,49.659973,71.320007
480.170013,123.339996,49.659973,71.320007
480.170013,123.339996,49.659973,71.320007
480.170013,123.339996,49.659973,71.320007
480.170013,123.339996,49.659973,71.320007
480.170013,123.339996,49.659973,71.320007
480.170013,123.339996,49.659973,71.320007
480.170013,123.339996,49.659973,71.320007
491.170013,104.339996,49.659973,71.320007
491.170013,104.339996,49.659973,71.320007
491.170013,104.339996,49.659973,71.320007
491.170013,104.339996,49.659973,71.320007
491.170013,104.339996,49.659973,71.320007
471.170013,104.339996,49.659973,71.320007
471.170013,104.339996,49.659973,71.320007
471.170013,104.339996,49.659973,71.320007
471.170013,104.339996,49.659973,71.320007
432.170013,115.339996,49.659973,71.320007
432.170013,115.339996,49.659973,71.320007
450.170013,88.339996,49.659973,71.320007
450.170013,88.339996,49.659973,71.320007
450.170013,88.339996,49.659973,71.320007
450.170013,88.339996,49.659973,71.320007
450.170013,88.339996,49.659973,71.320007
430.170013,108.339996,49.659973,71.320007
430.170013,108.339996,49.659973,71.320007
430.170013,108.339996,49.659973,71.320007
430.170013,108.339996,49.659973,71.320007
430.170013,108.339996,49.659973,71.320007
425.170013,133.339996,49.659973,71.320007
449.170013,102.339996,49.659973,71.320007
449.170013,102.339996,49.659973,71.320007
449.170013,102.339996,49.659973,71.320007
449.170013,102.339996,49.659973,71.320007
449.170013,102.339996,49.659973,71.320007
449.170013,102.339996,49.659973,71.320007
449.170013,102.339996,49.659973,71.320007
449.170013,102.339996,49.659973,71.320007
449.170013,102.339996,49.659973,71.320007
449.170013,102.339996,49.659973,71.320007
449.170013,102.339996,49.659973,71.320007
449.170013,102.339996,49.659973,71.320007
449.170013,102.339996,49.659973,71.320007
476.170013,109.339996,49.659973,71.320007
455.170013,78.339996,49.659973,71.320007
455.170013,78.339996,49.659973,71.320007
455.170013,78.339996,49.659973,71.320007
455.170013,78.339996,49.659973,71.320007
455.170013,78.339996,49.659973,71.320007
455.170013,78.339996,49.659973,71.320007
434.170013,107.339996,49.659973,71.320007
453.170013,111.339996,49.659973,71.320007
453.170013,111.339996,49.659973,71.320007
453.170013,111.339996,49.659973,71.320007
453.170013,111.339996,49.659973,71.320007
453.170013,111.339996,49.659973,71.320007
453.170013,111.339996,49.659973,71.320007
453.170013,111.339996,49.659973,71.320007
453.170013,111.339996,49.659973,71.320007
453.170013,111.339996,49.659973,71.320007
453.170013,111.339996,49.659973,71.320007
453.170013,111.339996,49.659973,71.320007
453.170013,111.339996,49.659973,71.320007
441.170013,79.339996,49.659973,71.320007
441.170013,79.339996,49.659973,71.320007
441.170013,79.339996,49.659973,71.320007
441.170013,79.339996,49.659973,71.320007
441.170013,79.339996,49.659973,71.320007
441.170013,79.339996,49.659973,71.320007
441.170013,79.339996,49.659973,71.320007
441.170013,79.339996,49.659973,71.320007
391.170013,99.339996,49.659973,71.320007
391.170013,99.339996,49.659973,71.320007
374.170013,112.339996,49.659973,71.320007
374.170013,112.339996,49.659973,71.320007
397.170013,135.339996,49.659973,71.320007
381.170013,104.339996,49.659973,71.320007
381.170013,104.339996,49.659973,71.320007
409.170013,92.339996,49.659973,71.320007
409.170013,92.339996,49.659973,71.320007
409.170013,92.339996,49.659973,71.320007
409.170013,92.339996,49.659973,71.320007
409.170013,92.339996,49.659973,71.320007
409.170013,92.339996,49.659973,71.320007
409.170013,92.339996,49.659973,71.320007
437.170013,110.339996,49.659973,71.320007
411.170013,74.339996,49.659973,71.320007
411.170013,74.339996,49.659973,71.320007
411.170013,74.339996,49.659973,71.320007
411.170013,74.339996,49.659973,71.320007
411.170013,74.339996,49.659973,71.320007
411.170013,74.339996,49.659973,71.320007
