1
438.670013,107.669998,49.659973,71.320007
438.670013,107.669998,49.659973,71.320007
438.670013,107.669998,49.659973,71.320007
438.670013,107.669998,49.659973,71.320007
438.670013,107.669998,49.659973,71.320007
438.670013,107.669998,49.659973,71.320007
438.670013,107.669998,49.659973,71.320007
438.670013,107.669998,49.659973,71.320007
438.670013,107.669998,49.659973,71.320007
438.670013,107.669998,49.659973,71.320007
438.670013,107.669998,49.659973,71.320007
438.670013,107.669998,49.659973,71.320007
438.670013,107.669998,49.659973,71.320007
438.670013,107.669998,49.659973,71.320007
440.170013,133.339996,49.659973,71.320007
440.170013,133.339996,49.659973,71.320007
443.170013,96.339996,49.659973,71.320007
443.170013,96.339996,49.659973,71.320007
443.170013,96.339996,49.659973,71.320007
443.170013,96.339996,49.659973,71.320007
429.170013,97.339996,49.659973,71.320007
448.170013,96.339996,49.659973,71.320007
448.170013,96.339996,49.659973,71.320007
448.170013,96.339996,49.659973,71.320007
448.170013,96.339996,49.659973,71.320007
448.170013,96.339996,49.659973,71.320007
448.170013,96.339996,49.659973,71.320007
448.170013,96.339996,49.659973,71.320007
448.170013,96.339996,49.659973,71.320007
448.170013,96.339996,49.659973,71.320007
452.170013,125.339996,49.659973,71.320007
452.170013,125.339996,49.659973,71.320007
452.170013,125.339996,49.659973,71.320007
452.170013,125.339996,49.659973,71.320007
452.170013,125.339996,49.659973,71.320007
462.170013,155.339996,49.659973,71.320007
462.170013,155.339996,49.659973,71.320007
435.170013,153.339996,49.659973,71.320007
435.170013,153.339996,49.659973,71.320007
435.170013,153.339996,49.659973,71.320007
437.170013,125.339996,49.659973,71.320007
437.170013,125.339996,49.659973,71.320007
430.170013,103.339996,49.659973,71.320007
430.170013,103.339996,49.659973,71.320007
430.170013,103.339996,49.659973,71.320007
430.170013,103.339996,49.659973,71.320007
430.170013,103.339996,49.659973,71.320007
430.170013,103.339996,49.659973,71.320007
430.170013,103.339996,49.659973,71.320007
430.170013,103.339996,49.659973,71.320007
430.170013,103.339996,49.659973,71.320007
430.170013,103.339996,49.659973,71.320007
430.170013,103.339996,49.659973,71.320007
430.170013,103.339996,49.659973,71.320007
430.170013,103.339996,49.659973,71.320007
430.170013,103.339996,49.659973,71.320007
430.170013,103.339996,49.659973,71.320007
430.170013,103.339996,49.659973,71.320007
430.170013,103.339996,49.659973,71.320007
433.170013,161.339996,49.659973,71.320007
433.170013,161.339996,49.659973,71.320007
446.170013,119.339996,49.659973,71.320007
446.170013,119.339996,49.659973,71.320007
446.170013,119.339996,49.659973,71.320007
446.170013,119.339996,49.659973,71.320007
446.170013,119.339996,49.659973,71.320007
446.170013,119.339996,49.659973,71.320007
446.170013,119.339996,49.659973,71.320007
446.170013,119.339996,49.659973,71.320007
446.170013,119.339996,49.659973,71.320007
446.170013,119.339996,49.659973,71.320007
446.170013,119.339996,49.659973,71.320007
446.170013,119.339996,49.659973,71.320007
446.170013,119.339996,49.659973,71.320007
446.170013,119.339996,49.659973,71.320007
446.170013,119.339996,49.659973,71.320007
446.170013,119.339996,49.659973,71.320007
446.170013,119.339996,49.659973,71.320007
446.170013,119.339996,49.659973,71.320007
446.170013,119.339996,49.659973,71.320007
446.170013,119.339996,49.659973,71.320007
446.170013,119.339996,49.659973,71.320007
445.170013,158.339996,49.659973,71.320007
445.170013,158.339996,49.659973,71.320007
445.170013,158.339996,49.659973,71.320007
432.170013,160.339996,49.659973,71.320007
432.170013,160.339996,49.659973,71.320007
432.170013,160.339996,49.659973,71.320007
432.170013,160.339996,49.659973,71.320007
432.170013,160.339996,49.659973,71.320007
432.170013,160.339996,49.659973,71.320007
416.170013,154.339996,49.659973,71.320007
416.170013,154.339996,49.659973,71.320007
416.170013,154.339996,49.659973,71.320007
416.170013,154.339996,49.659973,71.320007
416.170013,154.339996,49.659973,71.320007
416.170013,154.339996,49.659973,71.320007
416.170013,154.339996,49.659973,71.320007
416.170013,154.339996,49.659973,71.320007
433.170013,116.339996,49.659973,71.320007
432.170013,150.339996,49.659973,71.320007
432.170013,150.339996,49.659973,71.320007
432.170013,150.339996,49.659973,71.320007
419.170013,152.339996,49.659973,71.320007
419.170013,152.339996,49.659973,71.320007
442.170013,155.339996,49.659973,71.320007
421.170013,149.339996,49.659973,71.320007
421.170013,149.339996,49.659973,71.320007
421.170013,149.339996,49.659973,71.320007
403.170013,141.339996,49.659973,71.320007
403.170013,141.339996,49.659973,71.320007
403.170013,141.339996,49.659973,71.320007
415.170013,108.339996,49.659973,71.320007
414.170013,137.339996,49.659973,71.320007
414.170013,137.339996,49.659973,71.320007
414.170013,137.339996,49.659973,71.320007
414.170013,137.339996,49.659973,71.320007
420.170013,113.339996,49.659973,71.320007
420.170013,113.339996,49.659973,71.320007
420.170013,113.339996,49.659973,71.320007
420.170013,113.339996,49.659973,71.320007
420.170013,113.339996,49.659973,71.320007
420.170013,113.339996,49.659973,71.320007
420.170013,113.339996,49.659973,71.320007
420.170013,113.339996,49.659973,71.320007
407.170013,135.339996,49.659973,71.320007
407.170013,135.339996,49.659973,71.320007
407.170013,135.339996,49.659973,71.320007
407.170013,135.339996,49.659973,71.320007
407.170013,135.339996,49.659973,71.320007
407.170013,135.339996,49.659973,71.320007
407.170013,135.339996,49.659973,71.320007
407.170013,135.339996,49.659973,71.320007
407.170013,135.339996,49.659973,71.320007
407.170013,135.339996,49.659973,71.320007
407.170013,135.339996,49.659973,71.320007
407.170013,135.339996,49.659973,71.320007
435.170013,143.339996,49.659973,71.320007
435.170013,143.339996,49.659973,71.320007
435.170013,143.339996,49.659973,71.320007
435.170013,143.339996,49.659973,71.320007
435.170013,143.339996,49.659973,71.320007
415.170013,108.339996,49.659973,71.320007
415.170013,108.339996,49.659973,71.320007
415.170013,108.339996,49.659973,71.320007
415.170013,108.339996,49.659973,71.320007
428.170013,136.339996,49.659973,71.320007
428.170013,136.339996,49.659973,71.320007
431.170013,114.339996,49.659973,71.320007
431.170013,114.339996,49.659973,71.320007
431.170013,114.339996,49.659973,71.320007
431.170013,114.339996,49.659973,71.320007
431.170013,114.339996,49.659973,71.320007
426.170013,139.339996,49.659973,71.320007
435.170013,113.339996,49.659973,71.320007
435.170013,113.339996,49.659973,71.320007
435.170013,113.339996,49.659973,71.320007
435.170013,113.339996,49.659973,71.320007
435.170013,113.339996,49.659973,71.320007
435.170013,113.339996,49.659973,71.320007
435.170013,113.339996,49.659973,71.320007
435.170013,113.339996,49.659973,71.320007
435.170013,113.339996,49.659973,71.320007
435.170013,113.339996,49.659973,71.320007
435.170013,113.339996,49.659973,71.320007
435.170013,113.339996,49.659973,71.320007
435.170013,113.339996,49.659973,71.320007
435.170013,113.339996,49.659973,71.320007
481.170013,139.339996,49.659973,71.320007
465.170013,103.339996,49.659973,71.320007
465.170013,103.339996,49.659973,71.320007
465.170013,103.339996,49.659973,71.320007
447.170013,105.339996,49.659973,71.320007
447.170013,105.339996,49.659973,71.320007
447.170013,105.339996,49.659973,71.320007
434.170013,112.339996,49.659973,71.320007
434.170013,112.339996,49.659973,71.320007
434.170013,112.339996,49.659973,71.320007
466.170013,99.339996,49.659973,71.320007
440.170013,113.339996,49.659973,71.320007
440.170013,113.339996,49.659973,71.320007
440.170013,113.339996,49.659973,71.320007
467.170013,105.339996,49.659973,71.320007
467.170013,105.339996,49.659973,71.320007
467.170013,105.339996,49.659973,71.320007
449.170013,92.339996,49.659973,71.320007
449.170013,92.339996,49.659973,71.320007
449.170013,92.339996,49.659973,71.320007
449.170013,92.339996,49.659973,71.320007
449.170013,92.339996,49.659973,71.320007
444.170013,142.339996,49.659973,71.320007
448.170013,106.339996,49.659973,71.320007
448.170013,106.339996,49.659973,71.320007
448.170013,106.339996,49.659973,71.320007
448.170013,106.339996,49.659973,71.320007
448.170013,106.339996,49.659973,71.320007
448.170013,106.339996,49.659973,71.320007
448.170013,106.339996,49.659973,71.320007
461.170013,74.339996,49.659973,71.320007
461.170013,74.339996,49.659973,71.320007
444.170013,92.339996,49.659973,71.320007
444.170013,92.339996,49.659973,71.320007
442.170013,140.339996,49.659973,71.320007
442.170013,140.339996,49.659973,71.320007
442.170013,140.339996,49.659973,71.320007
442.170013,140.339996,49.659973,71.320007
442.170013,140.339996,49.659973,71.320007
442.170013,140.339996,49.659973,71.320007
442.170013,140.339996,49.659973,71.320007
442.170013,140.339996,49.659973,71.320007
460.170013,138.339996,49.659973,71.320007
464.170013,107.339996,49.659973,71.320007
464.170013,107.339996,49.659973,71.320007
464.170013,107.339996,49.659973,71.320007
464.170013,107.339996,49.659973,71.320007
455.170013,133.339996,49.659973,71.320007
455.170013,133.339996,49.659973,71.320007
455.170013,133.339996,49.659973,71.320007
442.170013,135.339996,49.659973,71.320007
466.170013,104.339996,49.659973,71.320007
466.170013,104.339996,49.659973,71.320007
466.170013,104.339996,49.659973,71.320007
466.170013,104.339996,49.659973,71.320007
466.170013,104.339996,49.659973,71.320007
466.170013,104.339996,49.659973,71.320007
466.170013,104.339996,49.659973,71.320007
466.170013,104.339996,49.659973,71.320007
466.170013,104.339996,49.659973,71.320007
467.170013,145.339996,49.659973,71.320007
486.170013,144.339996,49.659973,71.320007
486.170013,144.339996,49.659973,71.320007
464.170013,142.339996,49.659973,71.320007
464.170013,142.339996,49.659973,71.320007
464.170013,142.339996,49.659973,71.320007
464.170013,142.339996,49.659973,71.320007
464.170013,142.339996,49.659973,71.320007
455.170013,123.339996,49.659973,71.320007
455.170013,123.339996,49.659973,71.320007
468.170013,86.339996,49.659973,71.320007
468.170013,86.339996,49.659973,71.320007
468.170013,86.339996,49.659973,71.320007
468.170013,86.339996,49.659973,71.320007
468.170013,86.339996,49.659973,71.320007
468.170013,86.339996,49.659973,71.320007
468.170013,86.339996,49.659973,71.320007
468.170013,86.339996,49.659973,71.320007
468.170013,86.339996,49.659973,71.320007
489.170013,97.339996,49.659973,71.320007
489.170013,97.339996,49.659973,71.320007
472.170013,75.339996,49.659973,71.320007
472.170013,75.339996,49.659973,71.320007
472.170013,75.339996,49.659973,71.320007
469.170013,107.339996,49.659973,71.320007
469.170013,107.339996,49.659973,71.320007
469.170013,107.339996,49.659973,71.320007
469.170013,107.339996,49.659973,71.320007
469.170013,107.339996,49.659973,71.320007
469.170013,107.339996,49.659973,71.320007
469.170013,107.339996,49.659973,71.320007
469.170013,107.339996,49.659973,71.320007
469.170013,107.339996,49.659973,71.320007
494.170013,117.339996,49.659973,71.320007
494.170013,117.339996,49.659973,71.320007
494.170013,117.339996,49.659973,71.320007
494.170013,117.339996,49.659973,71.320007
494.170013,117.339996,49.659973,71.320007
494.170013,117.339996,49.659973,71.320007
494.170013,117.339996,49.659973,71.320007
494.170013,117.339996,49.659973,71.320007
494.170013,117.339996,49.659973,71.320007
494.170013,117.339996,49.659973,71.320007
494.170013,117.339996,49.659973,71.320007
494.170013,117.339996,49.659973,71.320007
500.170013,143.339996,49.659973,71.320007
494.170013,117.339996,49.659973,71.320007
494.170013,117.339996,49.659973,71.320007
482.170013,145.339996,49.659973,71.320007
482.170013,145.339996,49.659973,71.320007
455.170013,138.339996,49.659973,71.320007
455.170013,138.339996,49.659973,71.320007
455.170013,138.339996,49.659973,71.320007
455.170013,138.339996,49.659973,71.320007
471.170013,64.339996,49.659973,71.320007
460.170013,93.339996,49.659973,71.320007
460.170013,93.339996,49.659973,71.320007
460.170013,93.339996,49.659973,71.320007
460.170013,93.339996,49.659973,71.320007
460.170013,93.339996,49.659973,71.320007
460.170013,93.339996,49.659973,71.320007
439.170013,127.339996,49.659973,71.320007
439.170013,127.339996,49.659973,71.320007
417.170013,130.339996,49.659973,71.320007
417.170013,130.339996,49.659973,71.320007
417.170013,130.339996,49.659973,71.320007
429.170013,107.339996,49.659973,71.320007
429.170013,107.339996,49.659973,71.320007
447.170013,100.339996,49.659973,71.320007
447.170013,100.339996,49.659973,71.320007
447.170013,100.339996,49.659973,71.320007
447.170013,100.339996,49.659973,71.320007
447.170013,100.339996,49.659973,71.320007
447.170013,100.339996,49.659973,71.320007
426.170013,114.339996,49.659973,71.320007
426.170013,114.339996,49.659973,71.320007
426.170013,114.339996,49.659973,71.320007
403.170013,106.339996,49.659973,71.320007
403.170013,106.339996,49.659973,71.320007
403.170013,106.339996,49.659973,71.320007
403.170013,106.339996,49.659973,71.320007
403.170013,106.339996,49.659973,71.320007
403.170013,106.339996,49.659973,71.320007
417.170013,75.339996,49.659973,71.320007
417.170013,75.339996,49.659973,71.320007
417.170013,75.339996,49.659973,71.320007
417.170013,75.339996,49.659973,71.320007
403.170013,91.339996,49.659973,71.320007
403.170013,91.339996,49.659973,71.320007
421.170013,94.339996,49.659973,71.320007
400.170013,98.339996,49.659973,71.320007
400.170013,98.339996,49.659973,71.320007
400.170013,98.339996,49.659973,71.320007
400.170013,98.339996,49.659973,71.320007
436.170013,74.339996,49.659973,71.320007
436.170013,74.339996,49.659973,71.320007
436.170013,74.339996,49.659973,71.320007
398.170013,116.339996,49.659973,71.320007
422.170013,80.339996,49.659973,71.320007
422.170013,80.339996,49.659973,71.320007
422.170013,80.339996,49.659973,71.320007
422.170013,80.339996,49.659973,71.320007
413.170013,106.339996,49.659973,71.320007
413.170013,106.339996,49.659973,71.320007
446.170013,104.339996,49.659973,71.320007
446.170013,104.339996,49.659973,71.320007
446.170013,104.339996,49.659973,71.320007
446.170013,104.339996,49.659973,71.320007
446.170013,104.339996,49.659973,71.320007
446.170013,104.339996,49.659973,71.320007
446.170013,104.339996,49.659973,71.320007
446.170013,104.339996,49.659973,71.320007
446.170013,104.339996,49.659973,71.320007
446.170013,79.339996,49.659973,71.320007
446.170013,79.339996,49.659973,71.320007
446.170013,79.339996,49.659973,71.320007
446.170013,79.339996,49.659973,71.320007
417.170013,75.339996,49.659973,71.320007
417.170013,75.339996,49.659973,71.320007
417.170013,75.339996,49.659973,71.320007
384.170013,87.339996,49.659973,71.320007
384.170013,87.339996,49.659973,71.320007
384.170013,87.339996,49.659973,71.320007
384.170013,87.339996,49.659973,71.320007
384.170013,87.339996,49.659973,71.320007
384.170013,87.339996,49.659973,71.320007
384.170013,87.339996,49.659973,71.320007
384.170013,87.339996,49.659973,71.320007
371.170013,114.339996,49.659973,71.320007
395.170013,88.339996,49.659973,71.320007
395.170013,88.339996,49.659973,71.320007
395.170013,88.339996,49.659973,71.320007
395.170013,88.339996,49.659973,71.320007
395.170013,88.339996,49.659973,71.320007
395.170013,88.339996,49.659973,71.320007
395.170013,88.339996,49.659973,71.320007
395.170013,88.339996,49.659973,71.320007
432.170013,80.339996,49.659973,71.320007
432.170013,80.339996,49.659973,71.320007
432.170013,80.339996,49.659973,71.320007
432.170013,80.339996,49.659973,71.320007
432.170013,80.339996,49.659973,71.320007
