1
438.670013,107.669998,49.659973,71.320007
438.670013,107.669998,49.659973,71.320007
438.670013,107.669998,49.659973,71.320007
438.670013,107.669998,49.659973,71.320007
438.670013,107.669998,49.659973,71.320007
438.670013,107.669998,49.659973,71.320007
438.670013,107.669998,49.659973,71.320007
438.670013,107.669998,49.659973,71.320007
438.670013,107.669998,49.659973,71.320007
438.670013,107.669998,49.659973,71.320007
438.670013,107.669998,49.659973,71.320007
438.670013,107.669998,49.659973,71.320007
437.170013,85.339996,49.659973,71.320007
437.170013,85.339996,49.659973,71.320007
437.170013,85.339996,49.659973,71.320007
437.170013,85.339996,49.659973,71.320007
437.170013,85.339996,49.659973,71.320007
437.170013,85.339996,49.659973,71.320007
437.170013,85.339996,49.659973,71.320007
437.170013,85.339996,49.659973,71.320007
437.170013,85.339996,49.659973,71.320007
437.170013,85.339996,49.659973,71.320007
437.170013,85.339996,49.659973,71.320007
437.170013,85.339996,49.659973,71.320007
437.170013,85.339996,49.659973,71.320007
444.170013,117.339996,49.659973,71.320007
444.170013,117.339996,49.659973,71.320007
444.170013,117.339996,49.659973,71.320007
444.170013,117.339996,49.659973,71.320007
444.170013,117.339996,49.659973,71.320007
444.170013,117.339996,49.659973,71.320007
444.170013,117.339996,49.659973,71.320007
444.170013,117.339996,49.659973,71.320007
444.170013,117.339996,49.659973,71.320007
444.170013,117.339996,49.659973,71.320007
444.170013,117.339996,49.659973,71.320007
444.170013,117.339996,49.659973,71.320007
444.170013,117.339996,49.659973,71.320007
444.170013,117.339996,49.659973,71.320007
444.170013,117.339996,49.659973,71.320007
444.170013,117.339996,49.659973,71.320007
444.170013,117.339996,49.659973,71.320007
444.170013,117.339996,49.659973,71.320007
444.170013,117.339996,49.659973,71.320007
444.170013,117.339996,49.659973,71.320007
424.170013,107.339996,49.659973,71.320007
448.170013,126.339996,49.659973,71.320007
448.170013,126.339996,49.659973,71.320007
448.170013,126.339996,49.659973,71.320007
448.170013,126.339996,49.659973,71.320007
448.170013,126.339996,49.659973,71.320007
448.170013,126.339996,49.659973,71.320007
448.170013,126.339996,49.659973,71.320007
448.170013,126.339996,49.659973,71.320007
448.170013,126.339996,49.659973,71.320007
448.170013,126.339996,49.659973,71.320007
448.170013,126.339996,49.659973,71.320007
448.170013,126.339996,49.659973,71.320007
448.170013,126.339996,49.659973,71.320007
448.170013,126.339996,49.659973,71.320007
439.170013,102.339996,49.659973,71.320007
439.170013,102.339996,49.659973,71.320007
439.170013,102.339996,49.659973,71.320007
439.170013,102.339996,49.659973,71.320007
439.170013,102.339996,49.659973,71.320007
439.170013,102.339996,49.659973,71.320007
439.170013,102.339996,49.659973,71.320007
439.170013,102.339996,49.659973,71.320007
439.170013,102.339996,49.659973,71.320007
439.170013,102.339996,49.659973,71.320007
439.170013,102.339996,49.659973,71.320007
439.170013,102.339996,49.659973,71.320007
439.170013,102.339996,49.659973,71.320007
439.170013,102.339996,49.659973,71.320007
425.170013,123.339996,49.659973,71.320007
425.170013,123.339996,49.659973,71.320007
425.170013,123.339996,49.659973,71.320007
425.170013,123.339996,49.659973,71.320007
425.170013,123.339996,49.659973,71.320007
425.170013,123.339996,49.659973,71.320007
439.170013,152.339996,49.659973,71.320007
439.170013,152.339996,49.659973,71.320007
439.170013,152.339996,49.659973,71.320007
439.170013,152.339996,49.659973,71.320007
430.170013,123.339996,49.659973,71.320007
430.170013,123.339996,49.659973,71.320007
430.170013,123.339996,49.659973,71.320007
430.170013,123.339996,49.659973,71.320007
430.170013,123.339996,49.659973,71.320007
430.170013,123.339996,49.659973,71.320007
430.170013,123.339996,49.659973,71.320007
430.170013,123.339996,49.659973,71.320007
430.170013,123.339996,49.659973,71.320007
430.170013,123.339996,49.659973,71.320007
430.170013,123.339996,49.659973,71.320007
430.170013,123.339996,49.659973,71.320007
430.170013,123.339996,49.659973,71.320007
430.170013,123.339996,49.659973,71.320007
430.170013,123.339996,49.659973,71.320007
430.170013,123.339996,49.659973,71.320007
438.170013,156.339996,49.659973,71.320007
422.170013,150.339996,49.659973,71.320007
422.170013,150.339996,49.659973,71.320007
420.170013,118.339996,49.659973,71.320007
420.170013,118.339996,49.659973,71.320007
443.170013,151.339996,49.659973,71.320007
443.170013,151.339996,49.659973,71.320007
443.170013,151.339996,49.659973,71.320007
430.170013,113.339996,49.659973,71.320007
430.170013,113.339996,49.659973,71.320007
433.170013,146.339996,49.659973,71.320007
437.170013,120.339996,49.659973,71.320007
411.170013,139.339996,49.659973,71.320007
435.170013,138.339996,49.659973,71.320007
409.170013,127.339996,49.659973,71.320007
409.170013,127.339996,49.659973,71.320007
427.170013,135.339996,49.659973,71.320007
427.170013,135.339996,49.659973,71.320007
425.170013,108.339996,49.659973,71.320007
425.170013,108.339996,49.659973,71.320007
425.170013,108.339996,49.659973,71.320007
425.170013,108.339996,49.659973,71.320007
425.170013,108.339996,49.659973,71.320007
425.170013,108.339996,49.659973,71.320007
425.170013,108.339996,49.659973,71.320007
443.170013,141.339996,49.659973,71.320007
443.170013,141.339996,49.659973,71.320007
443.170013,141.339996,49.659973,71.320007
455.170013,118.339996,49.659973,71.320007
455.170013,118.339996,49.659973,71.320007
455.170013,118.339996,49.659973,71.320007
455.170013,118.339996,49.659973,71.320007
455.170013,118.339996,49.659973,71.320007
430.170013,138.339996,49.659973,71.320007
419.170013,117.339996,49.659973,71.320007
419.170013,117.339996,49.659973,71.320007
419.170013,117.339996,49.659973,71.320007
431.170013,149.339996,49.659973,71.320007
431.170013,149.339996,49.659973,71.320007
431.170013,149.339996,49.659973,71.320007
431.170013,149.339996,49.659973,71.320007
431.170013,149.339996,49.659973,71.320007
431.170013,149.339996,49.659973,71.320007
431.170013,149.339996,49.659973,71.320007
431.170013,149.339996,49.659973,71.320007
431.170013,149.339996,49.659973,71.320007
429.170013,127.339996,49.659973,71.320007
429.170013,127.339996,49.659973,71.320007
429.170013,127.339996,49.659973,71.320007
429.170013,127.339996,49.659973,71.320007
429.170013,127.339996,49.659973,71.320007
429.170013,127.339996,49.659973,71.320007
429.170013,127.339996,49.659973,71.320007
462.170013,135.339996,49.659973,71.320007
462.170013,135.339996,49.659973,71.320007
462.170013,135.339996,49.659973,71.320007
469.170013,102.339996,49.659973,71.320007
469.170013,102.339996,49.659973,71.320007
469.170013,102.339996,49.659973,71.320007
456.170013,104.339996,49.659973,71.320007
456.170013,104.339996,49.659973,71.320007
456.170013,104.339996,49.659973,71.320007
463.170013,131.339996,49.659973,71.320007
452.170013,110.339996,49.659973,71.320007
452.170013,110.339996,49.659973,71.320007
452.170013,110.339996,49.659973,71.320007
452.170013,110.339996,49.659973,71.320007
452.170013,110.339996,49.659973,71.320007
477.170013,110.339996,49.659973,71.320007
477.170013,110.339996,49.659973,71.320007
440.170013,138.339996,49.659973,71.320007
454.170013,107.339996,49.659973,71.320007
454.170013,107.339996,49.659973,71.320007
454.170013,107.339996,49.659973,71.320007
454.170013,107.339996,49.659973,71.320007
480.170013,113.339996,49.659973,71.320007
480.170013,113.339996,49.659973,71.320007
480.170013,113.339996,49.659973,71.320007
458.170013,106.339996,49.659973,71.320007
458.170013,106.339996,49.659973,71.320007
476.170013,119.339996,49.659973,71.320007
476.170013,119.339996,49.659973,71.320007
476.170013,119.339996,49.659973,71.320007
443.170013,106.339996,49.659973,71.320007
443.170013,106.339996,49.659973,71.320007
443.170013,106.339996,49.659973,71.320007
443.170013,106.339996,49.659973,71.320007
443.170013,106.339996,49.659973,71.320007
443.170013,106.339996,49.659973,71.320007
443.170013,106.339996,49.659973,71.320007
443.170013,106.339996,49.659973,71.320007
481.170013,109.339996,49.659973,71.320007
481.170013,109.339996,49.659973,71.320007
459.170013,107.339996,49.659973,71.320007
459.170013,107.339996,49.659973,71.320007
459.170013,107.339996,49.659973,71.320007
459.170013,107.339996,49.659973,71.320007
459.170013,107.339996,49.659973,71.320007
459.170013,107.339996,49.659973,71.320007
443.170013,111.339996,49.659973,71.320007
442.170013,140.339996,49.659973,71.320007
451.170013,104.339996,49.659973,71.320007
445.170013,138.339996,49.659973,71.320007
444.170013,117.339996,49.659973,71.320007
444.170013,117.339996,49.659973,71.320007
444.170013,117.339996,49.659973,71.320007
444.170013,117.339996,49.659973,71.320007
444.170013,117.339996,49.659973,71.320007
444.170013,117.339996,49.659973,71.320007
473.170013,106.339996,49.659973,71.320007
473.170013,106.339996,49.659973,71.320007
473.170013,106.339996,49.659973,71.320007
473.170013,106.339996,49.659973,71.320007
473.170013,106.339996,49.659973,71.320007
473.170013,106.339996,49.659973,71.320007
473.170013,106.339996,49.659973,71.320007
496.170013,124.339996,49.659973,71.320007
496.170013,124.339996,49.659973,71.320007
474.170013,107.339996,49.659973,71.320007
474.170013,107.339996,49.659973,71.320007
474.170013,107.339996,49.659973,71.320007
474.170013,107.339996,49.659973,71.320007
455.170013,108.339996,49.659973,71.320007
455.170013,108.339996,49.659973,71.320007
455.170013,108.339996,49.659973,71.320007
455.170013,108.339996,49.659973,71.320007
455.170013,108.339996,49.659973,71.320007
455.170013,108.339996,49.659973,71.320007
455.170013,108.339996,49.659973,71.320007
455.170013,108.339996,49.659973,71.320007
455.170013,108.339996,49.659973,71.320007
466.170013,134.339996,49.659973,71.320007
466.170013,134.339996,49.659973,71.320007
466.170013,134.339996,49.659973,71.320007
466.170013,134.339996,49.659973,71.320007
466.170013,134.339996,49.659973,71.320007
466.170013,114.339996,49.659973,71.320007
466.170013,114.339996,49.659973,71.320007
466.170013,114.339996,49.659973,71.320007
466.170013,114.339996,49.659973,71.320007
466.170013,114.339996,49.659973,71.320007
471.170013,94.339996,49.659973,71.320007
471.170013,94.339996,49.659973,71.320007
471.170013,94.339996,49.659973,71.320007
471.170013,94.339996,49.659973,71.320007
471.170013,94.339996,49.659973,71.320007
471.170013,94.339996,49.659973,71.320007
471.170013,94.339996,49.659973,71.320007
471.170013,94.339996,49.659973,71.320007
471.170013,94.339996,49.659973,71.320007
471.170013,94.339996,49.659973,71.320007
471.170013,94.339996,49.659973,71.320007
471.170013,94.339996,49.659973,71.320007
471.170013,94.339996,49.659973,71.320007
458.170013,111.339996,49.659973,71.320007
458.170013,111.339996,49.659973,71.320007
458.170013,111.339996,49.659973,71.320007
458.170013,111.339996,49.659973,71.320007
479.170013,102.339996,49.659973,71.320007
479.170013,102.339996,49.659973,71.320007
479.170013,102.339996,49.659973,71.320007
479.170013,102.339996,49.659973,71.320007
479.170013,102.339996,49.659973,71.320007
479.170013,102.339996,49.659973,71.320007
479.170013,102.339996,49.659973,71.320007
497.170013,110.339996,49.659973,71.320007
497.170013,110.339996,49.659973,71.320007
497.170013,110.339996,49.659973,71.320007
497.170013,110.339996,49.659973,71.320007
497.170013,110.339996,49.659973,71.320007
467.170013,95.339996,49.659973,71.320007
467.170013,95.339996,49.659973,71.320007
467.170013,95.339996,49.659973,71.320007
467.170013,95.339996,49.659973,71.320007
467.170013,95.339996,49.659973,71.320007
467.170013,95.339996,49.659973,71.320007
467.170013,95.339996,49.659973,71.320007
467.170013,95.339996,49.659973,71.320007
467.170013,95.339996,49.659973,71.320007
467.170013,95.339996,49.659973,71.320007
467.170013,95.339996,49.659973,71.320007
467.170013,95.339996,49.659973,71.320007
467.170013,95.339996,49.659973,71.320007
467.170013,95.339996,49.659973,71.320007
467.170013,95.339996,49.659973,71.320007
467.170013,95.339996,49.659973,71.320007
467.170013,95.339996,49.659973,71.320007
467.170013,95.339996,49.659973,71.320007
467.170013,95.339996,49.659973,71.320007
467.170013,95.339996,49.659973,71.320007
467.170013,95.339996,49.659973,71.320007
467.170013,95.339996,49.659973,71.320007
467.170013,95.339996,49.659973,71.320007
467.170013,95.339996,49.659973,71.320007
467.170013,95.339996,49.659973,71.320007
467.170013,95.339996,49.659973,71.320007
467.170013,95.339996,49.659973,71.320007
467.170013,95.339996,49.659973,71.320007
467.170013,95.339996,49.659973,71.320007
467.170013,95.339996,49.659973,71.320007
467.170013,95.339996,49.659973,71.320007
467.170013,95.339996,49.659973,71.320007
467.170013,95.339996,49.659973,71.320007
467.170013,95.339996,49.659973,71.320007
467.170013,95.339996,49.659973,71.320007
467.170013,95.339996,49.659973,71.320007
467.170013,95.339996,49.659973,71.320007
451.170013,109.339996,49.659973,71.320007
451.170013,109.339996,49.659973,71.320007
451.170013,109.339996,49.659973,71.320007
451.170013,109.339996,49.659973,71.320007
451.170013,109.339996,49.659973,71.320007
451.170013,109.339996,49.659973,71.320007
451.170013,109.339996,49.659973,71.320007
451.170013,109.339996,49.659973,71.320007
451.170013,109.339996,49.659973,71.320007
451.170013,109.339996,49.659973,71.320007
451.170013,109.339996,49.659973,71.320007
451.170013,109.339996,49.659973,71.320007
451.170013,109.339996,49.659973,71.320007
451.170013,109.339996,49.659973,71.320007
451.170013,109.339996,49.659973,71.320007
441.170013,89.339996,49.659973,71.320007
441.170013,89.339996,49.659973,71.320007
441.170013,89.339996,49.659973,71.320007
441.170013,89.339996,49.659973,71.320007
441.170013,89.339996,49.659973,71.320007
441.170013,89.339996,49.659973,71.320007
441.170013,89.339996,49.659973,71.320007
441.170013,89.339996,49.659973,71.320007
441.170013,89.339996,49.659973,71.320007
441.170013,89.339996,49.659973,71.320007
441.170013,89.339996,49.659973,71.320007
441.170013,89.339996,49.659973,71.320007
441.170013,89.339996,49.659973,71.320007
441.170013,89.339996,49.659973,71.320007
441.170013,89.339996,49.659973,71.320007
441.170013,89.339996,49.659973,71.320007
441.170013,89.339996,49.659973,71.320007
441.170013,89.339996,49.659973,71.320007
462.170013,120.339996,49.659973,71.320007
446.170013,94.339996,49.659973,71.320007
446.170013,94.339996,49.659973,71.320007
446.170013,94.339996,49.659973,71.320007
446.170013,94.339996,49.659973,71.320007
417.170013,100.339996,49.659973,71.320007
417.170013,100.339996,49.659973,71.320007
417.170013,100.339996,49.659973,71.320007
389.170013,102.339996,49.659973,71.320007
389.170013,102.339996,49.659973,71.320007
389.170013,102.339996,49.659973,71.320007
389.170013,102.339996,49.659973,71.320007
389.170013,102.339996,49.659973,71.320007
389.170013,102.339996,49.659973,71.320007
389.170013,102.339996,49.659973,71.320007
389.170013,102.339996,49.659973,71.320007
389.170013,102.339996,49.659973,71.320007
389.170013,102.339996,49.659973,71.320007
389.170013,102.339996,49.659973,71.320007
389.170013,102.339996,49.659973,71.320007
426.170013,94.339996,49.659973,71.320007
426.170013,94.339996,49.659973,71.320007
409.170013,92.339996,49.659973,71.320007
409.170013,92.339996,49.659973,71.320007
409.170013,92.339996,49.659973,71.320007
409.170013,92.339996,49.659973,71.320007
409.170013,92.339996,49.659973,71.320007
409.170013,92.339996,49.659973,71.320007
409.170013,92.339996,49.659973,71.320007
409.170013,92.339996,49.659973,71.320007
