1
438.670013,107.669998,49.659973,71.320007
438.670013,107.669998,49.659973,71.320007
438.670013,107.669998,49.659973,71.320007
438.670013,107.669998,49.659973,71.320007
438.670013,107.669998,49.659973,71.320007
438.670013,107.669998,49.659973,71.320007
438.670013,107.669998,49.659973,71.320007
438.670013,107.669998,49.659973,71.320007
438.670013,107.669998,49.659973,71.320007
438.670013,107.669998,49.659973,71.320007
438.670013,107.669998,49.659973,71.320007
438.670013,107.669998,49.659973,71.320007
438.670013,107.669998,49.659973,71.320007
438.670013,107.669998,49.659973,71.320007
438.670013,107.669998,49.659973,71.320007
438.670013,107.669998,49.659973,71.320007
438.670013,107.669998,49.659973,71.320007
438.670013,107.669998,49.659973,71.320007
438.670013,107.669998,49.659973,71.320007
438.670013,107.669998,49.659973,71.320007
438.670013,107.669998,49.659973,71.320007
438.670013,107.669998,49.659973,71.320007
438.670013,107.669998,49.659973,71.320007
438.670013,107.669998,49.659973,71.320007
438.670013,107.669998,49.659973,71.320007
438.670013,107.669998,49.659973,71.320007
438.670013,107.669998,49.659973,71.320007
438.670013,107.669998,49.659973,71.320007
438.670013,107.669998,49.659973,71.320007
438.670013,107.669998,49.659973,71.320007
438.670013,107.669998,49.659973,71.320007
438.670013,107.669998,49.659973,71.320007
457.170013,110.339996,49.659973,71.320007
457.170013,110.339996,49.659973,71.320007
457.170013,110.339996,49.659973,71.320007
457.170013,110.339996,49.659973,71.320007
457.170013,110.339996,49.659973,71.320007
447.170013,140.339996,49.659973,71.320007
447.170013,140.339996,49.659973,71.320007
445.170013,108.339996,49.659973,71.320007
445.170013,108.339996,49.659973,71.320007
445.170013,108.339996,49.659973,71.320007
445.170013,108.339996,49.659973,71.320007
445.170013,108.339996,49.659973,71.320007
445.170013,108.339996,49.659973,71.320007
419.170013,107.339996,49.659973,71.320007
419.170013,107.339996,49.659973,71.320007
419.170013,107.339996,49.659973,71.320007
419.170013,107.339996,49.659973,71.320007
419.170013,107.339996,49.659973,71.320007
419.170013,107.339996,49.659973,71.320007
419.170013,107.339996,49.659973,71.320007
419.170013,107.339996,49.659973,71.320007
419.170013,107.339996,49.659973,71.320007
419.170013,107.339996,49.659973,71.320007
419.170013,107.339996,49.659973,71.320007
419.170013,107.339996,49.659973,71.320007
419.170013,107.339996,49.659973,71.320007
419.170013,107.339996,49.659973,71.320007
440.170013,108.339996,49.659973,71.320007
440.170013,108.339996,49.659973,71.320007
440.170013,108.339996,49.659973,71.320007
432.170013,135.339996,49.659973,71.320007
432.170013,135.339996,49.659973,71.320007
432.170013,135.339996,49.659973,71.320007
432.170013,135.339996,49.659973,71.320007
432.170013,135.339996,49.659973,71.320007
432.170013,135.339996,49.659973,71.320007
432.170013,135.339996,49.659973,71.320007
432.170013,135.339996,49.659973,71.320007
432.170013,135.339996,49.659973,71.320007
432.170013,135.339996,49.659973,71.320007
452.170013,130.339996,49.659973,71.320007
452.170013,130.339996,49.659973,71.320007
415.170013,128.339996,49.659973,71.320007
439.170013,142.339996,49.659973,71.320007
438.170013,116.339996,49.659973,71.320007
438.170013,116.339996,49.659973,71.320007
438.170013,116.339996,49.659973,71.320007
438.170013,116.339996,49.659973,71.320007
438.170013,116.339996,49.659973,71.320007
438.170013,116.339996,49.659973,71.320007
438.170013,116.339996,49.659973,71.320007
438.170013,116.339996,49.659973,71.320007
438.170013,116.339996,49.659973,71.320007
438.170013,116.339996,49.659973,71.320007
438.170013,116.339996,49.659973,71.320007
438.170013,116.339996,49.659973,71.320007
438.170013,116.339996,49.659973,71.320007
438.170013,116.339996,49.659973,71.320007
438.170013,116.339996,49.659973,71.320007
438.170013,116.339996,49.659973,71.320007
438.170013,116.339996,49.659973,71.320007
438.170013,116.339996,49.659973,71.320007
438.170013,116.339996,49.659973,71.320007
431.170013,154.339996,49.659973,71.320007
420.170013,128.339996,49.659973,71.320007
420.170013,128.339996,49.659973,71.320007
420.170013,128.339996,49.659973,71.320007
447.170013,125.339996,49.659973,71.320007
447.170013,125.339996,49.659973,71.320007
447.170013,125.339996,49.659973,71.320007
424.170013,147.339996,49.659973,71.320007
424.170013,147.339996,49.659973,71.320007
424.170013,147.339996,49.659973,71.320007
424.170013,147.339996,49.659973,71.320007
430.170013,123.339996,49.659973,71.320007
430.170013,123.339996,49.659973,71.320007
430.170013,123.339996,49.659973,71.320007
430.170013,123.339996,49.659973,71.320007
430.170013,123.339996,49.659973,71.320007
440.170013,148.339996,49.659973,71.320007
440.170013,148.339996,49.659973,71.320007
433.170013,111.339996,49.659973,71.320007
433.170013,111.339996,49.659973,71.320007
433.170013,111.339996,49.659973,71.320007
433.170013,111.339996,49.659973,71.320007
433.170013,111.339996,49.659973,71.320007
433.170013,111.339996,49.659973,71.320007
433.170013,111.339996,49.659973,71.320007
433.170013,111.339996,49.659973,71.320007
433.170013,111.339996,49.659973,71.320007
449.170013,137.339996,49.659973,71.320007
449.170013,137.339996,49.659973,71.320007
449.170013,137.339996,49.659973,71.320007
449.170013,137.339996,49.659973,71.320007
455.170013,118.339996,49.659973,71.320007
439.170013,137.339996,49.659973,71.320007
439.170013,137.339996,49.659973,71.320007
439.170013,137.339996,49.659973,71.320007
412.170013,130.339996,49.659973,71.320007
412.170013,130.339996,49.659973,71.320007
412.170013,130.339996,49.659973,71.320007
412.170013,130.339996,49.659973,71.320007
412.170013,130.339996,49.659973,71.320007
412.170013,130.339996,49.659973,71.320007
412.170013,130.339996,49.659973,71.320007
436.170013,144.339996,49.659973,71.320007
436.170013,144.339996,49.659973,71.320007
436.170013,144.339996,49.659973,71.320007
436.170013,144.339996,49.659973,71.320007
436.170013,144.339996,49.659973,71.320007
436.170013,144.339996,49.659973,71.320007
430.170013,108.339996,49.659973,71.320007
430.170013,108.339996,49.659973,71.320007
430.170013,108.339996,49.659973,71.320007
437.170013,135.339996,49.659973,71.320007
461.170013,99.339996,49.659973,71.320007
461.170013,99.339996,49.659973,71.320007
461.170013,99.339996,49.659973,71.320007
468.170013,131.339996,49.659973,71.320007
442.170013,110.339996,49.659973,71.320007
442.170013,110.339996,49.659973,71.320007
442.170013,110.339996,49.659973,71.320007
442.170013,110.339996,49.659973,71.320007
442.170013,110.339996,49.659973,71.320007
442.170013,110.339996,49.659973,71.320007
442.170013,110.339996,49.659973,71.320007
442.170013,110.339996,49.659973,71.320007
442.170013,110.339996,49.659973,71.320007
442.170013,110.339996,49.659973,71.320007
442.170013,110.339996,49.659973,71.320007
442.170013,110.339996,49.659973,71.320007
442.170013,110.339996,49.659973,71.320007
442.170013,110.339996,49.659973,71.320007
442.170013,110.339996,49.659973,71.320007
442.170013,110.339996,49.659973,71.320007
442.170013,110.339996,49.659973,71.320007
442.170013,110.339996,49.659973,71.320007
442.170013,110.339996,49.659973,71.320007
442.170013,110.339996,49.659973,71.320007
442.170013,110.339996,49.659973,71.320007
442.170013,110.339996,49.659973,71.320007
465.170013,108.339996,49.659973,71.320007
439.170013,132.339996,49.659973,71.320007
448.170013,106.339996,49.659973,71.320007
448.170013,106.339996,49.659973,71.320007
448.170013,106.339996,49.659973,71.320007
448.170013,106.339996,49.659973,71.320007
448.170013,106.339996,49.659973,71.320007
448.170013,106.339996,49.659973,71.320007
448.170013,106.339996,49.659973,71.320007
466.170013,109.339996,49.659973,71.320007
466.170013,109.339996,49.659973,71.320007
466.170013,109.339996,49.659973,71.320007
448.170013,106.339996,49.659973,71.320007
448.170013,106.339996,49.659973,71.320007
448.170013,106.339996,49.659973,71.320007
448.170013,106.339996,49.659973,71.320007
448.170013,106.339996,49.659973,71.320007
448.170013,106.339996,49.659973,71.320007
448.170013,106.339996,49.659973,71.320007
466.170013,104.339996,49.659973,71.320007
466.170013,104.339996,49.659973,71.320007
466.170013,104.339996,49.659973,71.320007
466.170013,104.339996,49.659973,71.320007
466.170013,104.339996,49.659973,71.320007
466.170013,104.339996,49.659973,71.320007
466.170013,104.339996,49.659973,71.320007
466.170013,104.339996,49.659973,71.320007
466.170013,104.339996,49.659973,71.320007
447.170013,105.339996,49.659973,71.320007
441.170013,134.339996,49.659973,71.320007
445.170013,113.339996,49.659973,71.320007
445.170013,113.339996,49.659973,71.320007
445.170013,113.339996,49.659973,71.320007
445.170013,113.339996,49.659973,71.320007
471.170013,109.339996,49.659973,71.320007
450.170013,118.339996,49.659973,71.320007
450.170013,118.339996,49.659973,71.320007
450.170013,118.339996,49.659973,71.320007
450.170013,118.339996,49.659973,71.320007
450.170013,118.339996,49.659973,71.320007
450.170013,118.339996,49.659973,71.320007
450.170013,118.339996,49.659973,71.320007
450.170013,118.339996,49.659973,71.320007
450.170013,118.339996,49.659973,71.320007
450.170013,118.339996,49.659973,71.320007
450.170013,118.339996,49.659973,71.320007
450.170013,118.339996,49.659973,71.320007
450.170013,118.339996,49.659973,71.320007
472.170013,110.339996,49.659973,71.320007
472.170013,110.339996,49.659973,71.320007
472.170013,110.339996,49.659973,71.320007
472.170013,110.339996,49.659973,71.320007
458.170013,101.339996,49.659973,71.320007
458.170013,101.339996,49.659973,71.320007
458.170013,101.339996,49.659973,71.320007
460.170013,128.339996,49.659973,71.320007
460.170013,128.339996,49.659973,71.320007
488.170013,111.339996,49.659973,71.320007
488.170013,111.339996,49.659973,71.320007
488.170013,111.339996,49.659973,71.320007
488.170013,111.339996,49.659973,71.320007
466.170013,134.339996,49.659973,71.320007
475.170013,98.339996,49.659973,71.320007
475.170013,98.339996,49.659973,71.320007
475.170013,98.339996,49.659973,71.320007
475.170013,98.339996,49.659973,71.320007
475.170013,98.339996,49.659973,71.320007
475.170013,98.339996,49.659973,71.320007
475.170013,98.339996,49.659973,71.320007
475.170013,98.339996,49.659973,71.320007
475.170013,98.339996,49.659973,71.320007
475.170013,98.339996,49.659973,71.320007
475.170013,98.339996,49.659973,71.320007
475.170013,98.339996,49.659973,71.320007
475.170013,98.339996,49.659973,71.320007
462.170013,110.339996,49.659973,71.320007
462.170013,110.339996,49.659973,71.320007
462.170013,110.339996,49.659973,71.320007
462.170013,110.339996,49.659973,71.320007
462.170013,110.339996,49.659973,71.320007
462.170013,110.339996,49.659973,71.320007
462.170013,110.339996,49.659973,71.320007
462.170013,110.339996,49.659973,71.320007
462.170013,110.339996,49.659973,71.320007
462.170013,110.339996,49.659973,71.320007
487.170013,95.339996,49.659973,71.320007
487.170013,95.339996,49.659973,71.320007
487.170013,95.339996,49.659973,71.320007
487.170013,95.339996,49.659973,71.320007
487.170013,95.339996,49.659973,71.320007
487.170013,95.339996,49.659973,71.320007
487.170013,95.339996,49.659973,71.320007
487.170013,95.339996,49.659973,71.320007
487.170013,95.339996,49.659973,71.320007
498.170013,146.339996,49.659973,71.320007
498.170013,146.339996,49.659973,71.320007
481.170013,109.339996,49.659973,71.320007
481.170013,109.339996,49.659973,71.320007
481.170013,109.339996,49.659973,71.320007
481.170013,109.339996,49.659973,71.320007
481.170013,109.339996,49.659973,71.320007
481.170013,109.339996,49.659973,71.320007
478.170013,136.339996,49.659973,71.320007
478.170013,136.339996,49.659973,71.320007
456.170013,139.339996,49.659973,71.320007
475.170013,103.339996,49.659973,71.320007
475.170013,103.339996,49.659973,71.320007
475.170013,103.339996,49.659973,71.320007
475.170013,103.339996,49.659973,71.320007
475.170013,103.339996,49.659973,71.320007
475.170013,103.339996,49.659973,71.320007
475.170013,103.339996,49.659973,71.320007
475.170013,103.339996,49.659973,71.320007
475.170013,103.339996,49.659973,71.320007
475.170013,103.339996,49.659973,71.320007
475.170013,103.339996,49.659973,71.320007
475.170013,103.339996,49.659973,71.320007
475.170013,103.339996,49.659973,71.320007
475.170013,103.339996,49.659973,71.320007
475.170013,103.339996,49.659973,71.320007
475.170013,103.339996,49.659973,71.320007
475.170013,103.339996,49.659973,71.320007
458.170013,116.339996,49.659973,71.320007
458.170013,116.339996,49.659973,71.320007
461.170013,84.339996,49.659973,71.320007
461.170013,84.339996,49.659973,71.320007
461.170013,84.339996,49.659973,71.320007
461.170013,84.339996,49.659973,71.320007
461.170013,84.339996,49.659973,71.320007
461.170013,84.339996,49.659973,71.320007
461.170013,84.339996,49.659973,71.320007
461.170013,84.339996,49.659973,71.320007
461.170013,84.339996,49.659973,71.320007
461.170013,84.339996,49.659973,71.320007
461.170013,84.339996,49.659973,71.320007
461.170013,84.339996,49.659973,71.320007
461.170013,84.339996,49.659973,71.320007
461.170013,84.339996,49.659973,71.320007
447.170013,90.339996,49.659973,71.320007
447.170013,90.339996,49.659973,71.320007
447.170013,90.339996,49.659973,71.320007
447.170013,90.339996,49.659973,71.320007
447.170013,90.339996,49.659973,71.320007
447.170013,90.339996,49.659973,71.320007
447.170013,90.339996,49.659973,71.320007
447.170013,90.339996,49.659973,71.320007
447.170013,90.339996,49.659973,71.320007
447.170013,90.339996,49.659973,71.320007
421.170013,89.339996,49.659973,71.320007
421.170013,89.339996,49.659973,71.320007
454.170013,97.339996,49.659973,71.320007
454.170013,97.339996,49.659973,71.320007
454.170013,97.339996,49.659973,71.320007
454.170013,97.339996,49.659973,71.320007
454.170013,97.339996,49.659973,71.320007
454.170013,97.339996,49.659973,71.320007
454.170013,97.339996,49.659973,71.320007
454.170013,97.339996,49.659973,71.320007
454.170013,97.339996,49.659973,71.320007
454.170013,97.339996,49.659973,71.320007
454.170013,97.339996,49.659973,71.320007
454.170013,97.339996,49.659973,71.320007
454.170013,97.339996,49.659973,71.320007
454.170013,97.339996,49.659973,71.320007
454.170013,97.339996,49.659973,71.320007
454.170013,97.339996,49.659973,71.320007
454.170013,97.339996,49.659973,71.320007
454.170013,97.339996,49.659973,71.320007
454.170013,97.339996,49.659973,71.320007
454.170013,97.339996,49.659973,71.320007
454.170013,97.339996,49.659973,71.320007
454.170013,97.339996,49.659973,71.320007
454.170013,97.339996,49.659973,71.320007
454.170013,97.339996,49.659973,71.320007
438.170013,91.339996,49.659973,71.320007
457.170013,105.339996,49.659973,71.320007
436.170013,99.339996,49.659973,71.320007
460.170013,128.339996,49.659973,71.320007
434.170013,107.339996,49.659973,71.320007
434.170013,107.339996,49.659973,71.320007
434.170013,107.339996,49.659973,71.320007
406.170013,94.339996,49.659973,71.320007
406.170013,94.339996,49.659973,71.320007
406.170013,94.339996,49.659973,71.320007
406.170013,94.339996,49.659973,71.320007
406.170013,94.339996,49.659973,71.320007
406.170013,94.339996,49.659973,71.320007
406.170013,94.339996,49.659973,71.320007
406.170013,94.339996,49.659973,71.320007
406.170013,94.339996,49.659973,71.320007
387.170013,75.339996,49.659973,71.320007
406.170013,104.339996,49.659973,71.320007
406.170013,104.339996,49.659973,71.320007
406.170013,104.339996,49.659973,71.320007
406.170013,104.339996,49.659973,71.320007
406.170013,104.339996,49.659973,71.320007
406.170013,104.339996,49.659973,71.320007
