1
438.670013,107.669998,49.659973,71.320007
438.670013,107.669998,49.659973,71.320007
438.670013,107.669998,49.659973,71.320007
438.670013,107.669998,49.659973,71.320007
438.670013,107.669998,49.659973,71.320007
438.670013,107.669998,49.659973,71.320007
438.670013,107.669998,49.659973,71.320007
438.670013,107.669998,49.659973,71.320007
438.670013,107.669998,49.659973,71.320007
438.670013,107.669998,49.659973,71.320007
438.670013,107.669998,49.659973,71.320007
438.670013,107.669998,49.659973,71.320007
438.670013,107.669998,49.659973,71.320007
438.670013,107.669998,49.659973,71.320007
438.670013,107.669998,49.659973,71.320007
438.670013,107.669998,49.659973,71.320007
438.670013,107.669998,49.659973,71.320007
438.670013,107.669998,49.659973,71.320007
438.670013,107.669998,49.659973,71.320007
438.670013,107.669998,49.659973,71.320007
438.670013,107.669998,49.659973,71.320007
438.670013,107.669998,49.659973,71.320007
438.670013,107.669998,49.659973,71.320007
438.670013,107.669998,49.659973,71.320007
438.670013,107.669998,49.659973,71.320007
438.670013,107.669998,49.659973,71.320007
438.670013,107.669998,49.659973,71.320007
438.670013,107.669998,49.659973,71.320007
438.670013,107.669998,49.659973,71.320007
438.670013,107.669998,49.659973,71.320007
438.670013,107.669998,49.659973,71.320007
438.670013,107.669998,49.659973,71.320007
438.670013,107.669998,49.659973,71.320007
438.670013,107.669998,49.659973,71.320007
438.670013,107.669998,49.659973,71.320007
438.670013,107.669998,49.659973,71.320007
438.670013,107.669998,49.659973,71.320007
438.670013,107.669998,49.659973,71.320007
438.670013,107.669998,49.659973,71.320007
438.670013,107.669998,49.659973,71.320007
438.670013,107.669998,49.659973,71.320007
438.670013,107.669998,49.659973,71.320007
438.670013,107.669998,49.659973,71.320007
438.670013,107.669998,49.659973,71.320007
438.670013,107.669998,49.659973,71.320007
419.170013,117.339996,49.659973,71.320007
419.170013,117.339996,49.659973,71.320007
419.170013,117.339996,49.659973,71.320007
419.170013,117.339996,49.659973,71.320007
419.170013,117.339996,49.659973,71.320007
419.170013,117.339996,49.659973,71.320007
419.170013,117.339996,49.659973,71.320007
419.170013,117.339996,49.659973,71.320007
419.170013,117.339996,49.659973,71.320007
419.170013,117.339996,49.659973,71.320007
419.170013,117.339996,49.659973,71.320007
419.170013,117.339996,49.659973,71.320007
419.170013,117.339996,49.659973,71.320007
419.170013,117.339996,49.659973,71.320007
419.170013,117.339996,49.659973,71.320007
444.170013,107.339996,49.659973,71.320007
428.170013,101.339996,49.659973,71.320007
428.170013,101.339996,49.659973,71.320007
428.170013,101.339996,49.659973,71.320007
428.170013,101.339996,49.659973,71.320007
428.170013,101.339996,49.659973,71.320007
428.170013,101.339996,49.659973,71.320007
428.170013,101.339996,49.659973,71.320007
428.170013,101.339996,49.659973,71.320007
428.170013,101.339996,49.659973,71.320007
428.170013,101.339996,49.659973,71.320007
428.170013,101.339996,49.659973,71.320007
447.170013,130.339996,49.659973,71.320007
421.170013,139.339996,49.659973,71.320007
421.170013,139.339996,49.659973,71.320007
439.170013,117.339996,49.659973,71.320007
439.170013,117.339996,49.659973,71.320007
439.170013,117.339996,49.659973,71.320007
439.170013,117.339996,49.659973,71.320007
439.170013,117.339996,49.659973,71.320007
439.170013,117.339996,49.659973,71.320007
439.170013,117.339996,49.659973,71.320007
439.170013,117.339996,49.659973,71.320007
439.170013,117.339996,49.659973,71.320007
439.170013,117.339996,49.659973,71.320007
439.170013,117.339996,49.659973,71.320007
439.170013,117.339996,49.659973,71.320007
439.170013,117.339996,49.659973,71.320007
439.170013,117.339996,49.659973,71.320007
439.170013,117.339996,49.659973,71.320007
439.170013,117.339996,49.659973,71.320007
439.170013,117.339996,49.659973,71.320007
427.170013,170.339996,49.659973,71.320007
427.170013,170.339996,49.659973,71.320007
427.170013,170.339996,49.659973,71.320007
439.170013,147.339996,49.659973,71.320007
423.170013,126.339996,49.659973,71.320007
423.170013,126.339996,49.659973,71.320007
423.170013,126.339996,49.659973,71.320007
423.170013,126.339996,49.659973,71.320007
423.170013,126.339996,49.659973,71.320007
443.170013,156.339996,49.659973,71.320007
432.170013,125.339996,49.659973,71.320007
432.170013,125.339996,49.659973,71.320007
440.170013,153.339996,49.659973,71.320007
440.170013,153.339996,49.659973,71.320007
440.170013,153.339996,49.659973,71.320007
427.170013,135.339996,49.659973,71.320007
427.170013,135.339996,49.659973,71.320007
427.170013,135.339996,49.659973,71.320007
427.170013,135.339996,49.659973,71.320007
427.170013,135.339996,49.659973,71.320007
427.170013,135.339996,49.659973,71.320007
411.170013,139.339996,49.659973,71.320007
410.170013,118.339996,49.659973,71.320007
410.170013,118.339996,49.659973,71.320007
428.170013,131.339996,49.659973,71.320007
428.170013,131.339996,49.659973,71.320007
428.170013,131.339996,49.659973,71.320007
428.170013,131.339996,49.659973,71.320007
428.170013,131.339996,49.659973,71.320007
428.170013,131.339996,49.659973,71.320007
447.170013,140.339996,49.659973,71.320007
421.170013,134.339996,49.659973,71.320007
421.170013,134.339996,49.659973,71.320007
439.170013,137.339996,49.659973,71.320007
439.170013,137.339996,49.659973,71.320007
439.170013,137.339996,49.659973,71.320007
439.170013,137.339996,49.659973,71.320007
455.170013,118.339996,49.659973,71.320007
455.170013,118.339996,49.659973,71.320007
455.170013,118.339996,49.659973,71.320007
455.170013,118.339996,49.659973,71.320007
455.170013,118.339996,49.659973,71.320007
455.170013,118.339996,49.659973,71.320007
455.170013,118.339996,49.659973,71.320007
428.170013,141.339996,49.659973,71.320007
428.170013,141.339996,49.659973,71.320007
428.170013,141.339996,49.659973,71.320007
428.170013,141.339996,49.659973,71.320007
429.170013,117.339996,49.659973,71.320007
429.170013,117.339996,49.659973,71.320007
457.170013,140.339996,49.659973,71.320007
457.170013,140.339996,49.659973,71.320007
430.170013,123.339996,49.659973,71.320007
430.170013,123.339996,49.659973,71.320007
430.170013,123.339996,49.659973,71.320007
430.170013,123.339996,49.659973,71.320007
430.170013,123.339996,49.659973,71.320007
430.170013,123.339996,49.659973,71.320007
430.170013,123.339996,49.659973,71.320007
430.170013,123.339996,49.659973,71.320007
472.170013,110.339996,49.659973,71.320007
472.170013,110.339996,49.659973,71.320007
472.170013,110.339996,49.659973,71.320007
472.170013,110.339996,49.659973,71.320007
472.170013,110.339996,49.659973,71.320007
472.170013,110.339996,49.659973,71.320007
456.170013,99.339996,49.659973,71.320007
456.170013,99.339996,49.659973,71.320007
456.170013,99.339996,49.659973,71.320007
438.170013,111.339996,49.659973,71.320007
438.170013,111.339996,49.659973,71.320007
438.170013,111.339996,49.659973,71.320007
438.170013,111.339996,49.659973,71.320007
438.170013,111.339996,49.659973,71.320007
438.170013,111.339996,49.659973,71.320007
438.170013,111.339996,49.659973,71.320007
438.170013,111.339996,49.659973,71.320007
438.170013,111.339996,49.659973,71.320007
438.170013,111.339996,49.659973,71.320007
438.170013,111.339996,49.659973,71.320007
438.170013,111.339996,49.659973,71.320007
461.170013,99.339996,49.659973,71.320007
461.170013,99.339996,49.659973,71.320007
484.170013,117.339996,49.659973,71.320007
484.170013,117.339996,49.659973,71.320007
484.170013,117.339996,49.659973,71.320007
466.170013,104.339996,49.659973,71.320007
466.170013,104.339996,49.659973,71.320007
466.170013,104.339996,49.659973,71.320007
453.170013,106.339996,49.659973,71.320007
453.170013,106.339996,49.659973,71.320007
453.170013,106.339996,49.659973,71.320007
453.170013,106.339996,49.659973,71.320007
474.170013,107.339996,49.659973,71.320007
488.170013,136.339996,49.659973,71.320007
488.170013,136.339996,49.659973,71.320007
476.170013,104.339996,49.659973,71.320007
476.170013,104.339996,49.659973,71.320007
476.170013,104.339996,49.659973,71.320007
476.170013,104.339996,49.659973,71.320007
476.170013,104.339996,49.659973,71.320007
476.170013,104.339996,49.659973,71.320007
476.170013,104.339996,49.659973,71.320007
476.170013,104.339996,49.659973,71.320007
476.170013,104.339996,49.659973,71.320007
442.170013,115.339996,49.659973,71.320007
442.170013,115.339996,49.659973,71.320007
442.170013,115.339996,49.659973,71.320007
439.170013,147.339996,49.659973,71.320007
443.170013,116.339996,49.659973,71.320007
443.170013,116.339996,49.659973,71.320007
443.170013,116.339996,49.659973,71.320007
443.170013,116.339996,49.659973,71.320007
443.170013,116.339996,49.659973,71.320007
443.170013,116.339996,49.659973,71.320007
443.170013,116.339996,49.659973,71.320007
466.170013,104.339996,49.659973,71.320007
466.170013,104.339996,49.659973,71.320007
466.170013,104.339996,49.659973,71.320007
466.170013,104.339996,49.659973,71.320007
457.170013,130.339996,49.659973,71.320007
457.170013,130.339996,49.659973,71.320007
457.170013,130.339996,49.659973,71.320007
484.170013,117.339996,49.659973,71.320007
484.170013,117.339996,49.659973,71.320007
484.170013,117.339996,49.659973,71.320007
484.170013,117.339996,49.659973,71.320007
484.170013,117.339996,49.659973,71.320007
484.170013,117.339996,49.659973,71.320007
453.170013,111.339996,49.659973,71.320007
453.170013,111.339996,49.659973,71.320007
486.170013,104.339996,49.659973,71.320007
486.170013,104.339996,49.659973,71.320007
486.170013,104.339996,49.659973,71.320007
486.170013,104.339996,49.659973,71.320007
486.170013,104.339996,49.659973,71.320007
486.170013,104.339996,49.659973,71.320007
460.170013,118.339996,49.659973,71.320007
460.170013,118.339996,49.659973,71.320007
463.170013,146.339996,49.659973,71.320007
463.170013,146.339996,49.659973,71.320007
463.170013,146.339996,49.659973,71.320007
463.170013,146.339996,49.659973,71.320007
463.170013,146.339996,49.659973,71.320007
463.170013,146.339996,49.659973,71.320007
472.170013,100.339996,49.659973,71.320007
472.170013,100.339996,49.659973,71.320007
472.170013,100.339996,49.659973,71.320007
472.170013,100.339996,49.659973,71.320007
472.170013,100.339996,49.659973,71.320007
472.170013,100.339996,49.659973,71.320007
472.170013,100.339996,49.659973,71.320007
472.170013,100.339996,49.659973,71.320007
472.170013,100.339996,49.659973,71.320007
472.170013,100.339996,49.659973,71.320007
472.170013,100.339996,49.659973,71.320007
472.170013,100.339996,49.659973,71.320007
472.170013,100.339996,49.659973,71.320007
472.170013,100.339996,49.659973,71.320007
472.170013,100.339996,49.659973,71.320007
472.170013,100.339996,49.659973,71.320007
491.170013,124.339996,49.659973,71.320007
470.170013,93.339996,49.659973,71.320007
470.170013,93.339996,49.659973,71.320007
470.170013,93.339996,49.659973,71.320007
470.170013,93.339996,49.659973,71.320007
470.170013,93.339996,49.659973,71.320007
470.170013,93.339996,49.659973,71.320007
470.170013,93.339996,49.659973,71.320007
470.170013,93.339996,49.659973,71.320007
470.170013,93.339996,49.659973,71.320007
470.170013,93.339996,49.659973,71.320007
470.170013,93.339996,49.659973,71.320007
470.170013,93.339996,49.659973,71.320007
470.170013,93.339996,49.659973,71.320007
470.170013,93.339996,49.659973,71.320007
470.170013,93.339996,49.659973,71.320007
495.170013,133.339996,49.659973,71.320007
495.170013,133.339996,49.659973,71.320007
488.170013,111.339996,49.659973,71.320007
488.170013,111.339996,49.659973,71.320007
471.170013,104.339996,49.659973,71.320007
471.170013,104.339996,49.659973,71.320007
471.170013,104.339996,49.659973,71.320007
471.170013,104.339996,49.659973,71.320007
471.170013,104.339996,49.659973,71.320007
471.170013,104.339996,49.659973,71.320007
471.170013,104.339996,49.659973,71.320007
471.170013,104.339996,49.659973,71.320007
471.170013,104.339996,49.659973,71.320007
471.170013,104.339996,49.659973,71.320007
471.170013,104.339996,49.659973,71.320007
471.170013,104.339996,49.659973,71.320007
471.170013,104.339996,49.659973,71.320007
471.170013,104.339996,49.659973,71.320007
471.170013,104.339996,49.659973,71.320007
471.170013,104.339996,49.659973,71.320007
471.170013,104.339996,49.659973,71.320007
471.170013,104.339996,49.659973,71.320007
471.170013,104.339996,49.659973,71.320007
471.170013,104.339996,49.659973,71.320007
471.170013,104.339996,49.659973,71.320007
471.170013,104.339996,49.659973,71.320007
429.170013,127.339996,49.659973,71.320007
429.170013,127.339996,49.659973,71.320007
453.170013,91.339996,49.659973,71.320007
477.170013,110.339996,49.659973,71.320007
477.170013,110.339996,49.659973,71.320007
477.170013,110.339996,49.659973,71.320007
477.170013,110.339996,49.659973,71.320007
477.170013,110.339996,49.659973,71.320007
477.170013,110.339996,49.659973,71.320007
477.170013,110.339996,49.659973,71.320007
425.170013,103.339996,49.659973,71.320007
425.170013,103.339996,49.659973,71.320007
425.170013,103.339996,49.659973,71.320007
407.170013,120.339996,49.659973,71.320007
407.170013,120.339996,49.659973,71.320007
407.170013,120.339996,49.659973,71.320007
414.170013,97.339996,49.659973,71.320007
414.170013,97.339996,49.659973,71.320007
414.170013,97.339996,49.659973,71.320007
414.170013,97.339996,49.659973,71.320007
414.170013,97.339996,49.659973,71.320007
419.170013,77.339996,49.659973,71.320007
413.170013,106.339996,49.659973,71.320007
437.170013,95.339996,49.659973,71.320007
437.170013,95.339996,49.659973,71.320007
460.170013,113.339996,49.659973,71.320007
454.170013,77.339996,49.659973,71.320007
454.170013,77.339996,49.659973,71.320007
454.170013,77.339996,49.659973,71.320007
454.170013,77.339996,49.659973,71.320007
454.170013,77.339996,49.659973,71.320007
454.170013,77.339996,49.659973,71.320007
454.170013,77.339996,49.659973,71.320007
447.170013,105.339996,49.659973,71.320007
447.170013,105.339996,49.659973,71.320007
447.170013,105.339996,49.659973,71.320007
447.170013,105.339996,49.659973,71.320007
447.170013,105.339996,49.659973,71.320007
447.170013,105.339996,49.659973,71.320007
447.170013,105.339996,49.659973,71.320007
447.170013,105.339996,49.659973,71.320007
447.170013,105.339996,49.659973,71.320007
447.170013,105.339996,49.659973,71.320007
447.170013,105.339996,49.659973,71.320007
391.170013,129.339996,49.659973,71.320007
390.170013,103.339996,49.659973,71.320007
390.170013,103.339996,49.659973,71.320007
390.170013,103.339996,49.659973,71.320007
390.170013,103.339996,49.659973,71.320007
390.170013,103.339996,49.659973,71.320007
390.170013,103.339996,49.659973,71.320007
414.170013,102.339996,49.659973,71.320007
414.170013,102.339996,49.659973,71.320007
414.170013,102.339996,49.659973,71.320007
414.170013,102.339996,49.659973,71.320007
414.170013,102.339996,49.659973,71.320007
414.170013,102.339996,49.659973,71.320007
414.170013,102.339996,49.659973,71.320007
414.170013,102.339996,49.659973,71.320007
414.170013,102.339996,49.659973,71.320007
414.170013,102.339996,49.659973,71.320007
414.170013,102.339996,49.659973,71.320007
414.170013,102.339996,49.659973,71.320007
414.170013,102.339996,49.659973,71.320007
414.170013,102.339996,49.659973,71.320007
414.170013,102.339996,49.659973,71.320007
414.170013,102.339996,49.659973,71.320007
414.170013,102.339996,49.659973,71.320007
414.170013,102.339996,49.659973,71.320007
414.170013,102.339996,49.659973,71.320007
414.170013,102.339996,49.659973,71.320007
414.170013,102.339996,49.659973,71.320007
414.170013,102.339996,49.659973,71.320007
414.170013,102.339996,49.659973,71.320007
414.170013,102.339996,49.659973,71.320007
