1
260.709991,127.019997,104.790009,78.400002
260.709991,127.019997,104.790009,78.400002
260.709991,127.019997,104.790009,78.400002
260.709991,127.019997,104.790009,78.400002
260.709991,127.019997,104.790009,78.400002
260.709991,127.019997,104.790009,78.400002
260.709991,127.019997,104.790009,78.400002
260.709991,127.019997,104.790009,78.400002
260.709991,127.019997,104.790009,78.400002
260.709991,127.019997,104.790009,78.400002
260.709991,127.019997,104.790009,78.400002
260.709991,127.019997,104.790009,78.400002
260.709991,127.019997,104.790009,78.400002
260.709991,127.019997,104.790009,78.400002
260.709991,127.019997,104.790009,78.400002
260.709991,127.019997,104.790009,78.400002
260.709991,127.019997,104.790009,78.400002
260.709991,127.019997,104.790009,78.400002
260.709991,127.019997,104.790009,78.400002
260.709991,127.019997,104.790009,78.400002
260.709991,127.019997,104.790009,78.400002
260.709991,127.019997,104.790009,78.400002
260.709991,127.019997,104.790009,78.400002
260.709991,127.019997,104.790009,78.400002
260.709991,127.019997,104.790009,78.400002
260.709991,127.019997,104.790009,78.400002
260.709991,127.019997,104.790009,78.400002
260.709991,127.019997,104.790009,78.400002
260.709991,127.019997,104.790009,78.400002
260.709991,127.019997,104.790009,78.400002
260.709991,127.019997,104.790009,78.400002
260.709991,127.019997,104.790009,78.400002
260.709991,127.019997,104.790009,78.400002
260.709991,127.019997,104.790009,78.400002
260.709991,127.019997,104.790009,78.400002
260.709991,127.019997,104.790009,78.400002
260.709991,127.019997,104.790009,78.400002
260.709991,127.019997,104.790009,78.400002
260.709991,127.019997,104.790009,78.400002
260.709991,127.019997,104.790009,78.400002
260.709991,127.019997,104.790009,78.400002
260.709991,127.019997,104.790009,78.400002
260.709991,127.019997,104.790009,78.400002
260.709991,127.019997,104.790009,78.400002
260.709991,127.019997,104.790009,78.400002
260.709991,127.019997,104.790009,78.400002
260.709991,127.019997,104.790009,78.400002
260.709991,127.019997,104.790009,78.400002
260.604980,126.799995,104.790009,78.400002
260.604980,126.799995,104.790009,78.400002
260.604980,126.799995,104.790009,78.400002
2
0
0
0
0
1
372.649994,150.009995,109.779999,90.690002
372.649994,150.009995,109.779999,90.690002
372.649994,150.009995,109.779999,90.690002
372.649994,150.009995,109.779999,90.690002
372.649994,150.009995,109.779999,90.690002
372.649994,150.009995,109.779999,90.690002
372.649994,150.009995,109.779999,90.690002
372.649994,150.009995,109.779999,90.690002
372.649994,150.009995,109.779999,90.690002
372.649994,150.009995,109.779999,90.690002
372.649994,150.009995,109.779999,90.690002
372.649994,150.009995,109.779999,90.690002
372.649994,150.009995,109.779999,90.690002
372.649994,150.009995,109.779999,90.690002
372.649994,150.009995,109.779999,90.690002
372.649994,150.009995,109.779999,90.690002
372.109985,149.654999,109.779999,90.690002
372.109985,149.654999,109.779999,90.690002
372.109985,149.654999,109.779999,90.690002
372.109985,149.654999,109.779999,90.690002
372.109985,149.654999,109.779999,90.690002
372.109985,149.654999,109.779999,90.690002
372.109985,149.654999,109.779999,90.690002
372.109985,149.654999,109.779999,90.690002
372.109985,149.654999,109.779999,90.690002
2
0
0
0
0
1
347.220001,135.979996,20.160004,46.680008
347.220001,135.979996,20.160004,46.680008
347.220001,135.979996,20.160004,46.680008
347.220001,135.979996,20.160004,46.680008
347.220001,135.979996,20.160004,46.680008
347.220001,135.979996,20.160004,46.680008
347.220001,135.979996,20.160004,46.680008
347.220001,135.979996,20.160004,46.680008
337.919983,133.659988,20.160004,46.680008
337.919983,133.659988,20.160004,46.680008
337.919983,133.659988,20.160004,46.680008
337.919983,133.659988,20.160004,46.680008
337.919983,133.659988,20.160004,46.680008
337.919983,133.659988,20.160004,46.680008
337.919983,133.659988,20.160004,46.680008
337.919983,133.659988,20.160004,46.680008
337.919983,133.659988,20.160004,46.680008
337.919983,133.659988,20.160004,46.680008
337.919983,133.659988,20.160004,46.680008
337.919983,133.659988,20.160004,46.680008
337.919983,133.659988,20.160004,46.680008
337.919983,133.659988,20.160004,46.680008
337.919983,133.659988,20.160004,46.680008
337.919983,133.659988,20.160004,46.680008
337.919983,133.659988,20.160004,46.680008
337.919983,133.659988,20.160004,46.680008
337.919983,133.659988,20.160004,46.680008
337.919983,133.659988,20.160004,46.680008
337.919983,133.659988,20.160004,46.680008
337.919983,133.659988,20.160004,46.680008
337.919983,133.659988,20.160004,46.680008
337.919983,133.659988,20.160004,46.680008
337.919983,133.659988,20.160004,46.680008
337.919983,133.659988,20.160004,46.680008
337.919983,133.659988,20.160004,46.680008
337.919983,133.659988,20.160004,46.680008
337.919983,133.659988,20.160004,46.680008
337.919983,133.659988,20.160004,46.680008
337.919983,133.659988,20.160004,46.680008
337.919983,133.659988,20.160004,46.680008
337.919983,133.659988,20.160004,46.680008
337.919983,133.659988,20.160004,46.680008
337.919983,133.659988,20.160004,46.680008
337.919983,133.659988,20.160004,46.680008
337.919983,133.659988,20.160004,46.680008
337.919983,133.659988,20.160004,46.680008
337.919983,133.659988,20.160004,46.680008
337.919983,133.659988,20.160004,46.680008
337.919983,133.659988,20.160004,46.680008
337.919983,133.659988,20.160004,46.680008
337.919983,133.659988,20.160004,46.680008
337.919983,133.659988,20.160004,46.680008
337.919983,133.659988,20.160004,46.680008
337.919983,133.659988,20.160004,46.680008
337.919983,133.659988,20.160004,46.680008
337.919983,133.659988,20.160004,46.680008
337.919983,133.659988,20.160004,46.680008
337.919983,133.659988,20.160004,46.680008
337.919983,133.659988,20.160004,46.680008
337.919983,133.659988,20.160004,46.680008
337.919983,133.659988,20.160004,46.680008
337.919983,133.659988,20.160004,46.680008
337.919983,133.659988,20.160004,46.680008
337.919983,133.659988,20.160004,46.680008
337.919983,133.659988,20.160004,46.680008
337.919983,133.659988,20.160004,46.680008
337.919983,133.659988,20.160004,46.680008
337.919983,133.659988,20.160004,46.680008
337.919983,133.659988,20.160004,46.680008
337.919983,133.659988,20.160004,46.680008
337.919983,133.659988,20.160004,46.680008
337.919983,133.659988,20.160004,46.680008
337.919983,133.659988,20.160004,46.680008
337.919983,133.659988,20.160004,46.680008
337.919983,133.659988,20.160004,46.680008
337.919983,133.659988,20.160004,46.680008
337.919983,133.659988,20.160004,46.680008
337.919983,133.659988,20.160004,46.680008
337.919983,133.659988,20.160004,46.680008
337.919983,133.659988,20.160004,46.680008
337.919983,133.659988,20.160004,46.680008
337.919983,133.659988,20.160004,46.680008
337.919983,133.659988,20.160004,46.680008
337.919983,133.659988,20.160004,46.680008
337.919983,133.659988,20.160004,46.680008
337.919983,133.659988,20.160004,46.680008
337.919983,133.659988,20.160004,46.680008
337.919983,133.659988,20.160004,46.680008
337.919983,133.659988,20.160004,46.680008
337.919983,133.659988,20.160004,46.680008
337.919983,133.659988,20.160004,46.680008
337.919983,133.659988,20.160004,46.680008
337.919983,133.659988,20.160004,46.680008
337.919983,133.659988,20.160004,46.680008
2
0
0
0
0
1
381.950012,105.540001,71.269989,31.670006
381.950012,105.540001,71.269989,31.670006
381.950012,105.540001,71.269989,31.670006
381.950012,105.540001,71.269989,31.670006
381.950012,105.540001,71.269989,31.670006
381.950012,105.540001,71.269989,31.670006
381.950012,105.540001,71.269989,31.670006
381.950012,105.540001,71.269989,31.670006
408.365021,85.164993,71.269989,31.670006
408.365021,85.164993,71.269989,31.670006
408.365021,85.164993,71.269989,31.670006
408.365021,85.164993,71.269989,31.670006
408.365021,85.164993,71.269989,31.670006
408.365021,85.164993,71.269989,31.670006
408.365021,85.164993,71.269989,31.670006
408.365021,85.164993,71.269989,31.670006
408.365021,85.164993,71.269989,31.670006
408.365021,85.164993,71.269989,31.670006
408.365021,85.164993,71.269989,31.670006
408.365021,85.164993,71.269989,31.670006
408.365021,85.164993,71.269989,31.670006
408.365021,85.164993,71.269989,31.670006
408.365021,85.164993,71.269989,31.670006
408.365021,85.164993,71.269989,31.670006
408.365021,85.164993,71.269989,31.670006
408.365021,85.164993,71.269989,31.670006
408.365021,85.164993,71.269989,31.670006
408.365021,85.164993,71.269989,31.670006
408.365021,85.164993,71.269989,31.670006
408.365021,85.164993,71.269989,31.670006
408.365021,85.164993,71.269989,31.670006
408.365021,85.164993,71.269989,31.670006
408.365021,85.164993,71.269989,31.670006
408.365021,85.164993,71.269989,31.670006
408.365021,85.164993,71.269989,31.670006
408.365021,85.164993,71.269989,31.670006
408.365021,85.164993,71.269989,31.670006
2
0
0
0
0
1
439.079987,117.739998,66.220001,38.540001
439.079987,117.739998,66.220001,38.540001
439.079987,117.739998,66.220001,38.540001
439.079987,117.739998,66.220001,38.540001
421.890015,117.729996,66.220001,38.540001
421.890015,117.729996,66.220001,38.540001
421.890015,117.729996,66.220001,38.540001
421.890015,117.729996,66.220001,38.540001
421.890015,117.729996,66.220001,38.540001
421.890015,117.729996,66.220001,38.540001
421.890015,117.729996,66.220001,38.540001
421.890015,117.729996,66.220001,38.540001
442.890015,132.729996,66.220001,38.540001
442.890015,132.729996,66.220001,38.540001
442.890015,132.729996,66.220001,38.540001
442.890015,132.729996,66.220001,38.540001
442.890015,132.729996,66.220001,38.540001
442.890015,132.729996,66.220001,38.540001
442.890015,132.729996,66.220001,38.540001
442.890015,132.729996,66.220001,38.540001
442.890015,132.729996,66.220001,38.540001
442.890015,132.729996,66.220001,38.540001
442.890015,132.729996,66.220001,38.540001
442.890015,132.729996,66.220001,38.540001
442.890015,132.729996,66.220001,38.540001
442.890015,132.729996,66.220001,38.540001
442.890015,132.729996,66.220001,38.540001
442.890015,132.729996,66.220001,38.540001
442.890015,132.729996,66.220001,38.540001
442.890015,132.729996,66.220001,38.540001
442.890015,132.729996,66.220001,38.540001
442.890015,132.729996,66.220001,38.540001
442.890015,132.729996,66.220001,38.540001
442.890015,132.729996,66.220001,38.540001
442.890015,132.729996,66.220001,38.540001
442.890015,132.729996,66.220001,38.540001
442.890015,132.729996,66.220001,38.540001
442.890015,132.729996,66.220001,38.540001
442.890015,132.729996,66.220001,38.540001
442.890015,132.729996,66.220001,38.540001
442.890015,132.729996,66.220001,38.540001
442.890015,132.729996,66.220001,38.540001
442.890015,132.729996,66.220001,38.540001
442.890015,132.729996,66.220001,38.540001
442.890015,132.729996,66.220001,38.540001
442.890015,132.729996,66.220001,38.540001
442.890015,132.729996,66.220001,38.540001
442.890015,132.729996,66.220001,38.540001
442.890015,132.729996,66.220001,38.540001
2
0
0
0
0
1
396.059998,157.399994,62.160004,90.800003
396.059998,157.399994,62.160004,90.800003
396.059998,157.399994,62.160004,90.800003
396.059998,157.399994,62.160004,90.800003
396.059998,157.399994,62.160004,90.800003
396.059998,157.399994,62.160004,90.800003
396.059998,157.399994,62.160004,90.800003
396.059998,157.399994,62.160004,90.800003
412.919983,204.600006,62.160004,90.800003
412.919983,204.600006,62.160004,90.800003
412.919983,204.600006,62.160004,90.800003
412.919983,204.600006,62.160004,90.800003
412.919983,204.600006,62.160004,90.800003
412.919983,204.600006,62.160004,90.800003
412.919983,204.600006,62.160004,90.800003
412.919983,204.600006,62.160004,90.800003
412.919983,204.600006,62.160004,90.800003
412.919983,204.600006,62.160004,90.800003
412.919983,204.600006,62.160004,90.800003
412.919983,204.600006,62.160004,90.800003
412.919983,204.600006,62.160004,90.800003
412.919983,204.600006,62.160004,90.800003
412.919983,204.600006,62.160004,90.800003
