1
269.429993,118.790001,122.410004,73.620003
269.429993,118.790001,122.410004,73.620003
269.429993,118.790001,122.410004,73.620003
269.429993,118.790001,122.410004,73.620003
269.429993,118.790001,122.410004,73.620003
269.429993,118.790001,122.410004,73.620003
269.429993,118.790001,122.410004,73.620003
269.429993,118.790001,122.410004,73.620003
269.429993,118.790001,122.410004,73.620003
269.429993,118.790001,122.410004,73.620003
269.429993,118.790001,122.410004,73.620003
269.429993,118.790001,122.410004,73.620003
269.429993,118.790001,122.410004,73.620003
269.429993,118.790001,122.410004,73.620003
269.429993,118.790001,122.410004,73.620003
269.429993,118.790001,122.410004,73.620003
269.429993,118.790001,122.410004,73.620003
269.429993,118.790001,122.410004,73.620003
269.429993,118.790001,122.410004,73.620003
269.429993,118.790001,122.410004,73.620003
269.429993,118.790001,122.410004,73.620003
269.429993,118.790001,122.410004,73.620003
269.429993,118.790001,122.410004,73.620003
269.429993,118.790001,122.410004,73.620003
269.429993,118.790001,122.410004,73.620003
269.429993,118.790001,122.410004,73.620003
269.429993,118.790001,122.410004,73.620003
269.429993,118.790001,122.410004,73.620003
269.429993,118.790001,122.410004,73.620003
269.429993,118.790001,122.410004,73.620003
269.429993,118.790001,122.410004,73.620003
269.429993,118.790001,122.410004,73.620003
269.429993,118.790001,122.410004,73.620003
269.429993,118.790001,122.410004,73.620003
269.429993,118.790001,122.410004,73.620003
269.429993,118.790001,122.410004,73.620003
269.429993,118.790001,122.410004,73.620003
269.429993,118.790001,122.410004,73.620003
269.429993,118.790001,122.410004,73.620003
269.429993,118.790001,122.410004,73.620003
269.429993,118.790001,122.410004,73.620003
269.429993,118.790001,122.410004,73.620003
269.429993,118.790001,122.410004,73.620003
269.429993,118.790001,122.410004,73.620003
269.429993,118.790001,122.410004,73.620003
269.429993,118.790001,122.410004,73.620003
269.429993,118.790001,122.410004,73.620003
269.429993,118.790001,122.410004,73.620003
269.429993,118.790001,122.410004,73.620003
269.429993,118.790001,122.410004,73.620003
269.429993,118.790001,122.410004,73.620003
269.429993,118.790001,122.410004,73.620003
269.429993,118.790001,122.410004,73.620003
269.429993,118.790001,122.410004,73.620003
269.429993,118.790001,122.410004,73.620003
269.429993,118.790001,122.410004,73.620003
269.429993,118.790001,122.410004,73.620003
269.429993,118.790001,122.410004,73.620003
269.429993,118.790001,122.410004,73.620003
269.429993,118.790001,122.410004,73.620003
269.429993,118.790001,122.410004,73.620003
269.429993,118.790001,122.410004,73.620003
269.429993,118.790001,122.410004,73.620003
269.429993,118.790001,122.410004,73.620003
269.429993,118.790001,122.410004,73.620003
269.429993,118.790001,122.410004,73.620003
269.429993,118.790001,122.410004,73.620003
269.429993,118.790001,122.410004,73.620003
269.429993,118.790001,122.410004,73.620003
269.429993,118.790001,122.410004,73.620003
269.429993,118.790001,122.410004,73.620003
269.429993,118.790001,122.410004,73.620003
269.429993,118.790001,122.410004,73.620003
269.429993,118.790001,122.410004,73.620003
269.429993,118.790001,122.410004,73.620003
269.429993,118.790001,122.410004,73.620003
269.429993,118.790001,122.410004,73.620003
269.429993,118.790001,122.410004,73.620003
269.429993,118.790001,122.410004,73.620003
269.429993,118.790001,122.410004,73.620003
269.429993,118.790001,122.410004,73.620003
269.429993,118.790001,122.410004,73.620003
269.429993,118.790001,122.410004,73.620003
269.429993,118.790001,122.410004,73.620003
269.429993,118.790001,122.410004,73.620003
269.429993,118.790001,122.410004,73.620003
269.429993,118.790001,122.410004,73.620003
269.429993,118.790001,122.410004,73.620003
269.429993,118.790001,122.410004,73.620003
269.429993,118.790001,122.410004,73.620003
269.429993,118.790001,122.410004,73.620003
269.429993,118.790001,122.410004,73.620003
269.429993,118.790001,122.410004,73.620003
269.429993,118.790001,122.410004,73.620003
269.429993,118.790001,122.410004,73.620003
269.429993,118.790001,122.410004,73.620003
269.429993,118.790001,122.410004,73.620003
269.429993,118.790001,122.410004,73.620003
269.429993,118.790001,122.410004,73.620003
269.429993,118.790001,122.410004,73.620003
269.429993,118.790001,122.410004,73.620003
269.429993,118.790001,122.410004,73.620003
269.429993,118.790001,122.410004,73.620003
269.429993,118.790001,122.410004,73.620003
269.429993,118.790001,122.410004,73.620003
269.429993,118.790001,122.410004,73.620003
269.429993,118.790001,122.410004,73.620003
269.429993,118.790001,122.410004,73.620003
269.429993,118.790001,122.410004,73.620003
269.429993,118.790001,122.410004,73.620003
269.429993,118.790001,122.410004,73.620003
269.429993,118.790001,122.410004,73.620003
269.429993,118.790001,122.410004,73.620003
269.429993,118.790001,122.410004,73.620003
269.429993,118.790001,122.410004,73.620003
269.429993,118.790001,122.410004,73.620003
269.429993,118.790001,122.410004,73.620003
269.429993,118.790001,122.410004,73.620003
269.429993,118.790001,122.410004,73.620003
269.429993,118.790001,122.410004,73.620003
269.429993,118.790001,122.410004,73.620003
269.429993,118.790001,122.410004,73.620003
269.429993,118.790001,122.410004,73.620003
269.429993,118.790001,122.410004,73.620003
269.429993,118.790001,122.410004,73.620003
269.429993,118.790001,122.410004,73.620003
269.429993,118.790001,122.410004,73.620003
269.429993,118.790001,122.410004,73.620003
269.429993,118.790001,122.410004,73.620003
269.429993,118.790001,122.410004,73.620003
269.429993,118.790001,122.410004,73.620003
269.429993,118.790001,122.410004,73.620003
269.429993,118.790001,122.410004,73.620003
269.429993,118.790001,122.410004,73.620003
269.429993,118.790001,122.410004,73.620003
269.429993,118.790001,122.410004,73.620003
269.429993,118.790001,122.410004,73.620003
269.429993,118.790001,122.410004,73.620003
269.429993,118.790001,122.410004,73.620003
269.429993,118.790001,122.410004,73.620003
269.429993,118.790001,122.410004,73.620003
269.429993,118.790001,122.410004,73.620003
269.429993,118.790001,122.410004,73.620003
269.429993,118.790001,122.410004,73.620003
269.429993,118.790001,122.410004,73.620003
269.429993,118.790001,122.410004,73.620003
269.429993,118.790001,122.410004,73.620003
269.429993,118.790001,122.410004,73.620003
269.429993,118.790001,122.410004,73.620003
269.429993,118.790001,122.410004,73.620003
269.429993,118.790001,122.410004,73.620003
269.429993,118.790001,122.410004,73.620003
269.429993,118.790001,122.410004,73.620003
269.429993,118.790001,122.410004,73.620003
269.429993,118.790001,122.410004,73.620003
269.429993,118.790001,122.410004,73.620003
269.429993,118.790001,122.410004,73.620003
269.429993,118.790001,122.410004,73.620003
269.429993,118.790001,122.410004,73.620003
269.429993,118.790001,122.410004,73.620003
269.429993,118.790001,122.410004,73.620003
269.429993,118.790001,122.410004,73.620003
269.429993,118.790001,122.410004,73.620003
269.429993,118.790001,122.410004,73.620003
269.429993,118.790001,122.410004,73.620003
269.429993,118.790001,122.410004,73.620003
269.429993,118.790001,122.410004,73.620003
269.429993,118.790001,122.410004,73.620003
269.429993,118.790001,122.410004,73.620003
269.429993,118.790001,122.410004,73.620003
269.429993,118.790001,122.410004,73.620003
269.429993,118.790001,122.410004,73.620003
269.429993,118.790001,122.410004,73.620003
269.429993,118.790001,122.410004,73.620003
269.429993,118.790001,122.410004,73.620003
269.429993,118.790001,122.410004,73.620003
269.429993,118.790001,122.410004,73.620003
269.429993,118.790001,122.410004,73.620003
269.429993,118.790001,122.410004,73.620003
269.429993,118.790001,122.410004,73.620003
269.429993,118.790001,122.410004,73.620003
269.429993,118.790001,122.410004,73.620003
269.429993,118.790001,122.410004,73.620003
269.429993,118.790001,122.410004,73.620003
269.429993,118.790001,122.410004,73.620003
269.429993,118.790001,122.410004,73.620003
269.429993,118.790001,122.410004,73.620003
269.429993,118.790001,122.410004,73.620003
269.429993,118.790001,122.410004,73.620003
269.429993,118.790001,122.410004,73.620003
269.429993,118.790001,122.410004,73.620003
269.429993,118.790001,122.410004,73.620003
2
0
0
0
0
1
413.679993,94.750000,67.300018,29.489998
413.679993,94.750000,67.300018,29.489998
413.679993,94.750000,67.300018,29.489998
413.679993,94.750000,67.300018,29.489998
413.679993,94.750000,67.300018,29.489998
413.679993,94.750000,67.300018,29.489998
413.679993,94.750000,67.300018,29.489998
413.679993,94.750000,67.300018,29.489998
413.679993,94.750000,67.300018,29.489998
413.679993,94.750000,67.300018,29.489998
413.679993,94.750000,67.300018,29.489998
413.679993,94.750000,67.300018,29.489998
413.679993,94.750000,67.300018,29.489998
413.679993,94.750000,67.300018,29.489998
413.679993,94.750000,67.300018,29.489998
413.679993,94.750000,67.300018,29.489998
413.679993,94.750000,67.300018,29.489998
413.679993,94.750000,67.300018,29.489998
413.679993,94.750000,67.300018,29.489998
413.679993,94.750000,67.300018,29.489998
413.679993,94.750000,67.300018,29.489998
413.679993,94.750000,67.300018,29.489998
413.679993,94.750000,67.300018,29.489998
413.679993,94.750000,67.300018,29.489998
413.679993,94.750000,67.300018,29.489998
413.679993,94.750000,67.300018,29.489998
413.679993,94.750000,67.300018,29.489998
413.679993,94.750000,67.300018,29.489998
413.679993,94.750000,67.300018,29.489998
413.679993,94.750000,67.300018,29.489998
413.679993,94.750000,67.300018,29.489998
413.679993,94.750000,67.300018,29.489998
413.350006,94.254997,67.300018,29.489998
413.350006,94.254997,67.300018,29.489998
413.350006,94.254997,67.300018,29.489998
413.350006,94.254997,67.300018,29.489998
413.350006,94.254997,67.300018,29.489998
413.350006,94.254997,67.300018,29.489998
413.350006,94.254997,67.300018,29.489998
413.350006,94.254997,67.300018,29.489998
413.350006,94.254997,67.300018,29.489998
413.350006,94.254997,67.300018,29.489998
413.350006,94.254997,67.300018,29.489998
413.350006,94.254997,67.300018,29.489998
2
0
0
0
0
1
444.769989,135.660004,40.089996,59.129990
444.769989,135.660004,40.089996,59.129990
444.769989,135.660004,40.089996,59.129990
444.769989,135.660004,40.089996,59.129990
444.769989,135.660004,40.089996,59.129990
444.769989,135.660004,40.089996,59.129990
444.769989,135.660004,40.089996,59.129990
444.769989,135.660004,40.089996,59.129990
444.769989,135.660004,40.089996,59.129990
444.769989,135.660004,40.089996,59.129990
444.769989,135.660004,40.089996,59.129990
444.769989,135.660004,40.089996,59.129990
444.769989,135.660004,40.089996,59.129990
444.769989,135.660004,40.089996,59.129990
444.769989,135.660004,40.089996,59.129990
444.769989,135.660004,40.089996,59.129990
444.769989,135.660004,40.089996,59.129990
444.769989,135.660004,40.089996,59.129990
444.769989,135.660004,40.089996,59.129990
444.769989,135.660004,40.089996,59.129990
444.769989,135.660004,40.089996,59.129990
444.769989,135.660004,40.089996,59.129990
444.769989,135.660004,40.089996,59.129990
444.769989,135.660004,40.089996,59.129990
444.769989,135.660004,40.089996,59.129990
444.769989,135.660004,40.089996,59.129990
444.769989,135.660004,40.089996,59.129990
444.769989,135.660004,40.089996,59.129990
444.769989,135.660004,40.089996,59.129990
444.769989,135.660004,40.089996,59.129990
444.769989,135.660004,40.089996,59.129990
444.769989,135.660004,40.089996,59.129990
444.769989,135.660004,40.089996,59.129990
419.955017,185.434998,40.089996,59.129990
419.955017,185.434998,40.089996,59.129990
419.955017,185.434998,40.089996,59.129990
419.955017,185.434998,40.089996,59.129990
419.955017,185.434998,40.089996,59.129990
419.955017,185.434998,40.089996,59.129990
419.955017,185.434998,40.089996,59.129990
419.955017,185.434998,40.089996,59.129990
419.955017,185.434998,40.089996,59.129990
419.955017,185.434998,40.089996,59.129990
399.955017,190.434998,40.089996,59.129990
399.955017,190.434998,40.089996,59.129990
399.955017,190.434998,40.089996,59.129990
399.955017,190.434998,40.089996,59.129990
399.955017,190.434998,40.089996,59.129990
399.955017,190.434998,40.089996,59.129990
399.955017,190.434998,40.089996,59.129990
399.955017,190.434998,40.089996,59.129990
399.955017,190.434998,40.089996,59.129990
399.955017,190.434998,40.089996,59.129990
399.955017,190.434998,40.089996,59.129990
399.955017,190.434998,40.089996,59.129990
399.955017,190.434998,40.089996,59.129990
399.955017,190.434998,40.089996,59.129990
399.955017,190.434998,40.089996,59.129990
399.955017,190.434998,40.089996,59.129990
399.955017,190.434998,40.089996,59.129990
399.955017,190.434998,40.089996,59.129990
