1
259.059998,113.839996,115.450012,76.080002
259.059998,113.839996,115.450012,76.080002
259.059998,113.839996,115.450012,76.080002
259.059998,113.839996,115.450012,76.080002
259.059998,113.839996,115.450012,76.080002
259.059998,113.839996,115.450012,76.080002
259.059998,113.839996,115.450012,76.080002
259.059998,113.839996,115.450012,76.080002
259.059998,113.839996,115.450012,76.080002
259.059998,113.839996,115.450012,76.080002
183.274994,133.959991,115.450012,76.080002
183.274994,133.959991,115.450012,76.080002
183.274994,133.959991,115.450012,76.080002
183.274994,133.959991,115.450012,76.080002
183.274994,133.959991,115.450012,76.080002
2
0
0
0
0
1
316.619995,152.440002,119.130005,70.669998
316.619995,152.440002,119.130005,70.669998
316.619995,152.440002,119.130005,70.669998
316.619995,152.440002,119.130005,70.669998
316.619995,152.440002,119.130005,70.669998
316.619995,152.440002,119.130005,70.669998
316.619995,152.440002,119.130005,70.669998
316.619995,152.440002,119.130005,70.669998
316.619995,152.440002,119.130005,70.669998
316.619995,152.440002,119.130005,70.669998
316.619995,152.440002,119.130005,70.669998
316.619995,152.440002,119.130005,70.669998
406.434998,165.665009,119.130005,70.669998
406.434998,165.665009,119.130005,70.669998
406.434998,165.665009,119.130005,70.669998
406.434998,165.665009,119.130005,70.669998
406.434998,165.665009,119.130005,70.669998
406.434998,165.665009,119.130005,70.669998
406.434998,165.665009,119.130005,70.669998
406.434998,165.665009,119.130005,70.669998
406.434998,165.665009,119.130005,70.669998
406.434998,165.665009,119.130005,70.669998
406.434998,165.665009,119.130005,70.669998
406.434998,165.665009,119.130005,70.669998
406.434998,165.665009,119.130005,70.669998
406.434998,165.665009,119.130005,70.669998
406.434998,165.665009,119.130005,70.669998
406.434998,165.665009,119.130005,70.669998
406.434998,165.665009,119.130005,70.669998
406.434998,165.665009,119.130005,70.669998
406.434998,165.665009,119.130005,70.669998
406.434998,165.665009,119.130005,70.669998
406.434998,165.665009,119.130005,70.669998
406.434998,165.665009,119.130005,70.669998
406.434998,165.665009,119.130005,70.669998
406.434998,165.665009,119.130005,70.669998
406.434998,165.665009,119.130005,70.669998
406.434998,165.665009,119.130005,70.669998
406.434998,165.665009,119.130005,70.669998
406.434998,165.665009,119.130005,70.669998
406.434998,165.665009,119.130005,70.669998
406.434998,165.665009,119.130005,70.669998
406.434998,165.665009,119.130005,70.669998
406.434998,165.665009,119.130005,70.669998
406.434998,165.665009,119.130005,70.669998
406.434998,165.665009,119.130005,70.669998
406.434998,165.665009,119.130005,70.669998
406.434998,165.665009,119.130005,70.669998
406.434998,165.665009,119.130005,70.669998
406.434998,165.665009,119.130005,70.669998
406.434998,165.665009,119.130005,70.669998
406.434998,165.665009,119.130005,70.669998
406.434998,165.665009,119.130005,70.669998
2
0
0
0
0
1
354.000000,142.770004,27.429993,49.839996
354.000000,142.770004,27.429993,49.839996
354.000000,142.770004,27.429993,49.839996
346.285004,140.080002,27.429993,49.839996
346.285004,140.080002,27.429993,49.839996
346.285004,140.080002,27.429993,49.839996
346.285004,140.080002,27.429993,49.839996
346.285004,140.080002,27.429993,49.839996
346.285004,140.080002,27.429993,49.839996
346.285004,140.080002,27.429993,49.839996
346.285004,140.080002,27.429993,49.839996
346.285004,140.080002,27.429993,49.839996
346.285004,140.080002,27.429993,49.839996
346.285004,140.080002,27.429993,49.839996
346.285004,140.080002,27.429993,49.839996
346.285004,140.080002,27.429993,49.839996
346.285004,140.080002,27.429993,49.839996
346.285004,140.080002,27.429993,49.839996
346.285004,140.080002,27.429993,49.839996
346.285004,140.080002,27.429993,49.839996
346.285004,140.080002,27.429993,49.839996
346.285004,140.080002,27.429993,49.839996
346.285004,140.080002,27.429993,49.839996
346.285004,140.080002,27.429993,49.839996
346.285004,140.080002,27.429993,49.839996
346.285004,140.080002,27.429993,49.839996
346.285004,140.080002,27.429993,49.839996
346.285004,140.080002,27.429993,49.839996
346.285004,140.080002,27.429993,49.839996
346.285004,140.080002,27.429993,49.839996
333.285004,123.080002,27.429993,49.839996
333.285004,123.080002,27.429993,49.839996
333.285004,123.080002,27.429993,49.839996
333.285004,123.080002,27.429993,49.839996
333.285004,123.080002,27.429993,49.839996
333.285004,123.080002,27.429993,49.839996
333.285004,123.080002,27.429993,49.839996
333.285004,123.080002,27.429993,49.839996
333.285004,123.080002,27.429993,49.839996
333.285004,123.080002,27.429993,49.839996
333.285004,123.080002,27.429993,49.839996
333.285004,123.080002,27.429993,49.839996
333.285004,123.080002,27.429993,49.839996
333.285004,123.080002,27.429993,49.839996
333.285004,123.080002,27.429993,49.839996
333.285004,123.080002,27.429993,49.839996
333.285004,123.080002,27.429993,49.839996
333.285004,123.080002,27.429993,49.839996
333.285004,123.080002,27.429993,49.839996
327.285004,150.080002,27.429993,49.839996
327.285004,150.080002,27.429993,49.839996
327.285004,150.080002,27.429993,49.839996
327.285004,150.080002,27.429993,49.839996
327.285004,150.080002,27.429993,49.839996
327.285004,150.080002,27.429993,49.839996
327.285004,150.080002,27.429993,49.839996
327.285004,150.080002,27.429993,49.839996
327.285004,150.080002,27.429993,49.839996
327.285004,150.080002,27.429993,49.839996
327.285004,150.080002,27.429993,49.839996
327.285004,150.080002,27.429993,49.839996
327.285004,150.080002,27.429993,49.839996
327.285004,150.080002,27.429993,49.839996
337.285004,146.080002,27.429993,49.839996
337.285004,146.080002,27.429993,49.839996
337.285004,146.080002,27.429993,49.839996
337.285004,146.080002,27.429993,49.839996
337.285004,146.080002,27.429993,49.839996
337.285004,146.080002,27.429993,49.839996
318.285004,138.080002,27.429993,49.839996
319.285004,125.080002,27.429993,49.839996
319.285004,125.080002,27.429993,49.839996
319.285004,125.080002,27.429993,49.839996
319.285004,125.080002,27.429993,49.839996
319.285004,125.080002,27.429993,49.839996
319.285004,125.080002,27.429993,49.839996
319.285004,125.080002,27.429993,49.839996
319.285004,125.080002,27.429993,49.839996
319.285004,125.080002,27.429993,49.839996
319.285004,125.080002,27.429993,49.839996
319.285004,125.080002,27.429993,49.839996
319.285004,125.080002,27.429993,49.839996
319.285004,125.080002,27.429993,49.839996
319.285004,125.080002,27.429993,49.839996
319.285004,125.080002,27.429993,49.839996
319.285004,125.080002,27.429993,49.839996
319.285004,125.080002,27.429993,49.839996
319.285004,125.080002,27.429993,49.839996
319.285004,125.080002,27.429993,49.839996
319.285004,125.080002,27.429993,49.839996
319.285004,125.080002,27.429993,49.839996
319.285004,125.080002,27.429993,49.839996
319.285004,125.080002,27.429993,49.839996
319.285004,125.080002,27.429993,49.839996
319.285004,125.080002,27.429993,49.839996
319.285004,125.080002,27.429993,49.839996
319.285004,125.080002,27.429993,49.839996
319.285004,125.080002,27.429993,49.839996
319.285004,125.080002,27.429993,49.839996
2
0
0
0
0
1
373.279999,109.839996,68.429993,31.650009
373.279999,109.839996,68.429993,31.650009
373.279999,109.839996,68.429993,31.650009
373.279999,109.839996,68.429993,31.650009
373.279999,109.839996,68.429993,31.650009
373.279999,109.839996,68.429993,31.650009
373.279999,109.839996,68.429993,31.650009
373.279999,109.839996,68.429993,31.650009
373.279999,109.839996,68.429993,31.650009
373.279999,109.839996,68.429993,31.650009
373.279999,109.839996,68.429993,31.650009
373.279999,109.839996,68.429993,31.650009
373.279999,109.839996,68.429993,31.650009
373.279999,109.839996,68.429993,31.650009
373.279999,109.839996,68.429993,31.650009
373.279999,109.839996,68.429993,31.650009
373.279999,109.839996,68.429993,31.650009
373.279999,109.839996,68.429993,31.650009
373.279999,109.839996,68.429993,31.650009
373.279999,109.839996,68.429993,31.650009
373.279999,109.839996,68.429993,31.650009
373.279999,109.839996,68.429993,31.650009
373.279999,109.839996,68.429993,31.650009
373.279999,109.839996,68.429993,31.650009
372.785004,109.174995,68.429993,31.650009
372.785004,109.174995,68.429993,31.650009
372.785004,109.174995,68.429993,31.650009
372.785004,109.174995,68.429993,31.650009
372.785004,109.174995,68.429993,31.650009
387.785004,89.174995,68.429993,31.650009
358.785004,102.174995,68.429993,31.650009
358.785004,102.174995,68.429993,31.650009
358.785004,102.174995,68.429993,31.650009
358.785004,102.174995,68.429993,31.650009
358.785004,102.174995,68.429993,31.650009
398.785004,117.174995,68.429993,31.650009
398.785004,117.174995,68.429993,31.650009
398.785004,117.174995,68.429993,31.650009
398.785004,117.174995,68.429993,31.650009
398.785004,117.174995,68.429993,31.650009
428.785004,127.174995,68.429993,31.650009
428.785004,127.174995,68.429993,31.650009
415.785004,118.174995,68.429993,31.650009
415.785004,118.174995,68.429993,31.650009
422.785004,129.175003,68.429993,31.650009
422.785004,129.175003,68.429993,31.650009
419.785004,120.174995,68.429993,31.650009
419.785004,120.174995,68.429993,31.650009
419.785004,120.174995,68.429993,31.650009
419.785004,120.174995,68.429993,31.650009
419.785004,120.174995,68.429993,31.650009
419.785004,120.174995,68.429993,31.650009
419.785004,120.174995,68.429993,31.650009
419.785004,120.174995,68.429993,31.650009
419.785004,120.174995,68.429993,31.650009
419.785004,120.174995,68.429993,31.650009
419.785004,120.174995,68.429993,31.650009
419.785004,120.174995,68.429993,31.650009
419.785004,120.174995,68.429993,31.650009
419.785004,120.174995,68.429993,31.650009
419.785004,120.174995,68.429993,31.650009
419.785004,120.174995,68.429993,31.650009
419.785004,120.174995,68.429993,31.650009
419.785004,120.174995,68.429993,31.650009
419.785004,120.174995,68.429993,31.650009
419.785004,120.174995,68.429993,31.650009
419.785004,120.174995,68.429993,31.650009
419.785004,120.174995,68.429993,31.650009
419.785004,120.174995,68.429993,31.650009
419.785004,120.174995,68.429993,31.650009
2
0
0
0
0
1
427.190002,148.619995,38.209991,64.080002
427.190002,148.619995,38.209991,64.080002
427.190002,148.619995,38.209991,64.080002
424.895020,172.959991,38.209991,64.080002
415.895020,150.959991,38.209991,64.080002
421.895020,178.959991,38.209991,64.080002
421.895020,178.959991,38.209991,64.080002
413.895020,149.959991,38.209991,64.080002
413.895020,149.959991,38.209991,64.080002
413.895020,149.959991,38.209991,64.080002
413.895020,149.959991,38.209991,64.080002
397.895020,171.959991,38.209991,64.080002
397.895020,171.959991,38.209991,64.080002
397.895020,171.959991,38.209991,64.080002
397.895020,171.959991,38.209991,64.080002
397.895020,171.959991,38.209991,64.080002
397.895020,171.959991,38.209991,64.080002
397.895020,171.959991,38.209991,64.080002
397.895020,171.959991,38.209991,64.080002
397.895020,171.959991,38.209991,64.080002
397.895020,171.959991,38.209991,64.080002
397.895020,171.959991,38.209991,64.080002
397.895020,171.959991,38.209991,64.080002
397.895020,171.959991,38.209991,64.080002
397.895020,171.959991,38.209991,64.080002
397.895020,171.959991,38.209991,64.080002
397.895020,171.959991,38.209991,64.080002
397.895020,171.959991,38.209991,64.080002
397.895020,171.959991,38.209991,64.080002
397.895020,171.959991,38.209991,64.080002
397.895020,171.959991,38.209991,64.080002
397.895020,171.959991,38.209991,64.080002
397.895020,171.959991,38.209991,64.080002
397.895020,171.959991,38.209991,64.080002
397.895020,171.959991,38.209991,64.080002
397.895020,171.959991,38.209991,64.080002
397.895020,171.959991,38.209991,64.080002
397.895020,171.959991,38.209991,64.080002
397.895020,171.959991,38.209991,64.080002
354.895020,192.959991,38.209991,64.080002
340.895020,205.959991,38.209991,64.080002
340.895020,205.959991,38.209991,64.080002
340.895020,205.959991,38.209991,64.080002
340.895020,205.959991,38.209991,64.080002
340.895020,205.959991,38.209991,64.080002
340.895020,205.959991,38.209991,64.080002
366.895020,173.959991,38.209991,64.080002
366.895020,173.959991,38.209991,64.080002
