1
274.019989,122.639999,104.020020,84.080002
274.019989,122.639999,104.020020,84.080002
274.019989,122.639999,104.020020,84.080002
274.019989,122.639999,104.020020,84.080002
274.019989,122.639999,104.020020,84.080002
274.019989,122.639999,104.020020,84.080002
274.019989,122.639999,104.020020,84.080002
274.019989,122.639999,104.020020,84.080002
274.019989,122.639999,104.020020,84.080002
274.019989,122.639999,104.020020,84.080002
274.019989,122.639999,104.020020,84.080002
274.019989,122.639999,104.020020,84.080002
274.019989,122.639999,104.020020,84.080002
274.019989,122.639999,104.020020,84.080002
274.019989,122.639999,104.020020,84.080002
274.019989,122.639999,104.020020,84.080002
274.019989,122.639999,104.020020,84.080002
274.019989,122.639999,104.020020,84.080002
274.019989,122.639999,104.020020,84.080002
274.019989,122.639999,104.020020,84.080002
228.989990,127.959999,104.020020,84.080002
228.989990,127.959999,104.020020,84.080002
228.989990,127.959999,104.020020,84.080002
228.989990,127.959999,104.020020,84.080002
228.989990,127.959999,104.020020,84.080002
228.989990,127.959999,104.020020,84.080002
2
0
0
0
0
1
353.769989,137.839996,107.640015,92.050003
353.769989,137.839996,107.640015,92.050003
353.769989,137.839996,107.640015,92.050003
353.769989,137.839996,107.640015,92.050003
353.769989,137.839996,107.640015,92.050003
353.769989,137.839996,107.640015,92.050003
353.769989,137.839996,107.640015,92.050003
353.769989,137.839996,107.640015,92.050003
353.769989,137.839996,107.640015,92.050003
353.769989,137.839996,107.640015,92.050003
353.769989,137.839996,107.640015,92.050003
353.769989,137.839996,107.640015,92.050003
353.769989,137.839996,107.640015,92.050003
353.769989,137.839996,107.640015,92.050003
353.769989,137.839996,107.640015,92.050003
353.769989,137.839996,107.640015,92.050003
353.769989,137.839996,107.640015,92.050003
353.769989,137.839996,107.640015,92.050003
353.769989,137.839996,107.640015,92.050003
353.769989,137.839996,107.640015,92.050003
353.769989,137.839996,107.640015,92.050003
353.769989,137.839996,107.640015,92.050003
353.769989,137.839996,107.640015,92.050003
353.769989,137.839996,107.640015,92.050003
353.769989,137.839996,107.640015,92.050003
353.769989,137.839996,107.640015,92.050003
353.769989,137.839996,107.640015,92.050003
353.769989,137.839996,107.640015,92.050003
353.769989,137.839996,107.640015,92.050003
353.769989,137.839996,107.640015,92.050003
353.769989,137.839996,107.640015,92.050003
353.769989,137.839996,107.640015,92.050003
353.769989,137.839996,107.640015,92.050003
353.769989,137.839996,107.640015,92.050003
353.769989,137.839996,107.640015,92.050003
353.769989,137.839996,107.640015,92.050003
353.769989,137.839996,107.640015,92.050003
353.769989,137.839996,107.640015,92.050003
353.769989,137.839996,107.640015,92.050003
353.769989,137.839996,107.640015,92.050003
353.179993,136.975006,107.640015,92.050003
353.179993,136.975006,107.640015,92.050003
353.179993,136.975006,107.640015,92.050003
353.179993,136.975006,107.640015,92.050003
353.179993,136.975006,107.640015,92.050003
353.179993,136.975006,107.640015,92.050003
353.179993,136.975006,107.640015,92.050003
353.179993,136.975006,107.640015,92.050003
353.179993,136.975006,107.640015,92.050003
353.179993,136.975006,107.640015,92.050003
353.179993,136.975006,107.640015,92.050003
353.179993,136.975006,107.640015,92.050003
353.179993,136.975006,107.640015,92.050003
353.179993,136.975006,107.640015,92.050003
353.179993,136.975006,107.640015,92.050003
353.179993,136.975006,107.640015,92.050003
353.179993,136.975006,107.640015,92.050003
353.179993,136.975006,107.640015,92.050003
353.179993,136.975006,107.640015,92.050003
353.179993,136.975006,107.640015,92.050003
353.179993,136.975006,107.640015,92.050003
353.179993,136.975006,107.640015,92.050003
353.179993,136.975006,107.640015,92.050003
353.179993,136.975006,107.640015,92.050003
353.179993,136.975006,107.640015,92.050003
353.179993,136.975006,107.640015,92.050003
353.179993,136.975006,107.640015,92.050003
353.179993,136.975006,107.640015,92.050003
353.179993,136.975006,107.640015,92.050003
353.179993,136.975006,107.640015,92.050003
353.179993,136.975006,107.640015,92.050003
353.179993,136.975006,107.640015,92.050003
353.179993,136.975006,107.640015,92.050003
2
0
0
0
0
1
330.529999,134.169998,20.399994,34.119995
330.529999,134.169998,20.399994,34.119995
330.529999,134.169998,20.399994,34.119995
329.799988,147.940002,20.399994,34.119995
329.799988,147.940002,20.399994,34.119995
329.799988,147.940002,20.399994,34.119995
329.799988,147.940002,20.399994,34.119995
329.799988,147.940002,20.399994,34.119995
329.799988,147.940002,20.399994,34.119995
329.799988,147.940002,20.399994,34.119995
329.799988,147.940002,20.399994,34.119995
329.799988,147.940002,20.399994,34.119995
329.799988,147.940002,20.399994,34.119995
329.799988,147.940002,20.399994,34.119995
329.799988,147.940002,20.399994,34.119995
329.799988,147.940002,20.399994,34.119995
329.799988,147.940002,20.399994,34.119995
329.799988,147.940002,20.399994,34.119995
322.799988,133.940002,20.399994,34.119995
322.799988,133.940002,20.399994,34.119995
322.799988,133.940002,20.399994,34.119995
322.799988,133.940002,20.399994,34.119995
322.799988,133.940002,20.399994,34.119995
322.799988,133.940002,20.399994,34.119995
322.799988,133.940002,20.399994,34.119995
322.799988,133.940002,20.399994,34.119995
322.799988,133.940002,20.399994,34.119995
322.799988,133.940002,20.399994,34.119995
322.799988,133.940002,20.399994,34.119995
322.799988,133.940002,20.399994,34.119995
322.799988,133.940002,20.399994,34.119995
322.799988,133.940002,20.399994,34.119995
322.799988,133.940002,20.399994,34.119995
322.799988,133.940002,20.399994,34.119995
322.799988,133.940002,20.399994,34.119995
322.799988,133.940002,20.399994,34.119995
322.799988,133.940002,20.399994,34.119995
322.799988,133.940002,20.399994,34.119995
322.799988,133.940002,20.399994,34.119995
322.799988,133.940002,20.399994,34.119995
322.799988,133.940002,20.399994,34.119995
322.799988,133.940002,20.399994,34.119995
322.799988,133.940002,20.399994,34.119995
322.799988,133.940002,20.399994,34.119995
322.799988,133.940002,20.399994,34.119995
322.799988,133.940002,20.399994,34.119995
322.799988,133.940002,20.399994,34.119995
322.799988,133.940002,20.399994,34.119995
322.799988,133.940002,20.399994,34.119995
322.799988,133.940002,20.399994,34.119995
322.799988,133.940002,20.399994,34.119995
322.799988,133.940002,20.399994,34.119995
322.799988,133.940002,20.399994,34.119995
322.799988,133.940002,20.399994,34.119995
322.799988,133.940002,20.399994,34.119995
322.799988,133.940002,20.399994,34.119995
322.799988,133.940002,20.399994,34.119995
322.799988,133.940002,20.399994,34.119995
322.799988,133.940002,20.399994,34.119995
322.799988,133.940002,20.399994,34.119995
322.799988,133.940002,20.399994,34.119995
322.799988,133.940002,20.399994,34.119995
322.799988,133.940002,20.399994,34.119995
322.799988,133.940002,20.399994,34.119995
322.799988,133.940002,20.399994,34.119995
322.799988,133.940002,20.399994,34.119995
322.799988,133.940002,20.399994,34.119995
2
0
0
0
0
1
361.859985,113.620003,79.180023,27.219994
361.859985,113.620003,79.180023,27.219994
361.859985,113.620003,79.180023,27.219994
361.859985,113.620003,79.180023,27.219994
361.859985,113.620003,79.180023,27.219994
361.859985,113.620003,79.180023,27.219994
361.859985,113.620003,79.180023,27.219994
361.859985,113.620003,79.180023,27.219994
361.859985,113.620003,79.180023,27.219994
361.859985,113.620003,79.180023,27.219994
361.859985,113.620003,79.180023,27.219994
361.859985,113.620003,79.180023,27.219994
361.859985,113.620003,79.180023,27.219994
361.859985,113.620003,79.180023,27.219994
361.859985,113.620003,79.180023,27.219994
361.859985,113.620003,79.180023,27.219994
361.859985,113.620003,79.180023,27.219994
361.859985,113.620003,79.180023,27.219994
361.859985,113.620003,79.180023,27.219994
361.859985,113.620003,79.180023,27.219994
361.859985,113.620003,79.180023,27.219994
361.859985,113.620003,79.180023,27.219994
361.859985,113.620003,79.180023,27.219994
361.859985,113.620003,79.180023,27.219994
361.859985,113.620003,79.180023,27.219994
361.859985,113.620003,79.180023,27.219994
361.859985,113.620003,79.180023,27.219994
361.859985,113.620003,79.180023,27.219994
361.859985,113.620003,79.180023,27.219994
361.859985,113.620003,79.180023,27.219994
361.859985,113.620003,79.180023,27.219994
361.859985,113.620003,79.180023,27.219994
361.859985,113.620003,79.180023,27.219994
361.859985,113.620003,79.180023,27.219994
361.859985,113.620003,79.180023,27.219994
361.859985,113.620003,79.180023,27.219994
361.859985,113.620003,79.180023,27.219994
361.859985,113.620003,79.180023,27.219994
391.410004,116.389999,79.180023,27.219994
391.410004,116.389999,79.180023,27.219994
391.410004,116.389999,79.180023,27.219994
391.410004,116.389999,79.180023,27.219994
391.410004,116.389999,79.180023,27.219994
391.410004,116.389999,79.180023,27.219994
391.410004,116.389999,79.180023,27.219994
391.410004,116.389999,79.180023,27.219994
391.410004,116.389999,79.180023,27.219994
391.410004,116.389999,79.180023,27.219994
391.410004,116.389999,79.180023,27.219994
391.410004,116.389999,79.180023,27.219994
391.410004,116.389999,79.180023,27.219994
391.410004,116.389999,79.180023,27.219994
391.410004,116.389999,79.180023,27.219994
391.410004,116.389999,79.180023,27.219994
391.410004,116.389999,79.180023,27.219994
391.410004,116.389999,79.180023,27.219994
391.410004,116.389999,79.180023,27.219994
391.410004,116.389999,79.180023,27.219994
391.410004,116.389999,79.180023,27.219994
391.410004,116.389999,79.180023,27.219994
391.410004,116.389999,79.180023,27.219994
391.410004,116.389999,79.180023,27.219994
391.410004,116.389999,79.180023,27.219994
391.410004,116.389999,79.180023,27.219994
391.410004,116.389999,79.180023,27.219994
2
0
0
0
0
1
443.720001,157.880005,30.170013,52.549988
443.720001,157.880005,30.170013,52.549988
443.720001,157.880005,30.170013,52.549988
443.720001,157.880005,30.170013,52.549988
443.720001,157.880005,30.170013,52.549988
443.720001,157.880005,30.170013,52.549988
443.720001,157.880005,30.170013,52.549988
443.720001,157.880005,30.170013,52.549988
443.720001,157.880005,30.170013,52.549988
443.720001,157.880005,30.170013,52.549988
443.720001,157.880005,30.170013,52.549988
443.720001,157.880005,30.170013,52.549988
443.720001,157.880005,30.170013,52.549988
443.720001,157.880005,30.170013,52.549988
443.720001,157.880005,30.170013,52.549988
443.720001,157.880005,30.170013,52.549988
443.720001,157.880005,30.170013,52.549988
443.720001,157.880005,30.170013,52.549988
443.720001,157.880005,30.170013,52.549988
418.915009,175.725006,30.170013,52.549988
418.915009,175.725006,30.170013,52.549988
418.915009,175.725006,30.170013,52.549988
418.915009,175.725006,30.170013,52.549988
418.915009,175.725006,30.170013,52.549988
418.915009,175.725006,30.170013,52.549988
418.915009,175.725006,30.170013,52.549988
418.915009,175.725006,30.170013,52.549988
418.915009,175.725006,30.170013,52.549988
418.915009,175.725006,30.170013,52.549988
418.915009,175.725006,30.170013,52.549988
418.915009,175.725006,30.170013,52.549988
418.915009,175.725006,30.170013,52.549988
418.915009,175.725006,30.170013,52.549988
418.915009,175.725006,30.170013,52.549988
418.915009,175.725006,30.170013,52.549988
418.915009,175.725006,30.170013,52.549988
418.915009,175.725006,30.170013,52.549988
418.915009,175.725006,30.170013,52.549988
418.915009,175.725006,30.170013,52.549988
418.915009,175.725006,30.170013,52.549988
418.915009,175.725006,30.170013,52.549988
418.915009,175.725006,30.170013,52.549988
418.915009,175.725006,30.170013,52.549988
418.915009,175.725006,30.170013,52.549988
418.915009,175.725006,30.170013,52.549988
418.915009,175.725006,30.170013,52.549988
418.915009,175.725006,30.170013,52.549988
418.915009,175.725006,30.170013,52.549988
418.915009,175.725006,30.170013,52.549988
418.915009,175.725006,30.170013,52.549988
388.915009,201.725006,30.170013,52.549988
388.915009,201.725006,30.170013,52.549988
388.915009,201.725006,30.170013,52.549988
388.915009,201.725006,30.170013,52.549988
