1
266.670013,123.050003,104.679993,77.319992
266.670013,123.050003,104.679993,77.319992
266.670013,123.050003,104.679993,77.319992
266.670013,123.050003,104.679993,77.319992
266.670013,123.050003,104.679993,77.319992
266.670013,123.050003,104.679993,77.319992
266.670013,123.050003,104.679993,77.319992
266.670013,123.050003,104.679993,77.319992
266.660004,122.340004,104.679993,77.319992
266.660004,122.340004,104.679993,77.319992
266.660004,122.340004,104.679993,77.319992
266.660004,122.340004,104.679993,77.319992
266.660004,122.340004,104.679993,77.319992
266.660004,122.340004,104.679993,77.319992
266.660004,122.340004,104.679993,77.319992
266.660004,122.340004,104.679993,77.319992
266.660004,122.340004,104.679993,77.319992
266.660004,122.340004,104.679993,77.319992
251.660004,102.340004,104.679993,77.319992
251.660004,102.340004,104.679993,77.319992
251.660004,102.340004,104.679993,77.319992
251.660004,102.340004,104.679993,77.319992
251.660004,102.340004,104.679993,77.319992
251.660004,102.340004,104.679993,77.319992
251.660004,102.340004,104.679993,77.319992
251.660004,102.340004,104.679993,77.319992
251.660004,102.340004,104.679993,77.319992
251.660004,102.340004,104.679993,77.319992
251.660004,102.340004,104.679993,77.319992
251.660004,102.340004,104.679993,77.319992
251.660004,102.340004,104.679993,77.319992
251.660004,102.340004,104.679993,77.319992
251.660004,102.340004,104.679993,77.319992
251.660004,102.340004,104.679993,77.319992
251.660004,102.340004,104.679993,77.319992
251.660004,102.340004,104.679993,77.319992
251.660004,102.340004,104.679993,77.319992
251.660004,102.340004,104.679993,77.319992
251.660004,102.340004,104.679993,77.319992
251.660004,102.340004,104.679993,77.319992
251.660004,102.340004,104.679993,77.319992
2
0
0
0
0
1
361.980011,150.990005,126.259979,102.709991
361.980011,150.990005,126.259979,102.709991
361.980011,150.990005,126.259979,102.709991
361.980011,150.990005,126.259979,102.709991
361.980011,150.990005,126.259979,102.709991
361.980011,150.990005,126.259979,102.709991
361.980011,150.990005,126.259979,102.709991
375.870026,122.645004,126.259979,102.709991
375.870026,122.645004,126.259979,102.709991
375.870026,122.645004,126.259979,102.709991
375.870026,122.645004,126.259979,102.709991
375.870026,122.645004,126.259979,102.709991
375.870026,122.645004,126.259979,102.709991
375.870026,122.645004,126.259979,102.709991
375.870026,122.645004,126.259979,102.709991
375.870026,122.645004,126.259979,102.709991
375.870026,122.645004,126.259979,102.709991
375.870026,122.645004,126.259979,102.709991
375.870026,122.645004,126.259979,102.709991
375.870026,122.645004,126.259979,102.709991
375.870026,122.645004,126.259979,102.709991
375.870026,122.645004,126.259979,102.709991
375.870026,122.645004,126.259979,102.709991
375.870026,122.645004,126.259979,102.709991
375.870026,122.645004,126.259979,102.709991
375.870026,122.645004,126.259979,102.709991
375.870026,122.645004,126.259979,102.709991
375.870026,122.645004,126.259979,102.709991
375.870026,122.645004,126.259979,102.709991
375.870026,122.645004,126.259979,102.709991
375.870026,122.645004,126.259979,102.709991
375.870026,122.645004,126.259979,102.709991
375.870026,122.645004,126.259979,102.709991
375.870026,122.645004,126.259979,102.709991
2
0
0
0
0
1
348.630005,128.380005,22.339996,53.989990
348.630005,128.380005,22.339996,53.989990
348.630005,128.380005,22.339996,53.989990
348.630005,128.380005,22.339996,53.989990
348.630005,128.380005,22.339996,53.989990
348.630005,128.380005,22.339996,53.989990
348.630005,128.380005,22.339996,53.989990
348.630005,128.380005,22.339996,53.989990
348.630005,128.380005,22.339996,53.989990
348.630005,128.380005,22.339996,53.989990
348.630005,128.380005,22.339996,53.989990
348.630005,128.380005,22.339996,53.989990
348.630005,128.380005,22.339996,53.989990
348.630005,128.380005,22.339996,53.989990
348.630005,128.380005,22.339996,53.989990
348.630005,128.380005,22.339996,53.989990
348.630005,128.380005,22.339996,53.989990
348.630005,128.380005,22.339996,53.989990
348.630005,128.380005,22.339996,53.989990
348.630005,128.380005,22.339996,53.989990
348.630005,128.380005,22.339996,53.989990
348.630005,128.380005,22.339996,53.989990
348.630005,128.380005,22.339996,53.989990
348.630005,128.380005,22.339996,53.989990
2
0
0
0
0
1
329.089996,134.789993,23.920013,36.040009
329.089996,134.789993,23.920013,36.040009
329.089996,134.789993,23.920013,36.040009
329.089996,134.789993,23.920013,36.040009
329.089996,134.789993,23.920013,36.040009
329.089996,134.789993,23.920013,36.040009
329.089996,134.789993,23.920013,36.040009
329.089996,134.789993,23.920013,36.040009
329.089996,134.789993,23.920013,36.040009
329.089996,134.789993,23.920013,36.040009
329.089996,134.789993,23.920013,36.040009
329.089996,134.789993,23.920013,36.040009
329.089996,134.789993,23.920013,36.040009
329.089996,134.789993,23.920013,36.040009
329.089996,134.789993,23.920013,36.040009
329.089996,134.789993,23.920013,36.040009
329.089996,134.789993,23.920013,36.040009
329.089996,134.789993,23.920013,36.040009
329.089996,134.789993,23.920013,36.040009
329.089996,134.789993,23.920013,36.040009
329.089996,134.789993,23.920013,36.040009
329.089996,134.789993,23.920013,36.040009
329.089996,134.789993,23.920013,36.040009
329.089996,134.789993,23.920013,36.040009
329.089996,134.789993,23.920013,36.040009
329.089996,134.789993,23.920013,36.040009
329.089996,134.789993,23.920013,36.040009
329.089996,134.789993,23.920013,36.040009
329.089996,134.789993,23.920013,36.040009
329.089996,134.789993,23.920013,36.040009
329.089996,134.789993,23.920013,36.040009
329.089996,134.789993,23.920013,36.040009
329.089996,134.789993,23.920013,36.040009
329.089996,134.789993,23.920013,36.040009
329.089996,134.789993,23.920013,36.040009
329.089996,134.789993,23.920013,36.040009
329.089996,134.789993,23.920013,36.040009
329.089996,134.789993,23.920013,36.040009
329.089996,134.789993,23.920013,36.040009
329.089996,134.789993,23.920013,36.040009
329.089996,134.789993,23.920013,36.040009
329.089996,134.789993,23.920013,36.040009
329.089996,134.789993,23.920013,36.040009
329.089996,134.789993,23.920013,36.040009
329.089996,134.789993,23.920013,36.040009
329.089996,134.789993,23.920013,36.040009
329.089996,134.789993,23.920013,36.040009
329.089996,134.789993,23.920013,36.040009
329.089996,134.789993,23.920013,36.040009
329.089996,134.789993,23.920013,36.040009
329.089996,134.789993,23.920013,36.040009
329.089996,134.789993,23.920013,36.040009
329.089996,134.789993,23.920013,36.040009
329.089996,134.789993,23.920013,36.040009
329.089996,134.789993,23.920013,36.040009
329.089996,134.789993,23.920013,36.040009
329.089996,134.789993,23.920013,36.040009
329.089996,134.789993,23.920013,36.040009
329.089996,134.789993,23.920013,36.040009
329.089996,134.789993,23.920013,36.040009
329.089996,134.789993,23.920013,36.040009
329.089996,134.789993,23.920013,36.040009
329.089996,134.789993,23.920013,36.040009
2
0
0
0
0
1
372.130005,111.080002,76.720001,30.660004
372.130005,111.080002,76.720001,30.660004
372.130005,111.080002,76.720001,30.660004
372.130005,111.080002,76.720001,30.660004
372.130005,111.080002,76.720001,30.660004
372.130005,111.080002,76.720001,30.660004
372.130005,111.080002,76.720001,30.660004
372.130005,111.080002,76.720001,30.660004
372.130005,111.080002,76.720001,30.660004
372.130005,111.080002,76.720001,30.660004
372.130005,111.080002,76.720001,30.660004
372.130005,111.080002,76.720001,30.660004
372.130005,111.080002,76.720001,30.660004
372.130005,111.080002,76.720001,30.660004
372.130005,111.080002,76.720001,30.660004
372.130005,111.080002,76.720001,30.660004
372.130005,111.080002,76.720001,30.660004
372.130005,111.080002,76.720001,30.660004
372.130005,111.080002,76.720001,30.660004
372.130005,111.080002,76.720001,30.660004
372.130005,111.080002,76.720001,30.660004
372.130005,111.080002,76.720001,30.660004
372.130005,111.080002,76.720001,30.660004
372.130005,111.080002,76.720001,30.660004
372.130005,111.080002,76.720001,30.660004
372.130005,111.080002,76.720001,30.660004
372.130005,111.080002,76.720001,30.660004
372.130005,111.080002,76.720001,30.660004
372.130005,111.080002,76.720001,30.660004
372.130005,111.080002,76.720001,30.660004
372.130005,111.080002,76.720001,30.660004
372.130005,111.080002,76.720001,30.660004
371.640015,110.669998,76.720001,30.660004
371.640015,110.669998,76.720001,30.660004
403.640015,123.669998,76.720001,30.660004
403.640015,123.669998,76.720001,30.660004
403.640015,123.669998,76.720001,30.660004
403.640015,123.669998,76.720001,30.660004
403.640015,123.669998,76.720001,30.660004
403.640015,123.669998,76.720001,30.660004
403.640015,123.669998,76.720001,30.660004
403.640015,123.669998,76.720001,30.660004
403.640015,123.669998,76.720001,30.660004
403.640015,123.669998,76.720001,30.660004
403.640015,123.669998,76.720001,30.660004
403.640015,123.669998,76.720001,30.660004
403.640015,123.669998,76.720001,30.660004
403.640015,123.669998,76.720001,30.660004
403.640015,123.669998,76.720001,30.660004
403.640015,123.669998,76.720001,30.660004
403.640015,123.669998,76.720001,30.660004
403.640015,123.669998,76.720001,30.660004
403.640015,123.669998,76.720001,30.660004
403.640015,123.669998,76.720001,30.660004
403.640015,123.669998,76.720001,30.660004
403.640015,123.669998,76.720001,30.660004
403.640015,123.669998,76.720001,30.660004
403.640015,123.669998,76.720001,30.660004
403.640015,123.669998,76.720001,30.660004
403.640015,123.669998,76.720001,30.660004
403.640015,123.669998,76.720001,30.660004
403.640015,123.669998,76.720001,30.660004
403.640015,123.669998,76.720001,30.660004
403.640015,123.669998,76.720001,30.660004
403.640015,123.669998,76.720001,30.660004
403.640015,123.669998,76.720001,30.660004
403.640015,123.669998,76.720001,30.660004
403.640015,123.669998,76.720001,30.660004
403.640015,123.669998,76.720001,30.660004
403.640015,123.669998,76.720001,30.660004
403.640015,123.669998,76.720001,30.660004
2
0
0
0
0
1
428.890015,155.800003,35.519989,69.190002
428.890015,155.800003,35.519989,69.190002
428.890015,155.800003,35.519989,69.190002
428.890015,155.800003,35.519989,69.190002
418.240021,170.404999,35.519989,69.190002
418.240021,170.404999,35.519989,69.190002
418.240021,170.404999,35.519989,69.190002
418.240021,170.404999,35.519989,69.190002
418.240021,170.404999,35.519989,69.190002
408.240021,165.404999,35.519989,69.190002
408.240021,165.404999,35.519989,69.190002
408.240021,165.404999,35.519989,69.190002
408.240021,165.404999,35.519989,69.190002
408.240021,165.404999,35.519989,69.190002
408.240021,165.404999,35.519989,69.190002
408.240021,165.404999,35.519989,69.190002
408.240021,165.404999,35.519989,69.190002
408.240021,165.404999,35.519989,69.190002
408.240021,165.404999,35.519989,69.190002
408.240021,165.404999,35.519989,69.190002
408.240021,165.404999,35.519989,69.190002
408.240021,165.404999,35.519989,69.190002
408.240021,165.404999,35.519989,69.190002
408.240021,165.404999,35.519989,69.190002
408.240021,165.404999,35.519989,69.190002
408.240021,165.404999,35.519989,69.190002
408.240021,165.404999,35.519989,69.190002
408.240021,165.404999,35.519989,69.190002
408.240021,165.404999,35.519989,69.190002
408.240021,165.404999,35.519989,69.190002
408.240021,165.404999,35.519989,69.190002
408.240021,165.404999,35.519989,69.190002
408.240021,165.404999,35.519989,69.190002
408.240021,165.404999,35.519989,69.190002
408.240021,165.404999,35.519989,69.190002
408.240021,165.404999,35.519989,69.190002
408.240021,165.404999,35.519989,69.190002
408.240021,165.404999,35.519989,69.190002
408.240021,165.404999,35.519989,69.190002
408.240021,165.404999,35.519989,69.190002
344.240021,200.404999,35.519989,69.190002
344.240021,200.404999,35.519989,69.190002
344.240021,200.404999,35.519989,69.190002
344.240021,200.404999,35.519989,69.190002
344.240021,200.404999,35.519989,69.190002
344.240021,200.404999,35.519989,69.190002
