1
262.660004,116.959999,103.000000,80.829994
262.660004,116.959999,103.000000,80.829994
262.660004,116.959999,103.000000,80.829994
262.660004,116.959999,103.000000,80.829994
262.660004,116.959999,103.000000,80.829994
262.660004,116.959999,103.000000,80.829994
262.660004,116.959999,103.000000,80.829994
262.660004,116.959999,103.000000,80.829994
262.660004,116.959999,103.000000,80.829994
262.660004,116.959999,103.000000,80.829994
262.660004,116.959999,103.000000,80.829994
262.660004,116.959999,103.000000,80.829994
262.660004,116.959999,103.000000,80.829994
262.660004,116.959999,103.000000,80.829994
262.660004,116.959999,103.000000,80.829994
262.660004,116.959999,103.000000,80.829994
262.660004,116.959999,103.000000,80.829994
262.660004,116.959999,103.000000,80.829994
262.660004,116.959999,103.000000,80.829994
262.660004,116.959999,103.000000,80.829994
262.660004,116.959999,103.000000,80.829994
262.660004,116.959999,103.000000,80.829994
262.660004,116.959999,103.000000,80.829994
262.660004,116.959999,103.000000,80.829994
262.500000,116.585007,103.000000,80.829994
262.500000,116.585007,103.000000,80.829994
262.500000,116.585007,103.000000,80.829994
262.500000,116.585007,103.000000,80.829994
262.500000,116.585007,103.000000,80.829994
262.500000,116.585007,103.000000,80.829994
262.500000,116.585007,103.000000,80.829994
262.500000,116.585007,103.000000,80.829994
262.500000,116.585007,103.000000,80.829994
262.500000,116.585007,103.000000,80.829994
262.500000,116.585007,103.000000,80.829994
262.500000,116.585007,103.000000,80.829994
262.500000,116.585007,103.000000,80.829994
262.500000,116.585007,103.000000,80.829994
262.500000,116.585007,103.000000,80.829994
262.500000,116.585007,103.000000,80.829994
262.500000,116.585007,103.000000,80.829994
262.500000,116.585007,103.000000,80.829994
262.500000,116.585007,103.000000,80.829994
262.500000,116.585007,103.000000,80.829994
262.500000,116.585007,103.000000,80.829994
262.500000,116.585007,103.000000,80.829994
262.500000,116.585007,103.000000,80.829994
262.500000,116.585007,103.000000,80.829994
262.500000,116.585007,103.000000,80.829994
262.500000,116.585007,103.000000,80.829994
262.500000,116.585007,103.000000,80.829994
262.500000,116.585007,103.000000,80.829994
2
0
0
0
0
1
347.940002,159.419998,120.679993,91.150009
347.940002,159.419998,120.679993,91.150009
347.940002,159.419998,120.679993,91.150009
347.940002,159.419998,120.679993,91.150009
347.940002,159.419998,120.679993,91.150009
347.940002,159.419998,120.679993,91.150009
347.940002,159.419998,120.679993,91.150009
347.940002,159.419998,120.679993,91.150009
347.940002,159.419998,120.679993,91.150009
347.940002,159.419998,120.679993,91.150009
347.940002,159.419998,120.679993,91.150009
347.940002,159.419998,120.679993,91.150009
347.940002,159.419998,120.679993,91.150009
347.940002,159.419998,120.679993,91.150009
347.940002,159.419998,120.679993,91.150009
347.940002,159.419998,120.679993,91.150009
347.940002,159.419998,120.679993,91.150009
347.940002,159.419998,120.679993,91.150009
347.940002,159.419998,120.679993,91.150009
347.940002,159.419998,120.679993,91.150009
347.940002,159.419998,120.679993,91.150009
347.940002,159.419998,120.679993,91.150009
347.940002,159.419998,120.679993,91.150009
347.940002,159.419998,120.679993,91.150009
347.660004,158.425003,120.679993,91.150009
347.660004,158.425003,120.679993,91.150009
347.660004,158.425003,120.679993,91.150009
347.660004,158.425003,120.679993,91.150009
347.660004,158.425003,120.679993,91.150009
347.660004,158.425003,120.679993,91.150009
347.660004,158.425003,120.679993,91.150009
347.660004,158.425003,120.679993,91.150009
347.660004,158.425003,120.679993,91.150009
347.660004,158.425003,120.679993,91.150009
347.660004,158.425003,120.679993,91.150009
347.660004,158.425003,120.679993,91.150009
347.660004,158.425003,120.679993,91.150009
347.660004,158.425003,120.679993,91.150009
347.660004,158.425003,120.679993,91.150009
347.660004,158.425003,120.679993,91.150009
347.660004,158.425003,120.679993,91.150009
347.660004,158.425003,120.679993,91.150009
347.660004,158.425003,120.679993,91.150009
347.660004,158.425003,120.679993,91.150009
347.660004,158.425003,120.679993,91.150009
347.660004,158.425003,120.679993,91.150009
347.660004,158.425003,120.679993,91.150009
347.660004,158.425003,120.679993,91.150009
347.660004,158.425003,120.679993,91.150009
347.660004,158.425003,120.679993,91.150009
347.660004,158.425003,120.679993,91.150009
347.660004,158.425003,120.679993,91.150009
347.660004,158.425003,120.679993,91.150009
347.660004,158.425003,120.679993,91.150009
347.660004,158.425003,120.679993,91.150009
347.660004,158.425003,120.679993,91.150009
347.660004,158.425003,120.679993,91.150009
347.660004,158.425003,120.679993,91.150009
347.660004,158.425003,120.679993,91.150009
347.660004,158.425003,120.679993,91.150009
347.660004,158.425003,120.679993,91.150009
347.660004,158.425003,120.679993,91.150009
347.660004,158.425003,120.679993,91.150009
347.660004,158.425003,120.679993,91.150009
347.660004,158.425003,120.679993,91.150009
347.660004,158.425003,120.679993,91.150009
347.660004,158.425003,120.679993,91.150009
347.660004,158.425003,120.679993,91.150009
347.660004,158.425003,120.679993,91.150009
347.660004,158.425003,120.679993,91.150009
347.660004,158.425003,120.679993,91.150009
347.660004,158.425003,120.679993,91.150009
347.660004,158.425003,120.679993,91.150009
347.660004,158.425003,120.679993,91.150009
347.660004,158.425003,120.679993,91.150009
347.660004,158.425003,120.679993,91.150009
347.660004,158.425003,120.679993,91.150009
347.660004,158.425003,120.679993,91.150009
347.660004,158.425003,120.679993,91.150009
347.660004,158.425003,120.679993,91.150009
347.660004,158.425003,120.679993,91.150009
347.660004,158.425003,120.679993,91.150009
347.660004,158.425003,120.679993,91.150009
347.660004,158.425003,120.679993,91.150009
347.660004,158.425003,120.679993,91.150009
347.660004,158.425003,120.679993,91.150009
347.660004,158.425003,120.679993,91.150009
347.660004,158.425003,120.679993,91.150009
347.660004,158.425003,120.679993,91.150009
347.660004,158.425003,120.679993,91.150009
347.660004,158.425003,120.679993,91.150009
347.660004,158.425003,120.679993,91.150009
347.660004,158.425003,120.679993,91.150009
347.660004,158.425003,120.679993,91.150009
347.660004,158.425003,120.679993,91.150009
347.660004,158.425003,120.679993,91.150009
347.660004,158.425003,120.679993,91.150009
347.660004,158.425003,120.679993,91.150009
347.660004,158.425003,120.679993,91.150009
347.660004,158.425003,120.679993,91.150009
347.660004,158.425003,120.679993,91.150009
347.660004,158.425003,120.679993,91.150009
347.660004,158.425003,120.679993,91.150009
347.660004,158.425003,120.679993,91.150009
347.660004,158.425003,120.679993,91.150009
347.660004,158.425003,120.679993,91.150009
347.660004,158.425003,120.679993,91.150009
347.660004,158.425003,120.679993,91.150009
347.660004,158.425003,120.679993,91.150009
347.660004,158.425003,120.679993,91.150009
347.660004,158.425003,120.679993,91.150009
347.660004,158.425003,120.679993,91.150009
347.660004,158.425003,120.679993,91.150009
347.660004,158.425003,120.679993,91.150009
2
0
0
0
0
1
336.410004,125.449997,68.440002,24.889999
336.410004,125.449997,68.440002,24.889999
336.410004,125.449997,68.440002,24.889999
336.410004,125.449997,68.440002,24.889999
336.410004,125.449997,68.440002,24.889999
336.410004,125.449997,68.440002,24.889999
336.410004,125.449997,68.440002,24.889999
336.410004,125.449997,68.440002,24.889999
336.410004,125.449997,68.440002,24.889999
336.410004,125.449997,68.440002,24.889999
336.410004,125.449997,68.440002,24.889999
336.410004,125.449997,68.440002,24.889999
336.410004,125.449997,68.440002,24.889999
336.410004,125.449997,68.440002,24.889999
336.410004,125.449997,68.440002,24.889999
2
0
0
0
0
1
409.089996,93.220001,62.779999,27.159996
409.089996,93.220001,62.779999,27.159996
409.089996,93.220001,62.779999,27.159996
409.089996,93.220001,62.779999,27.159996
409.089996,93.220001,62.779999,27.159996
409.089996,93.220001,62.779999,27.159996
409.089996,93.220001,62.779999,27.159996
409.089996,93.220001,62.779999,27.159996
408.609985,92.420006,62.779999,27.159996
391.609985,93.420006,62.779999,27.159996
391.609985,93.420006,62.779999,27.159996
391.609985,93.420006,62.779999,27.159996
391.609985,93.420006,62.779999,27.159996
391.609985,93.420006,62.779999,27.159996
391.609985,93.420006,62.779999,27.159996
391.609985,93.420006,62.779999,27.159996
391.609985,93.420006,62.779999,27.159996
391.609985,93.420006,62.779999,27.159996
391.609985,93.420006,62.779999,27.159996
391.609985,93.420006,62.779999,27.159996
391.609985,93.420006,62.779999,27.159996
391.609985,93.420006,62.779999,27.159996
391.609985,93.420006,62.779999,27.159996
391.609985,93.420006,62.779999,27.159996
391.609985,93.420006,62.779999,27.159996
391.609985,93.420006,62.779999,27.159996
391.609985,93.420006,62.779999,27.159996
391.609985,93.420006,62.779999,27.159996
391.609985,93.420006,62.779999,27.159996
391.609985,93.420006,62.779999,27.159996
391.609985,93.420006,62.779999,27.159996
391.609985,93.420006,62.779999,27.159996
391.609985,93.420006,62.779999,27.159996
391.609985,93.420006,62.779999,27.159996
391.609985,93.420006,62.779999,27.159996
391.609985,93.420006,62.779999,27.159996
391.609985,93.420006,62.779999,27.159996
391.609985,93.420006,62.779999,27.159996
391.609985,93.420006,62.779999,27.159996
2
0
0
0
0
1
452.269989,125.180000,45.750000,50.079994
452.269989,125.180000,45.750000,50.079994
452.269989,125.180000,45.750000,50.079994
452.269989,125.180000,45.750000,50.079994
452.269989,125.180000,45.750000,50.079994
452.269989,125.180000,45.750000,50.079994
452.269989,125.180000,45.750000,50.079994
452.269989,125.180000,45.750000,50.079994
452.125000,124.960007,45.750000,50.079994
452.125000,124.960007,45.750000,50.079994
452.125000,124.960007,45.750000,50.079994
452.125000,124.960007,45.750000,50.079994
452.125000,124.960007,45.750000,50.079994
452.125000,124.960007,45.750000,50.079994
452.125000,124.960007,45.750000,50.079994
452.125000,124.960007,45.750000,50.079994
452.125000,124.960007,45.750000,50.079994
452.125000,124.960007,45.750000,50.079994
452.125000,124.960007,45.750000,50.079994
452.125000,124.960007,45.750000,50.079994
452.125000,124.960007,45.750000,50.079994
452.125000,124.960007,45.750000,50.079994
452.125000,124.960007,45.750000,50.079994
452.125000,124.960007,45.750000,50.079994
452.125000,124.960007,45.750000,50.079994
452.125000,124.960007,45.750000,50.079994
452.125000,124.960007,45.750000,50.079994
452.125000,124.960007,45.750000,50.079994
452.125000,124.960007,45.750000,50.079994
452.125000,124.960007,45.750000,50.079994
452.125000,124.960007,45.750000,50.079994
452.125000,124.960007,45.750000,50.079994
452.125000,124.960007,45.750000,50.079994
452.125000,124.960007,45.750000,50.079994
452.125000,124.960007,45.750000,50.079994
452.125000,124.960007,45.750000,50.079994
2
0
0
0
0
1
388.829987,172.639999,57.420013,84.629990
388.829987,172.639999,57.420013,84.629990
388.829987,172.639999,57.420013,84.629990
388.829987,172.639999,57.420013,84.629990
388.829987,172.639999,57.420013,84.629990
388.829987,172.639999,57.420013,84.629990
388.829987,172.639999,57.420013,84.629990
388.829987,172.639999,57.420013,84.629990
388.290009,171.684998,57.420013,84.629990
414.290009,213.684998,57.420013,84.629990
414.290009,213.684998,57.420013,84.629990
414.290009,213.684998,57.420013,84.629990
414.290009,213.684998,57.420013,84.629990
414.290009,213.684998,57.420013,84.629990
414.290009,213.684998,57.420013,84.629990
414.290009,213.684998,57.420013,84.629990
414.290009,213.684998,57.420013,84.629990
414.290009,213.684998,57.420013,84.629990
414.290009,213.684998,57.420013,84.629990
389.290009,183.684998,57.420013,84.629990
389.290009,183.684998,57.420013,84.629990
389.290009,183.684998,57.420013,84.629990
389.290009,183.684998,57.420013,84.629990
