1
266.000000,118.129997,112.000000,80.739998
266.000000,118.129997,112.000000,80.739998
266.000000,118.129997,112.000000,80.739998
266.000000,118.129997,112.000000,80.739998
266.000000,118.129997,112.000000,80.739998
266.000000,118.129997,112.000000,80.739998
266.000000,118.129997,112.000000,80.739998
266.000000,118.129997,112.000000,80.739998
266.000000,118.129997,112.000000,80.739998
266.000000,118.129997,112.000000,80.739998
266.000000,118.129997,112.000000,80.739998
266.000000,118.129997,112.000000,80.739998
266.000000,118.129997,112.000000,80.739998
266.000000,118.129997,112.000000,80.739998
266.000000,118.129997,112.000000,80.739998
266.000000,118.129997,112.000000,80.739998
266.000000,118.129997,112.000000,80.739998
266.000000,118.129997,112.000000,80.739998
266.000000,118.129997,112.000000,80.739998
266.000000,118.129997,112.000000,80.739998
266.000000,118.129997,112.000000,80.739998
266.000000,118.129997,112.000000,80.739998
266.000000,118.129997,112.000000,80.739998
266.000000,118.129997,112.000000,80.739998
266.000000,118.129997,112.000000,80.739998
266.000000,118.129997,112.000000,80.739998
266.000000,118.129997,112.000000,80.739998
266.000000,118.129997,112.000000,80.739998
266.000000,118.129997,112.000000,80.739998
266.000000,118.129997,112.000000,80.739998
266.000000,118.129997,112.000000,80.739998
266.000000,118.129997,112.000000,80.739998
266.000000,118.129997,112.000000,80.739998
266.000000,118.129997,112.000000,80.739998
266.000000,118.129997,112.000000,80.739998
266.000000,118.129997,112.000000,80.739998
266.000000,118.129997,112.000000,80.739998
266.000000,118.129997,112.000000,80.739998
266.000000,118.129997,112.000000,80.739998
266.000000,118.129997,112.000000,80.739998
266.000000,118.129997,112.000000,80.739998
266.000000,118.129997,112.000000,80.739998
266.000000,118.129997,112.000000,80.739998
266.000000,118.129997,112.000000,80.739998
266.000000,118.129997,112.000000,80.739998
266.000000,118.129997,112.000000,80.739998
266.000000,118.129997,112.000000,80.739998
266.000000,118.129997,112.000000,80.739998
266.000000,118.129997,112.000000,80.739998
266.000000,118.129997,112.000000,80.739998
266.000000,118.129997,112.000000,80.739998
266.000000,118.129997,112.000000,80.739998
266.000000,118.129997,112.000000,80.739998
266.000000,118.129997,112.000000,80.739998
266.000000,118.129997,112.000000,80.739998
266.000000,118.129997,112.000000,80.739998
266.000000,118.129997,112.000000,80.739998
266.000000,118.129997,112.000000,80.739998
266.000000,118.129997,112.000000,80.739998
266.000000,118.129997,112.000000,80.739998
266.000000,118.129997,112.000000,80.739998
266.000000,118.129997,112.000000,80.739998
266.000000,118.129997,112.000000,80.739998
266.000000,118.129997,112.000000,80.739998
266.000000,118.129997,112.000000,80.739998
266.000000,118.129997,112.000000,80.739998
266.000000,118.129997,112.000000,80.739998
266.000000,118.129997,112.000000,80.739998
266.000000,118.129997,112.000000,80.739998
266.000000,118.129997,112.000000,80.739998
266.000000,118.129997,112.000000,80.739998
266.000000,118.129997,112.000000,80.739998
266.000000,118.129997,112.000000,80.739998
266.000000,118.129997,112.000000,80.739998
266.000000,118.129997,112.000000,80.739998
266.000000,118.129997,112.000000,80.739998
266.000000,118.129997,112.000000,80.739998
266.000000,118.129997,112.000000,80.739998
266.000000,118.129997,112.000000,80.739998
266.000000,118.129997,112.000000,80.739998
266.000000,118.129997,112.000000,80.739998
266.000000,118.129997,112.000000,80.739998
266.000000,118.129997,112.000000,80.739998
266.000000,118.129997,112.000000,80.739998
266.000000,118.129997,112.000000,80.739998
266.000000,118.129997,112.000000,80.739998
266.000000,118.129997,112.000000,80.739998
266.000000,118.129997,112.000000,80.739998
266.000000,117.629997,112.000000,80.739998
266.000000,117.629997,112.000000,80.739998
266.000000,117.629997,112.000000,80.739998
266.000000,117.629997,112.000000,80.739998
266.000000,117.629997,112.000000,80.739998
266.000000,117.629997,112.000000,80.739998
266.000000,117.629997,112.000000,80.739998
266.000000,117.629997,112.000000,80.739998
266.000000,117.629997,112.000000,80.739998
266.000000,117.629997,112.000000,80.739998
266.000000,117.629997,112.000000,80.739998
266.000000,117.629997,112.000000,80.739998
266.000000,117.629997,112.000000,80.739998
266.000000,117.629997,112.000000,80.739998
266.000000,117.629997,112.000000,80.739998
266.000000,117.629997,112.000000,80.739998
266.000000,117.629997,112.000000,80.739998
266.000000,117.629997,112.000000,80.739998
266.000000,117.629997,112.000000,80.739998
266.000000,117.629997,112.000000,80.739998
266.000000,117.629997,112.000000,80.739998
266.000000,117.629997,112.000000,80.739998
266.000000,117.629997,112.000000,80.739998
266.000000,117.629997,112.000000,80.739998
266.000000,117.629997,112.000000,80.739998
266.000000,117.629997,112.000000,80.739998
266.000000,117.629997,112.000000,80.739998
266.000000,117.629997,112.000000,80.739998
266.000000,117.629997,112.000000,80.739998
266.000000,117.629997,112.000000,80.739998
266.000000,117.629997,112.000000,80.739998
266.000000,117.629997,112.000000,80.739998
266.000000,117.629997,112.000000,80.739998
266.000000,117.629997,112.000000,80.739998
266.000000,117.629997,112.000000,80.739998
266.000000,117.629997,112.000000,80.739998
266.000000,117.629997,112.000000,80.739998
266.000000,117.629997,112.000000,80.739998
266.000000,117.629997,112.000000,80.739998
266.000000,117.629997,112.000000,80.739998
266.000000,117.629997,112.000000,80.739998
266.000000,117.629997,112.000000,80.739998
266.000000,117.629997,112.000000,80.739998
266.000000,117.629997,112.000000,80.739998
266.000000,117.629997,112.000000,80.739998
266.000000,117.629997,112.000000,80.739998
266.000000,117.629997,112.000000,80.739998
266.000000,117.629997,112.000000,80.739998
266.000000,117.629997,112.000000,80.739998
266.000000,117.629997,112.000000,80.739998
266.000000,117.629997,112.000000,80.739998
266.000000,117.629997,112.000000,80.739998
266.000000,117.629997,112.000000,80.739998
266.000000,117.629997,112.000000,80.739998
266.000000,117.629997,112.000000,80.739998
266.000000,117.629997,112.000000,80.739998
266.000000,117.629997,112.000000,80.739998
266.000000,117.629997,112.000000,80.739998
266.000000,117.629997,112.000000,80.739998
266.000000,117.629997,112.000000,80.739998
266.000000,117.629997,112.000000,80.739998
266.000000,117.629997,112.000000,80.739998
266.000000,117.629997,112.000000,80.739998
266.000000,117.629997,112.000000,80.739998
266.000000,117.629997,112.000000,80.739998
266.000000,117.629997,112.000000,80.739998
266.000000,117.629997,112.000000,80.739998
266.000000,117.629997,112.000000,80.739998
266.000000,117.629997,112.000000,80.739998
266.000000,117.629997,112.000000,80.739998
266.000000,117.629997,112.000000,80.739998
266.000000,117.629997,112.000000,80.739998
266.000000,117.629997,112.000000,80.739998
266.000000,117.629997,112.000000,80.739998
266.000000,117.629997,112.000000,80.739998
266.000000,117.629997,112.000000,80.739998
266.000000,117.629997,112.000000,80.739998
266.000000,117.629997,112.000000,80.739998
266.000000,117.629997,112.000000,80.739998
266.000000,117.629997,112.000000,80.739998
266.000000,117.629997,112.000000,80.739998
266.000000,117.629997,112.000000,80.739998
266.000000,117.629997,112.000000,80.739998
266.000000,117.629997,112.000000,80.739998
266.000000,117.629997,112.000000,80.739998
266.000000,117.629997,112.000000,80.739998
266.000000,117.629997,112.000000,80.739998
266.000000,117.629997,112.000000,80.739998
266.000000,117.629997,112.000000,80.739998
266.000000,117.629997,112.000000,80.739998
266.000000,117.629997,112.000000,80.739998
266.000000,117.629997,112.000000,80.739998
266.000000,117.629997,112.000000,80.739998
266.000000,117.629997,112.000000,80.739998
266.000000,117.629997,112.000000,80.739998
266.000000,117.629997,112.000000,80.739998
266.000000,117.629997,112.000000,80.739998
266.000000,117.629997,112.000000,80.739998
266.000000,117.629997,112.000000,80.739998
266.000000,117.629997,112.000000,80.739998
2
0
0
0
0
1
394.000000,101.000000,70.000000,24.000000
394.000000,101.000000,70.000000,24.000000
394.000000,101.000000,70.000000,24.000000
394.000000,101.000000,70.000000,24.000000
394.000000,101.000000,70.000000,24.000000
394.000000,101.000000,70.000000,24.000000
394.000000,101.000000,70.000000,24.000000
394.000000,101.000000,70.000000,24.000000
394.000000,101.000000,70.000000,24.000000
394.000000,101.000000,70.000000,24.000000
394.000000,101.000000,70.000000,24.000000
394.000000,101.000000,70.000000,24.000000
394.000000,101.000000,70.000000,24.000000
394.000000,101.000000,70.000000,24.000000
394.000000,101.000000,70.000000,24.000000
394.000000,101.000000,70.000000,24.000000
394.000000,101.000000,70.000000,24.000000
394.000000,101.000000,70.000000,24.000000
394.000000,101.000000,70.000000,24.000000
394.000000,101.000000,70.000000,24.000000
394.000000,101.000000,70.000000,24.000000
409.000000,114.000000,70.000000,24.000000
409.000000,114.000000,70.000000,24.000000
409.000000,114.000000,70.000000,24.000000
409.000000,114.000000,70.000000,24.000000
409.000000,114.000000,70.000000,24.000000
409.000000,114.000000,70.000000,24.000000
409.000000,114.000000,70.000000,24.000000
409.000000,114.000000,70.000000,24.000000
409.000000,114.000000,70.000000,24.000000
409.000000,114.000000,70.000000,24.000000
409.000000,114.000000,70.000000,24.000000
409.000000,114.000000,70.000000,24.000000
409.000000,114.000000,70.000000,24.000000
409.000000,114.000000,70.000000,24.000000
409.000000,114.000000,70.000000,24.000000
409.000000,114.000000,70.000000,24.000000
409.000000,114.000000,70.000000,24.000000
409.000000,114.000000,70.000000,24.000000
409.000000,114.000000,70.000000,24.000000
409.000000,114.000000,70.000000,24.000000
409.000000,114.000000,70.000000,24.000000
409.000000,114.000000,70.000000,24.000000
409.000000,114.000000,70.000000,24.000000
409.000000,114.000000,70.000000,24.000000
409.000000,114.000000,70.000000,24.000000
409.000000,114.000000,70.000000,24.000000
409.000000,114.000000,70.000000,24.000000
409.000000,114.000000,70.000000,24.000000
409.000000,114.000000,70.000000,24.000000
409.000000,114.000000,70.000000,24.000000
409.000000,114.000000,70.000000,24.000000
409.000000,114.000000,70.000000,24.000000
409.000000,114.000000,70.000000,24.000000
2
0
0
0
0
1
443.089996,149.789993,32.910004,56.300003
443.089996,149.789993,32.910004,56.300003
443.089996,149.789993,32.910004,56.300003
443.089996,149.789993,32.910004,56.300003
443.089996,149.789993,32.910004,56.300003
443.089996,149.789993,32.910004,56.300003
443.089996,149.789993,32.910004,56.300003
443.089996,149.789993,32.910004,56.300003
443.089996,149.789993,32.910004,56.300003
443.089996,149.789993,32.910004,56.300003
443.089996,149.789993,32.910004,56.300003
443.089996,149.789993,32.910004,56.300003
443.089996,149.789993,32.910004,56.300003
443.089996,149.789993,32.910004,56.300003
443.089996,149.789993,32.910004,56.300003
443.089996,149.789993,32.910004,56.300003
443.089996,149.789993,32.910004,56.300003
443.089996,149.789993,32.910004,56.300003
443.089996,149.789993,32.910004,56.300003
443.089996,149.789993,32.910004,56.300003
423.544983,179.850006,32.910004,56.300003
423.544983,179.850006,32.910004,56.300003
423.544983,179.850006,32.910004,56.300003
423.544983,179.850006,32.910004,56.300003
423.544983,179.850006,32.910004,56.300003
423.544983,179.850006,32.910004,56.300003
423.544983,179.850006,32.910004,56.300003
414.544983,178.850006,32.910004,56.300003
414.544983,178.850006,32.910004,56.300003
414.544983,178.850006,32.910004,56.300003
414.544983,178.850006,32.910004,56.300003
414.544983,178.850006,32.910004,56.300003
414.544983,178.850006,32.910004,56.300003
414.544983,178.850006,32.910004,56.300003
414.544983,178.850006,32.910004,56.300003
403.544983,184.850006,32.910004,56.300003
403.544983,184.850006,32.910004,56.300003
403.544983,184.850006,32.910004,56.300003
403.544983,184.850006,32.910004,56.300003
403.544983,184.850006,32.910004,56.300003
403.544983,184.850006,32.910004,56.300003
403.544983,184.850006,32.910004,56.300003
403.544983,184.850006,32.910004,56.300003
403.544983,184.850006,32.910004,56.300003
390.544983,247.850006,32.910004,56.300003
390.544983,247.850006,32.910004,56.300003
386.544983,231.850006,32.910004,56.300003
386.544983,231.850006,32.910004,56.300003
386.544983,231.850006,32.910004,56.300003
386.544983,231.850006,32.910004,56.300003
386.544983,231.850006,32.910004,56.300003
386.544983,231.850006,32.910004,56.300003
386.544983,231.850006,32.910004,56.300003
386.544983,231.850006,32.910004,56.300003
386.544983,231.850006,32.910004,56.300003
