1
266.000000,118.129997,112.000000,80.739998
266.000000,118.129997,112.000000,80.739998
266.000000,118.129997,112.000000,80.739998
266.000000,118.129997,112.000000,80.739998
266.000000,118.129997,112.000000,80.739998
266.000000,118.129997,112.000000,80.739998
266.000000,118.129997,112.000000,80.739998
266.000000,118.129997,112.000000,80.739998
266.000000,118.129997,112.000000,80.739998
266.000000,118.129997,112.000000,80.739998
266.000000,118.129997,112.000000,80.739998
266.000000,118.129997,112.000000,80.739998
266.000000,118.129997,112.000000,80.739998
266.000000,118.129997,112.000000,80.739998
266.000000,118.129997,112.000000,80.739998
266.000000,118.129997,112.000000,80.739998
266.000000,118.129997,112.000000,80.739998
266.000000,118.129997,112.000000,80.739998
266.000000,118.129997,112.000000,80.739998
266.000000,118.129997,112.000000,80.739998
266.000000,118.129997,112.000000,80.739998
266.000000,118.129997,112.000000,80.739998
266.000000,118.129997,112.000000,80.739998
266.000000,118.129997,112.000000,80.739998
266.000000,118.129997,112.000000,80.739998
266.000000,118.129997,112.000000,80.739998
266.000000,118.129997,112.000000,80.739998
266.000000,118.129997,112.000000,80.739998
266.000000,118.129997,112.000000,80.739998
266.000000,118.129997,112.000000,80.739998
266.000000,118.129997,112.000000,80.739998
266.000000,118.129997,112.000000,80.739998
266.000000,118.129997,112.000000,80.739998
266.000000,118.129997,112.000000,80.739998
266.000000,118.129997,112.000000,80.739998
266.000000,118.129997,112.000000,80.739998
266.000000,118.129997,112.000000,80.739998
266.000000,118.129997,112.000000,80.739998
266.000000,118.129997,112.000000,80.739998
266.000000,118.129997,112.000000,80.739998
266.000000,118.129997,112.000000,80.739998
266.000000,118.129997,112.000000,80.739998
266.000000,118.129997,112.000000,80.739998
266.000000,118.129997,112.000000,80.739998
266.000000,118.129997,112.000000,80.739998
266.000000,118.129997,112.000000,80.739998
266.000000,118.129997,112.000000,80.739998
266.000000,118.129997,112.000000,80.739998
266.000000,118.129997,112.000000,80.739998
266.000000,118.129997,112.000000,80.739998
266.000000,118.129997,112.000000,80.739998
266.000000,118.129997,112.000000,80.739998
266.000000,118.129997,112.000000,80.739998
266.000000,118.129997,112.000000,80.739998
266.000000,118.129997,112.000000,80.739998
266.000000,118.129997,112.000000,80.739998
266.000000,118.129997,112.000000,80.739998
266.000000,118.129997,112.000000,80.739998
266.000000,118.129997,112.000000,80.739998
266.000000,118.129997,112.000000,80.739998
266.000000,118.129997,112.000000,80.739998
266.000000,118.129997,112.000000,80.739998
266.000000,118.129997,112.000000,80.739998
266.000000,118.129997,112.000000,80.739998
266.000000,118.129997,112.000000,80.739998
266.000000,118.129997,112.000000,80.739998
266.000000,118.129997,112.000000,80.739998
266.000000,118.129997,112.000000,80.739998
266.000000,118.129997,112.000000,80.739998
266.000000,118.129997,112.000000,80.739998
266.000000,118.129997,112.000000,80.739998
266.000000,118.129997,112.000000,80.739998
266.000000,118.129997,112.000000,80.739998
266.000000,118.129997,112.000000,80.739998
266.000000,118.129997,112.000000,80.739998
266.000000,118.129997,112.000000,80.739998
266.000000,118.129997,112.000000,80.739998
266.000000,118.129997,112.000000,80.739998
266.000000,118.129997,112.000000,80.739998
266.000000,118.129997,112.000000,80.739998
266.000000,118.129997,112.000000,80.739998
266.000000,118.129997,112.000000,80.739998
266.000000,118.129997,112.000000,80.739998
266.000000,118.129997,112.000000,80.739998
266.000000,118.129997,112.000000,80.739998
266.000000,118.129997,112.000000,80.739998
266.000000,118.129997,112.000000,80.739998
266.000000,118.129997,112.000000,80.739998
266.000000,117.629997,112.000000,80.739998
266.000000,117.629997,112.000000,80.739998
266.000000,117.629997,112.000000,80.739998
266.000000,117.629997,112.000000,80.739998
266.000000,117.629997,112.000000,80.739998
266.000000,117.629997,112.000000,80.739998
266.000000,117.629997,112.000000,80.739998
266.000000,117.629997,112.000000,80.739998
266.000000,117.629997,112.000000,80.739998
266.000000,117.629997,112.000000,80.739998
266.000000,117.629997,112.000000,80.739998
266.000000,117.629997,112.000000,80.739998
266.000000,117.629997,112.000000,80.739998
266.000000,117.629997,112.000000,80.739998
266.000000,117.629997,112.000000,80.739998
266.000000,117.629997,112.000000,80.739998
266.000000,117.629997,112.000000,80.739998
266.000000,117.629997,112.000000,80.739998
266.000000,117.629997,112.000000,80.739998
266.000000,117.629997,112.000000,80.739998
266.000000,117.629997,112.000000,80.739998
266.000000,117.629997,112.000000,80.739998
266.000000,117.629997,112.000000,80.739998
266.000000,117.629997,112.000000,80.739998
266.000000,117.629997,112.000000,80.739998
266.000000,117.629997,112.000000,80.739998
266.000000,117.629997,112.000000,80.739998
266.000000,117.629997,112.000000,80.739998
266.000000,117.629997,112.000000,80.739998
266.000000,117.629997,112.000000,80.739998
266.000000,117.629997,112.000000,80.739998
266.000000,117.629997,112.000000,80.739998
266.000000,117.629997,112.000000,80.739998
266.000000,117.629997,112.000000,80.739998
266.000000,117.629997,112.000000,80.739998
266.000000,117.629997,112.000000,80.739998
266.000000,117.629997,112.000000,80.739998
266.000000,117.629997,112.000000,80.739998
266.000000,117.629997,112.000000,80.739998
266.000000,117.629997,112.000000,80.739998
266.000000,117.629997,112.000000,80.739998
266.000000,117.629997,112.000000,80.739998
266.000000,117.629997,112.000000,80.739998
266.000000,117.629997,112.000000,80.739998
266.000000,117.629997,112.000000,80.739998
266.000000,117.629997,112.000000,80.739998
266.000000,117.629997,112.000000,80.739998
266.000000,117.629997,112.000000,80.739998
266.000000,117.629997,112.000000,80.739998
266.000000,117.629997,112.000000,80.739998
266.000000,117.629997,112.000000,80.739998
266.000000,117.629997,112.000000,80.739998
266.000000,117.629997,112.000000,80.739998
266.000000,117.629997,112.000000,80.739998
266.000000,117.629997,112.000000,80.739998
266.000000,117.629997,112.000000,80.739998
266.000000,117.629997,112.000000,80.739998
266.000000,117.629997,112.000000,80.739998
266.000000,117.629997,112.000000,80.739998
266.000000,117.629997,112.000000,80.739998
266.000000,117.629997,112.000000,80.739998
266.000000,117.629997,112.000000,80.739998
266.000000,117.629997,112.000000,80.739998
266.000000,117.629997,112.000000,80.739998
266.000000,117.629997,112.000000,80.739998
266.000000,117.629997,112.000000,80.739998
266.000000,117.629997,112.000000,80.739998
266.000000,117.629997,112.000000,80.739998
266.000000,117.629997,112.000000,80.739998
266.000000,117.629997,112.000000,80.739998
266.000000,117.629997,112.000000,80.739998
266.000000,117.629997,112.000000,80.739998
266.000000,117.629997,112.000000,80.739998
266.000000,117.629997,112.000000,80.739998
266.000000,117.629997,112.000000,80.739998
266.000000,117.629997,112.000000,80.739998
266.000000,117.629997,112.000000,80.739998
266.000000,117.629997,112.000000,80.739998
266.000000,117.629997,112.000000,80.739998
266.000000,117.629997,112.000000,80.739998
266.000000,117.629997,112.000000,80.739998
266.000000,117.629997,112.000000,80.739998
266.000000,117.629997,112.000000,80.739998
266.000000,117.629997,112.000000,80.739998
266.000000,117.629997,112.000000,80.739998
266.000000,117.629997,112.000000,80.739998
266.000000,117.629997,112.000000,80.739998
266.000000,117.629997,112.000000,80.739998
266.000000,117.629997,112.000000,80.739998
266.000000,117.629997,112.000000,80.739998
266.000000,117.629997,112.000000,80.739998
266.000000,117.629997,112.000000,80.739998
266.000000,117.629997,112.000000,80.739998
266.000000,117.629997,112.000000,80.739998
266.000000,117.629997,112.000000,80.739998
266.000000,117.629997,112.000000,80.739998
266.000000,117.629997,112.000000,80.739998
266.000000,117.629997,112.000000,80.739998
266.000000,117.629997,112.000000,80.739998
266.000000,117.629997,112.000000,80.739998
2
0
0
0
0
1
394.000000,101.000000,70.000000,24.000000
394.000000,101.000000,70.000000,24.000000
394.000000,101.000000,70.000000,24.000000
394.000000,101.000000,70.000000,24.000000
394.000000,101.000000,70.000000,24.000000
394.000000,101.000000,70.000000,24.000000
394.000000,101.000000,70.000000,24.000000
394.000000,101.000000,70.000000,24.000000
394.000000,101.000000,70.000000,24.000000
394.000000,101.000000,70.000000,24.000000
394.000000,101.000000,70.000000,24.000000
394.000000,101.000000,70.000000,24.000000
394.000000,101.000000,70.000000,24.000000
394.000000,101.000000,70.000000,24.000000
394.000000,101.000000,70.000000,24.000000
394.000000,101.000000,70.000000,24.000000
394.000000,101.000000,70.000000,24.000000
394.000000,101.000000,70.000000,24.000000
394.000000,101.000000,70.000000,24.000000
394.000000,101.000000,70.000000,24.000000
394.000000,101.000000,70.000000,24.000000
394.000000,101.000000,70.000000,24.000000
394.000000,101.000000,70.000000,24.000000
394.000000,101.000000,70.000000,24.000000
394.000000,101.000000,70.000000,24.000000
394.000000,101.000000,70.000000,24.000000
394.000000,101.000000,70.000000,24.000000
394.000000,101.000000,70.000000,24.000000
394.000000,101.000000,70.000000,24.000000
394.000000,101.000000,70.000000,24.000000
394.000000,101.000000,70.000000,24.000000
394.000000,101.000000,70.000000,24.000000
394.000000,101.000000,70.000000,24.000000
394.000000,101.000000,70.000000,24.000000
394.000000,101.000000,70.000000,24.000000
394.000000,101.000000,70.000000,24.000000
394.000000,101.000000,70.000000,24.000000
394.000000,101.000000,70.000000,24.000000
394.000000,101.000000,70.000000,24.000000
394.000000,101.000000,70.000000,24.000000
394.000000,101.000000,70.000000,24.000000
394.000000,101.000000,70.000000,24.000000
394.000000,101.000000,70.000000,24.000000
394.000000,101.000000,70.000000,24.000000
394.000000,101.000000,70.000000,24.000000
394.000000,101.000000,70.000000,24.000000
2
0
0
0
0
1
454.250000,131.929993,36.170013,52.140015
454.250000,131.929993,36.170013,52.140015
447.915009,149.929993,36.170013,52.140015
447.915009,149.929993,36.170013,52.140015
447.915009,149.929993,36.170013,52.140015
447.915009,149.929993,36.170013,52.140015
447.915009,149.929993,36.170013,52.140015
447.915009,149.929993,36.170013,52.140015
447.915009,149.929993,36.170013,52.140015
447.915009,149.929993,36.170013,52.140015
447.915009,149.929993,36.170013,52.140015
430.915009,145.929993,36.170013,52.140015
430.915009,145.929993,36.170013,52.140015
430.915009,145.929993,36.170013,52.140015
430.915009,145.929993,36.170013,52.140015
430.915009,145.929993,36.170013,52.140015
430.915009,145.929993,36.170013,52.140015
430.915009,145.929993,36.170013,52.140015
430.915009,145.929993,36.170013,52.140015
430.915009,145.929993,36.170013,52.140015
430.915009,145.929993,36.170013,52.140015
430.915009,145.929993,36.170013,52.140015
430.915009,145.929993,36.170013,52.140015
430.915009,145.929993,36.170013,52.140015
430.915009,145.929993,36.170013,52.140015
430.915009,145.929993,36.170013,52.140015
430.915009,145.929993,36.170013,52.140015
430.915009,145.929993,36.170013,52.140015
429.915009,178.929993,36.170013,52.140015
429.915009,178.929993,36.170013,52.140015
429.915009,178.929993,36.170013,52.140015
429.915009,178.929993,36.170013,52.140015
417.915009,194.929993,36.170013,52.140015
417.915009,194.929993,36.170013,52.140015
417.915009,194.929993,36.170013,52.140015
417.915009,194.929993,36.170013,52.140015
417.915009,194.929993,36.170013,52.140015
407.915009,164.929993,36.170013,52.140015
407.915009,164.929993,36.170013,52.140015
407.915009,164.929993,36.170013,52.140015
407.915009,164.929993,36.170013,52.140015
407.915009,164.929993,36.170013,52.140015
407.915009,164.929993,36.170013,52.140015
394.915009,183.929993,36.170013,52.140015
394.915009,183.929993,36.170013,52.140015
394.915009,183.929993,36.170013,52.140015
394.915009,183.929993,36.170013,52.140015
394.915009,183.929993,36.170013,52.140015
394.915009,183.929993,36.170013,52.140015
394.915009,183.929993,36.170013,52.140015
394.915009,183.929993,36.170013,52.140015
394.915009,183.929993,36.170013,52.140015
394.915009,183.929993,36.170013,52.140015
394.915009,183.929993,36.170013,52.140015
394.915009,183.929993,36.170013,52.140015
394.915009,183.929993,36.170013,52.140015
394.915009,183.929993,36.170013,52.140015
394.915009,183.929993,36.170013,52.140015
394.915009,183.929993,36.170013,52.140015
394.915009,183.929993,36.170013,52.140015
394.915009,183.929993,36.170013,52.140015
394.915009,183.929993,36.170013,52.140015
394.915009,183.929993,36.170013,52.140015
