1
266.000000,118.129997,112.000000,80.739998
266.000000,118.129997,112.000000,80.739998
266.000000,118.129997,112.000000,80.739998
266.000000,118.129997,112.000000,80.739998
266.000000,118.129997,112.000000,80.739998
266.000000,118.129997,112.000000,80.739998
266.000000,118.129997,112.000000,80.739998
266.000000,118.129997,112.000000,80.739998
266.000000,118.129997,112.000000,80.739998
266.000000,118.129997,112.000000,80.739998
266.000000,118.129997,112.000000,80.739998
266.000000,118.129997,112.000000,80.739998
266.000000,118.129997,112.000000,80.739998
266.000000,118.129997,112.000000,80.739998
266.000000,118.129997,112.000000,80.739998
266.000000,118.129997,112.000000,80.739998
266.000000,118.129997,112.000000,80.739998
266.000000,118.129997,112.000000,80.739998
266.000000,118.129997,112.000000,80.739998
266.000000,118.129997,112.000000,80.739998
266.000000,118.129997,112.000000,80.739998
266.000000,118.129997,112.000000,80.739998
266.000000,118.129997,112.000000,80.739998
266.000000,118.129997,112.000000,80.739998
266.000000,118.129997,112.000000,80.739998
266.000000,118.129997,112.000000,80.739998
266.000000,118.129997,112.000000,80.739998
266.000000,118.129997,112.000000,80.739998
266.000000,118.129997,112.000000,80.739998
266.000000,118.129997,112.000000,80.739998
266.000000,118.129997,112.000000,80.739998
266.000000,118.129997,112.000000,80.739998
266.000000,118.129997,112.000000,80.739998
266.000000,118.129997,112.000000,80.739998
266.000000,118.129997,112.000000,80.739998
266.000000,118.129997,112.000000,80.739998
266.000000,118.129997,112.000000,80.739998
266.000000,118.129997,112.000000,80.739998
266.000000,118.129997,112.000000,80.739998
266.000000,118.129997,112.000000,80.739998
266.000000,118.129997,112.000000,80.739998
266.000000,118.129997,112.000000,80.739998
266.000000,118.129997,112.000000,80.739998
266.000000,118.129997,112.000000,80.739998
266.000000,118.129997,112.000000,80.739998
266.000000,118.129997,112.000000,80.739998
266.000000,118.129997,112.000000,80.739998
266.000000,118.129997,112.000000,80.739998
266.000000,118.129997,112.000000,80.739998
266.000000,118.129997,112.000000,80.739998
266.000000,118.129997,112.000000,80.739998
266.000000,118.129997,112.000000,80.739998
266.000000,118.129997,112.000000,80.739998
266.000000,118.129997,112.000000,80.739998
266.000000,118.129997,112.000000,80.739998
266.000000,118.129997,112.000000,80.739998
266.000000,118.129997,112.000000,80.739998
266.000000,118.129997,112.000000,80.739998
266.000000,118.129997,112.000000,80.739998
266.000000,118.129997,112.000000,80.739998
266.000000,118.129997,112.000000,80.739998
266.000000,118.129997,112.000000,80.739998
266.000000,118.129997,112.000000,80.739998
266.000000,118.129997,112.000000,80.739998
266.000000,118.129997,112.000000,80.739998
266.000000,118.129997,112.000000,80.739998
266.000000,118.129997,112.000000,80.739998
266.000000,118.129997,112.000000,80.739998
266.000000,118.129997,112.000000,80.739998
266.000000,118.129997,112.000000,80.739998
266.000000,118.129997,112.000000,80.739998
266.000000,118.129997,112.000000,80.739998
266.000000,118.129997,112.000000,80.739998
266.000000,118.129997,112.000000,80.739998
266.000000,118.129997,112.000000,80.739998
266.000000,118.129997,112.000000,80.739998
266.000000,118.129997,112.000000,80.739998
266.000000,118.129997,112.000000,80.739998
266.000000,118.129997,112.000000,80.739998
266.000000,118.129997,112.000000,80.739998
266.000000,118.129997,112.000000,80.739998
266.000000,118.129997,112.000000,80.739998
266.000000,118.129997,112.000000,80.739998
266.000000,118.129997,112.000000,80.739998
266.000000,118.129997,112.000000,80.739998
266.000000,118.129997,112.000000,80.739998
266.000000,118.129997,112.000000,80.739998
266.000000,118.129997,112.000000,80.739998
266.000000,117.629997,112.000000,80.739998
266.000000,117.629997,112.000000,80.739998
266.000000,117.629997,112.000000,80.739998
266.000000,117.629997,112.000000,80.739998
266.000000,117.629997,112.000000,80.739998
266.000000,117.629997,112.000000,80.739998
266.000000,117.629997,112.000000,80.739998
266.000000,117.629997,112.000000,80.739998
266.000000,117.629997,112.000000,80.739998
266.000000,117.629997,112.000000,80.739998
266.000000,117.629997,112.000000,80.739998
266.000000,117.629997,112.000000,80.739998
266.000000,117.629997,112.000000,80.739998
266.000000,117.629997,112.000000,80.739998
266.000000,117.629997,112.000000,80.739998
266.000000,117.629997,112.000000,80.739998
266.000000,117.629997,112.000000,80.739998
266.000000,117.629997,112.000000,80.739998
266.000000,117.629997,112.000000,80.739998
266.000000,117.629997,112.000000,80.739998
266.000000,117.629997,112.000000,80.739998
266.000000,117.629997,112.000000,80.739998
266.000000,117.629997,112.000000,80.739998
266.000000,117.629997,112.000000,80.739998
266.000000,117.629997,112.000000,80.739998
266.000000,117.629997,112.000000,80.739998
266.000000,117.629997,112.000000,80.739998
266.000000,117.629997,112.000000,80.739998
266.000000,117.629997,112.000000,80.739998
266.000000,117.629997,112.000000,80.739998
266.000000,117.629997,112.000000,80.739998
266.000000,117.629997,112.000000,80.739998
266.000000,117.629997,112.000000,80.739998
266.000000,117.629997,112.000000,80.739998
266.000000,117.629997,112.000000,80.739998
266.000000,117.629997,112.000000,80.739998
266.000000,117.629997,112.000000,80.739998
266.000000,117.629997,112.000000,80.739998
266.000000,117.629997,112.000000,80.739998
266.000000,117.629997,112.000000,80.739998
266.000000,117.629997,112.000000,80.739998
266.000000,117.629997,112.000000,80.739998
266.000000,117.629997,112.000000,80.739998
266.000000,117.629997,112.000000,80.739998
266.000000,117.629997,112.000000,80.739998
266.000000,117.629997,112.000000,80.739998
266.000000,117.629997,112.000000,80.739998
266.000000,117.629997,112.000000,80.739998
266.000000,117.629997,112.000000,80.739998
266.000000,117.629997,112.000000,80.739998
266.000000,117.629997,112.000000,80.739998
266.000000,117.629997,112.000000,80.739998
266.000000,117.629997,112.000000,80.739998
266.000000,117.629997,112.000000,80.739998
266.000000,117.629997,112.000000,80.739998
266.000000,117.629997,112.000000,80.739998
266.000000,117.629997,112.000000,80.739998
266.000000,117.629997,112.000000,80.739998
266.000000,117.629997,112.000000,80.739998
266.000000,117.629997,112.000000,80.739998
266.000000,117.629997,112.000000,80.739998
266.000000,117.629997,112.000000,80.739998
266.000000,117.629997,112.000000,80.739998
266.000000,117.629997,112.000000,80.739998
266.000000,117.629997,112.000000,80.739998
266.000000,117.629997,112.000000,80.739998
266.000000,117.629997,112.000000,80.739998
266.000000,117.629997,112.000000,80.739998
266.000000,117.629997,112.000000,80.739998
266.000000,117.629997,112.000000,80.739998
266.000000,117.629997,112.000000,80.739998
266.000000,117.629997,112.000000,80.739998
266.000000,117.629997,112.000000,80.739998
266.000000,117.629997,112.000000,80.739998
266.000000,117.629997,112.000000,80.739998
266.000000,117.629997,112.000000,80.739998
266.000000,117.629997,112.000000,80.739998
266.000000,117.629997,112.000000,80.739998
266.000000,117.629997,112.000000,80.739998
266.000000,117.629997,112.000000,80.739998
266.000000,117.629997,112.000000,80.739998
266.000000,117.629997,112.000000,80.739998
266.000000,117.629997,112.000000,80.739998
266.000000,117.629997,112.000000,80.739998
266.000000,117.629997,112.000000,80.739998
266.000000,117.629997,112.000000,80.739998
266.000000,117.629997,112.000000,80.739998
266.000000,117.629997,112.000000,80.739998
266.000000,117.629997,112.000000,80.739998
266.000000,117.629997,112.000000,80.739998
266.000000,117.629997,112.000000,80.739998
266.000000,117.629997,112.000000,80.739998
266.000000,117.629997,112.000000,80.739998
266.000000,117.629997,112.000000,80.739998
266.000000,117.629997,112.000000,80.739998
266.000000,117.629997,112.000000,80.739998
266.000000,117.629997,112.000000,80.739998
266.000000,117.629997,112.000000,80.739998
266.000000,117.629997,112.000000,80.739998
266.000000,117.629997,112.000000,80.739998
2
0
0
0
0
1
394.000000,101.000000,70.000000,24.000000
394.000000,101.000000,70.000000,24.000000
394.000000,101.000000,70.000000,24.000000
394.000000,101.000000,70.000000,24.000000
394.000000,101.000000,70.000000,24.000000
394.000000,101.000000,70.000000,24.000000
394.000000,101.000000,70.000000,24.000000
394.000000,101.000000,70.000000,24.000000
394.000000,101.000000,70.000000,24.000000
394.000000,101.000000,70.000000,24.000000
394.000000,101.000000,70.000000,24.000000
394.000000,101.000000,70.000000,24.000000
394.000000,101.000000,70.000000,24.000000
394.000000,101.000000,70.000000,24.000000
394.000000,101.000000,70.000000,24.000000
394.000000,101.000000,70.000000,24.000000
394.000000,101.000000,70.000000,24.000000
394.000000,101.000000,70.000000,24.000000
394.000000,101.000000,70.000000,24.000000
394.000000,101.000000,70.000000,24.000000
399.000000,111.000000,70.000000,24.000000
399.000000,111.000000,70.000000,24.000000
399.000000,111.000000,70.000000,24.000000
399.000000,111.000000,70.000000,24.000000
399.000000,111.000000,70.000000,24.000000
399.000000,111.000000,70.000000,24.000000
399.000000,111.000000,70.000000,24.000000
399.000000,111.000000,70.000000,24.000000
399.000000,111.000000,70.000000,24.000000
399.000000,111.000000,70.000000,24.000000
399.000000,111.000000,70.000000,24.000000
399.000000,111.000000,70.000000,24.000000
399.000000,111.000000,70.000000,24.000000
399.000000,111.000000,70.000000,24.000000
399.000000,111.000000,70.000000,24.000000
399.000000,111.000000,70.000000,24.000000
424.000000,124.000000,70.000000,24.000000
424.000000,124.000000,70.000000,24.000000
424.000000,124.000000,70.000000,24.000000
424.000000,124.000000,70.000000,24.000000
424.000000,124.000000,70.000000,24.000000
424.000000,124.000000,70.000000,24.000000
424.000000,124.000000,70.000000,24.000000
424.000000,124.000000,70.000000,24.000000
424.000000,124.000000,70.000000,24.000000
424.000000,124.000000,70.000000,24.000000
424.000000,124.000000,70.000000,24.000000
424.000000,124.000000,70.000000,24.000000
424.000000,124.000000,70.000000,24.000000
424.000000,124.000000,70.000000,24.000000
424.000000,124.000000,70.000000,24.000000
424.000000,124.000000,70.000000,24.000000
424.000000,124.000000,70.000000,24.000000
424.000000,124.000000,70.000000,24.000000
424.000000,124.000000,70.000000,24.000000
424.000000,124.000000,70.000000,24.000000
2
0
0
0
0
1
439.350006,151.149994,34.970001,58.840012
439.350006,151.149994,34.970001,58.840012
439.350006,151.149994,34.970001,58.840012
439.350006,151.149994,34.970001,58.840012
439.350006,151.149994,34.970001,58.840012
439.350006,151.149994,34.970001,58.840012
439.350006,151.149994,34.970001,58.840012
439.350006,151.149994,34.970001,58.840012
438.515015,150.579987,34.970001,58.840012
438.515015,150.579987,34.970001,58.840012
438.515015,150.579987,34.970001,58.840012
438.515015,150.579987,34.970001,58.840012
438.515015,150.579987,34.970001,58.840012
438.515015,150.579987,34.970001,58.840012
438.515015,150.579987,34.970001,58.840012
438.515015,150.579987,34.970001,58.840012
438.515015,150.579987,34.970001,58.840012
438.515015,150.579987,34.970001,58.840012
418.515015,150.579987,34.970001,58.840012
418.515015,150.579987,34.970001,58.840012
418.515015,150.579987,34.970001,58.840012
418.515015,150.579987,34.970001,58.840012
418.515015,150.579987,34.970001,58.840012
418.515015,150.579987,34.970001,58.840012
418.515015,150.579987,34.970001,58.840012
407.515015,160.579987,34.970001,58.840012
407.515015,160.579987,34.970001,58.840012
407.515015,160.579987,34.970001,58.840012
407.515015,160.579987,34.970001,58.840012
407.515015,160.579987,34.970001,58.840012
407.515015,160.579987,34.970001,58.840012
407.515015,160.579987,34.970001,58.840012
407.515015,160.579987,34.970001,58.840012
407.515015,160.579987,34.970001,58.840012
407.515015,160.579987,34.970001,58.840012
407.515015,160.579987,34.970001,58.840012
407.515015,160.579987,34.970001,58.840012
407.515015,160.579987,34.970001,58.840012
407.515015,160.579987,34.970001,58.840012
407.515015,160.579987,34.970001,58.840012
407.515015,160.579987,34.970001,58.840012
407.515015,160.579987,34.970001,58.840012
407.515015,160.579987,34.970001,58.840012
407.515015,160.579987,34.970001,58.840012
407.515015,160.579987,34.970001,58.840012
407.515015,160.579987,34.970001,58.840012
407.515015,160.579987,34.970001,58.840012
407.515015,160.579987,34.970001,58.840012
407.515015,160.579987,34.970001,58.840012
407.515015,160.579987,34.970001,58.840012
382.515015,205.579987,34.970001,58.840012
382.515015,205.579987,34.970001,58.840012
382.515015,205.579987,34.970001,58.840012
