1
151.479996,90.739998,20.169998,52.220009
151.479996,90.739998,20.169998,52.220009
151.479996,90.739998,20.169998,52.220009
151.479996,90.739998,20.169998,52.220009
151.479996,90.739998,20.169998,52.220009
151.479996,90.739998,20.169998,52.220009
151.479996,90.739998,20.169998,52.220009
151.479996,90.739998,20.169998,52.220009
151.479996,90.739998,20.169998,52.220009
142.915009,87.889992,20.169998,52.220009
142.915009,87.889992,20.169998,52.220009
152.915009,76.889992,20.169998,52.220009
152.915009,76.889992,20.169998,52.220009
152.915009,76.889992,20.169998,52.220009
152.915009,76.889992,20.169998,52.220009
152.915009,76.889992,20.169998,52.220009
152.915009,76.889992,20.169998,52.220009
138.915009,81.889992,20.169998,52.220009
138.915009,81.889992,20.169998,52.220009
130.915009,81.889992,20.169998,52.220009
130.915009,81.889992,20.169998,52.220009
130.915009,81.889992,20.169998,52.220009
130.915009,81.889992,20.169998,52.220009
130.915009,81.889992,20.169998,52.220009
130.915009,81.889992,20.169998,52.220009
130.915009,81.889992,20.169998,52.220009
130.915009,81.889992,20.169998,52.220009
130.915009,81.889992,20.169998,52.220009
138.915009,81.889992,20.169998,52.220009
138.915009,81.889992,20.169998,52.220009
138.915009,81.889992,20.169998,52.220009
143.915009,79.889992,20.169998,52.220009
143.915009,79.889992,20.169998,52.220009
143.915009,79.889992,20.169998,52.220009
150.915009,77.889992,20.169998,52.220009
150.915009,77.889992,20.169998,52.220009
150.915009,77.889992,20.169998,52.220009
139.915009,82.889992,20.169998,52.220009
139.915009,82.889992,20.169998,52.220009
139.915009,82.889992,20.169998,52.220009
147.915009,77.889992,20.169998,52.220009
147.915009,77.889992,20.169998,52.220009
147.915009,77.889992,20.169998,52.220009
147.915009,77.889992,20.169998,52.220009
147.915009,77.889992,20.169998,52.220009
147.915009,77.889992,20.169998,52.220009
147.915009,77.889992,20.169998,52.220009
147.915009,77.889992,20.169998,52.220009
147.915009,77.889992,20.169998,52.220009
147.915009,77.889992,20.169998,52.220009
155.915009,79.889992,20.169998,52.220009
155.915009,79.889992,20.169998,52.220009
155.915009,79.889992,20.169998,52.220009
155.915009,79.889992,20.169998,52.220009
155.915009,79.889992,20.169998,52.220009
155.915009,79.889992,20.169998,52.220009
155.915009,79.889992,20.169998,52.220009
155.915009,79.889992,20.169998,52.220009
140.915009,90.889992,20.169998,52.220009
140.915009,90.889992,20.169998,52.220009
140.915009,90.889992,20.169998,52.220009
124.915001,88.889992,20.169998,52.220009
124.915001,88.889992,20.169998,52.220009
124.915001,88.889992,20.169998,52.220009
124.915001,88.889992,20.169998,52.220009
124.915001,88.889992,20.169998,52.220009
124.915001,88.889992,20.169998,52.220009
130.915009,78.889992,20.169998,52.220009
136.915009,90.889992,20.169998,52.220009
136.915009,90.889992,20.169998,52.220009
141.915009,90.889992,20.169998,52.220009
146.915009,95.889992,20.169998,52.220009
146.915009,95.889992,20.169998,52.220009
2
0
0
0
0
1
172.940002,75.580002,34.800003,79.860001
172.940002,75.580002,34.800003,79.860001
172.940002,75.580002,34.800003,79.860001
172.940002,75.580002,34.800003,79.860001
172.940002,75.580002,34.800003,79.860001
172.940002,75.580002,34.800003,79.860001
172.940002,75.580002,34.800003,79.860001
172.940002,75.580002,34.800003,79.860001
172.940002,75.580002,34.800003,79.860001
186.600006,57.070000,34.800003,79.860001
186.600006,57.070000,34.800003,79.860001
186.600006,57.070000,34.800003,79.860001
186.600006,57.070000,34.800003,79.860001
186.600006,57.070000,34.800003,79.860001
186.600006,57.070000,34.800003,79.860001
186.600006,57.070000,34.800003,79.860001
186.600006,57.070000,34.800003,79.860001
177.600006,54.070000,34.800003,79.860001
177.600006,54.070000,34.800003,79.860001
177.600006,54.070000,34.800003,79.860001
177.600006,54.070000,34.800003,79.860001
177.600006,54.070000,34.800003,79.860001
177.600006,54.070000,34.800003,79.860001
177.600006,54.070000,34.800003,79.860001
177.600006,54.070000,34.800003,79.860001
177.600006,54.070000,34.800003,79.860001
177.600006,54.070000,34.800003,79.860001
177.600006,54.070000,34.800003,79.860001
177.600006,54.070000,34.800003,79.860001
177.600006,54.070000,34.800003,79.860001
159.600006,50.070000,34.800003,79.860001
159.600006,50.070000,34.800003,79.860001
159.600006,50.070000,34.800003,79.860001
159.600006,50.070000,34.800003,79.860001
159.600006,50.070000,34.800003,79.860001
159.600006,50.070000,34.800003,79.860001
159.600006,50.070000,34.800003,79.860001
159.600006,50.070000,34.800003,79.860001
144.600006,70.070000,34.800003,79.860001
144.600006,70.070000,34.800003,79.860001
144.600006,70.070000,34.800003,79.860001
144.600006,70.070000,34.800003,79.860001
144.600006,70.070000,34.800003,79.860001
130.600006,62.070000,34.800003,79.860001
130.600006,62.070000,34.800003,79.860001
130.600006,62.070000,34.800003,79.860001
130.600006,62.070000,34.800003,79.860001
130.600006,62.070000,34.800003,79.860001
145.600006,77.070000,34.800003,79.860001
145.600006,77.070000,34.800003,79.860001
145.600006,77.070000,34.800003,79.860001
145.600006,77.070000,34.800003,79.860001
2
0
0
0
0
1
196.460007,62.750000,26.619995,70.699997
196.460007,62.750000,26.619995,70.699997
196.460007,62.750000,26.619995,70.699997
196.460007,62.750000,26.619995,70.699997
186.690002,65.650002,26.619995,70.699997
186.690002,65.650002,26.619995,70.699997
172.690002,61.650002,26.619995,70.699997
172.690002,61.650002,26.619995,70.699997
156.690002,71.650002,26.619995,70.699997
156.690002,71.650002,26.619995,70.699997
156.690002,71.650002,26.619995,70.699997
147.690002,86.650002,26.619995,70.699997
147.690002,86.650002,26.619995,70.699997
147.690002,86.650002,26.619995,70.699997
147.690002,86.650002,26.619995,70.699997
147.690002,86.650002,26.619995,70.699997
147.690002,86.650002,26.619995,70.699997
147.690002,86.650002,26.619995,70.699997
147.690002,86.650002,26.619995,70.699997
147.690002,86.650002,26.619995,70.699997
147.690002,86.650002,26.619995,70.699997
147.690002,86.650002,26.619995,70.699997
147.690002,86.650002,26.619995,70.699997
147.690002,86.650002,26.619995,70.699997
147.690002,86.650002,26.619995,70.699997
147.690002,86.650002,26.619995,70.699997
147.690002,86.650002,26.619995,70.699997
147.690002,86.650002,26.619995,70.699997
147.690002,86.650002,26.619995,70.699997
147.690002,86.650002,26.619995,70.699997
147.690002,86.650002,26.619995,70.699997
147.690002,86.650002,26.619995,70.699997
147.690002,86.650002,26.619995,70.699997
147.690002,86.650002,26.619995,70.699997
147.690002,86.650002,26.619995,70.699997
147.690002,86.650002,26.619995,70.699997
147.690002,86.650002,26.619995,70.699997
147.690002,86.650002,26.619995,70.699997
147.690002,86.650002,26.619995,70.699997
147.690002,86.650002,26.619995,70.699997
2
0
0
0
0
1
112.470001,88.550003,21.750000,52.309998
112.470001,88.550003,21.750000,52.309998
112.470001,88.550003,21.750000,52.309998
112.470001,88.550003,21.750000,52.309998
112.470001,88.550003,21.750000,52.309998
112.470001,88.550003,21.750000,52.309998
2
0
0
0
0
1
137.210007,84.150002,22.759995,52.290001
137.210007,84.150002,22.759995,52.290001
137.210007,84.150002,22.759995,52.290001
137.210007,84.150002,22.759995,52.290001
137.210007,84.150002,22.759995,52.290001
137.210007,84.150002,22.759995,52.290001
137.210007,84.150002,22.759995,52.290001
137.210007,84.150002,22.759995,52.290001
137.210007,84.150002,22.759995,52.290001
137.210007,84.150002,22.759995,52.290001
137.210007,84.150002,22.759995,52.290001
137.210007,84.150002,22.759995,52.290001
137.210007,84.150002,22.759995,52.290001
137.210007,84.150002,22.759995,52.290001
137.210007,84.150002,22.759995,52.290001
137.210007,84.150002,22.759995,52.290001
137.210007,84.150002,22.759995,52.290001
137.210007,84.150002,22.759995,52.290001
137.210007,84.150002,22.759995,52.290001
137.210007,84.150002,22.759995,52.290001
137.210007,84.150002,22.759995,52.290001
137.210007,84.150002,22.759995,52.290001
137.210007,84.150002,22.759995,52.290001
137.210007,84.150002,22.759995,52.290001
137.210007,84.150002,22.759995,52.290001
123.620003,88.854996,22.759995,52.290001
123.620003,88.854996,22.759995,52.290001
123.620003,88.854996,22.759995,52.290001
123.620003,88.854996,22.759995,52.290001
2
0
0
0
0
1
155.360001,88.610001,15.509995,32.849998
155.360001,88.610001,15.509995,32.849998
155.360001,88.610001,15.509995,32.849998
155.360001,88.610001,15.509995,32.849998
155.360001,88.610001,15.509995,32.849998
155.360001,88.610001,15.509995,32.849998
155.360001,88.610001,15.509995,32.849998
155.360001,88.610001,15.509995,32.849998
155.360001,88.610001,15.509995,32.849998
155.360001,88.610001,15.509995,32.849998
162.244995,88.575005,15.509995,32.849998
162.244995,88.575005,15.509995,32.849998
162.244995,88.575005,15.509995,32.849998
168.244995,91.575005,15.509995,32.849998
168.244995,91.575005,15.509995,32.849998
168.244995,91.575005,15.509995,32.849998
168.244995,91.575005,15.509995,32.849998
177.244995,80.575005,15.509995,32.849998
177.244995,80.575005,15.509995,32.849998
177.244995,80.575005,15.509995,32.849998
177.244995,80.575005,15.509995,32.849998
177.244995,80.575005,15.509995,32.849998
177.244995,80.575005,15.509995,32.849998
177.244995,80.575005,15.509995,32.849998
177.244995,80.575005,15.509995,32.849998
177.244995,80.575005,15.509995,32.849998
176.244995,98.575005,15.509995,32.849998
176.244995,98.575005,15.509995,32.849998
176.244995,98.575005,15.509995,32.849998
176.244995,98.575005,15.509995,32.849998
176.244995,98.575005,15.509995,32.849998
176.244995,98.575005,15.509995,32.849998
176.244995,98.575005,15.509995,32.849998
176.244995,98.575005,15.509995,32.849998
176.244995,98.575005,15.509995,32.849998
176.244995,98.575005,15.509995,32.849998
176.244995,98.575005,15.509995,32.849998
176.244995,98.575005,15.509995,32.849998
176.244995,98.575005,15.509995,32.849998
176.244995,98.575005,15.509995,32.849998
