1
150.000000,56.000000,82.000000,96.000000
150.000000,56.000000,82.000000,96.000000
150.000000,56.000000,82.000000,96.000000
150.000000,56.000000,82.000000,96.000000
150.000000,56.000000,82.000000,96.000000
150.000000,56.000000,82.000000,96.000000
150.000000,56.000000,82.000000,96.000000
150.000000,56.000000,82.000000,96.000000
150.000000,56.000000,82.000000,96.000000
150.000000,56.000000,82.000000,96.000000
150.000000,56.000000,82.000000,96.000000
129.000000,35.000000,82.000000,96.000000
129.000000,35.000000,82.000000,96.000000
129.000000,35.000000,82.000000,96.000000
129.000000,35.000000,82.000000,96.000000
129.000000,35.000000,82.000000,96.000000
129.000000,35.000000,82.000000,96.000000
129.000000,35.000000,82.000000,96.000000
129.000000,35.000000,82.000000,96.000000
129.000000,35.000000,82.000000,96.000000
129.000000,35.000000,82.000000,96.000000
129.000000,35.000000,82.000000,96.000000
129.000000,35.000000,82.000000,96.000000
129.000000,35.000000,82.000000,96.000000
129.000000,35.000000,82.000000,96.000000
129.000000,35.000000,82.000000,96.000000
129.000000,35.000000,82.000000,96.000000
129.000000,35.000000,82.000000,96.000000
129.000000,35.000000,82.000000,96.000000
129.000000,35.000000,82.000000,96.000000
129.000000,35.000000,82.000000,96.000000
129.000000,35.000000,82.000000,96.000000
129.000000,35.000000,82.000000,96.000000
129.000000,35.000000,82.000000,96.000000
129.000000,35.000000,82.000000,96.000000
129.000000,35.000000,82.000000,96.000000
129.000000,35.000000,82.000000,96.000000
129.000000,35.000000,82.000000,96.000000
129.000000,35.000000,82.000000,96.000000
129.000000,35.000000,82.000000,96.000000
129.000000,35.000000,82.000000,96.000000
129.000000,35.000000,82.000000,96.000000
129.000000,35.000000,82.000000,96.000000
129.000000,35.000000,82.000000,96.000000
129.000000,35.000000,82.000000,96.000000
129.000000,35.000000,82.000000,96.000000
129.000000,35.000000,82.000000,96.000000
129.000000,35.000000,82.000000,96.000000
129.000000,35.000000,82.000000,96.000000
129.000000,35.000000,82.000000,96.000000
129.000000,35.000000,82.000000,96.000000
129.000000,35.000000,82.000000,96.000000
129.000000,35.000000,82.000000,96.000000
129.000000,35.000000,82.000000,96.000000
129.000000,35.000000,82.000000,96.000000
129.000000,35.000000,82.000000,96.000000
129.000000,35.000000,82.000000,96.000000
129.000000,35.000000,82.000000,96.000000
129.000000,35.000000,82.000000,96.000000
129.000000,35.000000,82.000000,96.000000
129.000000,35.000000,82.000000,96.000000
129.000000,35.000000,82.000000,96.000000
129.000000,35.000000,82.000000,96.000000
129.000000,35.000000,82.000000,96.000000
163.000000,0.000000,82.000000,95.000000
163.000000,0.000000,82.000000,95.000000
163.000000,0.000000,82.000000,95.000000
163.000000,0.000000,82.000000,95.000000
155.000000,29.000000,82.000000,96.000000
155.000000,29.000000,82.000000,96.000000
155.000000,29.000000,82.000000,96.000000
155.000000,29.000000,82.000000,96.000000
155.000000,29.000000,82.000000,96.000000
155.000000,29.000000,82.000000,96.000000
155.000000,29.000000,82.000000,96.000000
155.000000,29.000000,82.000000,96.000000
155.000000,29.000000,82.000000,96.000000
155.000000,29.000000,82.000000,96.000000
155.000000,29.000000,82.000000,96.000000
155.000000,29.000000,82.000000,96.000000
155.000000,29.000000,82.000000,96.000000
155.000000,29.000000,82.000000,96.000000
127.000000,28.000000,82.000000,96.000000
127.000000,28.000000,82.000000,96.000000
127.000000,28.000000,82.000000,96.000000
127.000000,28.000000,82.000000,96.000000
127.000000,28.000000,82.000000,96.000000
127.000000,28.000000,82.000000,96.000000
127.000000,28.000000,82.000000,96.000000
127.000000,28.000000,82.000000,96.000000
127.000000,28.000000,82.000000,96.000000
127.000000,28.000000,82.000000,96.000000
127.000000,28.000000,82.000000,96.000000
127.000000,28.000000,82.000000,96.000000
127.000000,28.000000,82.000000,96.000000
127.000000,28.000000,82.000000,96.000000
127.000000,28.000000,82.000000,96.000000
127.000000,28.000000,82.000000,96.000000
127.000000,28.000000,82.000000,96.000000
127.000000,28.000000,82.000000,96.000000
127.000000,28.000000,82.000000,96.000000
127.000000,28.000000,82.000000,96.000000
127.000000,28.000000,82.000000,96.000000
127.000000,28.000000,82.000000,96.000000
127.000000,28.000000,82.000000,96.000000
127.000000,28.000000,82.000000,96.000000
127.000000,28.000000,82.000000,96.000000
127.000000,28.000000,82.000000,96.000000
127.000000,28.000000,82.000000,96.000000
127.000000,28.000000,82.000000,96.000000
127.000000,28.000000,82.000000,96.000000
127.000000,28.000000,82.000000,96.000000
127.000000,28.000000,82.000000,96.000000
127.000000,28.000000,82.000000,96.000000
127.000000,28.000000,82.000000,96.000000
127.000000,28.000000,82.000000,96.000000
127.000000,28.000000,82.000000,96.000000
127.000000,28.000000,82.000000,96.000000
127.000000,28.000000,82.000000,96.000000
127.000000,28.000000,82.000000,96.000000
127.000000,28.000000,82.000000,96.000000
127.000000,28.000000,82.000000,96.000000
127.000000,28.000000,82.000000,96.000000
127.000000,28.000000,82.000000,96.000000
127.000000,28.000000,82.000000,96.000000
127.000000,28.000000,82.000000,96.000000
127.000000,28.000000,82.000000,96.000000
127.000000,28.000000,82.000000,96.000000
170.000000,26.000000,82.000000,96.000000
170.000000,26.000000,82.000000,96.000000
170.000000,26.000000,82.000000,96.000000
170.000000,26.000000,82.000000,96.000000
170.000000,26.000000,82.000000,96.000000
170.000000,26.000000,82.000000,96.000000
170.000000,26.000000,82.000000,96.000000
170.000000,26.000000,82.000000,96.000000
170.000000,26.000000,82.000000,96.000000
170.000000,26.000000,82.000000,96.000000
143.000000,10.000000,82.000000,96.000000
143.000000,10.000000,82.000000,96.000000
143.000000,10.000000,82.000000,96.000000
143.000000,10.000000,82.000000,96.000000
143.000000,10.000000,82.000000,96.000000
143.000000,10.000000,82.000000,96.000000
143.000000,10.000000,82.000000,96.000000
143.000000,10.000000,82.000000,96.000000
143.000000,10.000000,82.000000,96.000000
143.000000,10.000000,82.000000,96.000000
143.000000,10.000000,82.000000,96.000000
143.000000,10.000000,82.000000,96.000000
143.000000,10.000000,82.000000,96.000000
143.000000,10.000000,82.000000,96.000000
143.000000,10.000000,82.000000,96.000000
143.000000,10.000000,82.000000,96.000000
143.000000,10.000000,82.000000,96.000000
143.000000,10.000000,82.000000,96.000000
143.000000,10.000000,82.000000,96.000000
143.000000,10.000000,82.000000,96.000000
143.000000,10.000000,82.000000,96.000000
143.000000,10.000000,82.000000,96.000000
143.000000,10.000000,82.000000,96.000000
143.000000,10.000000,82.000000,96.000000
143.000000,10.000000,82.000000,96.000000
143.000000,10.000000,82.000000,96.000000
143.000000,10.000000,82.000000,96.000000
143.000000,10.000000,82.000000,96.000000
143.000000,10.000000,82.000000,96.000000
143.000000,10.000000,82.000000,96.000000
143.000000,10.000000,82.000000,96.000000
143.000000,10.000000,82.000000,96.000000
143.000000,10.000000,82.000000,96.000000
143.000000,10.000000,82.000000,96.000000
143.000000,10.000000,82.000000,96.000000
143.000000,10.000000,82.000000,96.000000
143.000000,10.000000,82.000000,96.000000
143.000000,10.000000,82.000000,96.000000
143.000000,10.000000,82.000000,96.000000
143.000000,10.000000,82.000000,96.000000
143.000000,10.000000,82.000000,96.000000
143.000000,10.000000,82.000000,96.000000
143.000000,10.000000,82.000000,96.000000
143.000000,10.000000,82.000000,96.000000
143.000000,10.000000,82.000000,96.000000
143.000000,10.000000,82.000000,96.000000
143.000000,10.000000,82.000000,96.000000
143.000000,10.000000,82.000000,96.000000
143.000000,10.000000,82.000000,96.000000
113.000000,20.000000,82.000000,96.000000
113.000000,20.000000,82.000000,96.000000
113.000000,20.000000,82.000000,96.000000
113.000000,20.000000,82.000000,96.000000
113.000000,20.000000,82.000000,96.000000
113.000000,20.000000,82.000000,96.000000
113.000000,20.000000,82.000000,96.000000
113.000000,20.000000,82.000000,96.000000
113.000000,20.000000,82.000000,96.000000
113.000000,20.000000,82.000000,96.000000
113.000000,20.000000,82.000000,96.000000
113.000000,20.000000,82.000000,96.000000
113.000000,20.000000,82.000000,96.000000
113.000000,20.000000,82.000000,96.000000
113.000000,20.000000,82.000000,96.000000
113.000000,20.000000,82.000000,96.000000
141.000000,4.000000,82.000000,96.000000
141.000000,4.000000,82.000000,96.000000
141.000000,4.000000,82.000000,96.000000
141.000000,4.000000,82.000000,96.000000
141.000000,4.000000,82.000000,96.000000
141.000000,4.000000,82.000000,96.000000
141.000000,4.000000,82.000000,96.000000
141.000000,4.000000,82.000000,96.000000
141.000000,4.000000,82.000000,96.000000
141.000000,4.000000,82.000000,96.000000
141.000000,4.000000,82.000000,96.000000
141.000000,4.000000,82.000000,96.000000
141.000000,4.000000,82.000000,96.000000
141.000000,4.000000,82.000000,96.000000
141.000000,4.000000,82.000000,96.000000
141.000000,4.000000,82.000000,96.000000
141.000000,4.000000,82.000000,96.000000
141.000000,4.000000,82.000000,96.000000
141.000000,4.000000,82.000000,96.000000
141.000000,4.000000,82.000000,96.000000
141.000000,4.000000,82.000000,96.000000
141.000000,4.000000,82.000000,96.000000
141.000000,4.000000,82.000000,96.000000
141.000000,4.000000,82.000000,96.000000
141.000000,4.000000,82.000000,96.000000
141.000000,4.000000,82.000000,96.000000
141.000000,4.000000,82.000000,96.000000
172.000000,20.000000,82.000000,96.000000
172.000000,20.000000,82.000000,96.000000
172.000000,20.000000,82.000000,96.000000
172.000000,20.000000,82.000000,96.000000
172.000000,20.000000,82.000000,96.000000
172.000000,20.000000,82.000000,96.000000
172.000000,20.000000,82.000000,96.000000
172.000000,20.000000,82.000000,96.000000
172.000000,20.000000,82.000000,96.000000
172.000000,20.000000,82.000000,96.000000
172.000000,20.000000,82.000000,96.000000
172.000000,20.000000,82.000000,96.000000
172.000000,20.000000,82.000000,96.000000
172.000000,20.000000,82.000000,96.000000
172.000000,20.000000,82.000000,96.000000
172.000000,20.000000,82.000000,96.000000
172.000000,20.000000,82.000000,96.000000
172.000000,20.000000,82.000000,96.000000
172.000000,20.000000,82.000000,96.000000
172.000000,20.000000,82.000000,96.000000
172.000000,20.000000,82.000000,96.000000
172.000000,20.000000,82.000000,96.000000
142.000000,50.000000,82.000000,96.000000
142.000000,50.000000,82.000000,96.000000
142.000000,50.000000,82.000000,96.000000
151.000000,17.000000,82.000000,96.000000
151.000000,17.000000,82.000000,96.000000
151.000000,17.000000,82.000000,96.000000
151.000000,17.000000,82.000000,96.000000
151.000000,17.000000,82.000000,96.000000
151.000000,17.000000,82.000000,96.000000
151.000000,17.000000,82.000000,96.000000
151.000000,17.000000,82.000000,96.000000
151.000000,17.000000,82.000000,96.000000
151.000000,17.000000,82.000000,96.000000
151.000000,17.000000,82.000000,96.000000
151.000000,17.000000,82.000000,96.000000
151.000000,17.000000,82.000000,96.000000
151.000000,17.000000,82.000000,96.000000
151.000000,17.000000,82.000000,96.000000
151.000000,17.000000,82.000000,96.000000
151.000000,17.000000,82.000000,96.000000
151.000000,17.000000,82.000000,96.000000
151.000000,17.000000,82.000000,96.000000
151.000000,17.000000,82.000000,96.000000
151.000000,17.000000,82.000000,96.000000
151.000000,17.000000,82.000000,96.000000
151.000000,17.000000,82.000000,96.000000
151.000000,17.000000,82.000000,96.000000
117.000000,13.000000,82.000000,96.000000
117.000000,13.000000,82.000000,96.000000
117.000000,13.000000,82.000000,96.000000
117.000000,13.000000,82.000000,96.000000
117.000000,13.000000,82.000000,96.000000
117.000000,13.000000,82.000000,96.000000
117.000000,13.000000,82.000000,96.000000
117.000000,13.000000,82.000000,96.000000
117.000000,13.000000,82.000000,96.000000
117.000000,13.000000,82.000000,96.000000
117.000000,13.000000,82.000000,96.000000
117.000000,13.000000,82.000000,96.000000
117.000000,13.000000,82.000000,96.000000
117.000000,13.000000,82.000000,96.000000
117.000000,13.000000,82.000000,96.000000
117.000000,13.000000,82.000000,96.000000
117.000000,13.000000,82.000000,96.000000
117.000000,13.000000,82.000000,96.000000
117.000000,13.000000,82.000000,96.000000
117.000000,13.000000,82.000000,96.000000
117.000000,13.000000,82.000000,96.000000
117.000000,13.000000,82.000000,96.000000
87.000000,17.000000,82.000000,96.000000
87.000000,17.000000,82.000000,96.000000
87.000000,17.000000,82.000000,96.000000
68.000000,2.000000,82.000000,96.000000
68.000000,2.000000,82.000000,96.000000
68.000000,2.000000,82.000000,96.000000
68.000000,2.000000,82.000000,96.000000
68.000000,2.000000,82.000000,96.000000
68.000000,2.000000,82.000000,96.000000
68.000000,2.000000,82.000000,96.000000
26.000000,62.000000,82.000000,96.000000
26.000000,62.000000,82.000000,96.000000
26.000000,62.000000,82.000000,96.000000
16.000000,30.000000,82.000000,96.000000
16.000000,30.000000,82.000000,96.000000
16.000000,30.000000,82.000000,96.000000
16.000000,30.000000,82.000000,96.000000
16.000000,30.000000,82.000000,96.000000
16.000000,30.000000,82.000000,96.000000
16.000000,30.000000,82.000000,96.000000
16.000000,30.000000,82.000000,96.000000
16.000000,30.000000,82.000000,96.000000
16.000000,30.000000,82.000000,96.000000
49.000000,50.000000,82.000000,96.000000
49.000000,50.000000,82.000000,96.000000
49.000000,50.000000,82.000000,96.000000
49.000000,50.000000,82.000000,96.000000
49.000000,50.000000,82.000000,96.000000
83.000000,12.000000,82.000000,96.000000
83.000000,12.000000,82.000000,96.000000
83.000000,12.000000,82.000000,96.000000
83.000000,12.000000,82.000000,96.000000
83.000000,12.000000,82.000000,96.000000
83.000000,12.000000,82.000000,96.000000
92.000000,50.000000,82.000000,96.000000
92.000000,50.000000,82.000000,96.000000
92.000000,50.000000,82.000000,96.000000
92.000000,50.000000,82.000000,96.000000
92.000000,50.000000,82.000000,96.000000
92.000000,50.000000,82.000000,96.000000
92.000000,50.000000,82.000000,96.000000
92.000000,50.000000,82.000000,96.000000
92.000000,50.000000,82.000000,96.000000
92.000000,50.000000,82.000000,96.000000
92.000000,50.000000,82.000000,96.000000
92.000000,50.000000,82.000000,96.000000
92.000000,50.000000,82.000000,96.000000
92.000000,50.000000,82.000000,96.000000
92.000000,50.000000,82.000000,96.000000
92.000000,50.000000,82.000000,96.000000
92.000000,50.000000,82.000000,96.000000
92.000000,50.000000,82.000000,96.000000
92.000000,50.000000,82.000000,96.000000
92.000000,50.000000,82.000000,96.000000
92.000000,50.000000,82.000000,96.000000
92.000000,50.000000,82.000000,96.000000
92.000000,50.000000,82.000000,96.000000
92.000000,50.000000,82.000000,96.000000
92.000000,50.000000,82.000000,96.000000
92.000000,50.000000,82.000000,96.000000
92.000000,50.000000,82.000000,96.000000
125.000000,54.000000,82.000000,96.000000
125.000000,54.000000,82.000000,96.000000
125.000000,54.000000,82.000000,96.000000
125.000000,54.000000,82.000000,96.000000
125.000000,54.000000,82.000000,96.000000
125.000000,54.000000,82.000000,96.000000
125.000000,54.000000,82.000000,96.000000
125.000000,54.000000,82.000000,96.000000
125.000000,54.000000,82.000000,96.000000
85.000000,50.000000,82.000000,96.000000
85.000000,50.000000,82.000000,96.000000
85.000000,50.000000,82.000000,96.000000
85.000000,50.000000,82.000000,96.000000
85.000000,50.000000,82.000000,96.000000
85.000000,50.000000,82.000000,96.000000
85.000000,50.000000,82.000000,96.000000
85.000000,50.000000,82.000000,96.000000
85.000000,50.000000,82.000000,96.000000
85.000000,50.000000,82.000000,96.000000
85.000000,50.000000,82.000000,96.000000
85.000000,50.000000,82.000000,96.000000
85.000000,50.000000,82.000000,96.000000
85.000000,50.000000,82.000000,96.000000
85.000000,50.000000,82.000000,96.000000
85.000000,50.000000,82.000000,96.000000
85.000000,50.000000,82.000000,96.000000
126.000000,42.000000,82.000000,96.000000
126.000000,42.000000,82.000000,96.000000
126.000000,42.000000,82.000000,96.000000
163.000000,0.000000,82.000000,96.000000
163.000000,0.000000,82.000000,96.000000
163.000000,0.000000,82.000000,96.000000
133.000000,35.000000,82.000000,96.000000
133.000000,35.000000,82.000000,96.000000
161.000000,1.000000,81.000000,96.000000
161.000000,1.000000,81.000000,96.000000
161.000000,1.000000,81.000000,96.000000
161.000000,1.000000,81.000000,96.000000
161.000000,1.000000,81.000000,96.000000
138.000000,9.000000,82.000000,96.000000
138.000000,9.000000,82.000000,96.000000
138.000000,9.000000,82.000000,96.000000
138.000000,9.000000,82.000000,96.000000
138.000000,9.000000,82.000000,96.000000
138.000000,9.000000,82.000000,96.000000
138.000000,9.000000,82.000000,96.000000
138.000000,9.000000,82.000000,96.000000
138.000000,9.000000,82.000000,96.000000
138.000000,9.000000,82.000000,96.000000
138.000000,9.000000,82.000000,96.000000
138.000000,9.000000,82.000000,96.000000
138.000000,9.000000,82.000000,96.000000
138.000000,9.000000,82.000000,96.000000
138.000000,9.000000,82.000000,96.000000
138.000000,9.000000,82.000000,96.000000
138.000000,9.000000,82.000000,96.000000
138.000000,9.000000,82.000000,96.000000
152.000000,45.000000,82.000000,96.000000
152.000000,45.000000,82.000000,96.000000
152.000000,45.000000,82.000000,96.000000
152.000000,45.000000,82.000000,96.000000
152.000000,45.000000,82.000000,96.000000
152.000000,45.000000,82.000000,96.000000
106.000000,19.000000,82.000000,96.000000
106.000000,19.000000,82.000000,96.000000
106.000000,19.000000,82.000000,96.000000
106.000000,19.000000,82.000000,96.000000
2
0
0
0
0
1
133.000000,51.000000,55.000000,77.000000
133.000000,51.000000,55.000000,77.000000
133.000000,51.000000,55.000000,77.000000
119.500000,30.500000,55.000000,77.000000
119.500000,30.500000,55.000000,77.000000
153.500000,20.500000,55.000000,77.000000
153.500000,20.500000,55.000000,77.000000
153.500000,20.500000,55.000000,77.000000
153.500000,20.500000,55.000000,77.000000
153.500000,20.500000,55.000000,77.000000
153.500000,20.500000,55.000000,77.000000
153.500000,20.500000,55.000000,77.000000
167.500000,49.500000,55.000000,77.000000
167.500000,49.500000,55.000000,77.000000
176.500000,19.500000,55.000000,77.000000
176.500000,19.500000,55.000000,77.000000
150.500000,34.500000,55.000000,77.000000
150.500000,34.500000,55.000000,77.000000
150.500000,34.500000,55.000000,77.000000
150.500000,34.500000,55.000000,77.000000
150.500000,34.500000,55.000000,77.000000
150.500000,34.500000,55.000000,77.000000
150.500000,34.500000,55.000000,77.000000
150.500000,34.500000,55.000000,77.000000
150.500000,34.500000,55.000000,77.000000
150.500000,34.500000,55.000000,77.000000
150.500000,34.500000,55.000000,77.000000
150.500000,34.500000,55.000000,77.000000
150.500000,34.500000,55.000000,77.000000
149.500000,17.500000,55.000000,77.000000
149.500000,17.500000,55.000000,77.000000
149.500000,17.500000,55.000000,77.000000
149.500000,17.500000,55.000000,77.000000
149.500000,17.500000,55.000000,77.000000
134.500000,22.500000,55.000000,77.000000
134.500000,22.500000,55.000000,77.000000
134.500000,22.500000,55.000000,77.000000
115.500000,12.500000,55.000000,77.000000
115.500000,12.500000,55.000000,77.000000
115.500000,12.500000,55.000000,77.000000
115.500000,12.500000,55.000000,77.000000
115.500000,12.500000,55.000000,77.000000
115.500000,12.500000,55.000000,77.000000
115.500000,12.500000,55.000000,77.000000
115.500000,12.500000,55.000000,77.000000
115.500000,12.500000,55.000000,77.000000
115.500000,12.500000,55.000000,77.000000
115.500000,12.500000,55.000000,77.000000
115.500000,12.500000,55.000000,77.000000
115.500000,12.500000,55.000000,77.000000
115.500000,12.500000,55.000000,77.000000
115.500000,12.500000,55.000000,77.000000
115.500000,12.500000,55.000000,77.000000
115.500000,12.500000,55.000000,77.000000
115.500000,12.500000,55.000000,77.000000
115.500000,12.500000,55.000000,77.000000
115.500000,12.500000,55.000000,77.000000
115.500000,12.500000,55.000000,77.000000
115.500000,12.500000,55.000000,77.000000
115.500000,12.500000,55.000000,77.000000
115.500000,12.500000,55.000000,77.000000
115.500000,12.500000,55.000000,77.000000
115.500000,12.500000,55.000000,77.000000
115.500000,12.500000,55.000000,77.000000
115.500000,12.500000,55.000000,77.000000
115.500000,12.500000,55.000000,77.000000
115.500000,12.500000,55.000000,77.000000
115.500000,12.500000,55.000000,77.000000
115.500000,12.500000,55.000000,77.000000
115.500000,12.500000,55.000000,77.000000
115.500000,12.500000,55.000000,77.000000
115.500000,12.500000,55.000000,77.000000
115.500000,12.500000,55.000000,77.000000
115.500000,12.500000,55.000000,77.000000
115.500000,12.500000,55.000000,77.000000
115.500000,12.500000,55.000000,77.000000
115.500000,12.500000,55.000000,77.000000
161.500000,33.500000,55.000000,77.000000
161.500000,33.500000,55.000000,77.000000
161.500000,33.500000,55.000000,77.000000
161.500000,33.500000,55.000000,77.000000
161.500000,33.500000,55.000000,77.000000
161.500000,33.500000,55.000000,77.000000
156.500000,8.500000,55.000000,77.000000
156.500000,8.500000,55.000000,77.000000
156.500000,8.500000,55.000000,77.000000
156.500000,8.500000,55.000000,77.000000
156.500000,8.500000,55.000000,77.000000
156.500000,8.500000,55.000000,77.000000
156.500000,8.500000,55.000000,77.000000
156.500000,8.500000,55.000000,77.000000
156.500000,8.500000,55.000000,77.000000
156.500000,8.500000,55.000000,77.000000
156.500000,63.500000,55.000000,77.000000
156.500000,63.500000,55.000000,77.000000
156.500000,63.500000,55.000000,77.000000
156.500000,63.500000,55.000000,77.000000
156.500000,63.500000,55.000000,77.000000
156.500000,63.500000,55.000000,77.000000
156.500000,63.500000,55.000000,77.000000
134.500000,27.500000,55.000000,77.000000
134.500000,27.500000,55.000000,77.000000
134.500000,27.500000,55.000000,77.000000
134.500000,27.500000,55.000000,77.000000
134.500000,27.500000,55.000000,77.000000
134.500000,27.500000,55.000000,77.000000
138.500000,54.500000,55.000000,77.000000
138.500000,54.500000,55.000000,77.000000
138.500000,54.500000,55.000000,77.000000
138.500000,54.500000,55.000000,77.000000
138.500000,54.500000,55.000000,77.000000
138.500000,54.500000,55.000000,77.000000
156.500000,31.500000,55.000000,77.000000
136.500000,53.500000,55.000000,77.000000
136.500000,53.500000,55.000000,77.000000
136.500000,53.500000,55.000000,77.000000
136.500000,53.500000,55.000000,77.000000
121.500000,39.500000,55.000000,77.000000
121.500000,39.500000,55.000000,77.000000
149.500000,12.500000,55.000000,77.000000
149.500000,12.500000,55.000000,77.000000
149.500000,12.500000,55.000000,77.000000
149.500000,12.500000,55.000000,77.000000
149.500000,12.500000,55.000000,77.000000
149.500000,12.500000,55.000000,77.000000
149.500000,12.500000,55.000000,77.000000
124.500000,40.500000,55.000000,77.000000
124.500000,40.500000,55.000000,77.000000
124.500000,40.500000,55.000000,77.000000
124.500000,40.500000,55.000000,77.000000
124.500000,40.500000,55.000000,77.000000
124.500000,40.500000,55.000000,77.000000
124.500000,40.500000,55.000000,77.000000
124.500000,40.500000,55.000000,77.000000
124.500000,40.500000,55.000000,77.000000
124.500000,40.500000,55.000000,77.000000
124.500000,40.500000,55.000000,77.000000
124.500000,40.500000,55.000000,77.000000
124.500000,40.500000,55.000000,77.000000
124.500000,40.500000,55.000000,77.000000
124.500000,40.500000,55.000000,77.000000
124.500000,40.500000,55.000000,77.000000
124.500000,40.500000,55.000000,77.000000
124.500000,40.500000,55.000000,77.000000
124.500000,40.500000,55.000000,77.000000
124.500000,40.500000,55.000000,77.000000
124.500000,40.500000,55.000000,77.000000
124.500000,40.500000,55.000000,77.000000
124.500000,40.500000,55.000000,77.000000
124.500000,40.500000,55.000000,77.000000
124.500000,40.500000,55.000000,77.000000
124.500000,40.500000,55.000000,77.000000
124.500000,40.500000,55.000000,77.000000
124.500000,40.500000,55.000000,77.000000
124.500000,40.500000,55.000000,77.000000
124.500000,40.500000,55.000000,77.000000
129.500000,17.500000,55.000000,77.000000
129.500000,17.500000,55.000000,77.000000
129.500000,17.500000,55.000000,77.000000
129.500000,17.500000,55.000000,77.000000
129.500000,17.500000,55.000000,77.000000
129.500000,17.500000,55.000000,77.000000
129.500000,17.500000,55.000000,77.000000
129.500000,17.500000,55.000000,77.000000
129.500000,17.500000,55.000000,77.000000
129.500000,17.500000,55.000000,77.000000
129.500000,17.500000,55.000000,77.000000
129.500000,17.500000,55.000000,77.000000
129.500000,17.500000,55.000000,77.000000
129.500000,17.500000,55.000000,77.000000
129.500000,17.500000,55.000000,77.000000
129.500000,17.500000,55.000000,77.000000
129.500000,17.500000,55.000000,77.000000
129.500000,17.500000,55.000000,77.000000
129.500000,17.500000,55.000000,77.000000
129.500000,17.500000,55.000000,77.000000
129.500000,17.500000,55.000000,77.000000
129.500000,17.500000,55.000000,77.000000
129.500000,17.500000,55.000000,77.000000
129.500000,17.500000,55.000000,77.000000
129.500000,17.500000,55.000000,77.000000
129.500000,17.500000,55.000000,77.000000
139.500000,52.500000,55.000000,77.000000
139.500000,52.500000,55.000000,77.000000
139.500000,52.500000,55.000000,77.000000
139.500000,52.500000,55.000000,77.000000
139.500000,52.500000,55.000000,77.000000
139.500000,52.500000,55.000000,77.000000
139.500000,52.500000,55.000000,77.000000
139.500000,52.500000,55.000000,77.000000
139.500000,52.500000,55.000000,77.000000
139.500000,52.500000,55.000000,77.000000
139.500000,52.500000,55.000000,77.000000
139.500000,52.500000,55.000000,77.000000
139.500000,52.500000,55.000000,77.000000
139.500000,52.500000,55.000000,77.000000
139.500000,52.500000,55.000000,77.000000
139.500000,52.500000,55.000000,77.000000
139.500000,52.500000,55.000000,77.000000
139.500000,52.500000,55.000000,77.000000
139.500000,52.500000,55.000000,77.000000
139.500000,52.500000,55.000000,77.000000
139.500000,52.500000,55.000000,77.000000
139.500000,52.500000,55.000000,77.000000
139.500000,52.500000,55.000000,77.000000
139.500000,52.500000,55.000000,77.000000
139.500000,52.500000,55.000000,77.000000
121.500000,61.500000,55.000000,77.000000
121.500000,61.500000,55.000000,77.000000
121.500000,61.500000,55.000000,77.000000
121.500000,61.500000,55.000000,77.000000
121.500000,61.500000,55.000000,77.000000
121.500000,61.500000,55.000000,77.000000
121.500000,61.500000,55.000000,77.000000
121.500000,61.500000,55.000000,77.000000
121.500000,61.500000,55.000000,77.000000
121.500000,61.500000,55.000000,77.000000
146.500000,51.500000,55.000000,77.000000
146.500000,51.500000,55.000000,77.000000
146.500000,51.500000,55.000000,77.000000
146.500000,51.500000,55.000000,77.000000
146.500000,51.500000,55.000000,77.000000
146.500000,51.500000,55.000000,77.000000
146.500000,51.500000,55.000000,77.000000
146.500000,51.500000,55.000000,77.000000
146.500000,51.500000,55.000000,77.000000
146.500000,51.500000,55.000000,77.000000
146.500000,51.500000,55.000000,77.000000
146.500000,51.500000,55.000000,77.000000
146.500000,51.500000,55.000000,77.000000
146.500000,51.500000,55.000000,77.000000
146.500000,51.500000,55.000000,77.000000
146.500000,51.500000,55.000000,77.000000
146.500000,51.500000,55.000000,77.000000
146.500000,51.500000,55.000000,77.000000
146.500000,51.500000,55.000000,77.000000
146.500000,51.500000,55.000000,77.000000
146.500000,51.500000,55.000000,77.000000
146.500000,51.500000,55.000000,77.000000
146.500000,51.500000,55.000000,77.000000
146.500000,51.500000,55.000000,77.000000
146.500000,51.500000,55.000000,77.000000
146.500000,51.500000,55.000000,77.000000
146.500000,51.500000,55.000000,77.000000
146.500000,51.500000,55.000000,77.000000
146.500000,51.500000,55.000000,77.000000
146.500000,51.500000,55.000000,77.000000
146.500000,51.500000,55.000000,77.000000
146.500000,51.500000,55.000000,77.000000
146.500000,51.500000,55.000000,77.000000
146.500000,51.500000,55.000000,77.000000
146.500000,51.500000,55.000000,77.000000
146.500000,51.500000,55.000000,77.000000
146.500000,51.500000,55.000000,77.000000
176.500000,40.500000,55.000000,77.000000
176.500000,40.500000,55.000000,77.000000
176.500000,40.500000,55.000000,77.000000
176.500000,40.500000,55.000000,77.000000
176.500000,40.500000,55.000000,77.000000
176.500000,40.500000,55.000000,77.000000
176.500000,40.500000,55.000000,77.000000
176.500000,40.500000,55.000000,77.000000
176.500000,40.500000,55.000000,77.000000
176.500000,40.500000,55.000000,77.000000
176.500000,40.500000,55.000000,77.000000
176.500000,40.500000,55.000000,77.000000
176.500000,40.500000,55.000000,77.000000
176.500000,40.500000,55.000000,77.000000
176.500000,40.500000,55.000000,77.000000
176.500000,40.500000,55.000000,77.000000
176.500000,40.500000,55.000000,77.000000
176.500000,40.500000,55.000000,77.000000
176.500000,40.500000,55.000000,77.000000
176.500000,40.500000,55.000000,77.000000
176.500000,40.500000,55.000000,77.000000
176.500000,40.500000,55.000000,77.000000
176.500000,40.500000,55.000000,77.000000
176.500000,40.500000,55.000000,77.000000
176.500000,40.500000,55.000000,77.000000
176.500000,40.500000,55.000000,77.000000
176.500000,40.500000,55.000000,77.000000
176.500000,40.500000,55.000000,77.000000
176.500000,40.500000,55.000000,77.000000
176.500000,40.500000,55.000000,77.000000
176.500000,40.500000,55.000000,77.000000
176.500000,40.500000,55.000000,77.000000
176.500000,40.500000,55.000000,77.000000
176.500000,40.500000,55.000000,77.000000
176.500000,40.500000,55.000000,77.000000
176.500000,40.500000,55.000000,77.000000
176.500000,40.500000,55.000000,77.000000
176.500000,40.500000,55.000000,77.000000
176.500000,40.500000,55.000000,77.000000
176.500000,40.500000,55.000000,77.000000
176.500000,40.500000,55.000000,77.000000
176.500000,40.500000,55.000000,77.000000
176.500000,40.500000,55.000000,77.000000
176.500000,40.500000,55.000000,77.000000
176.500000,40.500000,55.000000,77.000000
176.500000,40.500000,55.000000,77.000000
176.500000,40.500000,55.000000,77.000000
176.500000,40.500000,55.000000,77.000000
176.500000,40.500000,55.000000,77.000000
176.500000,40.500000,55.000000,77.000000
176.500000,40.500000,55.000000,77.000000
176.500000,40.500000,55.000000,77.000000
140.500000,42.500000,55.000000,77.000000
140.500000,42.500000,55.000000,77.000000
140.500000,42.500000,55.000000,77.000000
140.500000,42.500000,55.000000,77.000000
140.500000,42.500000,55.000000,77.000000
140.500000,42.500000,55.000000,77.000000
140.500000,42.500000,55.000000,77.000000
140.500000,42.500000,55.000000,77.000000
140.500000,42.500000,55.000000,77.000000
140.500000,42.500000,55.000000,77.000000
158.500000,71.500000,55.000000,77.000000
158.500000,71.500000,55.000000,77.000000
158.500000,71.500000,55.000000,77.000000
158.500000,71.500000,55.000000,77.000000
158.500000,71.500000,55.000000,77.000000
158.500000,71.500000,55.000000,77.000000
158.500000,71.500000,55.000000,77.000000
158.500000,71.500000,55.000000,77.000000
129.500000,60.500000,55.000000,77.000000
129.500000,60.500000,55.000000,77.000000
129.500000,60.500000,55.000000,77.000000
129.500000,60.500000,55.000000,77.000000
129.500000,60.500000,55.000000,77.000000
129.500000,60.500000,55.000000,77.000000
129.500000,60.500000,55.000000,77.000000
129.500000,60.500000,55.000000,77.000000
129.500000,60.500000,55.000000,77.000000
129.500000,60.500000,55.000000,77.000000
