1
150.000000,56.000000,82.000000,96.000000
150.000000,56.000000,82.000000,96.000000
150.000000,56.000000,82.000000,96.000000
150.000000,56.000000,82.000000,96.000000
150.000000,56.000000,82.000000,96.000000
150.000000,56.000000,82.000000,96.000000
150.000000,56.000000,82.000000,96.000000
150.000000,56.000000,82.000000,96.000000
150.000000,56.000000,82.000000,96.000000
150.000000,56.000000,82.000000,96.000000
150.000000,56.000000,82.000000,96.000000
100.000000,44.000000,82.000000,96.000000
100.000000,44.000000,82.000000,96.000000
100.000000,44.000000,82.000000,96.000000
100.000000,44.000000,82.000000,96.000000
100.000000,44.000000,82.000000,96.000000
100.000000,44.000000,82.000000,96.000000
100.000000,44.000000,82.000000,96.000000
100.000000,44.000000,82.000000,96.000000
100.000000,44.000000,82.000000,96.000000
100.000000,44.000000,82.000000,96.000000
100.000000,44.000000,82.000000,96.000000
100.000000,44.000000,82.000000,96.000000
100.000000,44.000000,82.000000,96.000000
100.000000,44.000000,82.000000,96.000000
100.000000,44.000000,82.000000,96.000000
100.000000,44.000000,82.000000,96.000000
100.000000,44.000000,82.000000,96.000000
100.000000,44.000000,82.000000,96.000000
100.000000,44.000000,82.000000,96.000000
131.000000,30.000000,82.000000,96.000000
131.000000,30.000000,82.000000,96.000000
131.000000,30.000000,82.000000,96.000000
131.000000,30.000000,82.000000,96.000000
131.000000,30.000000,82.000000,96.000000
131.000000,30.000000,82.000000,96.000000
131.000000,30.000000,82.000000,96.000000
131.000000,30.000000,82.000000,96.000000
131.000000,30.000000,82.000000,96.000000
131.000000,30.000000,82.000000,96.000000
131.000000,30.000000,82.000000,96.000000
131.000000,30.000000,82.000000,96.000000
131.000000,30.000000,82.000000,96.000000
131.000000,30.000000,82.000000,96.000000
131.000000,30.000000,82.000000,96.000000
131.000000,30.000000,82.000000,96.000000
131.000000,30.000000,82.000000,96.000000
131.000000,30.000000,82.000000,96.000000
131.000000,30.000000,82.000000,96.000000
131.000000,30.000000,82.000000,96.000000
131.000000,30.000000,82.000000,96.000000
131.000000,30.000000,82.000000,96.000000
131.000000,30.000000,82.000000,96.000000
131.000000,30.000000,82.000000,96.000000
131.000000,30.000000,82.000000,96.000000
131.000000,30.000000,82.000000,96.000000
131.000000,30.000000,82.000000,96.000000
131.000000,30.000000,82.000000,96.000000
131.000000,30.000000,82.000000,96.000000
131.000000,30.000000,82.000000,96.000000
131.000000,30.000000,82.000000,96.000000
131.000000,30.000000,82.000000,96.000000
131.000000,30.000000,82.000000,96.000000
131.000000,30.000000,82.000000,96.000000
131.000000,30.000000,82.000000,96.000000
131.000000,30.000000,82.000000,96.000000
131.000000,30.000000,82.000000,96.000000
131.000000,30.000000,82.000000,96.000000
131.000000,30.000000,82.000000,96.000000
131.000000,30.000000,82.000000,96.000000
131.000000,30.000000,82.000000,96.000000
131.000000,30.000000,82.000000,96.000000
131.000000,30.000000,82.000000,96.000000
131.000000,30.000000,82.000000,96.000000
131.000000,30.000000,82.000000,96.000000
131.000000,30.000000,82.000000,96.000000
131.000000,30.000000,82.000000,96.000000
131.000000,30.000000,82.000000,96.000000
131.000000,30.000000,82.000000,96.000000
131.000000,30.000000,82.000000,96.000000
131.000000,30.000000,82.000000,96.000000
131.000000,30.000000,82.000000,96.000000
131.000000,30.000000,82.000000,96.000000
131.000000,30.000000,82.000000,96.000000
131.000000,30.000000,82.000000,96.000000
131.000000,30.000000,82.000000,96.000000
131.000000,30.000000,82.000000,96.000000
131.000000,30.000000,82.000000,96.000000
131.000000,30.000000,82.000000,96.000000
131.000000,30.000000,82.000000,96.000000
131.000000,30.000000,82.000000,96.000000
131.000000,30.000000,82.000000,96.000000
131.000000,30.000000,82.000000,96.000000
131.000000,30.000000,82.000000,96.000000
131.000000,30.000000,82.000000,96.000000
131.000000,30.000000,82.000000,96.000000
131.000000,30.000000,82.000000,96.000000
131.000000,30.000000,82.000000,96.000000
131.000000,30.000000,82.000000,96.000000
131.000000,30.000000,82.000000,96.000000
131.000000,30.000000,82.000000,96.000000
131.000000,30.000000,82.000000,96.000000
131.000000,30.000000,82.000000,96.000000
131.000000,30.000000,82.000000,96.000000
131.000000,30.000000,82.000000,96.000000
131.000000,30.000000,82.000000,96.000000
131.000000,30.000000,82.000000,96.000000
131.000000,30.000000,82.000000,96.000000
131.000000,30.000000,82.000000,96.000000
131.000000,30.000000,82.000000,96.000000
131.000000,30.000000,82.000000,96.000000
131.000000,30.000000,82.000000,96.000000
131.000000,30.000000,82.000000,96.000000
131.000000,30.000000,82.000000,96.000000
131.000000,30.000000,82.000000,96.000000
131.000000,30.000000,82.000000,96.000000
131.000000,30.000000,82.000000,96.000000
131.000000,30.000000,82.000000,96.000000
131.000000,30.000000,82.000000,96.000000
131.000000,30.000000,82.000000,96.000000
131.000000,30.000000,82.000000,96.000000
131.000000,30.000000,82.000000,96.000000
131.000000,30.000000,82.000000,96.000000
131.000000,30.000000,82.000000,96.000000
131.000000,30.000000,82.000000,96.000000
131.000000,30.000000,82.000000,96.000000
131.000000,30.000000,82.000000,96.000000
131.000000,30.000000,82.000000,96.000000
131.000000,30.000000,82.000000,96.000000
131.000000,30.000000,82.000000,96.000000
131.000000,30.000000,82.000000,96.000000
131.000000,30.000000,82.000000,96.000000
131.000000,30.000000,82.000000,96.000000
131.000000,30.000000,82.000000,96.000000
131.000000,30.000000,82.000000,96.000000
131.000000,30.000000,82.000000,96.000000
131.000000,30.000000,82.000000,96.000000
131.000000,30.000000,82.000000,96.000000
131.000000,30.000000,82.000000,96.000000
131.000000,30.000000,82.000000,96.000000
131.000000,30.000000,82.000000,96.000000
131.000000,30.000000,82.000000,96.000000
131.000000,30.000000,82.000000,96.000000
131.000000,30.000000,82.000000,96.000000
131.000000,30.000000,82.000000,96.000000
131.000000,30.000000,82.000000,96.000000
131.000000,30.000000,82.000000,96.000000
131.000000,30.000000,82.000000,96.000000
131.000000,30.000000,82.000000,96.000000
131.000000,30.000000,82.000000,96.000000
131.000000,30.000000,82.000000,96.000000
131.000000,30.000000,82.000000,96.000000
131.000000,30.000000,82.000000,96.000000
131.000000,30.000000,82.000000,96.000000
131.000000,30.000000,82.000000,96.000000
131.000000,30.000000,82.000000,96.000000
131.000000,30.000000,82.000000,96.000000
131.000000,30.000000,82.000000,96.000000
131.000000,30.000000,82.000000,96.000000
131.000000,30.000000,82.000000,96.000000
138.000000,0.000000,82.000000,96.000000
138.000000,0.000000,82.000000,96.000000
138.000000,0.000000,82.000000,96.000000
138.000000,0.000000,82.000000,96.000000
138.000000,0.000000,82.000000,96.000000
138.000000,0.000000,82.000000,96.000000
138.000000,0.000000,82.000000,96.000000
138.000000,0.000000,82.000000,96.000000
138.000000,0.000000,82.000000,96.000000
138.000000,0.000000,82.000000,96.000000
138.000000,0.000000,82.000000,96.000000
138.000000,0.000000,82.000000,96.000000
138.000000,0.000000,82.000000,96.000000
138.000000,0.000000,82.000000,96.000000
138.000000,0.000000,82.000000,96.000000
138.000000,0.000000,82.000000,96.000000
138.000000,0.000000,82.000000,96.000000
138.000000,0.000000,82.000000,96.000000
138.000000,0.000000,82.000000,96.000000
138.000000,0.000000,82.000000,96.000000
138.000000,0.000000,82.000000,96.000000
138.000000,0.000000,82.000000,96.000000
138.000000,0.000000,82.000000,96.000000
138.000000,0.000000,82.000000,96.000000
138.000000,0.000000,82.000000,96.000000
138.000000,0.000000,82.000000,96.000000
138.000000,0.000000,82.000000,96.000000
138.000000,0.000000,82.000000,96.000000
138.000000,0.000000,82.000000,96.000000
108.000000,15.000000,82.000000,96.000000
108.000000,15.000000,82.000000,96.000000
108.000000,15.000000,82.000000,96.000000
108.000000,15.000000,82.000000,96.000000
108.000000,15.000000,82.000000,96.000000
108.000000,15.000000,82.000000,96.000000
108.000000,15.000000,82.000000,96.000000
108.000000,15.000000,82.000000,96.000000
108.000000,15.000000,82.000000,96.000000
108.000000,15.000000,82.000000,96.000000
108.000000,15.000000,82.000000,96.000000
108.000000,15.000000,82.000000,96.000000
108.000000,15.000000,82.000000,96.000000
108.000000,15.000000,82.000000,96.000000
149.000000,19.000000,82.000000,96.000000
149.000000,19.000000,82.000000,96.000000
149.000000,19.000000,82.000000,96.000000
149.000000,19.000000,82.000000,96.000000
149.000000,19.000000,82.000000,96.000000
149.000000,19.000000,82.000000,96.000000
149.000000,19.000000,82.000000,96.000000
149.000000,19.000000,82.000000,96.000000
149.000000,19.000000,82.000000,96.000000
149.000000,19.000000,82.000000,96.000000
149.000000,19.000000,82.000000,96.000000
149.000000,19.000000,82.000000,96.000000
149.000000,19.000000,82.000000,96.000000
149.000000,19.000000,82.000000,96.000000
149.000000,19.000000,82.000000,96.000000
149.000000,19.000000,82.000000,96.000000
149.000000,19.000000,82.000000,96.000000
149.000000,19.000000,82.000000,96.000000
149.000000,19.000000,82.000000,96.000000
149.000000,19.000000,82.000000,96.000000
149.000000,19.000000,82.000000,96.000000
149.000000,19.000000,82.000000,96.000000
149.000000,19.000000,82.000000,96.000000
149.000000,19.000000,82.000000,96.000000
149.000000,19.000000,82.000000,96.000000
149.000000,19.000000,82.000000,96.000000
149.000000,19.000000,82.000000,96.000000
149.000000,19.000000,82.000000,96.000000
179.000000,29.000000,82.000000,96.000000
179.000000,29.000000,82.000000,96.000000
179.000000,29.000000,82.000000,96.000000
179.000000,29.000000,82.000000,96.000000
179.000000,29.000000,82.000000,96.000000
179.000000,29.000000,82.000000,96.000000
179.000000,29.000000,82.000000,96.000000
179.000000,29.000000,82.000000,96.000000
144.000000,39.000000,82.000000,96.000000
144.000000,39.000000,82.000000,96.000000
144.000000,39.000000,82.000000,96.000000
144.000000,39.000000,82.000000,96.000000
144.000000,39.000000,82.000000,96.000000
144.000000,39.000000,82.000000,96.000000
144.000000,39.000000,82.000000,96.000000
144.000000,39.000000,82.000000,96.000000
144.000000,39.000000,82.000000,96.000000
144.000000,39.000000,82.000000,96.000000
144.000000,39.000000,82.000000,96.000000
144.000000,39.000000,82.000000,96.000000
144.000000,39.000000,82.000000,96.000000
144.000000,39.000000,82.000000,96.000000
144.000000,39.000000,82.000000,96.000000
144.000000,39.000000,82.000000,96.000000
144.000000,39.000000,82.000000,96.000000
144.000000,39.000000,82.000000,96.000000
144.000000,39.000000,82.000000,96.000000
144.000000,39.000000,82.000000,96.000000
144.000000,39.000000,82.000000,96.000000
144.000000,39.000000,82.000000,96.000000
144.000000,39.000000,82.000000,96.000000
144.000000,39.000000,82.000000,96.000000
144.000000,39.000000,82.000000,96.000000
144.000000,39.000000,82.000000,96.000000
144.000000,39.000000,82.000000,96.000000
144.000000,39.000000,82.000000,96.000000
144.000000,39.000000,82.000000,96.000000
144.000000,39.000000,82.000000,96.000000
144.000000,39.000000,82.000000,96.000000
144.000000,39.000000,82.000000,96.000000
144.000000,39.000000,82.000000,96.000000
144.000000,39.000000,82.000000,96.000000
144.000000,39.000000,82.000000,96.000000
144.000000,39.000000,82.000000,96.000000
144.000000,39.000000,82.000000,96.000000
144.000000,39.000000,82.000000,96.000000
144.000000,39.000000,82.000000,96.000000
125.000000,18.000000,82.000000,96.000000
125.000000,18.000000,82.000000,96.000000
125.000000,18.000000,82.000000,96.000000
125.000000,18.000000,82.000000,96.000000
125.000000,18.000000,82.000000,96.000000
125.000000,18.000000,82.000000,96.000000
125.000000,18.000000,82.000000,96.000000
125.000000,18.000000,82.000000,96.000000
125.000000,18.000000,82.000000,96.000000
125.000000,18.000000,82.000000,96.000000
125.000000,18.000000,82.000000,96.000000
125.000000,18.000000,82.000000,96.000000
125.000000,18.000000,82.000000,96.000000
125.000000,18.000000,82.000000,96.000000
125.000000,18.000000,82.000000,96.000000
125.000000,18.000000,82.000000,96.000000
125.000000,18.000000,82.000000,96.000000
125.000000,18.000000,82.000000,96.000000
125.000000,18.000000,82.000000,96.000000
125.000000,18.000000,82.000000,96.000000
125.000000,18.000000,82.000000,96.000000
125.000000,18.000000,82.000000,96.000000
100.000000,18.000000,82.000000,96.000000
100.000000,18.000000,82.000000,96.000000
100.000000,18.000000,82.000000,96.000000
78.000000,13.000000,82.000000,96.000000
78.000000,13.000000,82.000000,96.000000
78.000000,13.000000,82.000000,96.000000
78.000000,13.000000,82.000000,96.000000
78.000000,13.000000,82.000000,96.000000
78.000000,13.000000,82.000000,96.000000
42.000000,58.000000,82.000000,96.000000
42.000000,58.000000,82.000000,96.000000
42.000000,58.000000,82.000000,96.000000
22.000000,79.000000,82.000000,96.000000
22.000000,79.000000,82.000000,96.000000
22.000000,79.000000,82.000000,96.000000
22.000000,79.000000,82.000000,96.000000
22.000000,79.000000,82.000000,96.000000
22.000000,79.000000,82.000000,96.000000
22.000000,79.000000,82.000000,96.000000
22.000000,79.000000,82.000000,96.000000
22.000000,79.000000,82.000000,96.000000
22.000000,79.000000,82.000000,96.000000
22.000000,79.000000,82.000000,96.000000
22.000000,79.000000,82.000000,96.000000
22.000000,79.000000,82.000000,96.000000
22.000000,79.000000,82.000000,96.000000
22.000000,79.000000,82.000000,96.000000
22.000000,79.000000,82.000000,96.000000
2
0
0
0
0
1
134.000000,23.000000,89.000000,118.000000
134.000000,23.000000,89.000000,118.000000
134.000000,23.000000,89.000000,118.000000
134.000000,23.000000,89.000000,118.000000
134.000000,23.000000,89.000000,118.000000
134.000000,23.000000,89.000000,118.000000
134.000000,23.000000,89.000000,118.000000
134.000000,23.000000,89.000000,118.000000
133.500000,23.000000,89.000000,118.000000
133.500000,23.000000,89.000000,118.000000
133.500000,23.000000,89.000000,118.000000
133.500000,23.000000,89.000000,118.000000
133.500000,23.000000,89.000000,118.000000
133.500000,23.000000,89.000000,118.000000
133.500000,23.000000,89.000000,118.000000
133.500000,23.000000,89.000000,118.000000
133.500000,23.000000,89.000000,118.000000
133.500000,23.000000,89.000000,118.000000
133.500000,23.000000,89.000000,118.000000
133.500000,23.000000,89.000000,118.000000
133.500000,23.000000,89.000000,118.000000
133.500000,23.000000,89.000000,118.000000
133.500000,23.000000,89.000000,118.000000
133.500000,23.000000,89.000000,118.000000
133.500000,23.000000,89.000000,118.000000
133.500000,23.000000,89.000000,118.000000
133.500000,23.000000,89.000000,118.000000
133.500000,23.000000,89.000000,118.000000
133.500000,23.000000,89.000000,118.000000
133.500000,23.000000,89.000000,118.000000
133.500000,23.000000,89.000000,118.000000
133.500000,23.000000,89.000000,118.000000
133.500000,23.000000,89.000000,118.000000
133.500000,23.000000,89.000000,118.000000
133.500000,23.000000,89.000000,118.000000
133.500000,23.000000,89.000000,118.000000
133.500000,23.000000,89.000000,118.000000
105.500000,28.000000,89.000000,118.000000
105.500000,28.000000,89.000000,118.000000
105.500000,28.000000,89.000000,118.000000
105.500000,28.000000,89.000000,118.000000
105.500000,28.000000,89.000000,118.000000
105.500000,28.000000,89.000000,118.000000
105.500000,28.000000,89.000000,118.000000
105.500000,28.000000,89.000000,118.000000
105.500000,28.000000,89.000000,118.000000
105.500000,28.000000,89.000000,118.000000
105.500000,28.000000,89.000000,118.000000
105.500000,28.000000,89.000000,118.000000
105.500000,28.000000,89.000000,118.000000
105.500000,28.000000,89.000000,118.000000
105.500000,28.000000,89.000000,118.000000
105.500000,28.000000,89.000000,118.000000
105.500000,28.000000,89.000000,118.000000
105.500000,28.000000,89.000000,118.000000
140.500000,20.000000,89.000000,118.000000
140.500000,20.000000,89.000000,118.000000
140.500000,20.000000,89.000000,118.000000
140.500000,20.000000,89.000000,118.000000
140.500000,20.000000,89.000000,118.000000
140.500000,20.000000,89.000000,118.000000
140.500000,20.000000,89.000000,118.000000
140.500000,20.000000,89.000000,118.000000
140.500000,20.000000,89.000000,118.000000
140.500000,20.000000,89.000000,118.000000
140.500000,20.000000,89.000000,118.000000
140.500000,20.000000,89.000000,118.000000
140.500000,20.000000,89.000000,118.000000
140.500000,20.000000,89.000000,118.000000
140.500000,20.000000,89.000000,118.000000
140.500000,20.000000,89.000000,118.000000
140.500000,20.000000,89.000000,118.000000
140.500000,20.000000,89.000000,118.000000
140.500000,20.000000,89.000000,118.000000
140.500000,20.000000,89.000000,118.000000
140.500000,20.000000,89.000000,118.000000
140.500000,20.000000,89.000000,118.000000
140.500000,20.000000,89.000000,118.000000
140.500000,20.000000,89.000000,118.000000
140.500000,20.000000,89.000000,118.000000
180.500000,51.000000,89.000000,118.000000
180.500000,51.000000,89.000000,118.000000
150.500000,24.000000,89.000000,118.000000
150.500000,24.000000,89.000000,118.000000
150.500000,24.000000,89.000000,118.000000
150.500000,24.000000,89.000000,118.000000
150.500000,24.000000,89.000000,118.000000
150.500000,24.000000,89.000000,118.000000
150.500000,24.000000,89.000000,118.000000
150.500000,24.000000,89.000000,118.000000
150.500000,24.000000,89.000000,118.000000
150.500000,24.000000,89.000000,118.000000
150.500000,24.000000,89.000000,118.000000
150.500000,24.000000,89.000000,118.000000
150.500000,24.000000,89.000000,118.000000
150.500000,24.000000,89.000000,118.000000
150.500000,24.000000,89.000000,118.000000
150.500000,24.000000,89.000000,118.000000
150.500000,24.000000,89.000000,118.000000
150.500000,24.000000,89.000000,118.000000
150.500000,24.000000,89.000000,118.000000
150.500000,24.000000,89.000000,118.000000
124.500000,62.000000,89.000000,118.000000
124.500000,62.000000,89.000000,118.000000
124.500000,62.000000,89.000000,118.000000
124.500000,62.000000,89.000000,118.000000
87.500000,58.000000,89.000000,118.000000
87.500000,58.000000,89.000000,118.000000
87.500000,58.000000,89.000000,118.000000
133.500000,52.000000,89.000000,118.000000
133.500000,52.000000,89.000000,118.000000
133.500000,52.000000,89.000000,118.000000
133.500000,52.000000,89.000000,118.000000
133.500000,52.000000,89.000000,118.000000
133.500000,52.000000,89.000000,118.000000
133.500000,52.000000,89.000000,118.000000
146.500000,23.000000,89.000000,118.000000
146.500000,23.000000,89.000000,118.000000
146.500000,23.000000,89.000000,118.000000
146.500000,23.000000,89.000000,118.000000
146.500000,23.000000,89.000000,118.000000
146.500000,23.000000,89.000000,118.000000
146.500000,23.000000,89.000000,118.000000
146.500000,23.000000,89.000000,118.000000
146.500000,23.000000,89.000000,118.000000
146.500000,23.000000,89.000000,118.000000
146.500000,23.000000,89.000000,118.000000
146.500000,23.000000,89.000000,118.000000
146.500000,23.000000,89.000000,118.000000
146.500000,23.000000,89.000000,118.000000
193.500000,8.000000,89.000000,118.000000
193.500000,8.000000,89.000000,118.000000
154.500000,28.000000,89.000000,118.000000
154.500000,28.000000,89.000000,118.000000
154.500000,28.000000,89.000000,118.000000
154.500000,28.000000,89.000000,118.000000
2
0
0
0
0
1
134.000000,59.000000,52.000000,61.000000
134.000000,59.000000,52.000000,61.000000
134.000000,59.000000,52.000000,61.000000
134.000000,59.000000,52.000000,61.000000
134.000000,59.000000,52.000000,61.000000
134.000000,59.000000,52.000000,61.000000
134.000000,59.000000,52.000000,61.000000
134.000000,59.000000,52.000000,61.000000
134.000000,58.500000,52.000000,61.000000
134.000000,58.500000,52.000000,61.000000
134.000000,58.500000,52.000000,61.000000
134.000000,58.500000,52.000000,61.000000
134.000000,58.500000,52.000000,61.000000
134.000000,58.500000,52.000000,61.000000
134.000000,58.500000,52.000000,61.000000
134.000000,58.500000,52.000000,61.000000
134.000000,58.500000,52.000000,61.000000
134.000000,58.500000,52.000000,61.000000
134.000000,58.500000,52.000000,61.000000
134.000000,58.500000,52.000000,61.000000
134.000000,58.500000,52.000000,61.000000
134.000000,58.500000,52.000000,61.000000
134.000000,58.500000,52.000000,61.000000
134.000000,58.500000,52.000000,61.000000
134.000000,58.500000,52.000000,61.000000
134.000000,58.500000,52.000000,61.000000
117.000000,11.500000,52.000000,61.000000
117.000000,11.500000,52.000000,61.000000
117.000000,11.500000,52.000000,61.000000
117.000000,11.500000,52.000000,61.000000
117.000000,11.500000,52.000000,61.000000
117.000000,11.500000,52.000000,61.000000
117.000000,11.500000,52.000000,61.000000
117.000000,11.500000,52.000000,61.000000
139.000000,18.500000,52.000000,61.000000
139.000000,18.500000,52.000000,61.000000
139.000000,18.500000,52.000000,61.000000
139.000000,18.500000,52.000000,61.000000
139.000000,18.500000,52.000000,61.000000
144.000000,43.500000,52.000000,61.000000
144.000000,43.500000,52.000000,61.000000
144.000000,43.500000,52.000000,61.000000
144.000000,43.500000,52.000000,61.000000
144.000000,43.500000,52.000000,61.000000
144.000000,43.500000,52.000000,61.000000
179.000000,4.500000,52.000000,61.000000
179.000000,4.500000,52.000000,61.000000
179.000000,4.500000,52.000000,61.000000
179.000000,4.500000,52.000000,61.000000
179.000000,4.500000,52.000000,61.000000
179.000000,4.500000,52.000000,61.000000
179.000000,4.500000,52.000000,61.000000
179.000000,4.500000,52.000000,61.000000
179.000000,4.500000,52.000000,61.000000
179.000000,4.500000,52.000000,61.000000
219.000000,19.500000,52.000000,61.000000
219.000000,19.500000,52.000000,61.000000
219.000000,19.500000,52.000000,61.000000
219.000000,19.500000,52.000000,61.000000
219.000000,19.500000,52.000000,61.000000
219.000000,19.500000,52.000000,61.000000
219.000000,19.500000,52.000000,61.000000
2
0
0
0
0
1
125.000000,11.000000,80.000000,94.000000
125.000000,11.000000,80.000000,94.000000
125.000000,11.000000,80.000000,94.000000
125.000000,11.000000,80.000000,94.000000
125.000000,11.000000,80.000000,94.000000
125.000000,11.000000,80.000000,94.000000
125.000000,11.000000,80.000000,94.000000
125.000000,11.000000,80.000000,94.000000
125.000000,11.000000,80.000000,94.000000
125.000000,11.000000,80.000000,94.000000
125.000000,11.000000,80.000000,94.000000
125.000000,11.000000,80.000000,94.000000
125.000000,11.000000,80.000000,94.000000
125.000000,11.000000,80.000000,94.000000
125.000000,11.000000,80.000000,94.000000
125.000000,11.000000,80.000000,94.000000
125.000000,11.000000,80.000000,94.000000
125.000000,11.000000,80.000000,94.000000
125.000000,11.000000,80.000000,94.000000
125.000000,11.000000,80.000000,94.000000
125.000000,11.000000,80.000000,94.000000
125.000000,11.000000,80.000000,94.000000
125.000000,11.000000,80.000000,94.000000
125.000000,11.000000,80.000000,94.000000
125.000000,11.000000,80.000000,94.000000
125.000000,11.000000,80.000000,94.000000
125.000000,11.000000,80.000000,94.000000
125.000000,11.000000,80.000000,94.000000
125.000000,11.000000,80.000000,94.000000
125.000000,11.000000,80.000000,94.000000
125.000000,11.000000,80.000000,94.000000
125.000000,11.000000,80.000000,94.000000
125.000000,11.000000,80.000000,94.000000
125.000000,11.000000,80.000000,94.000000
125.000000,11.000000,80.000000,94.000000
125.000000,11.000000,80.000000,94.000000
125.000000,11.000000,80.000000,94.000000
79.000000,4.000000,80.000000,94.000000
79.000000,4.000000,80.000000,94.000000
79.000000,4.000000,80.000000,94.000000
79.000000,4.000000,80.000000,94.000000
79.000000,4.000000,80.000000,94.000000
79.000000,4.000000,80.000000,94.000000
79.000000,4.000000,80.000000,94.000000
79.000000,4.000000,80.000000,94.000000
79.000000,4.000000,80.000000,94.000000
115.000000,14.000000,80.000000,94.000000
115.000000,14.000000,80.000000,94.000000
115.000000,14.000000,80.000000,94.000000
115.000000,14.000000,80.000000,94.000000
115.000000,14.000000,80.000000,94.000000
115.000000,14.000000,80.000000,94.000000
115.000000,14.000000,80.000000,94.000000
115.000000,14.000000,80.000000,94.000000
115.000000,14.000000,80.000000,94.000000
115.000000,14.000000,80.000000,94.000000
115.000000,14.000000,80.000000,94.000000
115.000000,14.000000,80.000000,94.000000
115.000000,14.000000,80.000000,94.000000
115.000000,14.000000,80.000000,94.000000
115.000000,14.000000,80.000000,94.000000
115.000000,14.000000,80.000000,94.000000
115.000000,14.000000,80.000000,94.000000
115.000000,14.000000,80.000000,94.000000
115.000000,14.000000,80.000000,94.000000
115.000000,14.000000,80.000000,94.000000
115.000000,14.000000,80.000000,94.000000
115.000000,14.000000,80.000000,94.000000
115.000000,14.000000,80.000000,94.000000
115.000000,14.000000,80.000000,94.000000
115.000000,14.000000,80.000000,94.000000
115.000000,14.000000,80.000000,94.000000
115.000000,14.000000,80.000000,94.000000
115.000000,14.000000,80.000000,94.000000
115.000000,14.000000,80.000000,94.000000
115.000000,14.000000,80.000000,94.000000
115.000000,14.000000,80.000000,94.000000
115.000000,14.000000,80.000000,94.000000
115.000000,14.000000,80.000000,94.000000
115.000000,14.000000,80.000000,94.000000
115.000000,14.000000,80.000000,94.000000
115.000000,14.000000,80.000000,94.000000
115.000000,14.000000,80.000000,94.000000
115.000000,14.000000,80.000000,94.000000
115.000000,14.000000,80.000000,94.000000
155.000000,48.000000,80.000000,94.000000
155.000000,48.000000,80.000000,94.000000
155.000000,48.000000,80.000000,94.000000
155.000000,48.000000,80.000000,94.000000
155.000000,48.000000,80.000000,94.000000
155.000000,48.000000,80.000000,94.000000
155.000000,48.000000,80.000000,94.000000
155.000000,48.000000,80.000000,94.000000
155.000000,48.000000,80.000000,94.000000
120.000000,29.000000,80.000000,94.000000
120.000000,29.000000,80.000000,94.000000
120.000000,29.000000,80.000000,94.000000
120.000000,29.000000,80.000000,94.000000
120.000000,29.000000,80.000000,94.000000
120.000000,29.000000,80.000000,94.000000
120.000000,29.000000,80.000000,94.000000
120.000000,29.000000,80.000000,94.000000
120.000000,29.000000,80.000000,94.000000
120.000000,29.000000,80.000000,94.000000
120.000000,29.000000,80.000000,94.000000
120.000000,29.000000,80.000000,94.000000
120.000000,29.000000,80.000000,94.000000
120.000000,29.000000,80.000000,94.000000
120.000000,29.000000,80.000000,94.000000
120.000000,29.000000,80.000000,94.000000
120.000000,29.000000,80.000000,94.000000
120.000000,29.000000,80.000000,94.000000
120.000000,29.000000,80.000000,94.000000
120.000000,29.000000,80.000000,94.000000
120.000000,29.000000,80.000000,94.000000
166.000000,68.000000,80.000000,94.000000
166.000000,68.000000,80.000000,94.000000
166.000000,68.000000,80.000000,94.000000
166.000000,68.000000,80.000000,94.000000
166.000000,68.000000,80.000000,94.000000
166.000000,68.000000,80.000000,94.000000
133.000000,57.000000,80.000000,94.000000
133.000000,57.000000,80.000000,94.000000
133.000000,57.000000,80.000000,94.000000
133.000000,57.000000,80.000000,94.000000
133.000000,57.000000,80.000000,94.000000
133.000000,57.000000,80.000000,94.000000
133.000000,57.000000,80.000000,94.000000
133.000000,57.000000,80.000000,94.000000
133.000000,57.000000,80.000000,94.000000
133.000000,57.000000,80.000000,94.000000
133.000000,57.000000,80.000000,94.000000
133.000000,57.000000,80.000000,94.000000
133.000000,57.000000,80.000000,94.000000
133.000000,57.000000,80.000000,94.000000
133.000000,57.000000,80.000000,94.000000
133.000000,57.000000,80.000000,94.000000
133.000000,57.000000,80.000000,94.000000
133.000000,57.000000,80.000000,94.000000
133.000000,57.000000,80.000000,94.000000
133.000000,57.000000,80.000000,94.000000
133.000000,57.000000,80.000000,94.000000
133.000000,57.000000,80.000000,94.000000
133.000000,57.000000,80.000000,94.000000
133.000000,57.000000,80.000000,94.000000
133.000000,57.000000,80.000000,94.000000
133.000000,57.000000,80.000000,94.000000
133.000000,57.000000,80.000000,94.000000
133.000000,57.000000,80.000000,94.000000
133.000000,57.000000,80.000000,94.000000
190.000000,32.000000,80.000000,94.000000
190.000000,32.000000,80.000000,94.000000
190.000000,32.000000,80.000000,94.000000
190.000000,32.000000,80.000000,94.000000
190.000000,32.000000,80.000000,94.000000
190.000000,32.000000,80.000000,94.000000
190.000000,32.000000,80.000000,94.000000
190.000000,32.000000,80.000000,94.000000
105.000000,59.000000,80.000000,94.000000
105.000000,59.000000,80.000000,94.000000
105.000000,59.000000,80.000000,94.000000
105.000000,59.000000,80.000000,94.000000
105.000000,59.000000,80.000000,94.000000
105.000000,59.000000,80.000000,94.000000
85.000000,61.000000,80.000000,94.000000
85.000000,61.000000,80.000000,94.000000
153.000000,55.000000,80.000000,94.000000
153.000000,55.000000,80.000000,94.000000
153.000000,55.000000,80.000000,94.000000
153.000000,55.000000,80.000000,94.000000
153.000000,55.000000,80.000000,94.000000
153.000000,55.000000,80.000000,94.000000
153.000000,55.000000,80.000000,94.000000
153.000000,55.000000,80.000000,94.000000
153.000000,55.000000,80.000000,94.000000
153.000000,55.000000,80.000000,94.000000
153.000000,55.000000,80.000000,94.000000
153.000000,55.000000,80.000000,94.000000
153.000000,55.000000,80.000000,94.000000
153.000000,55.000000,80.000000,94.000000
153.000000,55.000000,80.000000,94.000000
153.000000,55.000000,80.000000,94.000000
153.000000,55.000000,80.000000,94.000000
153.000000,55.000000,80.000000,94.000000
153.000000,55.000000,80.000000,94.000000
153.000000,55.000000,80.000000,94.000000
153.000000,55.000000,80.000000,94.000000
153.000000,55.000000,80.000000,94.000000
153.000000,55.000000,80.000000,94.000000
153.000000,55.000000,80.000000,94.000000
153.000000,55.000000,80.000000,94.000000
122.000000,26.000000,80.000000,94.000000
122.000000,26.000000,80.000000,94.000000
122.000000,26.000000,80.000000,94.000000
122.000000,26.000000,80.000000,94.000000
122.000000,26.000000,80.000000,94.000000
122.000000,26.000000,80.000000,94.000000
122.000000,26.000000,80.000000,94.000000
122.000000,26.000000,80.000000,94.000000
122.000000,26.000000,80.000000,94.000000
122.000000,26.000000,80.000000,94.000000
122.000000,26.000000,80.000000,94.000000
122.000000,26.000000,80.000000,94.000000
122.000000,26.000000,80.000000,94.000000
122.000000,26.000000,80.000000,94.000000
122.000000,26.000000,80.000000,94.000000
122.000000,26.000000,80.000000,94.000000
122.000000,26.000000,80.000000,94.000000
122.000000,26.000000,80.000000,94.000000
122.000000,26.000000,80.000000,94.000000
122.000000,26.000000,80.000000,94.000000
122.000000,26.000000,80.000000,94.000000
122.000000,26.000000,80.000000,94.000000
122.000000,26.000000,80.000000,94.000000
122.000000,26.000000,80.000000,94.000000
122.000000,26.000000,80.000000,94.000000
122.000000,26.000000,80.000000,94.000000
122.000000,26.000000,80.000000,94.000000
122.000000,26.000000,80.000000,94.000000
122.000000,26.000000,80.000000,94.000000
122.000000,26.000000,80.000000,94.000000
122.000000,26.000000,80.000000,94.000000
122.000000,26.000000,80.000000,94.000000
122.000000,26.000000,80.000000,94.000000
122.000000,26.000000,80.000000,94.000000
