1
150.000000,56.000000,82.000000,96.000000
150.000000,56.000000,82.000000,96.000000
150.000000,56.000000,82.000000,96.000000
150.000000,56.000000,82.000000,96.000000
150.000000,56.000000,82.000000,96.000000
150.000000,56.000000,82.000000,96.000000
150.000000,56.000000,82.000000,96.000000
150.000000,56.000000,82.000000,96.000000
150.000000,56.000000,82.000000,96.000000
150.000000,56.000000,82.000000,96.000000
150.000000,56.000000,82.000000,96.000000
115.000000,44.000000,82.000000,96.000000
115.000000,44.000000,82.000000,96.000000
115.000000,44.000000,82.000000,96.000000
115.000000,44.000000,82.000000,96.000000
115.000000,44.000000,82.000000,96.000000
115.000000,44.000000,82.000000,96.000000
115.000000,44.000000,82.000000,96.000000
115.000000,44.000000,82.000000,96.000000
115.000000,44.000000,82.000000,96.000000
115.000000,44.000000,82.000000,96.000000
115.000000,44.000000,82.000000,96.000000
115.000000,44.000000,82.000000,96.000000
115.000000,44.000000,82.000000,96.000000
115.000000,44.000000,82.000000,96.000000
115.000000,44.000000,82.000000,96.000000
115.000000,44.000000,82.000000,96.000000
115.000000,44.000000,82.000000,96.000000
115.000000,44.000000,82.000000,96.000000
115.000000,44.000000,82.000000,96.000000
115.000000,44.000000,82.000000,96.000000
115.000000,44.000000,82.000000,96.000000
115.000000,44.000000,82.000000,96.000000
115.000000,44.000000,82.000000,96.000000
115.000000,44.000000,82.000000,96.000000
157.000000,20.000000,82.000000,96.000000
157.000000,20.000000,82.000000,96.000000
157.000000,20.000000,82.000000,96.000000
157.000000,20.000000,82.000000,96.000000
157.000000,20.000000,82.000000,96.000000
157.000000,20.000000,82.000000,96.000000
157.000000,20.000000,82.000000,96.000000
120.000000,20.000000,82.000000,96.000000
120.000000,20.000000,82.000000,96.000000
120.000000,20.000000,82.000000,96.000000
120.000000,20.000000,82.000000,96.000000
120.000000,20.000000,82.000000,96.000000
120.000000,20.000000,82.000000,96.000000
120.000000,20.000000,82.000000,96.000000
120.000000,20.000000,82.000000,96.000000
120.000000,20.000000,82.000000,96.000000
120.000000,20.000000,82.000000,96.000000
120.000000,20.000000,82.000000,96.000000
120.000000,20.000000,82.000000,96.000000
120.000000,20.000000,82.000000,96.000000
120.000000,20.000000,82.000000,96.000000
120.000000,20.000000,82.000000,96.000000
120.000000,20.000000,82.000000,96.000000
120.000000,20.000000,82.000000,96.000000
120.000000,20.000000,82.000000,96.000000
120.000000,20.000000,82.000000,96.000000
120.000000,20.000000,82.000000,96.000000
120.000000,20.000000,82.000000,96.000000
120.000000,20.000000,82.000000,96.000000
120.000000,20.000000,82.000000,96.000000
120.000000,20.000000,82.000000,96.000000
120.000000,20.000000,82.000000,96.000000
120.000000,20.000000,82.000000,96.000000
120.000000,20.000000,82.000000,96.000000
120.000000,20.000000,82.000000,96.000000
120.000000,20.000000,82.000000,96.000000
120.000000,20.000000,82.000000,96.000000
120.000000,20.000000,82.000000,96.000000
120.000000,20.000000,82.000000,96.000000
120.000000,20.000000,82.000000,96.000000
120.000000,20.000000,82.000000,96.000000
120.000000,20.000000,82.000000,96.000000
120.000000,20.000000,82.000000,96.000000
120.000000,20.000000,82.000000,96.000000
120.000000,20.000000,82.000000,96.000000
120.000000,20.000000,82.000000,96.000000
120.000000,20.000000,82.000000,96.000000
120.000000,20.000000,82.000000,96.000000
120.000000,20.000000,82.000000,96.000000
120.000000,20.000000,82.000000,96.000000
120.000000,20.000000,82.000000,96.000000
120.000000,20.000000,82.000000,96.000000
120.000000,20.000000,82.000000,96.000000
120.000000,20.000000,82.000000,96.000000
120.000000,20.000000,82.000000,96.000000
120.000000,20.000000,82.000000,96.000000
120.000000,20.000000,82.000000,96.000000
120.000000,20.000000,82.000000,96.000000
120.000000,20.000000,82.000000,96.000000
120.000000,20.000000,82.000000,96.000000
120.000000,20.000000,82.000000,96.000000
120.000000,20.000000,82.000000,96.000000
120.000000,20.000000,82.000000,96.000000
120.000000,20.000000,82.000000,96.000000
154.000000,30.000000,82.000000,96.000000
154.000000,30.000000,82.000000,96.000000
154.000000,30.000000,82.000000,96.000000
154.000000,30.000000,82.000000,96.000000
154.000000,30.000000,82.000000,96.000000
154.000000,30.000000,82.000000,96.000000
154.000000,30.000000,82.000000,96.000000
154.000000,30.000000,82.000000,96.000000
154.000000,30.000000,82.000000,96.000000
154.000000,30.000000,82.000000,96.000000
154.000000,30.000000,82.000000,96.000000
154.000000,30.000000,82.000000,96.000000
154.000000,30.000000,82.000000,96.000000
154.000000,30.000000,82.000000,96.000000
154.000000,30.000000,82.000000,96.000000
154.000000,30.000000,82.000000,96.000000
154.000000,30.000000,82.000000,96.000000
154.000000,30.000000,82.000000,96.000000
154.000000,30.000000,82.000000,96.000000
154.000000,30.000000,82.000000,96.000000
129.000000,35.000000,82.000000,96.000000
129.000000,35.000000,82.000000,96.000000
129.000000,35.000000,82.000000,96.000000
129.000000,35.000000,82.000000,96.000000
129.000000,35.000000,82.000000,96.000000
129.000000,35.000000,82.000000,96.000000
129.000000,35.000000,82.000000,96.000000
129.000000,35.000000,82.000000,96.000000
129.000000,35.000000,82.000000,96.000000
129.000000,35.000000,82.000000,96.000000
129.000000,35.000000,82.000000,96.000000
173.000000,35.000000,82.000000,96.000000
173.000000,35.000000,82.000000,96.000000
173.000000,35.000000,82.000000,96.000000
173.000000,35.000000,82.000000,96.000000
173.000000,35.000000,82.000000,96.000000
173.000000,35.000000,82.000000,96.000000
152.000000,25.000000,82.000000,96.000000
152.000000,25.000000,82.000000,96.000000
152.000000,25.000000,82.000000,96.000000
152.000000,25.000000,82.000000,96.000000
152.000000,25.000000,82.000000,96.000000
152.000000,25.000000,82.000000,96.000000
152.000000,25.000000,82.000000,96.000000
152.000000,25.000000,82.000000,96.000000
152.000000,25.000000,82.000000,96.000000
152.000000,25.000000,82.000000,96.000000
152.000000,25.000000,82.000000,96.000000
129.000000,15.000000,82.000000,96.000000
129.000000,15.000000,82.000000,96.000000
129.000000,15.000000,82.000000,96.000000
129.000000,15.000000,82.000000,96.000000
129.000000,15.000000,82.000000,96.000000
129.000000,15.000000,82.000000,96.000000
129.000000,15.000000,82.000000,96.000000
129.000000,15.000000,82.000000,96.000000
129.000000,15.000000,82.000000,96.000000
129.000000,15.000000,82.000000,96.000000
129.000000,15.000000,82.000000,96.000000
129.000000,15.000000,82.000000,96.000000
129.000000,15.000000,82.000000,96.000000
129.000000,15.000000,82.000000,96.000000
129.000000,15.000000,82.000000,96.000000
129.000000,15.000000,82.000000,96.000000
129.000000,15.000000,82.000000,96.000000
129.000000,15.000000,82.000000,96.000000
129.000000,15.000000,82.000000,96.000000
129.000000,15.000000,82.000000,96.000000
129.000000,15.000000,82.000000,96.000000
129.000000,15.000000,82.000000,96.000000
129.000000,15.000000,82.000000,96.000000
129.000000,15.000000,82.000000,96.000000
129.000000,15.000000,82.000000,96.000000
129.000000,15.000000,82.000000,96.000000
129.000000,15.000000,82.000000,96.000000
129.000000,15.000000,82.000000,96.000000
129.000000,15.000000,82.000000,96.000000
129.000000,15.000000,82.000000,96.000000
129.000000,15.000000,82.000000,96.000000
129.000000,15.000000,82.000000,96.000000
129.000000,15.000000,82.000000,96.000000
129.000000,15.000000,82.000000,96.000000
129.000000,15.000000,82.000000,96.000000
129.000000,15.000000,82.000000,96.000000
129.000000,15.000000,82.000000,96.000000
129.000000,15.000000,82.000000,96.000000
129.000000,15.000000,82.000000,96.000000
129.000000,15.000000,82.000000,96.000000
129.000000,15.000000,82.000000,96.000000
129.000000,15.000000,82.000000,96.000000
129.000000,15.000000,82.000000,96.000000
129.000000,15.000000,82.000000,96.000000
129.000000,15.000000,82.000000,96.000000
129.000000,15.000000,82.000000,96.000000
129.000000,15.000000,82.000000,96.000000
129.000000,15.000000,82.000000,96.000000
129.000000,15.000000,82.000000,96.000000
129.000000,15.000000,82.000000,96.000000
129.000000,15.000000,82.000000,96.000000
129.000000,15.000000,82.000000,96.000000
129.000000,15.000000,82.000000,96.000000
129.000000,15.000000,82.000000,96.000000
129.000000,15.000000,82.000000,96.000000
129.000000,15.000000,82.000000,96.000000
129.000000,15.000000,82.000000,96.000000
129.000000,15.000000,82.000000,96.000000
129.000000,15.000000,82.000000,96.000000
129.000000,15.000000,82.000000,96.000000
129.000000,15.000000,82.000000,96.000000
129.000000,15.000000,82.000000,96.000000
129.000000,15.000000,82.000000,96.000000
162.000000,23.000000,82.000000,96.000000
162.000000,23.000000,82.000000,96.000000
162.000000,23.000000,82.000000,96.000000
162.000000,23.000000,82.000000,96.000000
162.000000,23.000000,82.000000,96.000000
162.000000,23.000000,82.000000,96.000000
162.000000,23.000000,82.000000,96.000000
162.000000,23.000000,82.000000,96.000000
162.000000,23.000000,82.000000,96.000000
162.000000,23.000000,82.000000,96.000000
162.000000,23.000000,82.000000,96.000000
162.000000,23.000000,82.000000,96.000000
162.000000,23.000000,82.000000,96.000000
162.000000,23.000000,82.000000,96.000000
162.000000,23.000000,82.000000,96.000000
162.000000,23.000000,82.000000,96.000000
162.000000,23.000000,82.000000,96.000000
162.000000,23.000000,82.000000,96.000000
162.000000,23.000000,82.000000,96.000000
162.000000,23.000000,82.000000,96.000000
162.000000,23.000000,82.000000,96.000000
162.000000,23.000000,82.000000,96.000000
162.000000,23.000000,82.000000,96.000000
162.000000,23.000000,82.000000,96.000000
162.000000,23.000000,82.000000,96.000000
162.000000,23.000000,82.000000,96.000000
162.000000,23.000000,82.000000,96.000000
162.000000,23.000000,82.000000,96.000000
162.000000,23.000000,82.000000,96.000000
162.000000,23.000000,82.000000,96.000000
162.000000,23.000000,82.000000,96.000000
162.000000,23.000000,82.000000,96.000000
162.000000,23.000000,82.000000,96.000000
162.000000,23.000000,82.000000,96.000000
162.000000,23.000000,82.000000,96.000000
162.000000,23.000000,82.000000,96.000000
162.000000,23.000000,82.000000,96.000000
162.000000,23.000000,82.000000,96.000000
162.000000,23.000000,82.000000,96.000000
162.000000,23.000000,82.000000,96.000000
162.000000,23.000000,82.000000,96.000000
162.000000,23.000000,82.000000,96.000000
162.000000,23.000000,82.000000,96.000000
162.000000,23.000000,82.000000,96.000000
162.000000,23.000000,82.000000,96.000000
162.000000,23.000000,82.000000,96.000000
162.000000,23.000000,82.000000,96.000000
162.000000,23.000000,82.000000,96.000000
162.000000,23.000000,82.000000,96.000000
162.000000,23.000000,82.000000,96.000000
162.000000,23.000000,82.000000,96.000000
162.000000,23.000000,82.000000,96.000000
162.000000,23.000000,82.000000,96.000000
162.000000,23.000000,82.000000,96.000000
162.000000,23.000000,82.000000,96.000000
162.000000,23.000000,82.000000,96.000000
162.000000,23.000000,82.000000,96.000000
162.000000,23.000000,82.000000,96.000000
162.000000,23.000000,82.000000,96.000000
162.000000,23.000000,82.000000,96.000000
162.000000,23.000000,82.000000,96.000000
162.000000,23.000000,82.000000,96.000000
162.000000,23.000000,82.000000,96.000000
162.000000,23.000000,82.000000,96.000000
162.000000,23.000000,82.000000,96.000000
162.000000,23.000000,82.000000,96.000000
162.000000,23.000000,82.000000,96.000000
162.000000,23.000000,82.000000,96.000000
116.000000,30.000000,82.000000,96.000000
116.000000,30.000000,82.000000,96.000000
116.000000,30.000000,82.000000,96.000000
110.000000,0.000000,82.000000,96.000000
110.000000,0.000000,82.000000,96.000000
110.000000,0.000000,82.000000,96.000000
110.000000,0.000000,82.000000,96.000000
110.000000,0.000000,82.000000,96.000000
110.000000,0.000000,82.000000,96.000000
110.000000,0.000000,82.000000,96.000000
110.000000,0.000000,82.000000,96.000000
110.000000,0.000000,82.000000,96.000000
110.000000,0.000000,82.000000,96.000000
110.000000,0.000000,82.000000,96.000000
110.000000,0.000000,82.000000,96.000000
110.000000,0.000000,82.000000,96.000000
110.000000,0.000000,82.000000,96.000000
110.000000,0.000000,82.000000,96.000000
110.000000,0.000000,82.000000,96.000000
110.000000,0.000000,82.000000,96.000000
110.000000,0.000000,82.000000,96.000000
110.000000,0.000000,82.000000,96.000000
110.000000,0.000000,82.000000,96.000000
110.000000,0.000000,82.000000,96.000000
110.000000,0.000000,82.000000,96.000000
110.000000,0.000000,82.000000,96.000000
110.000000,0.000000,82.000000,96.000000
110.000000,0.000000,82.000000,96.000000
31.000000,84.000000,82.000000,96.000000
31.000000,84.000000,82.000000,96.000000
31.000000,84.000000,82.000000,96.000000
31.000000,84.000000,82.000000,96.000000
31.000000,84.000000,82.000000,96.000000
31.000000,84.000000,82.000000,96.000000
31.000000,84.000000,82.000000,96.000000
31.000000,84.000000,82.000000,96.000000
31.000000,84.000000,82.000000,96.000000
31.000000,84.000000,82.000000,96.000000
31.000000,84.000000,82.000000,96.000000
31.000000,84.000000,82.000000,96.000000
31.000000,84.000000,82.000000,96.000000
31.000000,84.000000,82.000000,96.000000
31.000000,84.000000,82.000000,96.000000
31.000000,84.000000,82.000000,96.000000
31.000000,84.000000,82.000000,96.000000
31.000000,84.000000,82.000000,96.000000
31.000000,84.000000,82.000000,96.000000
31.000000,84.000000,82.000000,96.000000
31.000000,84.000000,82.000000,96.000000
31.000000,84.000000,82.000000,96.000000
31.000000,84.000000,82.000000,96.000000
2
0
0
0
0
1
125.000000,23.000000,90.000000,118.000000
125.000000,23.000000,90.000000,118.000000
125.000000,23.000000,90.000000,118.000000
125.000000,23.000000,90.000000,118.000000
125.000000,23.000000,90.000000,118.000000
125.000000,23.000000,90.000000,118.000000
125.000000,23.000000,90.000000,118.000000
125.000000,23.000000,90.000000,118.000000
125.000000,23.000000,90.000000,118.000000
125.000000,23.000000,90.000000,118.000000
125.000000,23.000000,90.000000,118.000000
125.000000,23.000000,90.000000,118.000000
125.000000,23.000000,90.000000,118.000000
125.000000,23.000000,90.000000,118.000000
125.000000,23.000000,90.000000,118.000000
125.000000,23.000000,90.000000,118.000000
125.000000,23.000000,90.000000,118.000000
125.000000,23.000000,90.000000,118.000000
125.000000,23.000000,90.000000,118.000000
125.000000,23.000000,90.000000,118.000000
125.000000,23.000000,90.000000,118.000000
125.000000,23.000000,90.000000,118.000000
125.000000,23.000000,90.000000,118.000000
125.000000,23.000000,90.000000,118.000000
125.000000,23.000000,90.000000,118.000000
125.000000,23.000000,90.000000,118.000000
125.000000,23.000000,90.000000,118.000000
125.000000,23.000000,90.000000,118.000000
125.000000,23.000000,90.000000,118.000000
125.000000,23.000000,90.000000,118.000000
125.000000,23.000000,90.000000,118.000000
125.000000,23.000000,90.000000,118.000000
125.000000,23.000000,90.000000,118.000000
125.000000,23.000000,90.000000,118.000000
125.000000,23.000000,90.000000,118.000000
125.000000,23.000000,90.000000,118.000000
125.000000,23.000000,90.000000,118.000000
125.000000,23.000000,90.000000,118.000000
125.000000,23.000000,90.000000,118.000000
125.000000,23.000000,90.000000,118.000000
125.000000,23.000000,90.000000,118.000000
125.000000,23.000000,90.000000,118.000000
125.000000,23.000000,90.000000,118.000000
125.000000,23.000000,90.000000,118.000000
125.000000,23.000000,90.000000,118.000000
125.000000,23.000000,90.000000,118.000000
125.000000,23.000000,90.000000,118.000000
125.000000,23.000000,90.000000,118.000000
125.000000,23.000000,90.000000,118.000000
125.000000,23.000000,90.000000,118.000000
125.000000,23.000000,90.000000,118.000000
125.000000,23.000000,90.000000,118.000000
125.000000,23.000000,90.000000,118.000000
125.000000,23.000000,90.000000,118.000000
125.000000,23.000000,90.000000,118.000000
125.000000,23.000000,90.000000,118.000000
125.000000,23.000000,90.000000,118.000000
125.000000,23.000000,90.000000,118.000000
125.000000,23.000000,90.000000,118.000000
125.000000,23.000000,90.000000,118.000000
125.000000,23.000000,90.000000,118.000000
125.000000,23.000000,90.000000,118.000000
125.000000,23.000000,90.000000,118.000000
125.000000,23.000000,90.000000,118.000000
125.000000,23.000000,90.000000,118.000000
125.000000,23.000000,90.000000,118.000000
125.000000,23.000000,90.000000,118.000000
125.000000,23.000000,90.000000,118.000000
125.000000,23.000000,90.000000,118.000000
125.000000,23.000000,90.000000,118.000000
125.000000,23.000000,90.000000,118.000000
125.000000,23.000000,90.000000,118.000000
125.000000,23.000000,90.000000,118.000000
125.000000,23.000000,90.000000,118.000000
125.000000,23.000000,90.000000,118.000000
125.000000,23.000000,90.000000,118.000000
125.000000,23.000000,90.000000,118.000000
125.000000,23.000000,90.000000,118.000000
125.000000,23.000000,90.000000,118.000000
191.000000,44.000000,90.000000,118.000000
191.000000,44.000000,90.000000,118.000000
191.000000,44.000000,90.000000,118.000000
191.000000,44.000000,90.000000,118.000000
136.000000,39.000000,90.000000,118.000000
136.000000,39.000000,90.000000,118.000000
136.000000,39.000000,90.000000,118.000000
181.000000,24.000000,90.000000,118.000000
181.000000,24.000000,90.000000,118.000000
181.000000,24.000000,90.000000,118.000000
181.000000,24.000000,90.000000,118.000000
181.000000,24.000000,90.000000,118.000000
181.000000,24.000000,90.000000,118.000000
181.000000,24.000000,90.000000,118.000000
181.000000,24.000000,90.000000,118.000000
181.000000,24.000000,90.000000,118.000000
156.000000,4.000000,90.000000,118.000000
156.000000,4.000000,90.000000,118.000000
156.000000,4.000000,90.000000,118.000000
156.000000,4.000000,90.000000,118.000000
156.000000,4.000000,90.000000,118.000000
121.000000,39.000000,90.000000,118.000000
121.000000,39.000000,90.000000,118.000000
121.000000,39.000000,90.000000,118.000000
81.000000,49.000000,90.000000,118.000000
81.000000,49.000000,90.000000,118.000000
81.000000,49.000000,90.000000,118.000000
81.000000,49.000000,90.000000,118.000000
81.000000,49.000000,90.000000,118.000000
81.000000,49.000000,90.000000,118.000000
81.000000,49.000000,90.000000,118.000000
81.000000,49.000000,90.000000,118.000000
116.000000,38.000000,90.000000,118.000000
116.000000,38.000000,90.000000,118.000000
116.000000,38.000000,90.000000,118.000000
116.000000,38.000000,90.000000,118.000000
116.000000,38.000000,90.000000,118.000000
116.000000,38.000000,90.000000,118.000000
116.000000,38.000000,90.000000,118.000000
88.000000,18.000000,90.000000,118.000000
88.000000,18.000000,90.000000,118.000000
88.000000,18.000000,90.000000,118.000000
88.000000,18.000000,90.000000,118.000000
88.000000,18.000000,90.000000,118.000000
88.000000,18.000000,90.000000,118.000000
88.000000,18.000000,90.000000,118.000000
88.000000,18.000000,90.000000,118.000000
88.000000,18.000000,90.000000,118.000000
88.000000,18.000000,90.000000,118.000000
88.000000,18.000000,90.000000,118.000000
88.000000,18.000000,90.000000,118.000000
88.000000,18.000000,90.000000,118.000000
2
0
0
0
0
1
137.000000,65.000000,48.000000,57.000000
137.000000,65.000000,48.000000,57.000000
137.000000,65.000000,48.000000,57.000000
137.000000,65.000000,48.000000,57.000000
137.000000,65.000000,48.000000,57.000000
137.000000,65.000000,48.000000,57.000000
137.000000,65.000000,48.000000,57.000000
137.000000,65.000000,48.000000,57.000000
137.000000,65.000000,48.000000,57.000000
137.000000,65.000000,48.000000,57.000000
137.000000,65.000000,48.000000,57.000000
137.000000,65.000000,48.000000,57.000000
137.000000,65.000000,48.000000,57.000000
137.000000,65.000000,48.000000,57.000000
137.000000,65.000000,48.000000,57.000000
137.000000,65.000000,48.000000,57.000000
137.000000,65.000000,48.000000,57.000000
137.000000,65.000000,48.000000,57.000000
137.000000,65.000000,48.000000,57.000000
137.000000,65.000000,48.000000,57.000000
137.000000,65.000000,48.000000,57.000000
153.000000,37.500000,48.000000,57.000000
153.000000,37.500000,48.000000,57.000000
165.000000,14.500000,48.000000,57.000000
165.000000,14.500000,48.000000,57.000000
165.000000,14.500000,48.000000,57.000000
165.000000,14.500000,48.000000,57.000000
165.000000,14.500000,48.000000,57.000000
165.000000,14.500000,48.000000,57.000000
165.000000,14.500000,48.000000,57.000000
165.000000,14.500000,48.000000,57.000000
165.000000,14.500000,48.000000,57.000000
165.000000,14.500000,48.000000,57.000000
165.000000,14.500000,48.000000,57.000000
187.000000,19.500000,48.000000,57.000000
187.000000,19.500000,48.000000,57.000000
187.000000,19.500000,48.000000,57.000000
187.000000,19.500000,48.000000,57.000000
187.000000,19.500000,48.000000,57.000000
187.000000,19.500000,48.000000,57.000000
198.000000,4.500000,48.000000,57.000000
198.000000,4.500000,48.000000,57.000000
198.000000,4.500000,48.000000,57.000000
198.000000,4.500000,48.000000,57.000000
177.000000,9.500000,48.000000,57.000000
177.000000,9.500000,48.000000,57.000000
177.000000,9.500000,48.000000,57.000000
177.000000,9.500000,48.000000,57.000000
177.000000,9.500000,48.000000,57.000000
177.000000,9.500000,48.000000,57.000000
177.000000,9.500000,48.000000,57.000000
177.000000,9.500000,48.000000,57.000000
177.000000,9.500000,48.000000,57.000000
177.000000,9.500000,48.000000,57.000000
177.000000,9.500000,48.000000,57.000000
177.000000,9.500000,48.000000,57.000000
177.000000,9.500000,48.000000,57.000000
177.000000,9.500000,48.000000,57.000000
2
0
0
0
0
1
147.000000,36.000000,76.000000,91.000000
147.000000,36.000000,76.000000,91.000000
147.000000,36.000000,76.000000,91.000000
147.000000,36.000000,76.000000,91.000000
147.000000,36.000000,76.000000,91.000000
147.000000,36.000000,76.000000,91.000000
147.000000,36.000000,76.000000,91.000000
147.000000,36.000000,76.000000,91.000000
138.000000,9.500000,76.000000,91.000000
138.000000,9.500000,76.000000,91.000000
138.000000,9.500000,76.000000,91.000000
138.000000,9.500000,76.000000,91.000000
138.000000,9.500000,76.000000,91.000000
138.000000,9.500000,76.000000,91.000000
138.000000,9.500000,76.000000,91.000000
138.000000,9.500000,76.000000,91.000000
138.000000,9.500000,76.000000,91.000000
138.000000,9.500000,76.000000,91.000000
138.000000,9.500000,76.000000,91.000000
138.000000,9.500000,76.000000,91.000000
127.000000,44.500000,76.000000,91.000000
127.000000,44.500000,76.000000,91.000000
127.000000,44.500000,76.000000,91.000000
127.000000,44.500000,76.000000,91.000000
127.000000,44.500000,76.000000,91.000000
127.000000,44.500000,76.000000,91.000000
127.000000,44.500000,76.000000,91.000000
151.000000,14.500000,76.000000,91.000000
151.000000,14.500000,76.000000,91.000000
151.000000,14.500000,76.000000,91.000000
151.000000,14.500000,76.000000,91.000000
151.000000,14.500000,76.000000,91.000000
151.000000,14.500000,76.000000,91.000000
151.000000,14.500000,76.000000,91.000000
151.000000,14.500000,76.000000,91.000000
151.000000,14.500000,76.000000,91.000000
151.000000,14.500000,76.000000,91.000000
151.000000,14.500000,76.000000,91.000000
151.000000,14.500000,76.000000,91.000000
151.000000,14.500000,76.000000,91.000000
151.000000,14.500000,76.000000,91.000000
151.000000,14.500000,76.000000,91.000000
151.000000,14.500000,76.000000,91.000000
151.000000,14.500000,76.000000,91.000000
151.000000,14.500000,76.000000,91.000000
151.000000,14.500000,76.000000,91.000000
151.000000,14.500000,76.000000,91.000000
151.000000,14.500000,76.000000,91.000000
151.000000,14.500000,76.000000,91.000000
151.000000,14.500000,76.000000,91.000000
151.000000,14.500000,76.000000,91.000000
151.000000,14.500000,76.000000,91.000000
151.000000,14.500000,76.000000,91.000000
151.000000,14.500000,76.000000,91.000000
151.000000,14.500000,76.000000,91.000000
151.000000,14.500000,76.000000,91.000000
151.000000,14.500000,76.000000,91.000000
151.000000,14.500000,76.000000,91.000000
151.000000,14.500000,76.000000,91.000000
151.000000,14.500000,76.000000,91.000000
151.000000,14.500000,76.000000,91.000000
151.000000,14.500000,76.000000,91.000000
151.000000,14.500000,76.000000,91.000000
151.000000,14.500000,76.000000,91.000000
151.000000,14.500000,76.000000,91.000000
119.000000,4.500000,76.000000,91.000000
119.000000,4.500000,76.000000,91.000000
119.000000,4.500000,76.000000,91.000000
119.000000,4.500000,76.000000,91.000000
119.000000,4.500000,76.000000,91.000000
119.000000,4.500000,76.000000,91.000000
119.000000,4.500000,76.000000,91.000000
119.000000,4.500000,76.000000,91.000000
119.000000,4.500000,76.000000,91.000000
119.000000,4.500000,76.000000,91.000000
119.000000,4.500000,76.000000,91.000000
119.000000,4.500000,76.000000,91.000000
119.000000,4.500000,76.000000,91.000000
119.000000,4.500000,76.000000,91.000000
119.000000,4.500000,76.000000,91.000000
119.000000,4.500000,76.000000,91.000000
119.000000,4.500000,76.000000,91.000000
119.000000,4.500000,76.000000,91.000000
119.000000,4.500000,76.000000,91.000000
118.000000,39.500000,76.000000,91.000000
118.000000,39.500000,76.000000,91.000000
118.000000,39.500000,76.000000,91.000000
118.000000,39.500000,76.000000,91.000000
118.000000,39.500000,76.000000,91.000000
118.000000,39.500000,76.000000,91.000000
118.000000,39.500000,76.000000,91.000000
118.000000,39.500000,76.000000,91.000000
118.000000,39.500000,76.000000,91.000000
151.000000,53.500000,76.000000,91.000000
151.000000,53.500000,76.000000,91.000000
151.000000,53.500000,76.000000,91.000000
151.000000,53.500000,76.000000,91.000000
151.000000,53.500000,76.000000,91.000000
151.000000,53.500000,76.000000,91.000000
151.000000,53.500000,76.000000,91.000000
151.000000,53.500000,76.000000,91.000000
132.000000,29.500000,76.000000,91.000000
132.000000,29.500000,76.000000,91.000000
132.000000,29.500000,76.000000,91.000000
132.000000,29.500000,76.000000,91.000000
132.000000,29.500000,76.000000,91.000000
132.000000,29.500000,76.000000,91.000000
132.000000,29.500000,76.000000,91.000000
132.000000,29.500000,76.000000,91.000000
107.000000,44.500000,76.000000,91.000000
107.000000,44.500000,76.000000,91.000000
107.000000,44.500000,76.000000,91.000000
107.000000,44.500000,76.000000,91.000000
107.000000,44.500000,76.000000,91.000000
107.000000,44.500000,76.000000,91.000000
107.000000,44.500000,76.000000,91.000000
107.000000,44.500000,76.000000,91.000000
107.000000,44.500000,76.000000,91.000000
145.000000,60.500000,76.000000,91.000000
145.000000,60.500000,76.000000,91.000000
145.000000,60.500000,76.000000,91.000000
145.000000,60.500000,76.000000,91.000000
145.000000,60.500000,76.000000,91.000000
145.000000,60.500000,76.000000,91.000000
145.000000,60.500000,76.000000,91.000000
145.000000,60.500000,76.000000,91.000000
145.000000,60.500000,76.000000,91.000000
145.000000,60.500000,76.000000,91.000000
145.000000,60.500000,76.000000,91.000000
145.000000,60.500000,76.000000,91.000000
145.000000,60.500000,76.000000,91.000000
145.000000,60.500000,76.000000,91.000000
145.000000,60.500000,76.000000,91.000000
145.000000,60.500000,76.000000,91.000000
145.000000,60.500000,76.000000,91.000000
145.000000,60.500000,76.000000,91.000000
145.000000,60.500000,76.000000,91.000000
145.000000,60.500000,76.000000,91.000000
145.000000,60.500000,76.000000,91.000000
145.000000,60.500000,76.000000,91.000000
145.000000,60.500000,76.000000,91.000000
145.000000,60.500000,76.000000,91.000000
145.000000,60.500000,76.000000,91.000000
145.000000,60.500000,76.000000,91.000000
145.000000,60.500000,76.000000,91.000000
145.000000,60.500000,76.000000,91.000000
145.000000,60.500000,76.000000,91.000000
145.000000,60.500000,76.000000,91.000000
145.000000,60.500000,76.000000,91.000000
145.000000,60.500000,76.000000,91.000000
145.000000,60.500000,76.000000,91.000000
145.000000,60.500000,76.000000,91.000000
145.000000,60.500000,76.000000,91.000000
145.000000,60.500000,76.000000,91.000000
145.000000,60.500000,76.000000,91.000000
145.000000,60.500000,76.000000,91.000000
145.000000,60.500000,76.000000,91.000000
145.000000,60.500000,76.000000,91.000000
145.000000,60.500000,76.000000,91.000000
145.000000,60.500000,76.000000,91.000000
145.000000,60.500000,76.000000,91.000000
145.000000,60.500000,76.000000,91.000000
145.000000,60.500000,76.000000,91.000000
145.000000,60.500000,76.000000,91.000000
145.000000,60.500000,76.000000,91.000000
145.000000,60.500000,76.000000,91.000000
145.000000,60.500000,76.000000,91.000000
145.000000,60.500000,76.000000,91.000000
145.000000,60.500000,76.000000,91.000000
103.000000,61.500000,76.000000,91.000000
103.000000,61.500000,76.000000,91.000000
103.000000,61.500000,76.000000,91.000000
79.000000,63.500000,76.000000,91.000000
79.000000,63.500000,76.000000,91.000000
118.000000,61.500000,76.000000,91.000000
118.000000,61.500000,76.000000,91.000000
147.000000,44.500000,76.000000,91.000000
147.000000,44.500000,76.000000,91.000000
147.000000,44.500000,76.000000,91.000000
147.000000,44.500000,76.000000,91.000000
147.000000,44.500000,76.000000,91.000000
147.000000,44.500000,76.000000,91.000000
147.000000,44.500000,76.000000,91.000000
147.000000,44.500000,76.000000,91.000000
147.000000,44.500000,76.000000,91.000000
147.000000,44.500000,76.000000,91.000000
147.000000,44.500000,76.000000,91.000000
147.000000,44.500000,76.000000,91.000000
147.000000,44.500000,76.000000,91.000000
147.000000,44.500000,76.000000,91.000000
147.000000,44.500000,76.000000,91.000000
147.000000,44.500000,76.000000,91.000000
147.000000,44.500000,76.000000,91.000000
147.000000,44.500000,76.000000,91.000000
147.000000,44.500000,76.000000,91.000000
147.000000,44.500000,76.000000,91.000000
147.000000,44.500000,76.000000,91.000000
147.000000,44.500000,76.000000,91.000000
118.000000,64.500000,76.000000,91.000000
118.000000,64.500000,76.000000,91.000000
118.000000,64.500000,76.000000,91.000000
118.000000,64.500000,76.000000,91.000000
118.000000,64.500000,76.000000,91.000000
118.000000,64.500000,76.000000,91.000000
118.000000,64.500000,76.000000,91.000000
118.000000,64.500000,76.000000,91.000000
118.000000,64.500000,76.000000,91.000000
118.000000,64.500000,76.000000,91.000000
118.000000,64.500000,76.000000,91.000000
118.000000,64.500000,76.000000,91.000000
141.000000,32.500000,76.000000,91.000000
141.000000,32.500000,76.000000,91.000000
141.000000,32.500000,76.000000,91.000000
141.000000,32.500000,76.000000,91.000000
141.000000,32.500000,76.000000,91.000000
141.000000,32.500000,76.000000,91.000000
141.000000,32.500000,76.000000,91.000000
141.000000,32.500000,76.000000,91.000000
141.000000,32.500000,76.000000,91.000000
141.000000,32.500000,76.000000,91.000000
141.000000,32.500000,76.000000,91.000000
141.000000,32.500000,76.000000,91.000000
141.000000,32.500000,76.000000,91.000000
141.000000,32.500000,76.000000,91.000000
109.000000,38.500000,76.000000,91.000000
109.000000,38.500000,76.000000,91.000000
109.000000,38.500000,76.000000,91.000000
109.000000,38.500000,76.000000,91.000000
109.000000,38.500000,76.000000,91.000000
109.000000,38.500000,76.000000,91.000000
109.000000,38.500000,76.000000,91.000000
109.000000,38.500000,76.000000,91.000000
109.000000,38.500000,76.000000,91.000000
