1
150.000000,56.000000,82.000000,96.000000
150.000000,56.000000,82.000000,96.000000
150.000000,56.000000,82.000000,96.000000
150.000000,56.000000,82.000000,96.000000
150.000000,56.000000,82.000000,96.000000
150.000000,56.000000,82.000000,96.000000
150.000000,56.000000,82.000000,96.000000
150.000000,56.000000,82.000000,96.000000
150.000000,56.000000,82.000000,96.000000
150.000000,56.000000,82.000000,96.000000
150.000000,56.000000,82.000000,96.000000
150.000000,56.000000,82.000000,96.000000
150.000000,56.000000,82.000000,96.000000
109.000000,49.000000,82.000000,96.000000
109.000000,49.000000,82.000000,96.000000
109.000000,49.000000,82.000000,96.000000
109.000000,49.000000,82.000000,96.000000
109.000000,49.000000,82.000000,96.000000
109.000000,49.000000,82.000000,96.000000
109.000000,49.000000,82.000000,96.000000
109.000000,49.000000,82.000000,96.000000
109.000000,49.000000,82.000000,96.000000
109.000000,49.000000,82.000000,96.000000
109.000000,49.000000,82.000000,96.000000
109.000000,49.000000,82.000000,96.000000
109.000000,49.000000,82.000000,96.000000
109.000000,49.000000,82.000000,96.000000
109.000000,49.000000,82.000000,96.000000
109.000000,49.000000,82.000000,96.000000
109.000000,49.000000,82.000000,96.000000
109.000000,49.000000,82.000000,96.000000
109.000000,49.000000,82.000000,96.000000
143.000000,35.000000,82.000000,96.000000
143.000000,35.000000,82.000000,96.000000
143.000000,35.000000,82.000000,96.000000
143.000000,35.000000,82.000000,96.000000
143.000000,35.000000,82.000000,96.000000
143.000000,35.000000,82.000000,96.000000
143.000000,35.000000,82.000000,96.000000
143.000000,35.000000,82.000000,96.000000
143.000000,35.000000,82.000000,96.000000
143.000000,35.000000,82.000000,96.000000
143.000000,35.000000,82.000000,96.000000
143.000000,35.000000,82.000000,96.000000
143.000000,35.000000,82.000000,96.000000
115.000000,20.000000,82.000000,96.000000
115.000000,20.000000,82.000000,96.000000
115.000000,20.000000,82.000000,96.000000
115.000000,20.000000,82.000000,96.000000
115.000000,20.000000,82.000000,96.000000
115.000000,20.000000,82.000000,96.000000
115.000000,20.000000,82.000000,96.000000
115.000000,20.000000,82.000000,96.000000
115.000000,20.000000,82.000000,96.000000
115.000000,20.000000,82.000000,96.000000
115.000000,20.000000,82.000000,96.000000
115.000000,20.000000,82.000000,96.000000
115.000000,20.000000,82.000000,96.000000
115.000000,20.000000,82.000000,96.000000
115.000000,20.000000,82.000000,96.000000
115.000000,20.000000,82.000000,96.000000
149.000000,10.000000,82.000000,96.000000
149.000000,10.000000,82.000000,96.000000
149.000000,10.000000,82.000000,96.000000
149.000000,10.000000,82.000000,96.000000
149.000000,10.000000,82.000000,96.000000
149.000000,10.000000,82.000000,96.000000
149.000000,10.000000,82.000000,96.000000
149.000000,10.000000,82.000000,96.000000
149.000000,10.000000,82.000000,96.000000
149.000000,10.000000,82.000000,96.000000
149.000000,10.000000,82.000000,96.000000
149.000000,10.000000,82.000000,96.000000
149.000000,10.000000,82.000000,96.000000
149.000000,10.000000,82.000000,96.000000
128.000000,25.000000,82.000000,96.000000
128.000000,25.000000,82.000000,96.000000
128.000000,25.000000,82.000000,96.000000
128.000000,25.000000,82.000000,96.000000
128.000000,25.000000,82.000000,96.000000
128.000000,25.000000,82.000000,96.000000
128.000000,25.000000,82.000000,96.000000
128.000000,25.000000,82.000000,96.000000
128.000000,25.000000,82.000000,96.000000
128.000000,25.000000,82.000000,96.000000
128.000000,25.000000,82.000000,96.000000
128.000000,25.000000,82.000000,96.000000
128.000000,25.000000,82.000000,96.000000
128.000000,25.000000,82.000000,96.000000
128.000000,25.000000,82.000000,96.000000
128.000000,25.000000,82.000000,96.000000
128.000000,25.000000,82.000000,96.000000
128.000000,25.000000,82.000000,96.000000
128.000000,25.000000,82.000000,96.000000
128.000000,25.000000,82.000000,96.000000
128.000000,25.000000,82.000000,96.000000
128.000000,25.000000,82.000000,96.000000
128.000000,25.000000,82.000000,96.000000
128.000000,25.000000,82.000000,96.000000
128.000000,25.000000,82.000000,96.000000
128.000000,25.000000,82.000000,96.000000
128.000000,25.000000,82.000000,96.000000
128.000000,25.000000,82.000000,96.000000
128.000000,25.000000,82.000000,96.000000
128.000000,25.000000,82.000000,96.000000
128.000000,25.000000,82.000000,96.000000
128.000000,25.000000,82.000000,96.000000
128.000000,25.000000,82.000000,96.000000
128.000000,25.000000,82.000000,96.000000
128.000000,25.000000,82.000000,96.000000
128.000000,25.000000,82.000000,96.000000
128.000000,25.000000,82.000000,96.000000
128.000000,25.000000,82.000000,96.000000
128.000000,25.000000,82.000000,96.000000
128.000000,25.000000,82.000000,96.000000
128.000000,25.000000,82.000000,96.000000
128.000000,25.000000,82.000000,96.000000
128.000000,25.000000,82.000000,96.000000
128.000000,25.000000,82.000000,96.000000
128.000000,25.000000,82.000000,96.000000
128.000000,25.000000,82.000000,96.000000
128.000000,25.000000,82.000000,96.000000
128.000000,25.000000,82.000000,96.000000
128.000000,25.000000,82.000000,96.000000
128.000000,25.000000,82.000000,96.000000
128.000000,25.000000,82.000000,96.000000
128.000000,25.000000,82.000000,96.000000
128.000000,25.000000,82.000000,96.000000
128.000000,25.000000,82.000000,96.000000
128.000000,25.000000,82.000000,96.000000
128.000000,25.000000,82.000000,96.000000
128.000000,25.000000,82.000000,96.000000
128.000000,25.000000,82.000000,96.000000
128.000000,25.000000,82.000000,96.000000
128.000000,25.000000,82.000000,96.000000
128.000000,25.000000,82.000000,96.000000
128.000000,25.000000,82.000000,96.000000
128.000000,25.000000,82.000000,96.000000
128.000000,25.000000,82.000000,96.000000
128.000000,25.000000,82.000000,96.000000
128.000000,25.000000,82.000000,96.000000
128.000000,25.000000,82.000000,96.000000
128.000000,25.000000,82.000000,96.000000
128.000000,25.000000,82.000000,96.000000
128.000000,25.000000,82.000000,96.000000
128.000000,25.000000,82.000000,96.000000
128.000000,25.000000,82.000000,96.000000
128.000000,25.000000,82.000000,96.000000
128.000000,25.000000,82.000000,96.000000
128.000000,25.000000,82.000000,96.000000
128.000000,25.000000,82.000000,96.000000
128.000000,25.000000,82.000000,96.000000
128.000000,25.000000,82.000000,96.000000
128.000000,25.000000,82.000000,96.000000
128.000000,25.000000,82.000000,96.000000
128.000000,25.000000,82.000000,96.000000
128.000000,25.000000,82.000000,96.000000
128.000000,25.000000,82.000000,96.000000
128.000000,25.000000,82.000000,96.000000
128.000000,25.000000,82.000000,96.000000
128.000000,25.000000,82.000000,96.000000
141.000000,0.000000,82.000000,96.000000
141.000000,0.000000,82.000000,96.000000
141.000000,0.000000,82.000000,96.000000
141.000000,0.000000,82.000000,96.000000
141.000000,0.000000,82.000000,96.000000
141.000000,0.000000,82.000000,96.000000
141.000000,0.000000,82.000000,96.000000
141.000000,0.000000,82.000000,96.000000
141.000000,0.000000,82.000000,96.000000
141.000000,0.000000,82.000000,96.000000
141.000000,0.000000,82.000000,96.000000
141.000000,0.000000,82.000000,96.000000
141.000000,0.000000,82.000000,96.000000
141.000000,0.000000,82.000000,96.000000
141.000000,0.000000,82.000000,96.000000
141.000000,0.000000,82.000000,96.000000
141.000000,0.000000,82.000000,96.000000
141.000000,0.000000,82.000000,96.000000
141.000000,0.000000,82.000000,96.000000
141.000000,0.000000,82.000000,96.000000
141.000000,0.000000,82.000000,96.000000
141.000000,0.000000,82.000000,96.000000
141.000000,0.000000,82.000000,96.000000
141.000000,0.000000,82.000000,96.000000
141.000000,0.000000,82.000000,96.000000
141.000000,0.000000,82.000000,96.000000
141.000000,0.000000,82.000000,96.000000
109.000000,25.000000,82.000000,96.000000
109.000000,25.000000,82.000000,96.000000
109.000000,25.000000,82.000000,96.000000
109.000000,25.000000,82.000000,96.000000
109.000000,25.000000,82.000000,96.000000
109.000000,25.000000,82.000000,96.000000
109.000000,25.000000,82.000000,96.000000
109.000000,25.000000,82.000000,96.000000
109.000000,25.000000,82.000000,96.000000
109.000000,25.000000,82.000000,96.000000
109.000000,25.000000,82.000000,96.000000
109.000000,25.000000,82.000000,96.000000
109.000000,25.000000,82.000000,96.000000
109.000000,25.000000,82.000000,96.000000
109.000000,25.000000,82.000000,96.000000
139.000000,4.000000,82.000000,96.000000
139.000000,4.000000,82.000000,96.000000
139.000000,4.000000,82.000000,96.000000
139.000000,4.000000,82.000000,96.000000
139.000000,4.000000,82.000000,96.000000
139.000000,4.000000,82.000000,96.000000
139.000000,4.000000,82.000000,96.000000
139.000000,4.000000,82.000000,96.000000
139.000000,4.000000,82.000000,96.000000
139.000000,4.000000,82.000000,96.000000
139.000000,4.000000,82.000000,96.000000
139.000000,4.000000,82.000000,96.000000
139.000000,4.000000,82.000000,96.000000
139.000000,4.000000,82.000000,96.000000
139.000000,4.000000,82.000000,96.000000
139.000000,4.000000,82.000000,96.000000
139.000000,4.000000,82.000000,96.000000
139.000000,4.000000,82.000000,96.000000
139.000000,4.000000,82.000000,96.000000
139.000000,4.000000,82.000000,96.000000
139.000000,4.000000,82.000000,96.000000
139.000000,4.000000,82.000000,96.000000
139.000000,4.000000,82.000000,96.000000
139.000000,4.000000,82.000000,96.000000
139.000000,4.000000,82.000000,96.000000
139.000000,4.000000,82.000000,96.000000
169.000000,15.000000,82.000000,96.000000
169.000000,15.000000,82.000000,96.000000
169.000000,15.000000,82.000000,96.000000
169.000000,15.000000,82.000000,96.000000
169.000000,15.000000,82.000000,96.000000
169.000000,15.000000,82.000000,96.000000
169.000000,15.000000,82.000000,96.000000
169.000000,15.000000,82.000000,96.000000
169.000000,15.000000,82.000000,96.000000
169.000000,15.000000,82.000000,96.000000
169.000000,15.000000,82.000000,96.000000
169.000000,15.000000,82.000000,96.000000
169.000000,15.000000,82.000000,96.000000
169.000000,15.000000,82.000000,96.000000
169.000000,15.000000,82.000000,96.000000
169.000000,15.000000,82.000000,96.000000
169.000000,15.000000,82.000000,96.000000
169.000000,15.000000,82.000000,96.000000
169.000000,15.000000,82.000000,96.000000
169.000000,15.000000,82.000000,96.000000
169.000000,15.000000,82.000000,96.000000
169.000000,15.000000,82.000000,96.000000
169.000000,15.000000,82.000000,96.000000
169.000000,15.000000,82.000000,96.000000
146.000000,30.000000,82.000000,96.000000
146.000000,30.000000,82.000000,96.000000
146.000000,30.000000,82.000000,96.000000
146.000000,30.000000,82.000000,96.000000
146.000000,30.000000,82.000000,96.000000
146.000000,30.000000,82.000000,96.000000
146.000000,30.000000,82.000000,96.000000
146.000000,30.000000,82.000000,96.000000
146.000000,30.000000,82.000000,96.000000
146.000000,30.000000,82.000000,96.000000
146.000000,30.000000,82.000000,96.000000
146.000000,30.000000,82.000000,96.000000
146.000000,30.000000,82.000000,96.000000
146.000000,30.000000,82.000000,96.000000
146.000000,30.000000,82.000000,96.000000
146.000000,30.000000,82.000000,96.000000
146.000000,30.000000,82.000000,96.000000
146.000000,30.000000,82.000000,96.000000
146.000000,30.000000,82.000000,96.000000
146.000000,30.000000,82.000000,96.000000
146.000000,30.000000,82.000000,96.000000
146.000000,30.000000,82.000000,96.000000
146.000000,30.000000,82.000000,96.000000
146.000000,30.000000,82.000000,96.000000
146.000000,30.000000,82.000000,96.000000
146.000000,30.000000,82.000000,96.000000
146.000000,30.000000,82.000000,96.000000
146.000000,30.000000,82.000000,96.000000
125.000000,0.000000,82.000000,96.000000
125.000000,0.000000,82.000000,96.000000
125.000000,0.000000,82.000000,96.000000
125.000000,0.000000,82.000000,96.000000
125.000000,0.000000,82.000000,96.000000
125.000000,0.000000,82.000000,96.000000
125.000000,0.000000,82.000000,96.000000
125.000000,0.000000,82.000000,96.000000
125.000000,0.000000,82.000000,96.000000
125.000000,0.000000,82.000000,96.000000
125.000000,0.000000,82.000000,96.000000
125.000000,0.000000,82.000000,96.000000
125.000000,0.000000,82.000000,96.000000
125.000000,0.000000,82.000000,96.000000
125.000000,0.000000,82.000000,96.000000
125.000000,0.000000,82.000000,96.000000
125.000000,0.000000,82.000000,96.000000
125.000000,0.000000,82.000000,96.000000
125.000000,0.000000,82.000000,96.000000
125.000000,0.000000,82.000000,96.000000
125.000000,0.000000,82.000000,96.000000
125.000000,0.000000,82.000000,96.000000
125.000000,0.000000,82.000000,96.000000
125.000000,0.000000,82.000000,96.000000
125.000000,0.000000,82.000000,96.000000
125.000000,0.000000,82.000000,96.000000
125.000000,0.000000,82.000000,96.000000
125.000000,0.000000,82.000000,96.000000
125.000000,0.000000,82.000000,96.000000
125.000000,0.000000,82.000000,96.000000
125.000000,0.000000,82.000000,96.000000
125.000000,0.000000,82.000000,96.000000
125.000000,0.000000,82.000000,96.000000
125.000000,0.000000,82.000000,96.000000
125.000000,0.000000,82.000000,96.000000
125.000000,0.000000,82.000000,96.000000
125.000000,0.000000,82.000000,96.000000
125.000000,0.000000,82.000000,96.000000
125.000000,0.000000,82.000000,96.000000
125.000000,0.000000,82.000000,96.000000
125.000000,0.000000,82.000000,96.000000
125.000000,0.000000,82.000000,96.000000
125.000000,0.000000,82.000000,96.000000
125.000000,0.000000,82.000000,96.000000
125.000000,0.000000,82.000000,96.000000
125.000000,0.000000,82.000000,96.000000
125.000000,0.000000,82.000000,96.000000
125.000000,0.000000,82.000000,96.000000
125.000000,0.000000,82.000000,96.000000
125.000000,0.000000,82.000000,96.000000
125.000000,0.000000,82.000000,96.000000
125.000000,0.000000,82.000000,96.000000
125.000000,0.000000,82.000000,96.000000
125.000000,0.000000,82.000000,96.000000
125.000000,0.000000,82.000000,96.000000
125.000000,0.000000,82.000000,96.000000
125.000000,0.000000,82.000000,96.000000
125.000000,0.000000,82.000000,96.000000
125.000000,0.000000,82.000000,96.000000
125.000000,0.000000,82.000000,96.000000
125.000000,0.000000,82.000000,96.000000
125.000000,0.000000,82.000000,96.000000
125.000000,0.000000,82.000000,96.000000
125.000000,0.000000,82.000000,96.000000
125.000000,0.000000,82.000000,96.000000
125.000000,0.000000,82.000000,96.000000
125.000000,0.000000,82.000000,96.000000
125.000000,0.000000,82.000000,96.000000
125.000000,0.000000,82.000000,96.000000
125.000000,0.000000,82.000000,96.000000
125.000000,0.000000,82.000000,96.000000
125.000000,0.000000,82.000000,96.000000
125.000000,0.000000,82.000000,96.000000
125.000000,0.000000,82.000000,96.000000
125.000000,0.000000,82.000000,96.000000
125.000000,0.000000,82.000000,96.000000
125.000000,0.000000,82.000000,96.000000
125.000000,0.000000,82.000000,96.000000
125.000000,0.000000,82.000000,96.000000
125.000000,0.000000,82.000000,96.000000
125.000000,0.000000,82.000000,96.000000
125.000000,0.000000,82.000000,96.000000
125.000000,0.000000,82.000000,96.000000
125.000000,0.000000,82.000000,96.000000
125.000000,0.000000,82.000000,96.000000
125.000000,0.000000,82.000000,96.000000
125.000000,0.000000,82.000000,96.000000
125.000000,0.000000,82.000000,96.000000
125.000000,0.000000,82.000000,96.000000
125.000000,0.000000,82.000000,96.000000
125.000000,0.000000,82.000000,96.000000
125.000000,0.000000,82.000000,96.000000
125.000000,0.000000,82.000000,96.000000
125.000000,0.000000,82.000000,96.000000
125.000000,0.000000,82.000000,96.000000
125.000000,0.000000,82.000000,96.000000
125.000000,0.000000,82.000000,96.000000
125.000000,0.000000,82.000000,96.000000
125.000000,0.000000,82.000000,96.000000
125.000000,0.000000,82.000000,96.000000
125.000000,0.000000,82.000000,96.000000
125.000000,0.000000,82.000000,96.000000
125.000000,0.000000,82.000000,96.000000
125.000000,0.000000,82.000000,96.000000
125.000000,0.000000,82.000000,96.000000
125.000000,0.000000,82.000000,96.000000
125.000000,0.000000,82.000000,96.000000
125.000000,0.000000,82.000000,96.000000
125.000000,0.000000,82.000000,96.000000
125.000000,0.000000,82.000000,96.000000
125.000000,0.000000,82.000000,96.000000
125.000000,0.000000,82.000000,96.000000
125.000000,0.000000,82.000000,96.000000
125.000000,0.000000,82.000000,96.000000
125.000000,0.000000,82.000000,96.000000
125.000000,0.000000,82.000000,96.000000
125.000000,0.000000,82.000000,96.000000
125.000000,0.000000,82.000000,96.000000
125.000000,0.000000,82.000000,96.000000
125.000000,0.000000,82.000000,96.000000
125.000000,0.000000,82.000000,96.000000
125.000000,0.000000,82.000000,96.000000
125.000000,0.000000,82.000000,96.000000
125.000000,0.000000,82.000000,96.000000
125.000000,0.000000,82.000000,96.000000
125.000000,0.000000,82.000000,96.000000
125.000000,0.000000,82.000000,96.000000
125.000000,0.000000,82.000000,96.000000
125.000000,0.000000,82.000000,96.000000
125.000000,0.000000,82.000000,96.000000
125.000000,0.000000,82.000000,96.000000
125.000000,0.000000,82.000000,96.000000
125.000000,0.000000,82.000000,96.000000
125.000000,0.000000,82.000000,96.000000
2
0
0
0
0
1
155.000000,57.000000,62.000000,76.000000
155.000000,57.000000,62.000000,76.000000
155.000000,57.000000,62.000000,76.000000
155.000000,57.000000,62.000000,76.000000
155.000000,57.000000,62.000000,76.000000
130.000000,37.000000,62.000000,76.000000
130.000000,37.000000,62.000000,76.000000
2
0
0
0
0
1
133.000000,50.000000,55.000000,76.000000
133.000000,50.000000,55.000000,76.000000
142.500000,29.000000,55.000000,76.000000
142.500000,29.000000,55.000000,76.000000
111.500000,30.000000,55.000000,76.000000
111.500000,30.000000,55.000000,76.000000
145.500000,10.000000,55.000000,76.000000
145.500000,10.000000,55.000000,76.000000
145.500000,10.000000,55.000000,76.000000
145.500000,10.000000,55.000000,76.000000
168.500000,15.000000,55.000000,76.000000
168.500000,15.000000,55.000000,76.000000
168.500000,15.000000,55.000000,76.000000
168.500000,15.000000,55.000000,76.000000
168.500000,15.000000,55.000000,76.000000
168.500000,15.000000,55.000000,76.000000
168.500000,15.000000,55.000000,76.000000
168.500000,15.000000,55.000000,76.000000
168.500000,15.000000,55.000000,76.000000
168.500000,15.000000,55.000000,76.000000
168.500000,15.000000,55.000000,76.000000
168.500000,15.000000,55.000000,76.000000
168.500000,15.000000,55.000000,76.000000
168.500000,15.000000,55.000000,76.000000
168.500000,15.000000,55.000000,76.000000
168.500000,15.000000,55.000000,76.000000
168.500000,15.000000,55.000000,76.000000
168.500000,15.000000,55.000000,76.000000
168.500000,15.000000,55.000000,76.000000
168.500000,15.000000,55.000000,76.000000
168.500000,15.000000,55.000000,76.000000
168.500000,15.000000,55.000000,76.000000
168.500000,15.000000,55.000000,76.000000
168.500000,15.000000,55.000000,76.000000
168.500000,15.000000,55.000000,76.000000
168.500000,15.000000,55.000000,76.000000
168.500000,15.000000,55.000000,76.000000
168.500000,15.000000,55.000000,76.000000
168.500000,15.000000,55.000000,76.000000
168.500000,15.000000,55.000000,76.000000
168.500000,15.000000,55.000000,76.000000
168.500000,15.000000,55.000000,76.000000
168.500000,15.000000,55.000000,76.000000
168.500000,15.000000,55.000000,76.000000
168.500000,15.000000,55.000000,76.000000
168.500000,15.000000,55.000000,76.000000
168.500000,15.000000,55.000000,76.000000
168.500000,15.000000,55.000000,76.000000
168.500000,15.000000,55.000000,76.000000
168.500000,15.000000,55.000000,76.000000
168.500000,15.000000,55.000000,76.000000
168.500000,15.000000,55.000000,76.000000
168.500000,15.000000,55.000000,76.000000
168.500000,15.000000,55.000000,76.000000
168.500000,15.000000,55.000000,76.000000
168.500000,15.000000,55.000000,76.000000
168.500000,15.000000,55.000000,76.000000
168.500000,15.000000,55.000000,76.000000
168.500000,15.000000,55.000000,76.000000
110.500000,8.000000,55.000000,76.000000
110.500000,8.000000,55.000000,76.000000
110.500000,8.000000,55.000000,76.000000
110.500000,8.000000,55.000000,76.000000
110.500000,8.000000,55.000000,76.000000
110.500000,8.000000,55.000000,76.000000
110.500000,8.000000,55.000000,76.000000
110.500000,8.000000,55.000000,76.000000
110.500000,8.000000,55.000000,76.000000
110.500000,8.000000,55.000000,76.000000
110.500000,8.000000,55.000000,76.000000
110.500000,8.000000,55.000000,76.000000
110.500000,8.000000,55.000000,76.000000
110.500000,8.000000,55.000000,76.000000
110.500000,8.000000,55.000000,76.000000
175.500000,43.000000,55.000000,76.000000
175.500000,43.000000,55.000000,76.000000
175.500000,43.000000,55.000000,76.000000
175.500000,43.000000,55.000000,76.000000
175.500000,43.000000,55.000000,76.000000
175.500000,43.000000,55.000000,76.000000
175.500000,43.000000,55.000000,76.000000
175.500000,43.000000,55.000000,76.000000
175.500000,43.000000,55.000000,76.000000
155.500000,53.000000,55.000000,76.000000
155.500000,53.000000,55.000000,76.000000
155.500000,53.000000,55.000000,76.000000
155.500000,22.000000,55.000000,76.000000
155.500000,22.000000,55.000000,76.000000
155.500000,22.000000,55.000000,76.000000
155.500000,22.000000,55.000000,76.000000
155.500000,22.000000,55.000000,76.000000
155.500000,22.000000,55.000000,76.000000
155.500000,22.000000,55.000000,76.000000
155.500000,22.000000,55.000000,76.000000
155.500000,22.000000,55.000000,76.000000
155.500000,22.000000,55.000000,76.000000
155.500000,22.000000,55.000000,76.000000
153.500000,76.000000,55.000000,76.000000
153.500000,76.000000,55.000000,76.000000
153.500000,76.000000,55.000000,76.000000
153.500000,76.000000,55.000000,76.000000
153.500000,76.000000,55.000000,76.000000
128.500000,20.000000,55.000000,76.000000
128.500000,20.000000,55.000000,76.000000
128.500000,20.000000,55.000000,76.000000
128.500000,20.000000,55.000000,76.000000
128.500000,20.000000,55.000000,76.000000
133.500000,50.000000,55.000000,76.000000
133.500000,50.000000,55.000000,76.000000
133.500000,50.000000,55.000000,76.000000
133.500000,50.000000,55.000000,76.000000
133.500000,50.000000,55.000000,76.000000
133.500000,50.000000,55.000000,76.000000
133.500000,50.000000,55.000000,76.000000
133.500000,50.000000,55.000000,76.000000
133.500000,50.000000,55.000000,76.000000
133.500000,50.000000,55.000000,76.000000
133.500000,50.000000,55.000000,76.000000
133.500000,50.000000,55.000000,76.000000
108.500000,18.000000,55.000000,76.000000
108.500000,18.000000,55.000000,76.000000
108.500000,18.000000,55.000000,76.000000
108.500000,18.000000,55.000000,76.000000
108.500000,18.000000,55.000000,76.000000
108.500000,18.000000,55.000000,76.000000
108.500000,18.000000,55.000000,76.000000
108.500000,18.000000,55.000000,76.000000
108.500000,18.000000,55.000000,76.000000
108.500000,18.000000,55.000000,76.000000
108.500000,18.000000,55.000000,76.000000
108.500000,18.000000,55.000000,76.000000
133.500000,23.000000,55.000000,76.000000
133.500000,23.000000,55.000000,76.000000
133.500000,23.000000,55.000000,76.000000
133.500000,23.000000,55.000000,76.000000
133.500000,23.000000,55.000000,76.000000
133.500000,23.000000,55.000000,76.000000
133.500000,23.000000,55.000000,76.000000
133.500000,23.000000,55.000000,76.000000
133.500000,23.000000,55.000000,76.000000
133.500000,23.000000,55.000000,76.000000
133.500000,49.000000,55.000000,76.000000
133.500000,49.000000,55.000000,76.000000
133.500000,49.000000,55.000000,76.000000
133.500000,49.000000,55.000000,76.000000
105.500000,16.000000,55.000000,76.000000
105.500000,16.000000,55.000000,76.000000
105.500000,16.000000,55.000000,76.000000
105.500000,16.000000,55.000000,76.000000
105.500000,16.000000,55.000000,76.000000
105.500000,16.000000,55.000000,76.000000
105.500000,16.000000,55.000000,76.000000
105.500000,16.000000,55.000000,76.000000
105.500000,16.000000,55.000000,76.000000
105.500000,16.000000,55.000000,76.000000
105.500000,16.000000,55.000000,76.000000
138.500000,37.000000,55.000000,76.000000
138.500000,37.000000,55.000000,76.000000
138.500000,37.000000,55.000000,76.000000
138.500000,37.000000,55.000000,76.000000
138.500000,37.000000,55.000000,76.000000
138.500000,37.000000,55.000000,76.000000
138.500000,37.000000,55.000000,76.000000
138.500000,37.000000,55.000000,76.000000
138.500000,37.000000,55.000000,76.000000
138.500000,37.000000,55.000000,76.000000
138.500000,37.000000,55.000000,76.000000
138.500000,37.000000,55.000000,76.000000
138.500000,37.000000,55.000000,76.000000
138.500000,37.000000,55.000000,76.000000
138.500000,37.000000,55.000000,76.000000
138.500000,37.000000,55.000000,76.000000
138.500000,37.000000,55.000000,76.000000
138.500000,37.000000,55.000000,76.000000
138.500000,37.000000,55.000000,76.000000
138.500000,37.000000,55.000000,76.000000
138.500000,37.000000,55.000000,76.000000
138.500000,37.000000,55.000000,76.000000
138.500000,37.000000,55.000000,76.000000
138.500000,37.000000,55.000000,76.000000
138.500000,37.000000,55.000000,76.000000
138.500000,37.000000,55.000000,76.000000
138.500000,37.000000,55.000000,76.000000
138.500000,37.000000,55.000000,76.000000
138.500000,37.000000,55.000000,76.000000
138.500000,37.000000,55.000000,76.000000
138.500000,37.000000,55.000000,76.000000
138.500000,37.000000,55.000000,76.000000
138.500000,37.000000,55.000000,76.000000
138.500000,37.000000,55.000000,76.000000
138.500000,37.000000,55.000000,76.000000
138.500000,37.000000,55.000000,76.000000
138.500000,37.000000,55.000000,76.000000
138.500000,37.000000,55.000000,76.000000
138.500000,37.000000,55.000000,76.000000
138.500000,37.000000,55.000000,76.000000
138.500000,37.000000,55.000000,76.000000
138.500000,37.000000,55.000000,76.000000
138.500000,37.000000,55.000000,76.000000
138.500000,37.000000,55.000000,76.000000
138.500000,37.000000,55.000000,76.000000
138.500000,37.000000,55.000000,76.000000
138.500000,37.000000,55.000000,76.000000
138.500000,37.000000,55.000000,76.000000
138.500000,37.000000,55.000000,76.000000
138.500000,37.000000,55.000000,76.000000
138.500000,37.000000,55.000000,76.000000
138.500000,37.000000,55.000000,76.000000
109.500000,38.000000,55.000000,76.000000
109.500000,38.000000,55.000000,76.000000
109.500000,38.000000,55.000000,76.000000
109.500000,38.000000,55.000000,76.000000
109.500000,38.000000,55.000000,76.000000
109.500000,38.000000,55.000000,76.000000
109.500000,38.000000,55.000000,76.000000
109.500000,38.000000,55.000000,76.000000
109.500000,38.000000,55.000000,76.000000
109.500000,38.000000,55.000000,76.000000
109.500000,38.000000,55.000000,76.000000
109.500000,38.000000,55.000000,76.000000
109.500000,38.000000,55.000000,76.000000
109.500000,38.000000,55.000000,76.000000
109.500000,38.000000,55.000000,76.000000
164.500000,73.000000,55.000000,76.000000
164.500000,73.000000,55.000000,76.000000
164.500000,73.000000,55.000000,76.000000
164.500000,73.000000,55.000000,76.000000
164.500000,73.000000,55.000000,76.000000
164.500000,73.000000,55.000000,76.000000
164.500000,73.000000,55.000000,76.000000
164.500000,73.000000,55.000000,76.000000
164.500000,73.000000,55.000000,76.000000
164.500000,73.000000,55.000000,76.000000
164.500000,73.000000,55.000000,76.000000
164.500000,73.000000,55.000000,76.000000
164.500000,73.000000,55.000000,76.000000
148.500000,62.000000,55.000000,76.000000
148.500000,62.000000,55.000000,76.000000
148.500000,62.000000,55.000000,76.000000
148.500000,62.000000,55.000000,76.000000
148.500000,62.000000,55.000000,76.000000
148.500000,62.000000,55.000000,76.000000
148.500000,62.000000,55.000000,76.000000
148.500000,62.000000,55.000000,76.000000
148.500000,62.000000,55.000000,76.000000
148.500000,62.000000,55.000000,76.000000
148.500000,62.000000,55.000000,76.000000
148.500000,62.000000,55.000000,76.000000
148.500000,62.000000,55.000000,76.000000
148.500000,62.000000,55.000000,76.000000
148.500000,62.000000,55.000000,76.000000
148.500000,62.000000,55.000000,76.000000
148.500000,62.000000,55.000000,76.000000
148.500000,62.000000,55.000000,76.000000
148.500000,62.000000,55.000000,76.000000
148.500000,62.000000,55.000000,76.000000
148.500000,62.000000,55.000000,76.000000
168.500000,87.000000,55.000000,76.000000
168.500000,87.000000,55.000000,76.000000
191.500000,50.000000,55.000000,76.000000
191.500000,50.000000,55.000000,76.000000
191.500000,50.000000,55.000000,76.000000
191.500000,50.000000,55.000000,76.000000
191.500000,50.000000,55.000000,76.000000
191.500000,50.000000,55.000000,76.000000
191.500000,50.000000,55.000000,76.000000
191.500000,50.000000,55.000000,76.000000
191.500000,50.000000,55.000000,76.000000
152.500000,71.000000,55.000000,76.000000
152.500000,71.000000,55.000000,76.000000
152.500000,71.000000,55.000000,76.000000
152.500000,71.000000,55.000000,76.000000
152.500000,71.000000,55.000000,76.000000
152.500000,71.000000,55.000000,76.000000
152.500000,71.000000,55.000000,76.000000
152.500000,71.000000,55.000000,76.000000
152.500000,71.000000,55.000000,76.000000
152.500000,71.000000,55.000000,76.000000
2
0
0
0
0
1
169.000000,44.000000,65.000000,91.000000
169.000000,44.000000,65.000000,91.000000
169.000000,44.000000,65.000000,91.000000
169.000000,44.000000,65.000000,91.000000
169.000000,44.000000,65.000000,91.000000
169.000000,44.000000,65.000000,91.000000
169.000000,44.000000,65.000000,91.000000
169.000000,44.000000,65.000000,91.000000
169.000000,44.000000,65.000000,91.000000
169.000000,44.000000,65.000000,91.000000
169.000000,44.000000,65.000000,91.000000
169.000000,44.000000,65.000000,91.000000
169.000000,44.000000,65.000000,91.000000
169.000000,44.000000,65.000000,91.000000
169.000000,44.000000,65.000000,91.000000
169.000000,44.000000,65.000000,91.000000
169.000000,44.000000,65.000000,91.000000
169.000000,44.000000,65.000000,91.000000
169.000000,44.000000,65.000000,91.000000
169.000000,44.000000,65.000000,91.000000
169.000000,44.000000,65.000000,91.000000
169.000000,44.000000,65.000000,91.000000
169.000000,44.000000,65.000000,91.000000
169.000000,44.000000,65.000000,91.000000
168.500000,43.500000,65.000000,91.000000
168.500000,43.500000,65.000000,91.000000
168.500000,43.500000,65.000000,91.000000
168.500000,43.500000,65.000000,91.000000
168.500000,43.500000,65.000000,91.000000
168.500000,43.500000,65.000000,91.000000
168.500000,43.500000,65.000000,91.000000
168.500000,43.500000,65.000000,91.000000
168.500000,43.500000,65.000000,91.000000
168.500000,43.500000,65.000000,91.000000
168.500000,43.500000,65.000000,91.000000
168.500000,43.500000,65.000000,91.000000
168.500000,43.500000,65.000000,91.000000
168.500000,43.500000,65.000000,91.000000
168.500000,43.500000,65.000000,91.000000
168.500000,43.500000,65.000000,91.000000
168.500000,43.500000,65.000000,91.000000
168.500000,43.500000,65.000000,91.000000
168.500000,43.500000,65.000000,91.000000
168.500000,43.500000,65.000000,91.000000
135.500000,73.500000,65.000000,91.000000
135.500000,73.500000,65.000000,91.000000
135.500000,73.500000,65.000000,91.000000
135.500000,73.500000,65.000000,91.000000
135.500000,73.500000,65.000000,91.000000
135.500000,73.500000,65.000000,91.000000
135.500000,73.500000,65.000000,91.000000
