1
139.389999,111.250000,97.750000,240.559998
139.389999,111.250000,97.750000,240.559998
139.389999,111.250000,97.750000,240.559998
139.389999,111.250000,97.750000,240.559998
139.389999,111.250000,97.750000,240.559998
139.389999,111.250000,97.750000,240.559998
139.389999,111.250000,97.750000,240.559998
139.389999,111.250000,97.750000,240.559998
139.389999,111.250000,97.750000,240.559998
139.389999,111.250000,97.750000,240.559998
139.389999,111.250000,97.750000,240.559998
139.389999,111.250000,97.750000,240.559998
139.389999,111.250000,97.750000,240.559998
139.389999,111.250000,97.750000,240.559998
139.389999,111.250000,97.750000,240.559998
139.389999,111.250000,97.750000,240.559998
139.389999,111.250000,97.750000,240.559998
139.389999,111.250000,97.750000,240.559998
139.389999,111.250000,97.750000,240.559998
139.389999,111.250000,97.750000,240.559998
139.389999,111.250000,97.750000,240.559998
139.389999,111.250000,97.750000,240.559998
139.389999,111.250000,97.750000,240.559998
139.389999,111.250000,97.750000,240.559998
139.389999,111.250000,97.750000,240.559998
139.389999,111.250000,97.750000,240.559998
139.389999,111.250000,97.750000,240.559998
139.389999,111.250000,97.750000,240.559998
139.389999,111.250000,97.750000,240.559998
139.389999,111.250000,97.750000,240.559998
139.389999,111.250000,97.750000,240.559998
139.389999,111.250000,97.750000,240.559998
139.389999,111.250000,97.750000,240.559998
139.389999,111.250000,97.750000,240.559998
79.125000,145.720001,97.750000,240.559998
79.125000,145.720001,97.750000,240.559998
79.125000,145.720001,97.750000,240.559998
79.125000,145.720001,97.750000,240.559998
79.125000,145.720001,97.750000,240.559998
79.125000,145.720001,97.750000,240.559998
79.125000,145.720001,97.750000,240.559998
79.125000,145.720001,97.750000,240.559998
79.125000,145.720001,97.750000,240.559998
79.125000,145.720001,97.750000,240.559998
79.125000,145.720001,97.750000,240.559998
79.125000,145.720001,97.750000,240.559998
79.125000,145.720001,97.750000,240.559998
79.125000,145.720001,97.750000,240.559998
79.125000,145.720001,97.750000,240.559998
79.125000,145.720001,97.750000,240.559998
79.125000,145.720001,97.750000,240.559998
113.125000,172.720001,97.750000,240.559998
113.125000,172.720001,97.750000,240.559998
113.125000,172.720001,97.750000,240.559998
113.125000,172.720001,97.750000,240.559998
113.125000,172.720001,97.750000,240.559998
113.125000,172.720001,97.750000,240.559998
113.125000,172.720001,97.750000,240.559998
113.125000,172.720001,97.750000,240.559998
113.125000,172.720001,97.750000,240.559998
113.125000,172.720001,97.750000,240.559998
113.125000,172.720001,97.750000,240.559998
113.125000,172.720001,97.750000,240.559998
113.125000,172.720001,97.750000,240.559998
113.125000,172.720001,97.750000,240.559998
113.125000,172.720001,97.750000,240.559998
113.125000,172.720001,97.750000,240.559998
113.125000,172.720001,97.750000,240.559998
113.125000,172.720001,97.750000,240.559998
113.125000,172.720001,97.750000,240.559998
113.125000,172.720001,97.750000,240.559998
113.125000,172.720001,97.750000,240.559998
113.125000,172.720001,97.750000,240.559998
113.125000,172.720001,97.750000,240.559998
113.125000,172.720001,97.750000,240.559998
113.125000,172.720001,97.750000,240.559998
113.125000,172.720001,97.750000,240.559998
113.125000,172.720001,97.750000,240.559998
113.125000,172.720001,97.750000,240.559998
113.125000,172.720001,97.750000,240.559998
113.125000,172.720001,97.750000,240.559998
113.125000,172.720001,97.750000,240.559998
113.125000,172.720001,97.750000,240.559998
113.125000,172.720001,97.750000,240.559998
113.125000,172.720001,97.750000,240.559998
113.125000,172.720001,97.750000,240.559998
113.125000,172.720001,97.750000,240.559998
113.125000,172.720001,97.750000,240.559998
113.125000,172.720001,97.750000,240.559998
113.125000,172.720001,97.750000,240.559998
113.125000,172.720001,97.750000,240.559998
113.125000,172.720001,97.750000,240.559998
113.125000,172.720001,97.750000,240.559998
113.125000,172.720001,97.750000,240.559998
113.125000,172.720001,97.750000,240.559998
113.125000,172.720001,97.750000,240.559998
113.125000,172.720001,97.750000,240.559998
113.125000,172.720001,97.750000,240.559998
113.125000,172.720001,97.750000,240.559998
113.125000,172.720001,97.750000,240.559998
113.125000,172.720001,97.750000,240.559998
113.125000,172.720001,97.750000,240.559998
113.125000,172.720001,97.750000,240.559998
113.125000,172.720001,97.750000,240.559998
113.125000,172.720001,97.750000,240.559998
113.125000,172.720001,97.750000,240.559998
113.125000,172.720001,97.750000,240.559998
113.125000,172.720001,97.750000,240.559998
113.125000,172.720001,97.750000,240.559998
113.125000,172.720001,97.750000,240.559998
113.125000,172.720001,97.750000,240.559998
113.125000,172.720001,97.750000,240.559998
113.125000,172.720001,97.750000,240.559998
113.125000,172.720001,97.750000,240.559998
113.125000,172.720001,97.750000,240.559998
113.125000,172.720001,97.750000,240.559998
113.125000,172.720001,97.750000,240.559998
113.125000,172.720001,97.750000,240.559998
113.125000,172.720001,97.750000,240.559998
113.125000,172.720001,97.750000,240.559998
113.125000,172.720001,97.750000,240.559998
113.125000,172.720001,97.750000,240.559998
113.125000,172.720001,97.750000,240.559998
113.125000,172.720001,97.750000,240.559998
113.125000,172.720001,97.750000,240.559998
113.125000,172.720001,97.750000,240.559998
113.125000,172.720001,97.750000,240.559998
113.125000,172.720001,97.750000,240.559998
113.125000,172.720001,97.750000,240.559998
113.125000,172.720001,97.750000,240.559998
113.125000,172.720001,97.750000,240.559998
113.125000,172.720001,97.750000,240.559998
113.125000,172.720001,97.750000,240.559998
113.125000,172.720001,97.750000,240.559998
113.125000,172.720001,97.750000,240.559998
113.125000,172.720001,97.750000,240.559998
113.125000,172.720001,97.750000,240.559998
113.125000,172.720001,97.750000,240.559998
113.125000,172.720001,97.750000,240.559998
113.125000,172.720001,97.750000,240.559998
113.125000,172.720001,97.750000,240.559998
113.125000,172.720001,97.750000,240.559998
113.125000,172.720001,97.750000,240.559998
113.125000,172.720001,97.750000,240.559998
113.125000,172.720001,97.750000,240.559998
113.125000,172.720001,97.750000,240.559998
113.125000,172.720001,97.750000,240.559998
113.125000,172.720001,97.750000,240.559998
113.125000,172.720001,97.750000,240.559998
113.125000,172.720001,97.750000,240.559998
113.125000,172.720001,97.750000,240.559998
113.125000,172.720001,97.750000,240.559998
113.125000,172.720001,97.750000,240.559998
113.125000,172.720001,97.750000,240.559998
113.125000,172.720001,97.750000,240.559998
113.125000,172.720001,97.750000,240.559998
113.125000,172.720001,97.750000,240.559998
113.125000,172.720001,97.750000,240.559998
113.125000,172.720001,97.750000,240.559998
113.125000,172.720001,97.750000,240.559998
113.125000,172.720001,97.750000,240.559998
113.125000,172.720001,97.750000,240.559998
113.125000,172.720001,97.750000,240.559998
113.125000,172.720001,97.750000,240.559998
113.125000,172.720001,97.750000,240.559998
113.125000,172.720001,97.750000,240.559998
113.125000,172.720001,97.750000,240.559998
113.125000,172.720001,97.750000,240.559998
113.125000,172.720001,97.750000,240.559998
113.125000,172.720001,97.750000,240.559998
113.125000,172.720001,97.750000,240.559998
113.125000,172.720001,97.750000,240.559998
113.125000,172.720001,97.750000,240.559998
113.125000,172.720001,97.750000,240.559998
113.125000,172.720001,97.750000,240.559998
113.125000,172.720001,97.750000,240.559998
113.125000,172.720001,97.750000,240.559998
113.125000,172.720001,97.750000,240.559998
113.125000,172.720001,97.750000,240.559998
113.125000,172.720001,97.750000,240.559998
113.125000,172.720001,97.750000,240.559998
113.125000,172.720001,97.750000,240.559998
113.125000,172.720001,97.750000,240.559998
113.125000,172.720001,97.750000,240.559998
113.125000,172.720001,97.750000,240.559998
113.125000,172.720001,97.750000,240.559998
83.125000,164.720001,97.750000,240.559998
83.125000,164.720001,97.750000,240.559998
83.125000,164.720001,97.750000,240.559998
83.125000,164.720001,97.750000,240.559998
83.125000,164.720001,97.750000,240.559998
83.125000,164.720001,97.750000,240.559998
83.125000,164.720001,97.750000,240.559998
83.125000,164.720001,97.750000,240.559998
83.125000,164.720001,97.750000,240.559998
153.125000,80.720001,97.750000,240.559998
153.125000,80.720001,97.750000,240.559998
153.125000,80.720001,97.750000,240.559998
153.125000,80.720001,97.750000,240.559998
153.125000,80.720001,97.750000,240.559998
153.125000,80.720001,97.750000,240.559998
153.125000,80.720001,97.750000,240.559998
153.125000,80.720001,97.750000,240.559998
73.125000,64.720001,97.750000,240.559998
73.125000,64.720001,97.750000,240.559998
73.125000,64.720001,97.750000,240.559998
73.125000,64.720001,97.750000,240.559998
73.125000,64.720001,97.750000,240.559998
73.125000,64.720001,97.750000,240.559998
73.125000,64.720001,97.750000,240.559998
73.125000,64.720001,97.750000,240.559998
133.125000,59.720001,97.750000,240.559998
133.125000,59.720001,97.750000,240.559998
133.125000,59.720001,97.750000,240.559998
133.125000,59.720001,97.750000,240.559998
133.125000,59.720001,97.750000,240.559998
93.125000,24.720001,97.750000,240.559998
93.125000,24.720001,97.750000,240.559998
93.125000,24.720001,97.750000,240.559998
53.125000,29.720001,97.750000,240.559998
53.125000,29.720001,97.750000,240.559998
53.125000,29.720001,97.750000,240.559998
53.125000,29.720001,97.750000,240.559998
53.125000,29.720001,97.750000,240.559998
53.125000,29.720001,97.750000,240.559998
53.125000,29.720001,97.750000,240.559998
53.125000,29.720001,97.750000,240.559998
53.125000,29.720001,97.750000,240.559998
2
0
0
0
0
1
168.979996,153.220001,71.660004,91.220001
168.979996,153.220001,71.660004,91.220001
168.979996,153.220001,71.660004,91.220001
168.979996,153.220001,71.660004,91.220001
168.979996,153.220001,71.660004,91.220001
168.979996,153.220001,71.660004,91.220001
168.979996,153.220001,71.660004,91.220001
168.979996,153.220001,71.660004,91.220001
168.979996,153.220001,71.660004,91.220001
168.979996,153.220001,71.660004,91.220001
194.169998,208.389999,71.660004,91.220001
194.169998,208.389999,71.660004,91.220001
194.169998,208.389999,71.660004,91.220001
194.169998,208.389999,71.660004,91.220001
194.169998,208.389999,71.660004,91.220001
210.169998,251.389999,71.660004,91.220001
210.169998,251.389999,71.660004,91.220001
210.169998,251.389999,71.660004,91.220001
210.169998,251.389999,71.660004,91.220001
210.169998,251.389999,71.660004,91.220001
210.169998,251.389999,71.660004,91.220001
210.169998,251.389999,71.660004,91.220001
210.169998,251.389999,71.660004,91.220001
210.169998,251.389999,71.660004,91.220001
210.169998,251.389999,71.660004,91.220001
210.169998,251.389999,71.660004,91.220001
210.169998,251.389999,71.660004,91.220001
210.169998,251.389999,71.660004,91.220001
210.169998,251.389999,71.660004,91.220001
210.169998,251.389999,71.660004,91.220001
210.169998,251.389999,71.660004,91.220001
210.169998,251.389999,71.660004,91.220001
210.169998,251.389999,71.660004,91.220001
210.169998,251.389999,71.660004,91.220001
210.169998,251.389999,71.660004,91.220001
210.169998,251.389999,71.660004,91.220001
210.169998,251.389999,71.660004,91.220001
210.169998,251.389999,71.660004,91.220001
210.169998,251.389999,71.660004,91.220001
210.169998,251.389999,71.660004,91.220001
210.169998,251.389999,71.660004,91.220001
210.169998,251.389999,71.660004,91.220001
210.169998,251.389999,71.660004,91.220001
210.169998,251.389999,71.660004,91.220001
210.169998,251.389999,71.660004,91.220001
210.169998,251.389999,71.660004,91.220001
210.169998,251.389999,71.660004,91.220001
210.169998,251.389999,71.660004,91.220001
235.169998,201.389999,71.660004,91.220001
266.169983,177.389999,71.660004,91.220001
266.169983,177.389999,71.660004,91.220001
288.169983,214.389999,71.660004,91.220001
288.169983,214.389999,71.660004,91.220001
350.169983,241.389999,71.660004,91.220001
350.169983,241.389999,71.660004,91.220001
382.169983,243.389999,71.660004,91.220001
413.169983,244.389999,71.660004,91.220001
