1
154.139999,73.660004,45.570007,50.519997
154.139999,73.660004,45.570007,50.519997
154.139999,73.660004,45.570007,50.519997
154.139999,73.660004,45.570007,50.519997
154.139999,73.660004,45.570007,50.519997
154.139999,73.660004,45.570007,50.519997
154.139999,73.660004,45.570007,50.519997
154.139999,73.660004,45.570007,50.519997
154.139999,73.660004,45.570007,50.519997
154.139999,73.660004,45.570007,50.519997
154.139999,73.660004,45.570007,50.519997
154.139999,73.660004,45.570007,50.519997
154.139999,73.660004,45.570007,50.519997
154.139999,73.660004,45.570007,50.519997
154.139999,73.660004,45.570007,50.519997
154.139999,73.660004,45.570007,50.519997
154.139999,73.660004,45.570007,50.519997
154.139999,73.660004,45.570007,50.519997
154.139999,73.660004,45.570007,50.519997
154.139999,73.660004,45.570007,50.519997
154.139999,73.660004,45.570007,50.519997
154.139999,73.660004,45.570007,50.519997
154.139999,73.660004,45.570007,50.519997
154.139999,73.660004,45.570007,50.519997
153.214996,72.739998,45.570007,50.519997
2
0
0
0
0
1
216.059998,95.599998,60.149994,49.680000
216.059998,95.599998,60.149994,49.680000
216.059998,95.599998,60.149994,49.680000
216.059998,95.599998,60.149994,49.680000
216.059998,95.599998,60.149994,49.680000
216.059998,95.599998,60.149994,49.680000
216.059998,95.599998,60.149994,49.680000
216.059998,95.599998,60.149994,49.680000
216.059998,95.599998,60.149994,49.680000
216.059998,95.599998,60.149994,49.680000
2
0
0
0
0
1
122.010002,48.900002,44.480003,41.180000
122.010002,48.900002,44.480003,41.180000
122.010002,48.900002,44.480003,41.180000
122.010002,48.900002,44.480003,41.180000
122.010002,48.900002,44.480003,41.180000
77.760002,55.410000,44.480003,41.180000
80.760002,40.410000,44.480003,41.180000
80.760002,40.410000,44.480003,41.180000
80.760002,40.410000,44.480003,41.180000
80.760002,40.410000,44.480003,41.180000
62.759998,40.410000,44.480003,41.180000
62.759998,40.410000,44.480003,41.180000
43.759998,70.410004,44.480003,41.180000
43.759998,70.410004,44.480003,41.180000
43.759998,70.410004,44.480003,41.180000
43.759998,70.410004,44.480003,41.180000
70.760002,75.410004,44.480003,41.180000
70.760002,75.410004,44.480003,41.180000
70.760002,75.410004,44.480003,41.180000
2
0
0
0
0
1
184.479996,70.349998,41.169998,76.230003
184.479996,70.349998,41.169998,76.230003
184.479996,70.349998,41.169998,76.230003
206.415009,75.885002,41.169998,76.230003
206.415009,75.885002,41.169998,76.230003
206.415009,75.885002,41.169998,76.230003
206.415009,75.885002,41.169998,76.230003
206.415009,75.885002,41.169998,76.230003
191.415009,90.885002,41.169998,76.230003
191.415009,90.885002,41.169998,76.230003
191.415009,90.885002,41.169998,76.230003
191.415009,90.885002,41.169998,76.230003
191.415009,90.885002,41.169998,76.230003
191.415009,90.885002,41.169998,76.230003
2
0
0
0
0
1
87.540001,28.240000,75.909996,80.950005
87.540001,28.240000,75.909996,80.950005
87.540001,28.240000,75.909996,80.950005
87.540001,28.240000,75.909996,80.950005
87.540001,28.240000,75.909996,80.950005
87.540001,28.240000,75.909996,80.950005
87.540001,28.240000,75.909996,80.950005
87.540001,28.240000,75.909996,80.950005
2
0
0
0
0
1
211.419998,93.360001,56.409988,54.929993
211.419998,93.360001,56.409988,54.929993
211.419998,93.360001,56.409988,54.929993
211.419998,93.360001,56.409988,54.929993
211.419998,93.360001,56.409988,54.929993
211.419998,93.360001,56.409988,54.929993
211.419998,93.360001,56.409988,54.929993
211.419998,93.360001,56.409988,54.929993
211.419998,93.360001,56.409988,54.929993
211.419998,93.360001,56.409988,54.929993
195.795013,103.535004,56.409988,54.929993
195.795013,103.535004,56.409988,54.929993
195.795013,103.535004,56.409988,54.929993
195.795013,103.535004,56.409988,54.929993
195.795013,103.535004,56.409988,54.929993
195.795013,103.535004,56.409988,54.929993
195.795013,103.535004,56.409988,54.929993
195.795013,103.535004,56.409988,54.929993
195.795013,103.535004,56.409988,54.929993
195.795013,103.535004,56.409988,54.929993
195.795013,103.535004,56.409988,54.929993
2
0
0
0
0
1
107.620003,53.980000,53.579994,63.500004
107.620003,53.980000,53.579994,63.500004
107.620003,53.980000,53.579994,63.500004
107.620003,53.980000,53.579994,63.500004
107.620003,53.980000,53.579994,63.500004
107.620003,53.980000,53.579994,63.500004
107.620003,53.980000,53.579994,63.500004
107.620003,53.980000,53.579994,63.500004
107.620003,53.980000,53.579994,63.500004
107.620003,53.980000,53.579994,63.500004
2
0
0
0
0
1
213.429993,110.800003,64.679993,55.160004
213.429993,110.800003,64.679993,55.160004
213.429993,110.800003,64.679993,55.160004
213.429993,110.800003,64.679993,55.160004
213.429993,110.800003,64.679993,55.160004
213.429993,110.800003,64.679993,55.160004
213.429993,110.800003,64.679993,55.160004
213.429993,110.800003,64.679993,55.160004
213.429993,110.800003,64.679993,55.160004
213.429993,110.800003,64.679993,55.160004
213.429993,110.800003,64.679993,55.160004
213.429993,110.800003,64.679993,55.160004
202.660004,79.419998,64.679993,55.160004
202.660004,79.419998,64.679993,55.160004
202.660004,79.419998,64.679993,55.160004
202.660004,79.419998,64.679993,55.160004
160.660004,57.419998,64.679993,55.160004
160.660004,57.419998,64.679993,55.160004
160.660004,57.419998,64.679993,55.160004
160.660004,57.419998,64.679993,55.160004
160.660004,57.419998,64.679993,55.160004
160.660004,57.419998,64.679993,55.160004
160.660004,57.419998,64.679993,55.160004
160.660004,57.419998,64.679993,55.160004
160.660004,57.419998,64.679993,55.160004
160.660004,57.419998,64.679993,55.160004
204.660004,61.419998,64.679993,55.160004
204.660004,61.419998,64.679993,55.160004
204.660004,61.419998,64.679993,55.160004
204.660004,61.419998,64.679993,55.160004
204.660004,61.419998,64.679993,55.160004
204.660004,61.419998,64.679993,55.160004
204.660004,61.419998,64.679993,55.160004
204.660004,61.419998,64.679993,55.160004
204.660004,61.419998,64.679993,55.160004
204.660004,61.419998,64.679993,55.160004
204.660004,61.419998,64.679993,55.160004
204.660004,61.419998,64.679993,55.160004
204.660004,61.419998,64.679993,55.160004
204.660004,61.419998,64.679993,55.160004
204.660004,61.419998,64.679993,55.160004
176.660004,43.419998,64.679993,55.160004
176.660004,43.419998,64.679993,55.160004
176.660004,43.419998,64.679993,55.160004
176.660004,43.419998,64.679993,55.160004
134.660004,36.419998,64.679993,55.160004
134.660004,36.419998,64.679993,55.160004
108.660004,45.419998,64.679993,55.160004
108.660004,45.419998,64.679993,55.160004
108.660004,45.419998,64.679993,55.160004
79.660004,51.419998,64.679993,55.160004
79.660004,51.419998,64.679993,55.160004
79.660004,51.419998,64.679993,55.160004
79.660004,51.419998,64.679993,55.160004
79.660004,51.419998,64.679993,55.160004
59.660004,51.419998,64.679993,55.160004
59.660004,51.419998,64.679993,55.160004
59.660004,51.419998,64.679993,55.160004
59.660004,51.419998,64.679993,55.160004
59.660004,51.419998,64.679993,55.160004
59.660004,51.419998,64.679993,55.160004
59.660004,51.419998,64.679993,55.160004
2
0
0
0
0
1
88.480003,132.330002,46.820000,53.619995
88.480003,132.330002,46.820000,53.619995
88.480003,132.330002,46.820000,53.619995
88.480003,132.330002,46.820000,53.619995
88.480003,132.330002,46.820000,53.619995
88.480003,132.330002,46.820000,53.619995
88.480003,132.330002,46.820000,53.619995
88.480003,132.330002,46.820000,53.619995
88.480003,132.330002,46.820000,53.619995
88.480003,132.330002,46.820000,53.619995
88.480003,132.330002,46.820000,53.619995
109.589996,140.190002,46.820000,53.619995
109.589996,140.190002,46.820000,53.619995
109.589996,140.190002,46.820000,53.619995
109.589996,140.190002,46.820000,53.619995
114.589996,121.190002,46.820000,53.619995
114.589996,121.190002,46.820000,53.619995
114.589996,121.190002,46.820000,53.619995
114.589996,121.190002,46.820000,53.619995
114.589996,121.190002,46.820000,53.619995
134.589996,111.190002,46.820000,53.619995
134.589996,111.190002,46.820000,53.619995
134.589996,111.190002,46.820000,53.619995
134.589996,111.190002,46.820000,53.619995
134.589996,111.190002,46.820000,53.619995
154.589996,111.190002,46.820000,53.619995
154.589996,111.190002,46.820000,53.619995
154.589996,111.190002,46.820000,53.619995
154.589996,111.190002,46.820000,53.619995
154.589996,111.190002,46.820000,53.619995
154.589996,111.190002,46.820000,53.619995
154.589996,111.190002,46.820000,53.619995
154.589996,111.190002,46.820000,53.619995
154.589996,111.190002,46.820000,53.619995
154.589996,111.190002,46.820000,53.619995
154.589996,111.190002,46.820000,53.619995
154.589996,111.190002,46.820000,53.619995
2
0
0
0
0
1
95.489998,73.900002,56.360008,54.969994
95.489998,73.900002,56.360008,54.969994
95.489998,73.900002,56.360008,54.969994
95.489998,73.900002,56.360008,54.969994
95.489998,73.900002,56.360008,54.969994
95.489998,73.900002,56.360008,54.969994
