1
145.460007,74.809998,51.079987,51.600006
145.460007,74.809998,51.079987,51.600006
145.460007,74.809998,51.079987,51.600006
145.460007,74.809998,51.079987,51.600006
145.460007,74.809998,51.079987,51.600006
145.460007,74.809998,51.079987,51.600006
145.460007,74.809998,51.079987,51.600006
145.460007,74.809998,51.079987,51.600006
145.460007,74.809998,51.079987,51.600006
145.460007,74.809998,51.079987,51.600006
145.460007,74.809998,51.079987,51.600006
145.460007,74.809998,51.079987,51.600006
145.460007,74.809998,51.079987,51.600006
145.460007,74.809998,51.079987,51.600006
145.460007,74.809998,51.079987,51.600006
145.460007,74.809998,51.079987,51.600006
145.460007,74.809998,51.079987,51.600006
145.460007,74.809998,51.079987,51.600006
145.460007,74.809998,51.079987,51.600006
145.460007,74.809998,51.079987,51.600006
145.460007,74.809998,51.079987,51.600006
145.460007,74.809998,51.079987,51.600006
145.460007,74.809998,51.079987,51.600006
145.460007,74.809998,51.079987,51.600006
145.460007,74.199997,51.079987,51.600006
2
0
0
0
0
1
225.520004,97.419998,60.189987,46.119995
225.520004,97.419998,60.189987,46.119995
225.520004,97.419998,60.189987,46.119995
225.520004,97.419998,60.189987,46.119995
225.520004,97.419998,60.189987,46.119995
225.520004,97.419998,60.189987,46.119995
225.520004,97.419998,60.189987,46.119995
225.520004,97.419998,60.189987,46.119995
225.520004,97.419998,60.189987,46.119995
2
0
0
0
0
1
128.929993,51.400002,43.710007,43.269997
128.929993,51.400002,43.710007,43.269997
128.929993,51.400002,43.710007,43.269997
128.929993,51.400002,43.710007,43.269997
128.929993,51.400002,43.710007,43.269997
2
0
0
0
0
1
45.110001,36.790001,57.250000,58.729996
45.110001,36.790001,57.250000,58.729996
45.110001,36.790001,57.250000,58.729996
45.110001,36.790001,57.250000,58.729996
45.110001,36.790001,57.250000,58.729996
45.110001,36.790001,57.250000,58.729996
45.110001,36.790001,57.250000,58.729996
45.110001,36.790001,57.250000,58.729996
2
0
0
0
0
1
182.630005,73.160004,39.080002,68.610001
182.630005,73.160004,39.080002,68.610001
182.630005,73.160004,39.080002,68.610001
202.459991,88.695000,39.080002,68.610001
202.459991,88.695000,39.080002,68.610001
202.459991,88.695000,39.080002,68.610001
202.459991,88.695000,39.080002,68.610001
202.459991,88.695000,39.080002,68.610001
202.459991,88.695000,39.080002,68.610001
202.459991,88.695000,39.080002,68.610001
187.459991,98.695000,39.080002,68.610001
187.459991,98.695000,39.080002,68.610001
187.459991,98.695000,39.080002,68.610001
187.459991,98.695000,39.080002,68.610001
187.459991,98.695000,39.080002,68.610001
2
0
0
0
0
1
93.449997,21.100000,68.699997,80.860001
93.449997,21.100000,68.699997,80.860001
93.449997,21.100000,68.699997,80.860001
93.449997,21.100000,68.699997,80.860001
93.449997,21.100000,68.699997,80.860001
93.449997,21.100000,68.699997,80.860001
93.449997,21.100000,68.699997,80.860001
2
0
0
0
0
1
206.619995,86.760002,64.709991,54.579994
206.619995,86.760002,64.709991,54.579994
206.619995,86.760002,64.709991,54.579994
206.619995,86.760002,64.709991,54.579994
206.619995,86.760002,64.709991,54.579994
206.619995,86.760002,64.709991,54.579994
206.619995,86.760002,64.709991,54.579994
206.619995,86.760002,64.709991,54.579994
206.619995,86.760002,64.709991,54.579994
206.619995,86.760002,64.709991,54.579994
206.619995,86.760002,64.709991,54.579994
206.619995,86.760002,64.709991,54.579994
206.619995,86.760002,64.709991,54.579994
206.619995,86.760002,64.709991,54.579994
206.619995,86.760002,64.709991,54.579994
206.619995,86.760002,64.709991,54.579994
206.619995,86.760002,64.709991,54.579994
206.619995,86.760002,64.709991,54.579994
206.619995,86.760002,64.709991,54.579994
206.619995,86.760002,64.709991,54.579994
206.619995,86.760002,64.709991,54.579994
206.619995,86.760002,64.709991,54.579994
2
0
0
0
0
1
109.279999,41.330002,60.979996,69.559998
109.279999,41.330002,60.979996,69.559998
92.510002,35.220001,60.979996,69.559998
92.510002,35.220001,60.979996,69.559998
92.510002,35.220001,60.979996,69.559998
92.510002,35.220001,60.979996,69.559998
92.510002,35.220001,60.979996,69.559998
92.510002,35.220001,60.979996,69.559998
92.510002,35.220001,60.979996,69.559998
2
0
0
0
0
1
205.899994,108.860001,61.800018,63.619995
205.899994,108.860001,61.800018,63.619995
205.899994,108.860001,61.800018,63.619995
205.899994,108.860001,61.800018,63.619995
205.899994,108.860001,61.800018,63.619995
205.899994,108.860001,61.800018,63.619995
205.899994,108.860001,61.800018,63.619995
205.899994,108.860001,61.800018,63.619995
205.899994,108.860001,61.800018,63.619995
205.899994,108.860001,61.800018,63.619995
205.899994,108.860001,61.800018,63.619995
205.899994,108.860001,61.800018,63.619995
205.899994,108.860001,61.800018,63.619995
205.899994,108.860001,61.800018,63.619995
205.899994,108.860001,61.800018,63.619995
205.899994,108.860001,61.800018,63.619995
2
0
0
0
0
1
175.220001,42.939999,47.479996,46.619999
175.220001,42.939999,47.479996,46.619999
175.220001,42.939999,47.479996,46.619999
175.220001,42.939999,47.479996,46.619999
175.220001,42.939999,47.479996,46.619999
175.220001,42.939999,47.479996,46.619999
215.259995,59.689999,47.479996,46.619999
215.259995,59.689999,47.479996,46.619999
215.259995,59.689999,47.479996,46.619999
215.259995,59.689999,47.479996,46.619999
215.259995,59.689999,47.479996,46.619999
220.259995,79.690002,47.479996,46.619999
220.259995,79.690002,47.479996,46.619999
220.259995,79.690002,47.479996,46.619999
220.259995,79.690002,47.479996,46.619999
220.259995,79.690002,47.479996,46.619999
205.259995,64.690002,47.479996,46.619999
205.259995,64.690002,47.479996,46.619999
177.259995,61.689999,47.479996,46.619999
177.259995,61.689999,47.479996,46.619999
177.259995,61.689999,47.479996,46.619999
177.259995,61.689999,47.479996,46.619999
177.259995,61.689999,47.479996,46.619999
177.259995,61.689999,47.479996,46.619999
2
0
0
0
0
1
85.870003,38.959999,39.169998,43.599998
85.870003,38.959999,39.169998,43.599998
85.870003,38.959999,39.169998,43.599998
85.870003,38.959999,39.169998,43.599998
85.870003,38.959999,39.169998,43.599998
55.415001,64.200005,39.169998,43.599998
55.415001,64.200005,39.169998,43.599998
55.415001,64.200005,39.169998,43.599998
55.415001,64.200005,39.169998,43.599998
55.415001,64.200005,39.169998,43.599998
55.415001,64.200005,39.169998,43.599998
2
0
0
0
0
1
92.540001,117.989998,50.799995,62.920006
92.540001,117.989998,50.799995,62.920006
92.540001,117.989998,50.799995,62.920006
92.540001,117.989998,50.799995,62.920006
92.540001,117.989998,50.799995,62.920006
92.540001,117.989998,50.799995,62.920006
92.540001,117.989998,50.799995,62.920006
92.540001,117.989998,50.799995,62.920006
92.540001,117.989998,50.799995,62.920006
92.540001,117.989998,50.799995,62.920006
92.540001,117.989998,50.799995,62.920006
92.540001,117.989998,50.799995,62.920006
2
0
0
0
0
1
130.820007,95.459999,47.649994,64.219994
130.820007,95.459999,47.649994,64.219994
130.820007,95.459999,47.649994,64.219994
130.820007,95.459999,47.649994,64.219994
130.820007,95.459999,47.649994,64.219994
130.820007,95.459999,47.649994,64.219994
130.820007,95.459999,47.649994,64.219994
154.175003,94.889999,47.649994,64.219994
154.175003,94.889999,47.649994,64.219994
154.175003,94.889999,47.649994,64.219994
154.175003,94.889999,47.649994,64.219994
154.175003,94.889999,47.649994,64.219994
154.175003,94.889999,47.649994,64.219994
154.175003,94.889999,47.649994,64.219994
154.175003,94.889999,47.649994,64.219994
154.175003,94.889999,47.649994,64.219994
2
0
0
0
0
1
94.529999,63.169998,56.889999,57.360001
94.529999,63.169998,56.889999,57.360001
94.529999,63.169998,56.889999,57.360001
94.529999,63.169998,56.889999,57.360001
94.529999,63.169998,56.889999,57.360001
94.529999,63.169998,56.889999,57.360001
94.529999,63.169998,56.889999,57.360001
94.529999,63.169998,56.889999,57.360001
94.529999,63.169998,56.889999,57.360001
