1
148.470001,68.379997,56.369995,61.340004
148.470001,68.379997,56.369995,61.340004
148.470001,68.379997,56.369995,61.340004
148.470001,68.379997,56.369995,61.340004
148.470001,68.379997,56.369995,61.340004
148.470001,68.379997,56.369995,61.340004
148.470001,68.379997,56.369995,61.340004
148.470001,68.379997,56.369995,61.340004
148.470001,68.379997,56.369995,61.340004
148.470001,68.379997,56.369995,61.340004
148.470001,68.379997,56.369995,61.340004
148.470001,68.379997,56.369995,61.340004
148.470001,68.379997,56.369995,61.340004
148.470001,68.379997,56.369995,61.340004
148.470001,68.379997,56.369995,61.340004
148.470001,68.379997,56.369995,61.340004
148.470001,68.379997,56.369995,61.340004
148.470001,68.379997,56.369995,61.340004
148.470001,68.379997,56.369995,61.340004
148.470001,68.379997,56.369995,61.340004
148.470001,68.379997,56.369995,61.340004
148.470001,68.379997,56.369995,61.340004
148.470001,68.379997,56.369995,61.340004
148.470001,68.379997,56.369995,61.340004
147.815002,68.329994,56.369995,61.340004
147.815002,68.329994,56.369995,61.340004
147.815002,68.329994,56.369995,61.340004
2
0
0
0
0
1
228.970001,96.029999,54.420013,44.809998
228.970001,96.029999,54.420013,44.809998
228.970001,96.029999,54.420013,44.809998
228.970001,96.029999,54.420013,44.809998
228.970001,96.029999,54.420013,44.809998
228.970001,96.029999,54.420013,44.809998
228.970001,96.029999,54.420013,44.809998
2
0
0
0
0
1
129.250000,51.619999,39.309998,42.520000
129.250000,51.619999,39.309998,42.520000
129.250000,51.619999,39.309998,42.520000
129.250000,51.619999,39.309998,42.520000
129.250000,51.619999,39.309998,42.520000
2
0
0
0
0
1
52.230000,36.650002,58.439999,55.599998
52.230000,36.650002,58.439999,55.599998
52.230000,36.650002,58.439999,55.599998
52.230000,36.650002,58.439999,55.599998
52.230000,36.650002,58.439999,55.599998
43.779999,58.200001,58.439999,55.599998
43.779999,58.200001,58.439999,55.599998
43.779999,58.200001,58.439999,55.599998
2
0
0
0
0
1
180.419998,64.040001,43.240005,77.420006
180.419998,64.040001,43.240005,77.420006
180.419998,64.040001,43.240005,77.420006
204.380005,81.289993,43.240005,77.420006
204.380005,81.289993,43.240005,77.420006
204.380005,81.289993,43.240005,77.420006
204.380005,81.289993,43.240005,77.420006
204.380005,81.289993,43.240005,77.420006
204.380005,81.289993,43.240005,77.420006
204.380005,81.289993,43.240005,77.420006
184.380005,66.289993,43.240005,77.420006
184.380005,66.289993,43.240005,77.420006
186.380005,105.289993,43.240005,77.420006
186.380005,105.289993,43.240005,77.420006
186.380005,105.289993,43.240005,77.420006
2
0
0
0
0
1
92.220001,28.969999,70.800003,68.760002
92.220001,28.969999,70.800003,68.760002
92.220001,28.969999,70.800003,68.760002
92.220001,28.969999,70.800003,68.760002
92.220001,28.969999,70.800003,68.760002
92.220001,28.969999,70.800003,68.760002
92.220001,28.969999,70.800003,68.760002
2
0
0
0
0
1
195.050003,89.070000,65.620010,54.640007
195.050003,89.070000,65.620010,54.640007
195.050003,89.070000,65.620010,54.640007
195.050003,89.070000,65.620010,54.640007
195.050003,89.070000,65.620010,54.640007
195.050003,89.070000,65.620010,54.640007
195.050003,89.070000,65.620010,54.640007
195.050003,89.070000,65.620010,54.640007
195.050003,89.070000,65.620010,54.640007
195.050003,89.070000,65.620010,54.640007
195.050003,89.070000,65.620010,54.640007
195.050003,89.070000,65.620010,54.640007
195.050003,89.070000,65.620010,54.640007
195.050003,89.070000,65.620010,54.640007
195.050003,89.070000,65.620010,54.640007
195.050003,89.070000,65.620010,54.640007
195.050003,89.070000,65.620010,54.640007
195.050003,89.070000,65.620010,54.640007
195.050003,89.070000,65.620010,54.640007
195.050003,89.070000,65.620010,54.640007
195.050003,89.070000,65.620010,54.640007
195.050003,89.070000,65.620010,54.640007
195.050003,89.070000,65.620010,54.640007
2
0
0
0
0
1
105.480003,49.709999,50.010002,66.180000
105.480003,49.709999,50.010002,66.180000
89.995003,58.910000,50.010002,66.180000
89.995003,58.910000,50.010002,66.180000
89.995003,58.910000,50.010002,66.180000
89.995003,58.910000,50.010002,66.180000
89.995003,58.910000,50.010002,66.180000
2
0
0
0
0
1
214.899994,116.559998,57.790009,55.760010
214.899994,116.559998,57.790009,55.760010
214.899994,116.559998,57.790009,55.760010
214.899994,116.559998,57.790009,55.760010
214.899994,116.559998,57.790009,55.760010
214.899994,116.559998,57.790009,55.760010
214.899994,116.559998,57.790009,55.760010
214.899994,116.559998,57.790009,55.760010
214.899994,116.559998,57.790009,55.760010
214.899994,116.559998,57.790009,55.760010
214.899994,116.559998,57.790009,55.760010
214.899994,116.559998,57.790009,55.760010
214.899994,116.559998,57.790009,55.760010
195.104996,110.119995,57.790009,55.760010
195.104996,110.119995,57.790009,55.760010
195.104996,110.119995,57.790009,55.760010
195.104996,110.119995,57.790009,55.760010
195.104996,110.119995,57.790009,55.760010
2
0
0
0
0
1
176.600006,36.590000,46.849991,48.359997
176.600006,36.590000,46.849991,48.359997
176.600006,36.590000,46.849991,48.359997
209.574997,38.820000,46.849991,48.359997
209.574997,38.820000,46.849991,48.359997
209.574997,38.820000,46.849991,48.359997
209.574997,38.820000,46.849991,48.359997
209.574997,38.820000,46.849991,48.359997
209.574997,38.820000,46.849991,48.359997
209.574997,38.820000,46.849991,48.359997
209.574997,38.820000,46.849991,48.359997
209.574997,38.820000,46.849991,48.359997
209.574997,38.820000,46.849991,48.359997
229.574997,43.820000,46.849991,48.359997
229.574997,43.820000,46.849991,48.359997
229.574997,43.820000,46.849991,48.359997
229.574997,43.820000,46.849991,48.359997
213.574997,42.820000,46.849991,48.359997
213.574997,42.820000,46.849991,48.359997
213.574997,42.820000,46.849991,48.359997
176.574997,35.820000,46.849991,48.359997
176.574997,35.820000,46.849991,48.359997
176.574997,35.820000,46.849991,48.359997
2
0
0
0
0
1
85.860001,38.790001,35.409996,43.400002
85.860001,38.790001,35.409996,43.400002
74.295006,44.299999,35.409996,43.400002
74.295006,44.299999,35.409996,43.400002
74.295006,44.299999,35.409996,43.400002
62.295002,47.299999,35.409996,43.400002
62.295002,47.299999,35.409996,43.400002
62.295002,47.299999,35.409996,43.400002
62.295002,47.299999,35.409996,43.400002
2
0
0
0
0
1
94.459999,132.529999,42.820000,47.979996
94.459999,132.529999,42.820000,47.979996
94.459999,132.529999,42.820000,47.979996
94.459999,132.529999,42.820000,47.979996
94.459999,132.529999,42.820000,47.979996
94.459999,132.529999,42.820000,47.979996
94.459999,132.529999,42.820000,47.979996
94.459999,132.529999,42.820000,47.979996
94.459999,132.529999,42.820000,47.979996
94.459999,132.529999,42.820000,47.979996
94.459999,132.529999,42.820000,47.979996
94.459999,132.529999,42.820000,47.979996
94.459999,132.529999,42.820000,47.979996
94.459999,132.529999,42.820000,47.979996
111.589996,138.009995,42.820000,47.979996
111.589996,138.009995,42.820000,47.979996
111.589996,138.009995,42.820000,47.979996
111.589996,138.009995,42.820000,47.979996
111.589996,138.009995,42.820000,47.979996
111.589996,138.009995,42.820000,47.979996
117.589996,117.010002,42.820000,47.979996
117.589996,117.010002,42.820000,47.979996
117.589996,117.010002,42.820000,47.979996
117.589996,117.010002,42.820000,47.979996
117.589996,117.010002,42.820000,47.979996
152.589996,102.010002,42.820000,47.979996
152.589996,102.010002,42.820000,47.979996
152.589996,102.010002,42.820000,47.979996
152.589996,102.010002,42.820000,47.979996
152.589996,102.010002,42.820000,47.979996
152.589996,102.010002,42.820000,47.979996
152.589996,102.010002,42.820000,47.979996
152.589996,102.010002,42.820000,47.979996
152.589996,102.010002,42.820000,47.979996
152.589996,102.010002,42.820000,47.979996
152.589996,102.010002,42.820000,47.979996
2
0
0
0
0
1
91.120003,64.910004,50.400002,63.889999
91.120003,64.910004,50.400002,63.889999
91.120003,64.910004,50.400002,63.889999
91.120003,64.910004,50.400002,63.889999
91.120003,64.910004,50.400002,63.889999
91.120003,64.910004,50.400002,63.889999
91.120003,64.910004,50.400002,63.889999
91.120003,64.910004,50.400002,63.889999
91.120003,64.910004,50.400002,63.889999
