1
151.089996,64.860001,50.839996,60.599998
151.089996,64.860001,50.839996,60.599998
151.089996,64.860001,50.839996,60.599998
151.089996,64.860001,50.839996,60.599998
151.089996,64.860001,50.839996,60.599998
151.089996,64.860001,50.839996,60.599998
151.089996,64.860001,50.839996,60.599998
151.089996,64.860001,50.839996,60.599998
151.089996,64.860001,50.839996,60.599998
151.089996,64.860001,50.839996,60.599998
151.089996,64.860001,50.839996,60.599998
151.089996,64.860001,50.839996,60.599998
151.089996,64.860001,50.839996,60.599998
151.089996,64.860001,50.839996,60.599998
151.089996,64.860001,50.839996,60.599998
151.089996,64.860001,50.839996,60.599998
150.580002,64.700005,50.839996,60.599998
150.580002,64.700005,50.839996,60.599998
150.580002,64.700005,50.839996,60.599998
150.580002,64.700005,50.839996,60.599998
150.580002,64.700005,50.839996,60.599998
150.580002,64.700005,50.839996,60.599998
150.580002,64.700005,50.839996,60.599998
150.580002,64.700005,50.839996,60.599998
150.580002,64.700005,50.839996,60.599998
150.580002,64.700005,50.839996,60.599998
183.580002,72.700005,50.839996,60.599998
183.580002,72.700005,50.839996,60.599998
183.580002,72.700005,50.839996,60.599998
183.580002,72.700005,50.839996,60.599998
183.580002,72.700005,50.839996,60.599998
183.580002,72.700005,50.839996,60.599998
183.580002,72.700005,50.839996,60.599998
183.580002,72.700005,50.839996,60.599998
183.580002,72.700005,50.839996,60.599998
183.580002,72.700005,50.839996,60.599998
183.580002,72.700005,50.839996,60.599998
183.580002,72.700005,50.839996,60.599998
183.580002,72.700005,50.839996,60.599998
183.580002,72.700005,50.839996,60.599998
183.580002,72.700005,50.839996,60.599998
183.580002,72.700005,50.839996,60.599998
183.580002,72.700005,50.839996,60.599998
183.580002,72.700005,50.839996,60.599998
183.580002,72.700005,50.839996,60.599998
2
0
0
0
0
1
92.610001,35.790001,42.360001,42.650002
92.610001,35.790001,42.360001,42.650002
92.610001,35.790001,42.360001,42.650002
92.610001,35.790001,42.360001,42.650002
92.610001,35.790001,42.360001,42.650002
66.820000,40.674999,42.360001,42.650002
66.820000,40.674999,42.360001,42.650002
49.820000,61.674999,42.360001,42.650002
49.820000,61.674999,42.360001,42.650002
49.820000,61.674999,42.360001,42.650002
49.820000,61.674999,42.360001,42.650002
49.820000,61.674999,42.360001,42.650002
49.820000,61.674999,42.360001,42.650002
49.820000,61.674999,42.360001,42.650002
2
0
0
0
0
1
181.110001,73.400002,42.250000,68.379997
181.110001,73.400002,42.250000,68.379997
181.110001,73.400002,42.250000,68.379997
197.875000,75.810005,42.250000,68.379997
197.875000,75.810005,42.250000,68.379997
197.875000,75.810005,42.250000,68.379997
197.875000,75.810005,42.250000,68.379997
197.875000,75.810005,42.250000,68.379997
197.875000,75.810005,42.250000,68.379997
197.875000,75.810005,42.250000,68.379997
197.875000,75.810005,42.250000,68.379997
184.875000,98.810005,42.250000,68.379997
184.875000,98.810005,42.250000,68.379997
184.875000,98.810005,42.250000,68.379997
184.875000,98.810005,42.250000,68.379997
2
0
0
0
0
1
88.580002,34.119999,69.069992,75.669998
88.580002,34.119999,69.069992,75.669998
88.580002,34.119999,69.069992,75.669998
88.580002,34.119999,69.069992,75.669998
88.580002,34.119999,69.069992,75.669998
88.580002,34.119999,69.069992,75.669998
88.580002,34.119999,69.069992,75.669998
2
0
0
0
0
1
203.820007,88.010002,55.949982,57.629997
203.820007,88.010002,55.949982,57.629997
203.820007,88.010002,55.949982,57.629997
203.820007,88.010002,55.949982,57.629997
203.820007,88.010002,55.949982,57.629997
203.820007,88.010002,55.949982,57.629997
203.820007,88.010002,55.949982,57.629997
203.820007,88.010002,55.949982,57.629997
203.820007,88.010002,55.949982,57.629997
203.820007,88.010002,55.949982,57.629997
203.820007,88.010002,55.949982,57.629997
203.820007,88.010002,55.949982,57.629997
203.820007,88.010002,55.949982,57.629997
203.820007,88.010002,55.949982,57.629997
203.820007,88.010002,55.949982,57.629997
203.820007,88.010002,55.949982,57.629997
203.820007,88.010002,55.949982,57.629997
203.820007,88.010002,55.949982,57.629997
203.820007,88.010002,55.949982,57.629997
203.820007,88.010002,55.949982,57.629997
203.820007,88.010002,55.949982,57.629997
203.820007,88.010002,55.949982,57.629997
2
0
0
0
0
1
110.290001,49.410000,48.359993,68.169998
110.290001,49.410000,48.359993,68.169998
110.290001,49.410000,48.359993,68.169998
110.290001,49.410000,48.359993,68.169998
110.290001,49.410000,48.359993,68.169998
110.290001,49.410000,48.359993,68.169998
110.290001,49.410000,48.359993,68.169998
110.290001,49.410000,48.359993,68.169998
110.290001,49.410000,48.359993,68.169998
110.290001,49.410000,48.359993,68.169998
2
0
0
0
0
1
219.559998,115.010002,57.149994,54.109993
219.559998,115.010002,57.149994,54.109993
219.559998,115.010002,57.149994,54.109993
219.559998,115.010002,57.149994,54.109993
219.559998,115.010002,57.149994,54.109993
219.559998,115.010002,57.149994,54.109993
219.559998,115.010002,57.149994,54.109993
219.559998,115.010002,57.149994,54.109993
219.559998,115.010002,57.149994,54.109993
219.559998,115.010002,57.149994,54.109993
219.559998,115.010002,57.149994,54.109993
219.559998,115.010002,57.149994,54.109993
219.559998,115.010002,57.149994,54.109993
219.559998,115.010002,57.149994,54.109993
2
0
0
0
0
1
166.009995,43.880001,47.330002,48.480000
166.009995,43.880001,47.330002,48.480000
166.009995,43.880001,47.330002,48.480000
166.009995,43.880001,47.330002,48.480000
166.009995,43.880001,47.330002,48.480000
166.009995,43.880001,47.330002,48.480000
2
0
0
0
0
1
232.149994,65.610001,48.550018,51.449997
232.149994,65.610001,48.550018,51.449997
232.149994,65.610001,48.550018,51.449997
232.149994,65.610001,48.550018,51.449997
232.149994,65.610001,48.550018,51.449997
232.149994,65.610001,48.550018,51.449997
232.149994,65.610001,48.550018,51.449997
232.149994,65.610001,48.550018,51.449997
2
0
0
0
0
1
136.050003,38.189999,43.330002,51.840000
136.050003,38.189999,43.330002,51.840000
136.050003,38.189999,43.330002,51.840000
2
0
0
0
0
1
61.330002,49.630001,38.339996,47.520000
61.330002,49.630001,38.339996,47.520000
61.330002,49.630001,38.339996,47.520000
61.330002,49.630001,38.339996,47.520000
61.330002,49.630001,38.339996,47.520000
61.330002,49.630001,38.339996,47.520000
2
0
0
0
0
1
97.339996,125.330002,44.139999,51.759995
97.339996,125.330002,44.139999,51.759995
97.339996,125.330002,44.139999,51.759995
97.339996,125.330002,44.139999,51.759995
97.339996,125.330002,44.139999,51.759995
97.339996,125.330002,44.139999,51.759995
97.339996,125.330002,44.139999,51.759995
97.339996,125.330002,44.139999,51.759995
97.339996,125.330002,44.139999,51.759995
97.339996,125.330002,44.139999,51.759995
97.339996,125.330002,44.139999,51.759995
97.339996,125.330002,44.139999,51.759995
97.339996,125.330002,44.139999,51.759995
97.339996,125.330002,44.139999,51.759995
97.339996,125.330002,44.139999,51.759995
97.339996,125.330002,44.139999,51.759995
97.339996,125.330002,44.139999,51.759995
122.930000,121.120003,44.139999,51.759995
122.930000,121.120003,44.139999,51.759995
122.930000,121.120003,44.139999,51.759995
122.930000,121.120003,44.139999,51.759995
122.930000,121.120003,44.139999,51.759995
122.930000,121.120003,44.139999,51.759995
122.930000,121.120003,44.139999,51.759995
143.930008,107.120003,44.139999,51.759995
143.930008,107.120003,44.139999,51.759995
143.930008,107.120003,44.139999,51.759995
162.930008,106.120003,44.139999,51.759995
162.930008,106.120003,44.139999,51.759995
162.930008,106.120003,44.139999,51.759995
181.930008,105.120003,44.139999,51.759995
181.930008,105.120003,44.139999,51.759995
181.930008,105.120003,44.139999,51.759995
181.930008,105.120003,44.139999,51.759995
2
0
0
0
0
1
92.389999,72.370003,53.500000,53.649994
92.389999,72.370003,53.500000,53.649994
92.389999,72.370003,53.500000,53.649994
92.389999,72.370003,53.500000,53.649994
92.389999,72.370003,53.500000,53.649994
92.389999,72.370003,53.500000,53.649994
92.389999,72.370003,53.500000,53.649994
92.389999,72.370003,53.500000,53.649994
92.389999,72.370003,53.500000,53.649994
92.389999,72.370003,53.500000,53.649994
