1
143.470001,66.690002,51.639999,58.180000
143.470001,66.690002,51.639999,58.180000
143.470001,66.690002,51.639999,58.180000
143.470001,66.690002,51.639999,58.180000
143.470001,66.690002,51.639999,58.180000
143.470001,66.690002,51.639999,58.180000
143.470001,66.690002,51.639999,58.180000
143.470001,66.690002,51.639999,58.180000
143.470001,66.690002,51.639999,58.180000
143.470001,66.690002,51.639999,58.180000
143.470001,66.690002,51.639999,58.180000
143.470001,66.690002,51.639999,58.180000
143.470001,66.690002,51.639999,58.180000
143.470001,66.690002,51.639999,58.180000
143.470001,66.690002,51.639999,58.180000
143.470001,66.690002,51.639999,58.180000
143.470001,66.690002,51.639999,58.180000
143.470001,66.690002,51.639999,58.180000
143.470001,66.690002,51.639999,58.180000
143.470001,66.690002,51.639999,58.180000
143.470001,66.690002,51.639999,58.180000
143.470001,66.690002,51.639999,58.180000
143.470001,66.690002,51.639999,58.180000
143.470001,66.690002,51.639999,58.180000
2
0
0
0
0
1
210.279999,85.470001,63.559998,51.270004
210.279999,85.470001,63.559998,51.270004
210.279999,85.470001,63.559998,51.270004
210.279999,85.470001,63.559998,51.270004
210.279999,85.470001,63.559998,51.270004
210.279999,85.470001,63.559998,51.270004
183.220001,84.364998,63.559998,51.270004
183.220001,84.364998,63.559998,51.270004
183.220001,84.364998,63.559998,51.270004
183.220001,84.364998,63.559998,51.270004
183.220001,84.364998,63.559998,51.270004
160.220001,73.364998,63.559998,51.270004
160.220001,73.364998,63.559998,51.270004
160.220001,73.364998,63.559998,51.270004
160.220001,73.364998,63.559998,51.270004
160.220001,73.364998,63.559998,51.270004
160.220001,73.364998,63.559998,51.270004
2
0
0
0
0
1
73.330002,40.230000,44.589996,48.049999
73.330002,40.230000,44.589996,48.049999
73.330002,40.230000,44.589996,48.049999
73.330002,40.230000,44.589996,48.049999
73.330002,40.230000,44.589996,48.049999
73.330002,40.230000,44.589996,48.049999
54.705002,39.975002,44.589996,48.049999
54.705002,39.975002,44.589996,48.049999
54.705002,39.975002,44.589996,48.049999
48.705002,65.974998,44.589996,48.049999
48.705002,65.974998,44.589996,48.049999
48.705002,65.974998,44.589996,48.049999
2
0
0
0
0
1
179.139999,68.989998,36.259995,75.689995
179.139999,68.989998,36.259995,75.689995
192.869995,71.154999,36.259995,75.689995
192.869995,71.154999,36.259995,75.689995
192.869995,71.154999,36.259995,75.689995
192.869995,71.154999,36.259995,75.689995
192.869995,71.154999,36.259995,75.689995
192.869995,71.154999,36.259995,75.689995
192.869995,71.154999,36.259995,75.689995
192.869995,71.154999,36.259995,75.689995
192.869995,71.154999,36.259995,75.689995
192.869995,71.154999,36.259995,75.689995
192.869995,71.154999,36.259995,75.689995
192.869995,71.154999,36.259995,75.689995
192.869995,71.154999,36.259995,75.689995
192.869995,71.154999,36.259995,75.689995
2
0
0
0
0
1
84.559998,29.330000,76.880005,75.750000
84.559998,29.330000,76.880005,75.750000
84.559998,29.330000,76.880005,75.750000
84.559998,29.330000,76.880005,75.750000
84.559998,29.330000,76.880005,75.750000
84.559998,29.330000,76.880005,75.750000
2
0
0
0
0
1
203.600006,80.269997,59.859985,57.250008
203.600006,80.269997,59.859985,57.250008
203.600006,80.269997,59.859985,57.250008
203.600006,80.269997,59.859985,57.250008
203.600006,80.269997,59.859985,57.250008
203.600006,80.269997,59.859985,57.250008
203.600006,80.269997,59.859985,57.250008
203.600006,80.269997,59.859985,57.250008
203.600006,80.269997,59.859985,57.250008
203.600006,80.269997,59.859985,57.250008
203.600006,80.269997,59.859985,57.250008
203.600006,80.269997,59.859985,57.250008
203.600006,80.269997,59.859985,57.250008
203.600006,80.269997,59.859985,57.250008
203.600006,80.269997,59.859985,57.250008
203.600006,80.269997,59.859985,57.250008
203.600006,80.269997,59.859985,57.250008
203.600006,80.269997,59.859985,57.250008
203.600006,80.269997,59.859985,57.250008
203.600006,80.269997,59.859985,57.250008
203.600006,80.269997,59.859985,57.250008
203.600006,80.269997,59.859985,57.250008
2
0
0
0
0
1
108.169998,46.970001,60.660004,63.269997
108.169998,46.970001,60.660004,63.269997
108.169998,46.970001,60.660004,63.269997
108.169998,46.970001,60.660004,63.269997
108.169998,46.970001,60.660004,63.269997
108.169998,46.970001,60.660004,63.269997
108.169998,46.970001,60.660004,63.269997
108.169998,46.970001,60.660004,63.269997
108.169998,46.970001,60.660004,63.269997
108.169998,46.970001,60.660004,63.269997
2
0
0
0
0
1
212.179993,114.930000,55.839996,56.260002
212.179993,114.930000,55.839996,56.260002
212.179993,114.930000,55.839996,56.260002
212.179993,114.930000,55.839996,56.260002
212.179993,114.930000,55.839996,56.260002
212.179993,114.930000,55.839996,56.260002
212.179993,114.930000,55.839996,56.260002
212.179993,114.930000,55.839996,56.260002
212.179993,114.930000,55.839996,56.260002
212.179993,114.930000,55.839996,56.260002
212.179993,114.930000,55.839996,56.260002
212.179993,114.930000,55.839996,56.260002
212.179993,114.930000,55.839996,56.260002
185.080002,120.870003,55.839996,56.260002
185.080002,120.870003,55.839996,56.260002
2
0
0
0
0
1
174.940002,31.990000,42.429993,52.500000
174.940002,31.990000,42.429993,52.500000
174.940002,31.990000,42.429993,52.500000
174.940002,31.990000,42.429993,52.500000
174.940002,31.990000,42.429993,52.500000
2
0
0
0
0
1
235.990005,60.650002,45.379990,47.689995
235.990005,60.650002,45.379990,47.689995
235.990005,60.650002,45.379990,47.689995
235.990005,60.650002,45.379990,47.689995
235.990005,60.650002,45.379990,47.689995
235.990005,60.650002,45.379990,47.689995
235.990005,60.650002,45.379990,47.689995
235.990005,60.650002,45.379990,47.689995
2
0
0
0
0
1
133.270004,37.779999,46.119995,45.930000
133.270004,37.779999,46.119995,45.930000
133.270004,37.779999,46.119995,45.930000
2
0
0
0
0
1
59.939999,44.450001,38.700001,44.600002
59.939999,44.450001,38.700001,44.600002
59.939999,44.450001,38.700001,44.600002
59.939999,44.450001,38.700001,44.600002
59.939999,44.450001,38.700001,44.600002
2
0
0
0
0
1
96.959999,130.059998,38.390007,50.630005
96.959999,130.059998,38.390007,50.630005
96.959999,130.059998,38.390007,50.630005
96.959999,130.059998,38.390007,50.630005
96.959999,130.059998,38.390007,50.630005
96.959999,130.059998,38.390007,50.630005
96.959999,130.059998,38.390007,50.630005
96.959999,130.059998,38.390007,50.630005
96.959999,130.059998,38.390007,50.630005
96.959999,130.059998,38.390007,50.630005
96.959999,130.059998,38.390007,50.630005
96.959999,130.059998,38.390007,50.630005
96.959999,130.059998,38.390007,50.630005
96.959999,130.059998,38.390007,50.630005
96.959999,130.059998,38.390007,50.630005
96.959999,130.059998,38.390007,50.630005
117.805000,124.684998,38.390007,50.630005
117.805000,124.684998,38.390007,50.630005
117.805000,124.684998,38.390007,50.630005
117.805000,124.684998,38.390007,50.630005
117.805000,124.684998,38.390007,50.630005
117.805000,124.684998,38.390007,50.630005
143.804993,113.684998,38.390007,50.630005
143.804993,113.684998,38.390007,50.630005
143.804993,113.684998,38.390007,50.630005
143.804993,113.684998,38.390007,50.630005
143.804993,113.684998,38.390007,50.630005
168.804993,113.684998,38.390007,50.630005
168.804993,113.684998,38.390007,50.630005
168.804993,113.684998,38.390007,50.630005
168.804993,113.684998,38.390007,50.630005
168.804993,113.684998,38.390007,50.630005
168.804993,113.684998,38.390007,50.630005
168.804993,113.684998,38.390007,50.630005
168.804993,113.684998,38.390007,50.630005
168.804993,113.684998,38.390007,50.630005
168.804993,113.684998,38.390007,50.630005
2
0
0
0
0
1
93.370003,63.240002,52.969994,55.789997
93.370003,63.240002,52.969994,55.789997
93.370003,63.240002,52.969994,55.789997
93.370003,63.240002,52.969994,55.789997
93.370003,63.240002,52.969994,55.789997
93.370003,63.240002,52.969994,55.789997
93.370003,63.240002,52.969994,55.789997
93.370003,63.240002,52.969994,55.789997
