1
154.000000,94.000000,18.000000,48.000000
154.000000,94.000000,18.000000,48.000000
154.000000,94.000000,18.000000,48.000000
154.000000,94.000000,18.000000,48.000000
154.000000,94.000000,18.000000,48.000000
154.000000,94.000000,18.000000,48.000000
154.000000,94.000000,18.000000,48.000000
154.000000,94.000000,18.000000,48.000000
154.000000,94.000000,18.000000,48.000000
154.000000,94.000000,18.000000,48.000000
154.000000,94.000000,18.000000,48.000000
154.000000,94.000000,18.000000,48.000000
154.000000,94.000000,18.000000,48.000000
154.000000,94.000000,18.000000,48.000000
154.000000,94.000000,18.000000,48.000000
154.000000,94.000000,18.000000,48.000000
154.000000,94.000000,18.000000,48.000000
145.000000,90.000000,18.000000,48.000000
145.000000,90.000000,18.000000,48.000000
137.000000,92.000000,18.000000,48.000000
137.000000,92.000000,18.000000,48.000000
129.000000,84.000000,18.000000,48.000000
129.000000,84.000000,18.000000,48.000000
129.000000,84.000000,18.000000,48.000000
129.000000,84.000000,18.000000,48.000000
129.000000,84.000000,18.000000,48.000000
129.000000,84.000000,18.000000,48.000000
129.000000,84.000000,18.000000,48.000000
129.000000,84.000000,18.000000,48.000000
141.000000,82.000000,18.000000,48.000000
147.000000,96.000000,18.000000,48.000000
147.000000,96.000000,18.000000,48.000000
147.000000,96.000000,18.000000,48.000000
148.000000,82.000000,18.000000,48.000000
148.000000,82.000000,18.000000,48.000000
148.000000,82.000000,18.000000,48.000000
148.000000,82.000000,18.000000,48.000000
148.000000,82.000000,18.000000,48.000000
148.000000,82.000000,18.000000,48.000000
148.000000,82.000000,18.000000,48.000000
148.000000,82.000000,18.000000,48.000000
148.000000,82.000000,18.000000,48.000000
148.000000,82.000000,18.000000,48.000000
148.000000,82.000000,18.000000,48.000000
148.000000,82.000000,18.000000,48.000000
148.000000,82.000000,18.000000,48.000000
148.000000,82.000000,18.000000,48.000000
148.000000,82.000000,18.000000,48.000000
148.000000,82.000000,18.000000,48.000000
148.000000,82.000000,18.000000,48.000000
148.000000,82.000000,18.000000,48.000000
148.000000,82.000000,18.000000,48.000000
148.000000,82.000000,18.000000,48.000000
148.000000,82.000000,18.000000,48.000000
148.000000,82.000000,18.000000,48.000000
148.000000,82.000000,18.000000,48.000000
148.000000,82.000000,18.000000,48.000000
148.000000,82.000000,18.000000,48.000000
148.000000,82.000000,18.000000,48.000000
148.000000,82.000000,18.000000,48.000000
2
0
0
0
0
1
136.000000,66.000000,28.000000,74.000000
136.000000,66.000000,28.000000,74.000000
136.000000,66.000000,28.000000,74.000000
136.000000,66.000000,28.000000,74.000000
150.000000,63.000000,28.000000,74.000000
150.000000,63.000000,28.000000,74.000000
150.000000,63.000000,28.000000,74.000000
150.000000,63.000000,28.000000,74.000000
150.000000,63.000000,28.000000,74.000000
150.000000,63.000000,28.000000,74.000000
150.000000,63.000000,28.000000,74.000000
150.000000,63.000000,28.000000,74.000000
150.000000,63.000000,28.000000,74.000000
150.000000,63.000000,28.000000,74.000000
150.000000,63.000000,28.000000,74.000000
150.000000,63.000000,28.000000,74.000000
150.000000,63.000000,28.000000,74.000000
2
0
0
0
0
1
185.000000,70.000000,31.000000,83.000000
185.000000,70.000000,31.000000,83.000000
185.000000,70.000000,31.000000,83.000000
185.000000,70.000000,31.000000,83.000000
185.000000,70.000000,31.000000,83.000000
185.000000,70.000000,31.000000,83.000000
185.000000,70.000000,31.000000,83.000000
185.000000,70.000000,31.000000,83.000000
185.000000,70.000000,31.000000,83.000000
185.000000,70.000000,31.000000,83.000000
185.000000,70.000000,31.000000,83.000000
185.000000,70.000000,31.000000,83.000000
185.000000,70.000000,31.000000,83.000000
185.000000,70.000000,31.000000,83.000000
185.000000,70.000000,31.000000,83.000000
185.000000,70.000000,31.000000,83.000000
185.000000,70.000000,31.000000,83.000000
178.500000,45.500000,31.000000,83.000000
178.500000,45.500000,31.000000,83.000000
178.500000,45.500000,31.000000,83.000000
163.500000,52.500000,31.000000,83.000000
163.500000,52.500000,31.000000,83.000000
163.500000,52.500000,31.000000,83.000000
163.500000,52.500000,31.000000,83.000000
163.500000,52.500000,31.000000,83.000000
163.500000,52.500000,31.000000,83.000000
148.500000,56.500000,31.000000,83.000000
148.500000,56.500000,31.000000,83.000000
148.500000,56.500000,31.000000,83.000000
148.500000,56.500000,31.000000,83.000000
148.500000,56.500000,31.000000,83.000000
148.500000,56.500000,31.000000,83.000000
148.500000,56.500000,31.000000,83.000000
132.500000,64.500000,31.000000,83.000000
132.500000,64.500000,31.000000,83.000000
132.500000,64.500000,31.000000,83.000000
132.500000,64.500000,31.000000,83.000000
142.500000,68.500000,31.000000,83.000000
142.500000,68.500000,31.000000,83.000000
142.500000,68.500000,31.000000,83.000000
167.500000,70.500000,31.000000,83.000000
167.500000,70.500000,31.000000,83.000000
167.500000,70.500000,31.000000,83.000000
182.500000,62.500000,31.000000,83.000000
182.500000,62.500000,31.000000,83.000000
182.500000,62.500000,31.000000,83.000000
182.500000,62.500000,31.000000,83.000000
192.500000,64.500000,31.000000,83.000000
192.500000,64.500000,31.000000,83.000000
192.500000,64.500000,31.000000,83.000000
192.500000,64.500000,31.000000,83.000000
192.500000,64.500000,31.000000,83.000000
182.500000,64.500000,31.000000,83.000000
182.500000,64.500000,31.000000,83.000000
167.500000,76.500000,31.000000,83.000000
167.500000,76.500000,31.000000,83.000000
167.500000,76.500000,31.000000,83.000000
144.500000,77.500000,31.000000,83.000000
144.500000,77.500000,31.000000,83.000000
144.500000,77.500000,31.000000,83.000000
144.500000,77.500000,31.000000,83.000000
144.500000,77.500000,31.000000,83.000000
144.500000,77.500000,31.000000,83.000000
144.500000,77.500000,31.000000,83.000000
144.500000,77.500000,31.000000,83.000000
144.500000,77.500000,31.000000,83.000000
144.500000,77.500000,31.000000,83.000000
144.500000,77.500000,31.000000,83.000000
144.500000,77.500000,31.000000,83.000000
144.500000,77.500000,31.000000,83.000000
144.500000,77.500000,31.000000,83.000000
144.500000,77.500000,31.000000,83.000000
144.500000,77.500000,31.000000,83.000000
144.500000,77.500000,31.000000,83.000000
144.500000,77.500000,31.000000,83.000000
144.500000,77.500000,31.000000,83.000000
144.500000,77.500000,31.000000,83.000000
144.500000,77.500000,31.000000,83.000000
2
0
0
0
0
1
131.000000,71.000000,20.000000,54.000000
131.000000,71.000000,20.000000,54.000000
131.000000,71.000000,20.000000,54.000000
131.000000,71.000000,20.000000,54.000000
131.000000,71.000000,20.000000,54.000000
131.000000,71.000000,20.000000,54.000000
131.000000,71.000000,20.000000,54.000000
131.000000,71.000000,20.000000,54.000000
131.000000,71.000000,20.000000,54.000000
131.000000,71.000000,20.000000,54.000000
131.000000,71.000000,20.000000,54.000000
131.000000,71.000000,20.000000,54.000000
131.000000,71.000000,20.000000,54.000000
131.000000,71.000000,20.000000,54.000000
131.000000,71.000000,20.000000,54.000000
131.000000,71.000000,20.000000,54.000000
131.000000,71.000000,20.000000,54.000000
131.000000,71.000000,20.000000,54.000000
131.000000,71.000000,20.000000,54.000000
131.000000,71.000000,20.000000,54.000000
131.000000,71.000000,20.000000,54.000000
131.000000,71.000000,20.000000,54.000000
131.000000,71.000000,20.000000,54.000000
131.000000,71.000000,20.000000,54.000000
131.000000,71.000000,20.000000,54.000000
131.000000,71.000000,20.000000,54.000000
131.000000,71.000000,20.000000,54.000000
131.000000,71.000000,20.000000,54.000000
131.000000,71.000000,20.000000,54.000000
131.000000,71.000000,20.000000,54.000000
131.000000,71.000000,20.000000,54.000000
131.000000,71.000000,20.000000,54.000000
131.000000,71.000000,20.000000,54.000000
131.000000,71.000000,20.000000,54.000000
131.000000,71.000000,20.000000,54.000000
131.000000,71.000000,20.000000,54.000000
131.000000,71.000000,20.000000,54.000000
131.000000,71.000000,20.000000,54.000000
131.000000,71.000000,20.000000,54.000000
131.000000,71.000000,20.000000,54.000000
131.000000,71.000000,20.000000,54.000000
131.000000,71.000000,20.000000,54.000000
131.000000,71.000000,20.000000,54.000000
131.000000,71.000000,20.000000,54.000000
131.000000,71.000000,20.000000,54.000000
131.000000,71.000000,20.000000,54.000000
131.000000,71.000000,20.000000,54.000000
131.000000,71.000000,20.000000,54.000000
131.000000,71.000000,20.000000,54.000000
131.000000,71.000000,20.000000,54.000000
131.000000,71.000000,20.000000,54.000000
131.000000,71.000000,20.000000,54.000000
131.000000,71.000000,20.000000,54.000000
131.000000,71.000000,20.000000,54.000000
2
0
0
0
0
1
164.000000,88.000000,15.000000,35.000000
164.000000,88.000000,15.000000,35.000000
164.000000,88.000000,15.000000,35.000000
164.000000,88.000000,15.000000,35.000000
164.000000,88.000000,15.000000,35.000000
164.000000,88.000000,15.000000,35.000000
164.000000,88.000000,15.000000,35.000000
164.000000,88.000000,15.000000,35.000000
164.000000,88.000000,15.000000,35.000000
164.000000,88.000000,15.000000,35.000000
164.000000,88.000000,15.000000,35.000000
164.000000,88.000000,15.000000,35.000000
164.000000,88.000000,15.000000,35.000000
173.500000,82.500000,15.000000,35.000000
173.500000,82.500000,15.000000,35.000000
173.500000,82.500000,15.000000,35.000000
173.500000,82.500000,15.000000,35.000000
173.500000,82.500000,15.000000,35.000000
173.500000,82.500000,15.000000,35.000000
173.500000,82.500000,15.000000,35.000000
173.500000,82.500000,15.000000,35.000000
173.500000,82.500000,15.000000,35.000000
173.500000,82.500000,15.000000,35.000000
173.500000,82.500000,15.000000,35.000000
173.500000,82.500000,15.000000,35.000000
181.500000,95.500000,15.000000,35.000000
181.500000,95.500000,15.000000,35.000000
175.500000,94.500000,15.000000,35.000000
175.500000,94.500000,15.000000,35.000000
175.500000,94.500000,15.000000,35.000000
169.500000,94.500000,15.000000,35.000000
169.500000,94.500000,15.000000,35.000000
169.500000,94.500000,15.000000,35.000000
169.500000,94.500000,15.000000,35.000000
169.500000,94.500000,15.000000,35.000000
169.500000,94.500000,15.000000,35.000000
169.500000,94.500000,15.000000,35.000000
