1
154.000000,94.000000,18.000000,48.000000
154.000000,94.000000,18.000000,48.000000
154.000000,94.000000,18.000000,48.000000
154.000000,94.000000,18.000000,48.000000
154.000000,94.000000,18.000000,48.000000
154.000000,94.000000,18.000000,48.000000
154.000000,94.000000,18.000000,48.000000
154.000000,94.000000,18.000000,48.000000
154.000000,94.000000,18.000000,48.000000
154.000000,94.000000,18.000000,48.000000
154.000000,94.000000,18.000000,48.000000
154.000000,94.000000,18.000000,48.000000
154.000000,94.000000,18.000000,48.000000
154.000000,94.000000,18.000000,48.000000
154.000000,94.000000,18.000000,48.000000
154.000000,94.000000,18.000000,48.000000
154.000000,94.000000,18.000000,48.000000
154.000000,94.000000,18.000000,48.000000
154.000000,94.000000,18.000000,48.000000
2
0
0
0
0
1
131.000000,77.000000,22.000000,54.000000
131.000000,77.000000,22.000000,54.000000
131.000000,77.000000,22.000000,54.000000
131.000000,77.000000,22.000000,54.000000
131.000000,77.000000,22.000000,54.000000
131.000000,77.000000,22.000000,54.000000
142.000000,72.000000,22.000000,54.000000
142.000000,72.000000,22.000000,54.000000
142.000000,72.000000,22.000000,54.000000
151.000000,71.000000,22.000000,54.000000
151.000000,71.000000,22.000000,54.000000
151.000000,71.000000,22.000000,54.000000
142.000000,82.000000,22.000000,54.000000
142.000000,82.000000,22.000000,54.000000
142.000000,82.000000,22.000000,54.000000
142.000000,82.000000,22.000000,54.000000
142.000000,82.000000,22.000000,54.000000
142.000000,82.000000,22.000000,54.000000
142.000000,82.000000,22.000000,54.000000
142.000000,82.000000,22.000000,54.000000
152.000000,81.000000,22.000000,54.000000
152.000000,81.000000,22.000000,54.000000
152.000000,81.000000,22.000000,54.000000
152.000000,81.000000,22.000000,54.000000
152.000000,81.000000,22.000000,54.000000
152.000000,81.000000,22.000000,54.000000
152.000000,81.000000,22.000000,54.000000
152.000000,81.000000,22.000000,54.000000
163.000000,93.000000,22.000000,54.000000
157.000000,96.000000,22.000000,54.000000
157.000000,96.000000,22.000000,54.000000
157.000000,96.000000,22.000000,54.000000
157.000000,96.000000,22.000000,54.000000
146.000000,84.000000,22.000000,54.000000
135.000000,97.000000,22.000000,54.000000
124.000000,90.000000,22.000000,54.000000
124.000000,90.000000,22.000000,54.000000
124.000000,90.000000,22.000000,54.000000
124.000000,90.000000,22.000000,54.000000
125.000000,52.000000,22.000000,54.000000
125.000000,52.000000,22.000000,54.000000
135.000000,64.000000,22.000000,54.000000
135.000000,64.000000,22.000000,54.000000
135.000000,64.000000,22.000000,54.000000
153.000000,63.000000,22.000000,54.000000
153.000000,63.000000,22.000000,54.000000
165.000000,59.000000,22.000000,54.000000
165.000000,59.000000,22.000000,54.000000
165.000000,59.000000,22.000000,54.000000
165.000000,59.000000,22.000000,54.000000
165.000000,59.000000,22.000000,54.000000
165.000000,59.000000,22.000000,54.000000
165.000000,59.000000,22.000000,54.000000
165.000000,59.000000,22.000000,54.000000
165.000000,59.000000,22.000000,54.000000
165.000000,59.000000,22.000000,54.000000
165.000000,59.000000,22.000000,54.000000
173.000000,69.000000,22.000000,54.000000
173.000000,69.000000,22.000000,54.000000
173.000000,69.000000,22.000000,54.000000
173.000000,69.000000,22.000000,54.000000
173.000000,69.000000,22.000000,54.000000
173.000000,69.000000,22.000000,54.000000
188.000000,56.000000,22.000000,54.000000
188.000000,56.000000,22.000000,54.000000
194.000000,73.000000,22.000000,54.000000
194.000000,73.000000,22.000000,54.000000
194.000000,73.000000,22.000000,54.000000
194.000000,73.000000,22.000000,54.000000
194.000000,73.000000,22.000000,54.000000
194.000000,73.000000,22.000000,54.000000
194.000000,73.000000,22.000000,54.000000
182.000000,44.000000,22.000000,54.000000
182.000000,44.000000,22.000000,54.000000
182.000000,44.000000,22.000000,54.000000
182.000000,44.000000,22.000000,54.000000
173.000000,43.000000,22.000000,54.000000
173.000000,43.000000,22.000000,54.000000
179.000000,64.000000,22.000000,54.000000
179.000000,64.000000,22.000000,54.000000
179.000000,64.000000,22.000000,54.000000
179.000000,64.000000,22.000000,54.000000
179.000000,64.000000,22.000000,54.000000
179.000000,64.000000,22.000000,54.000000
169.000000,52.000000,22.000000,54.000000
169.000000,52.000000,22.000000,54.000000
169.000000,52.000000,22.000000,54.000000
169.000000,52.000000,22.000000,54.000000
169.000000,52.000000,22.000000,54.000000
166.000000,73.000000,22.000000,54.000000
158.000000,52.000000,22.000000,54.000000
158.000000,52.000000,22.000000,54.000000
158.000000,52.000000,22.000000,54.000000
158.000000,52.000000,22.000000,54.000000
158.000000,52.000000,22.000000,54.000000
158.000000,52.000000,22.000000,54.000000
158.000000,52.000000,22.000000,54.000000
146.000000,63.000000,22.000000,54.000000
146.000000,63.000000,22.000000,54.000000
146.000000,63.000000,22.000000,54.000000
146.000000,63.000000,22.000000,54.000000
146.000000,63.000000,22.000000,54.000000
146.000000,63.000000,22.000000,54.000000
161.000000,72.000000,22.000000,54.000000
161.000000,72.000000,22.000000,54.000000
175.000000,77.000000,22.000000,54.000000
175.000000,77.000000,22.000000,54.000000
175.000000,77.000000,22.000000,54.000000
186.000000,67.000000,22.000000,54.000000
186.000000,67.000000,22.000000,54.000000
186.000000,67.000000,22.000000,54.000000
192.000000,72.000000,22.000000,54.000000
192.000000,72.000000,22.000000,54.000000
192.000000,72.000000,22.000000,54.000000
192.000000,72.000000,22.000000,54.000000
192.000000,72.000000,22.000000,54.000000
192.000000,72.000000,22.000000,54.000000
192.000000,72.000000,22.000000,54.000000
2
0
0
0
0
1
148.000000,84.000000,23.000000,61.000000
148.000000,84.000000,23.000000,61.000000
148.000000,84.000000,23.000000,61.000000
148.000000,84.000000,23.000000,61.000000
148.000000,84.000000,23.000000,61.000000
148.000000,84.000000,23.000000,61.000000
148.000000,84.000000,23.000000,61.000000
148.000000,84.000000,23.000000,61.000000
148.000000,84.000000,23.000000,61.000000
148.000000,84.000000,23.000000,61.000000
148.000000,84.000000,23.000000,61.000000
148.000000,84.000000,23.000000,61.000000
148.000000,84.000000,23.000000,61.000000
148.000000,84.000000,23.000000,61.000000
148.000000,84.000000,23.000000,61.000000
148.000000,84.000000,23.000000,61.000000
2
0
0
0
0
1
132.000000,73.000000,20.000000,54.000000
132.000000,73.000000,20.000000,54.000000
132.000000,73.000000,20.000000,54.000000
132.000000,73.000000,20.000000,54.000000
132.000000,73.000000,20.000000,54.000000
132.000000,73.000000,20.000000,54.000000
132.000000,73.000000,20.000000,54.000000
132.000000,73.000000,20.000000,54.000000
132.000000,73.000000,20.000000,54.000000
132.000000,73.000000,20.000000,54.000000
132.000000,73.000000,20.000000,54.000000
2
0
0
0
0
1
127.000000,87.000000,19.000000,54.000000
127.000000,87.000000,19.000000,54.000000
127.000000,87.000000,19.000000,54.000000
127.000000,87.000000,19.000000,54.000000
127.000000,87.000000,19.000000,54.000000
127.000000,87.000000,19.000000,54.000000
127.000000,87.000000,19.000000,54.000000
127.000000,87.000000,19.000000,54.000000
127.000000,87.000000,19.000000,54.000000
127.000000,87.000000,19.000000,54.000000
127.000000,87.000000,19.000000,54.000000
127.000000,87.000000,19.000000,54.000000
127.000000,87.000000,19.000000,54.000000
127.000000,87.000000,19.000000,54.000000
141.500000,79.000000,19.000000,54.000000
141.500000,79.000000,19.000000,54.000000
141.500000,79.000000,19.000000,54.000000
141.500000,79.000000,19.000000,54.000000
131.500000,80.000000,19.000000,54.000000
131.500000,80.000000,19.000000,54.000000
131.500000,80.000000,19.000000,54.000000
131.500000,80.000000,19.000000,54.000000
131.500000,80.000000,19.000000,54.000000
131.500000,80.000000,19.000000,54.000000
131.500000,80.000000,19.000000,54.000000
131.500000,80.000000,19.000000,54.000000
131.500000,80.000000,19.000000,54.000000
131.500000,80.000000,19.000000,54.000000
131.500000,80.000000,19.000000,54.000000
131.500000,80.000000,19.000000,54.000000
131.500000,80.000000,19.000000,54.000000
131.500000,80.000000,19.000000,54.000000
131.500000,80.000000,19.000000,54.000000
131.500000,80.000000,19.000000,54.000000
131.500000,80.000000,19.000000,54.000000
131.500000,80.000000,19.000000,54.000000
131.500000,80.000000,19.000000,54.000000
139.500000,83.000000,19.000000,54.000000
139.500000,83.000000,19.000000,54.000000
139.500000,83.000000,19.000000,54.000000
139.500000,83.000000,19.000000,54.000000
139.500000,83.000000,19.000000,54.000000
2
0
0
0
0
1
164.000000,88.000000,15.000000,35.000000
164.000000,88.000000,15.000000,35.000000
164.000000,88.000000,15.000000,35.000000
164.000000,88.000000,15.000000,35.000000
164.000000,88.000000,15.000000,35.000000
164.000000,88.000000,15.000000,35.000000
164.000000,88.000000,15.000000,35.000000
164.000000,88.000000,15.000000,35.000000
164.000000,88.000000,15.000000,35.000000
173.500000,83.500000,15.000000,35.000000
173.500000,83.500000,15.000000,35.000000
173.500000,83.500000,15.000000,35.000000
173.500000,83.500000,15.000000,35.000000
173.500000,83.500000,15.000000,35.000000
173.500000,83.500000,15.000000,35.000000
173.500000,83.500000,15.000000,35.000000
173.500000,83.500000,15.000000,35.000000
173.500000,83.500000,15.000000,35.000000
173.500000,83.500000,15.000000,35.000000
173.500000,83.500000,15.000000,35.000000
173.500000,83.500000,15.000000,35.000000
173.500000,83.500000,15.000000,35.000000
173.500000,83.500000,15.000000,35.000000
173.500000,83.500000,15.000000,35.000000
173.500000,83.500000,15.000000,35.000000
173.500000,83.500000,15.000000,35.000000
173.500000,83.500000,15.000000,35.000000
173.500000,83.500000,15.000000,35.000000
171.500000,97.500000,15.000000,35.000000
171.500000,97.500000,15.000000,35.000000
171.500000,97.500000,15.000000,35.000000
171.500000,97.500000,15.000000,35.000000
171.500000,97.500000,15.000000,35.000000
171.500000,97.500000,15.000000,35.000000
