1
154.000000,94.000000,18.000000,48.000000
154.000000,94.000000,18.000000,48.000000
154.000000,94.000000,18.000000,48.000000
154.000000,94.000000,18.000000,48.000000
154.000000,94.000000,18.000000,48.000000
154.000000,94.000000,18.000000,48.000000
154.000000,94.000000,18.000000,48.000000
153.000000,82.000000,18.000000,48.000000
153.000000,82.000000,18.000000,48.000000
153.000000,82.000000,18.000000,48.000000
153.000000,82.000000,18.000000,48.000000
153.000000,82.000000,18.000000,48.000000
153.000000,82.000000,18.000000,48.000000
153.000000,82.000000,18.000000,48.000000
153.000000,82.000000,18.000000,48.000000
153.000000,82.000000,18.000000,48.000000
153.000000,82.000000,18.000000,48.000000
153.000000,82.000000,18.000000,48.000000
153.000000,82.000000,18.000000,48.000000
2
0
0
0
0
1
131.000000,77.000000,22.000000,54.000000
131.000000,77.000000,22.000000,54.000000
139.000000,73.000000,22.000000,54.000000
133.000000,81.000000,22.000000,54.000000
133.000000,81.000000,22.000000,54.000000
141.000000,82.000000,22.000000,54.000000
141.000000,82.000000,22.000000,54.000000
141.000000,82.000000,22.000000,54.000000
141.000000,82.000000,22.000000,54.000000
141.000000,82.000000,22.000000,54.000000
141.000000,82.000000,22.000000,54.000000
153.000000,74.000000,22.000000,54.000000
153.000000,74.000000,22.000000,54.000000
153.000000,74.000000,22.000000,54.000000
153.000000,74.000000,22.000000,54.000000
153.000000,74.000000,22.000000,54.000000
153.000000,74.000000,22.000000,54.000000
153.000000,74.000000,22.000000,54.000000
153.000000,74.000000,22.000000,54.000000
153.000000,74.000000,22.000000,54.000000
153.000000,74.000000,22.000000,54.000000
153.000000,74.000000,22.000000,54.000000
153.000000,74.000000,22.000000,54.000000
153.000000,74.000000,22.000000,54.000000
153.000000,74.000000,22.000000,54.000000
153.000000,74.000000,22.000000,54.000000
153.000000,74.000000,22.000000,54.000000
153.000000,74.000000,22.000000,54.000000
153.000000,74.000000,22.000000,54.000000
153.000000,74.000000,22.000000,54.000000
153.000000,74.000000,22.000000,54.000000
153.000000,74.000000,22.000000,54.000000
153.000000,74.000000,22.000000,54.000000
153.000000,74.000000,22.000000,54.000000
138.000000,88.000000,22.000000,54.000000
129.000000,65.000000,22.000000,54.000000
129.000000,65.000000,22.000000,54.000000
129.000000,65.000000,22.000000,54.000000
129.000000,65.000000,22.000000,54.000000
129.000000,65.000000,22.000000,54.000000
129.000000,65.000000,22.000000,54.000000
129.000000,65.000000,22.000000,54.000000
129.000000,65.000000,22.000000,54.000000
141.000000,75.000000,22.000000,54.000000
146.000000,68.000000,22.000000,54.000000
146.000000,89.000000,22.000000,54.000000
152.000000,73.000000,22.000000,54.000000
152.000000,73.000000,22.000000,54.000000
152.000000,73.000000,22.000000,54.000000
160.000000,75.000000,22.000000,54.000000
166.000000,84.000000,22.000000,54.000000
166.000000,84.000000,22.000000,54.000000
173.000000,62.000000,22.000000,54.000000
173.000000,62.000000,22.000000,54.000000
160.000000,50.000000,22.000000,54.000000
160.000000,50.000000,22.000000,54.000000
160.000000,50.000000,22.000000,54.000000
167.000000,79.000000,22.000000,54.000000
167.000000,79.000000,22.000000,54.000000
167.000000,79.000000,22.000000,54.000000
182.000000,72.000000,22.000000,54.000000
182.000000,72.000000,22.000000,54.000000
182.000000,72.000000,22.000000,54.000000
182.000000,72.000000,22.000000,54.000000
182.000000,72.000000,22.000000,54.000000
182.000000,72.000000,22.000000,54.000000
182.000000,72.000000,22.000000,54.000000
182.000000,72.000000,22.000000,54.000000
182.000000,72.000000,22.000000,54.000000
182.000000,72.000000,22.000000,54.000000
182.000000,72.000000,22.000000,54.000000
182.000000,72.000000,22.000000,54.000000
182.000000,72.000000,22.000000,54.000000
182.000000,72.000000,22.000000,54.000000
182.000000,72.000000,22.000000,54.000000
177.000000,51.000000,22.000000,54.000000
177.000000,51.000000,22.000000,54.000000
177.000000,51.000000,22.000000,54.000000
177.000000,51.000000,22.000000,54.000000
177.000000,51.000000,22.000000,54.000000
177.000000,51.000000,22.000000,54.000000
182.000000,57.000000,22.000000,54.000000
182.000000,57.000000,22.000000,54.000000
182.000000,57.000000,22.000000,54.000000
172.000000,65.000000,22.000000,54.000000
172.000000,65.000000,22.000000,54.000000
172.000000,65.000000,22.000000,54.000000
172.000000,65.000000,22.000000,54.000000
172.000000,65.000000,22.000000,54.000000
172.000000,65.000000,22.000000,54.000000
158.000000,64.000000,22.000000,54.000000
158.000000,64.000000,22.000000,54.000000
158.000000,64.000000,22.000000,54.000000
158.000000,64.000000,22.000000,54.000000
158.000000,64.000000,22.000000,54.000000
158.000000,64.000000,22.000000,54.000000
158.000000,64.000000,22.000000,54.000000
145.000000,77.000000,22.000000,54.000000
145.000000,77.000000,22.000000,54.000000
145.000000,77.000000,22.000000,54.000000
145.000000,77.000000,22.000000,54.000000
145.000000,77.000000,22.000000,54.000000
160.000000,80.000000,22.000000,54.000000
160.000000,80.000000,22.000000,54.000000
173.000000,81.000000,22.000000,54.000000
173.000000,81.000000,22.000000,54.000000
182.000000,71.000000,22.000000,54.000000
182.000000,71.000000,22.000000,54.000000
182.000000,71.000000,22.000000,54.000000
193.000000,71.000000,22.000000,54.000000
193.000000,71.000000,22.000000,54.000000
193.000000,71.000000,22.000000,54.000000
193.000000,71.000000,22.000000,54.000000
193.000000,71.000000,22.000000,54.000000
193.000000,71.000000,22.000000,54.000000
193.000000,71.000000,22.000000,54.000000
193.000000,71.000000,22.000000,54.000000
193.000000,71.000000,22.000000,54.000000
181.000000,71.000000,22.000000,54.000000
181.000000,71.000000,22.000000,54.000000
165.000000,91.000000,22.000000,54.000000
165.000000,91.000000,22.000000,54.000000
152.000000,90.000000,22.000000,54.000000
152.000000,90.000000,22.000000,54.000000
152.000000,90.000000,22.000000,54.000000
152.000000,90.000000,22.000000,54.000000
152.000000,90.000000,22.000000,54.000000
152.000000,90.000000,22.000000,54.000000
152.000000,90.000000,22.000000,54.000000
152.000000,90.000000,22.000000,54.000000
156.000000,61.000000,22.000000,54.000000
156.000000,61.000000,22.000000,54.000000
156.000000,61.000000,22.000000,54.000000
156.000000,61.000000,22.000000,54.000000
156.000000,61.000000,22.000000,54.000000
156.000000,61.000000,22.000000,54.000000
156.000000,61.000000,22.000000,54.000000
145.000000,83.000000,22.000000,54.000000
145.000000,83.000000,22.000000,54.000000
132.000000,68.000000,22.000000,54.000000
132.000000,68.000000,22.000000,54.000000
132.000000,68.000000,22.000000,54.000000
132.000000,68.000000,22.000000,54.000000
132.000000,68.000000,22.000000,54.000000
132.000000,68.000000,22.000000,54.000000
132.000000,68.000000,22.000000,54.000000
132.000000,68.000000,22.000000,54.000000
132.000000,68.000000,22.000000,54.000000
132.000000,68.000000,22.000000,54.000000
132.000000,68.000000,22.000000,54.000000
132.000000,68.000000,22.000000,54.000000
129.000000,58.000000,22.000000,54.000000
129.000000,58.000000,22.000000,54.000000
129.000000,58.000000,22.000000,54.000000
129.000000,58.000000,22.000000,54.000000
129.000000,58.000000,22.000000,54.000000
119.000000,63.000000,22.000000,54.000000
119.000000,63.000000,22.000000,54.000000
119.000000,63.000000,22.000000,54.000000
119.000000,63.000000,22.000000,54.000000
119.000000,63.000000,22.000000,54.000000
119.000000,63.000000,22.000000,54.000000
119.000000,63.000000,22.000000,54.000000
119.000000,63.000000,22.000000,54.000000
119.000000,63.000000,22.000000,54.000000
119.000000,63.000000,22.000000,54.000000
119.000000,63.000000,22.000000,54.000000
119.000000,63.000000,22.000000,54.000000
119.000000,63.000000,22.000000,54.000000
2
0
0
0
0
1
145.000000,88.000000,16.000000,49.000000
145.000000,88.000000,16.000000,49.000000
145.000000,88.000000,16.000000,49.000000
145.000000,88.000000,16.000000,49.000000
145.000000,88.000000,16.000000,49.000000
132.000000,84.500000,16.000000,49.000000
132.000000,84.500000,16.000000,49.000000
132.000000,84.500000,16.000000,49.000000
132.000000,84.500000,16.000000,49.000000
132.000000,84.500000,16.000000,49.000000
132.000000,84.500000,16.000000,49.000000
132.000000,84.500000,16.000000,49.000000
132.000000,84.500000,16.000000,49.000000
132.000000,84.500000,16.000000,49.000000
132.000000,84.500000,16.000000,49.000000
132.000000,84.500000,16.000000,49.000000
132.000000,84.500000,16.000000,49.000000
132.000000,84.500000,16.000000,49.000000
132.000000,84.500000,16.000000,49.000000
132.000000,84.500000,16.000000,49.000000
124.000000,77.500000,16.000000,49.000000
124.000000,77.500000,16.000000,49.000000
2
0
0
0
0
1
152.000000,89.000000,15.000000,34.000000
152.000000,89.000000,15.000000,34.000000
152.000000,89.000000,15.000000,34.000000
152.000000,89.000000,15.000000,34.000000
152.000000,89.000000,15.000000,34.000000
158.500000,90.000000,15.000000,34.000000
158.500000,90.000000,15.000000,34.000000
158.500000,90.000000,15.000000,34.000000
158.500000,90.000000,15.000000,34.000000
158.500000,90.000000,15.000000,34.000000
158.500000,90.000000,15.000000,34.000000
158.500000,90.000000,15.000000,34.000000
158.500000,90.000000,15.000000,34.000000
158.500000,90.000000,15.000000,34.000000
169.500000,85.000000,15.000000,34.000000
169.500000,85.000000,15.000000,34.000000
169.500000,85.000000,15.000000,34.000000
169.500000,85.000000,15.000000,34.000000
169.500000,85.000000,15.000000,34.000000
169.500000,85.000000,15.000000,34.000000
176.500000,90.000000,15.000000,34.000000
176.500000,90.000000,15.000000,34.000000
176.500000,90.000000,15.000000,34.000000
176.500000,90.000000,15.000000,34.000000
176.500000,90.000000,15.000000,34.000000
176.500000,90.000000,15.000000,34.000000
176.500000,90.000000,15.000000,34.000000
176.500000,90.000000,15.000000,34.000000
176.500000,90.000000,15.000000,34.000000
176.500000,90.000000,15.000000,34.000000
176.500000,90.000000,15.000000,34.000000
176.500000,90.000000,15.000000,34.000000
176.500000,90.000000,15.000000,34.000000
176.500000,90.000000,15.000000,34.000000
176.500000,90.000000,15.000000,34.000000
176.500000,90.000000,15.000000,34.000000
168.500000,91.000000,15.000000,34.000000
168.500000,91.000000,15.000000,34.000000
168.500000,91.000000,15.000000,34.000000
168.500000,91.000000,15.000000,34.000000
168.500000,91.000000,15.000000,34.000000
168.500000,91.000000,15.000000,34.000000
