1
154.000000,94.000000,18.000000,48.000000
154.000000,94.000000,18.000000,48.000000
154.000000,94.000000,18.000000,48.000000
154.000000,94.000000,18.000000,48.000000
154.000000,94.000000,18.000000,48.000000
154.000000,94.000000,18.000000,48.000000
154.000000,94.000000,18.000000,48.000000
154.000000,94.000000,18.000000,48.000000
154.000000,94.000000,18.000000,48.000000
154.000000,94.000000,18.000000,48.000000
154.000000,94.000000,18.000000,48.000000
154.000000,94.000000,18.000000,48.000000
154.000000,94.000000,18.000000,48.000000
154.000000,94.000000,18.000000,48.000000
154.000000,94.000000,18.000000,48.000000
154.000000,94.000000,18.000000,48.000000
154.000000,94.000000,18.000000,48.000000
154.000000,94.000000,18.000000,48.000000
136.000000,96.000000,18.000000,48.000000
136.000000,96.000000,18.000000,48.000000
128.000000,98.000000,18.000000,48.000000
128.000000,98.000000,18.000000,48.000000
128.000000,98.000000,18.000000,48.000000
133.000000,80.000000,18.000000,48.000000
133.000000,80.000000,18.000000,48.000000
133.000000,80.000000,18.000000,48.000000
133.000000,80.000000,18.000000,48.000000
133.000000,80.000000,18.000000,48.000000
133.000000,80.000000,18.000000,48.000000
139.000000,82.000000,18.000000,48.000000
139.000000,82.000000,18.000000,48.000000
147.000000,89.000000,18.000000,48.000000
147.000000,89.000000,18.000000,48.000000
147.000000,89.000000,18.000000,48.000000
147.000000,89.000000,18.000000,48.000000
147.000000,89.000000,18.000000,48.000000
147.000000,89.000000,18.000000,48.000000
147.000000,89.000000,18.000000,48.000000
147.000000,89.000000,18.000000,48.000000
155.000000,89.000000,18.000000,48.000000
155.000000,89.000000,18.000000,48.000000
155.000000,89.000000,18.000000,48.000000
161.000000,82.000000,18.000000,48.000000
161.000000,82.000000,18.000000,48.000000
161.000000,82.000000,18.000000,48.000000
161.000000,82.000000,18.000000,48.000000
161.000000,82.000000,18.000000,48.000000
161.000000,82.000000,18.000000,48.000000
161.000000,82.000000,18.000000,48.000000
167.000000,98.000000,18.000000,48.000000
167.000000,98.000000,18.000000,48.000000
167.000000,98.000000,18.000000,48.000000
167.000000,98.000000,18.000000,48.000000
156.000000,95.000000,18.000000,48.000000
163.000000,95.000000,18.000000,48.000000
163.000000,95.000000,18.000000,48.000000
163.000000,95.000000,18.000000,48.000000
154.000000,94.000000,18.000000,48.000000
154.000000,94.000000,18.000000,48.000000
139.000000,94.000000,18.000000,48.000000
139.000000,94.000000,18.000000,48.000000
139.000000,94.000000,18.000000,48.000000
139.000000,94.000000,18.000000,48.000000
139.000000,94.000000,18.000000,48.000000
139.000000,94.000000,18.000000,48.000000
126.000000,103.000000,18.000000,48.000000
126.000000,103.000000,18.000000,48.000000
131.000000,100.000000,18.000000,48.000000
138.000000,82.000000,18.000000,48.000000
138.000000,82.000000,18.000000,48.000000
2
0
0
0
0
1
173.000000,65.000000,32.000000,79.000000
173.000000,65.000000,32.000000,79.000000
173.000000,65.000000,32.000000,79.000000
173.000000,65.000000,32.000000,79.000000
173.000000,65.000000,32.000000,79.000000
173.000000,65.000000,32.000000,79.000000
173.000000,65.000000,32.000000,79.000000
173.000000,65.000000,32.000000,79.000000
173.000000,65.000000,32.000000,79.000000
173.000000,65.000000,32.000000,79.000000
173.000000,65.000000,32.000000,79.000000
173.000000,65.000000,32.000000,79.000000
173.000000,65.000000,32.000000,79.000000
173.000000,65.000000,32.000000,79.000000
189.000000,68.500000,32.000000,79.000000
189.000000,68.500000,32.000000,79.000000
189.000000,68.500000,32.000000,79.000000
189.000000,68.500000,32.000000,79.000000
189.000000,68.500000,32.000000,79.000000
189.000000,68.500000,32.000000,79.000000
189.000000,68.500000,32.000000,79.000000
189.000000,68.500000,32.000000,79.000000
189.000000,68.500000,32.000000,79.000000
189.000000,68.500000,32.000000,79.000000
189.000000,68.500000,32.000000,79.000000
189.000000,68.500000,32.000000,79.000000
189.000000,68.500000,32.000000,79.000000
179.000000,53.500000,32.000000,79.000000
179.000000,53.500000,32.000000,79.000000
179.000000,53.500000,32.000000,79.000000
179.000000,53.500000,32.000000,79.000000
179.000000,53.500000,32.000000,79.000000
163.000000,55.500000,32.000000,79.000000
163.000000,55.500000,32.000000,79.000000
163.000000,55.500000,32.000000,79.000000
163.000000,55.500000,32.000000,79.000000
163.000000,55.500000,32.000000,79.000000
163.000000,55.500000,32.000000,79.000000
163.000000,55.500000,32.000000,79.000000
151.000000,63.500000,32.000000,79.000000
151.000000,63.500000,32.000000,79.000000
151.000000,63.500000,32.000000,79.000000
151.000000,63.500000,32.000000,79.000000
151.000000,63.500000,32.000000,79.000000
151.000000,63.500000,32.000000,79.000000
151.000000,63.500000,32.000000,79.000000
134.000000,66.500000,32.000000,79.000000
134.000000,66.500000,32.000000,79.000000
134.000000,66.500000,32.000000,79.000000
134.000000,66.500000,32.000000,79.000000
134.000000,66.500000,32.000000,79.000000
151.000000,70.500000,32.000000,79.000000
151.000000,70.500000,32.000000,79.000000
151.000000,70.500000,32.000000,79.000000
172.000000,70.500000,32.000000,79.000000
172.000000,70.500000,32.000000,79.000000
172.000000,70.500000,32.000000,79.000000
185.000000,70.500000,32.000000,79.000000
185.000000,70.500000,32.000000,79.000000
185.000000,70.500000,32.000000,79.000000
185.000000,70.500000,32.000000,79.000000
185.000000,70.500000,32.000000,79.000000
185.000000,70.500000,32.000000,79.000000
185.000000,70.500000,32.000000,79.000000
185.000000,70.500000,32.000000,79.000000
185.000000,70.500000,32.000000,79.000000
185.000000,70.500000,32.000000,79.000000
185.000000,70.500000,32.000000,79.000000
169.000000,85.500000,32.000000,79.000000
152.000000,81.500000,32.000000,79.000000
152.000000,81.500000,32.000000,79.000000
152.000000,81.500000,32.000000,79.000000
152.000000,81.500000,32.000000,79.000000
152.000000,81.500000,32.000000,79.000000
152.000000,81.500000,32.000000,79.000000
152.000000,81.500000,32.000000,79.000000
152.000000,81.500000,32.000000,79.000000
152.000000,81.500000,32.000000,79.000000
152.000000,81.500000,32.000000,79.000000
152.000000,81.500000,32.000000,79.000000
152.000000,81.500000,32.000000,79.000000
152.000000,81.500000,32.000000,79.000000
152.000000,81.500000,32.000000,79.000000
152.000000,81.500000,32.000000,79.000000
152.000000,81.500000,32.000000,79.000000
140.000000,71.500000,32.000000,79.000000
140.000000,71.500000,32.000000,79.000000
129.000000,63.500000,32.000000,79.000000
129.000000,63.500000,32.000000,79.000000
129.000000,63.500000,32.000000,79.000000
129.000000,63.500000,32.000000,79.000000
129.000000,63.500000,32.000000,79.000000
129.000000,63.500000,32.000000,79.000000
129.000000,63.500000,32.000000,79.000000
129.000000,63.500000,32.000000,79.000000
129.000000,63.500000,32.000000,79.000000
129.000000,63.500000,32.000000,79.000000
129.000000,63.500000,32.000000,79.000000
129.000000,63.500000,32.000000,79.000000
129.000000,63.500000,32.000000,79.000000
129.000000,63.500000,32.000000,79.000000
129.000000,63.500000,32.000000,79.000000
129.000000,63.500000,32.000000,79.000000
129.000000,63.500000,32.000000,79.000000
129.000000,63.500000,32.000000,79.000000
129.000000,63.500000,32.000000,79.000000
129.000000,63.500000,32.000000,79.000000
129.000000,63.500000,32.000000,79.000000
129.000000,63.500000,32.000000,79.000000
129.000000,63.500000,32.000000,79.000000
129.000000,63.500000,32.000000,79.000000
129.000000,63.500000,32.000000,79.000000
129.000000,63.500000,32.000000,79.000000
129.000000,63.500000,32.000000,79.000000
129.000000,63.500000,32.000000,79.000000
129.000000,63.500000,32.000000,79.000000
129.000000,63.500000,32.000000,79.000000
129.000000,63.500000,32.000000,79.000000
129.000000,63.500000,32.000000,79.000000
129.000000,63.500000,32.000000,79.000000
129.000000,63.500000,32.000000,79.000000
129.000000,63.500000,32.000000,79.000000
129.000000,63.500000,32.000000,79.000000
129.000000,63.500000,32.000000,79.000000
129.000000,63.500000,32.000000,79.000000
129.000000,63.500000,32.000000,79.000000
129.000000,63.500000,32.000000,79.000000
129.000000,63.500000,32.000000,79.000000
129.000000,63.500000,32.000000,79.000000
129.000000,63.500000,32.000000,79.000000
129.000000,63.500000,32.000000,79.000000
129.000000,63.500000,32.000000,79.000000
129.000000,63.500000,32.000000,79.000000
129.000000,63.500000,32.000000,79.000000
129.000000,63.500000,32.000000,79.000000
129.000000,63.500000,32.000000,79.000000
129.000000,63.500000,32.000000,79.000000
129.000000,63.500000,32.000000,79.000000
129.000000,63.500000,32.000000,79.000000
129.000000,63.500000,32.000000,79.000000
129.000000,63.500000,32.000000,79.000000
129.000000,63.500000,32.000000,79.000000
129.000000,63.500000,32.000000,79.000000
129.000000,63.500000,32.000000,79.000000
129.000000,63.500000,32.000000,79.000000
129.000000,63.500000,32.000000,79.000000
129.000000,63.500000,32.000000,79.000000
129.000000,63.500000,32.000000,79.000000
129.000000,63.500000,32.000000,79.000000
129.000000,63.500000,32.000000,79.000000
129.000000,63.500000,32.000000,79.000000
129.000000,63.500000,32.000000,79.000000
129.000000,63.500000,32.000000,79.000000
129.000000,63.500000,32.000000,79.000000
129.000000,63.500000,32.000000,79.000000
2
0
0
0
0
1
164.000000,88.000000,15.000000,35.000000
164.000000,88.000000,15.000000,35.000000
164.000000,88.000000,15.000000,35.000000
164.000000,88.000000,15.000000,35.000000
164.000000,88.000000,15.000000,35.000000
164.000000,88.000000,15.000000,35.000000
164.000000,88.000000,15.000000,35.000000
164.000000,88.000000,15.000000,35.000000
169.500000,82.500000,15.000000,35.000000
169.500000,82.500000,15.000000,35.000000
175.500000,75.500000,15.000000,35.000000
175.500000,75.500000,15.000000,35.000000
175.500000,75.500000,15.000000,35.000000
175.500000,75.500000,15.000000,35.000000
175.500000,75.500000,15.000000,35.000000
175.500000,75.500000,15.000000,35.000000
175.500000,75.500000,15.000000,35.000000
175.500000,75.500000,15.000000,35.000000
174.500000,89.500000,15.000000,35.000000
174.500000,89.500000,15.000000,35.000000
174.500000,89.500000,15.000000,35.000000
174.500000,89.500000,15.000000,35.000000
174.500000,89.500000,15.000000,35.000000
174.500000,89.500000,15.000000,35.000000
174.500000,89.500000,15.000000,35.000000
174.500000,89.500000,15.000000,35.000000
174.500000,89.500000,15.000000,35.000000
174.500000,89.500000,15.000000,35.000000
166.500000,99.500000,15.000000,35.000000
166.500000,99.500000,15.000000,35.000000
166.500000,99.500000,15.000000,35.000000
166.500000,99.500000,15.000000,35.000000
166.500000,99.500000,15.000000,35.000000
