1
5.290000,162.460007,45.020000,33.159988
5.290000,162.460007,45.020000,33.159988
5.290000,162.460007,45.020000,33.159988
5.290000,162.460007,45.020000,33.159988
5.290000,162.460007,45.020000,33.159988
5.290000,162.460007,45.020000,33.159988
5.290000,162.460007,45.020000,33.159988
5.290000,162.460007,45.020000,33.159988
5.290000,162.460007,45.020000,33.159988
5.290000,162.460007,45.020000,33.159988
5.290000,162.460007,45.020000,33.159988
5.290000,162.460007,45.020000,33.159988
5.290000,162.460007,45.020000,33.159988
5.290000,162.460007,45.020000,33.159988
5.290000,162.460007,45.020000,33.159988
5.290000,162.460007,45.020000,33.159988
5.290000,162.460007,45.020000,33.159988
5.290000,162.460007,45.020000,33.159988
5.290000,162.460007,45.020000,33.159988
5.290000,162.460007,45.020000,33.159988
5.290000,162.460007,45.020000,33.159988
19.490000,175.420013,45.020000,33.159988
19.490000,175.420013,45.020000,33.159988
19.490000,175.420013,45.020000,33.159988
19.490000,175.420013,45.020000,33.159988
25.490000,162.420013,45.020000,33.159988
12.490000,160.420013,45.020000,33.159988
12.490000,160.420013,45.020000,33.159988
12.490000,160.420013,45.020000,33.159988
31.490000,164.420013,45.020000,33.159988
31.490000,164.420013,45.020000,33.159988
31.490000,164.420013,45.020000,33.159988
31.490000,164.420013,45.020000,33.159988
31.490000,164.420013,45.020000,33.159988
31.490000,164.420013,45.020000,33.159988
31.490000,164.420013,45.020000,33.159988
31.490000,164.420013,45.020000,33.159988
31.490000,164.420013,45.020000,33.159988
31.490000,164.420013,45.020000,33.159988
31.490000,164.420013,45.020000,33.159988
31.490000,164.420013,45.020000,33.159988
31.490000,164.420013,45.020000,33.159988
31.490000,164.420013,45.020000,33.159988
33.490002,176.420013,45.020000,33.159988
33.490002,176.420013,45.020000,33.159988
24.490000,164.420013,45.020000,33.159988
24.490000,164.420013,45.020000,33.159988
24.490000,164.420013,45.020000,33.159988
24.490000,164.420013,45.020000,33.159988
2
0
0
0
0
1
72.430000,168.820007,57.890007,30.879990
72.430000,168.820007,57.890007,30.879990
72.430000,168.820007,57.890007,30.879990
72.430000,168.820007,57.890007,30.879990
72.430000,168.820007,57.890007,30.879990
72.430000,168.820007,57.890007,30.879990
72.430000,168.820007,57.890007,30.879990
72.430000,168.820007,57.890007,30.879990
72.430000,168.820007,57.890007,30.879990
72.430000,168.820007,57.890007,30.879990
72.430000,168.820007,57.890007,30.879990
72.430000,168.820007,57.890007,30.879990
72.430000,168.820007,57.890007,30.879990
57.054996,165.559998,57.890007,30.879990
57.054996,165.559998,57.890007,30.879990
77.055000,168.559998,57.890007,30.879990
77.055000,168.559998,57.890007,30.879990
77.055000,168.559998,57.890007,30.879990
77.055000,168.559998,57.890007,30.879990
77.055000,168.559998,57.890007,30.879990
47.054996,168.559998,57.890007,30.879990
72.055000,167.559998,57.890007,30.879990
72.055000,167.559998,57.890007,30.879990
72.055000,167.559998,57.890007,30.879990
72.055000,167.559998,57.890007,30.879990
87.055000,178.559998,57.890007,30.879990
87.055000,178.559998,57.890007,30.879990
87.055000,178.559998,57.890007,30.879990
87.055000,178.559998,57.890007,30.879990
87.055000,178.559998,57.890007,30.879990
87.055000,168.559998,57.890007,30.879990
87.055000,168.559998,57.890007,30.879990
87.055000,168.559998,57.890007,30.879990
87.055000,168.559998,57.890007,30.879990
87.055000,168.559998,57.890007,30.879990
87.055000,168.559998,57.890007,30.879990
87.055000,168.559998,57.890007,30.879990
87.055000,168.559998,57.890007,30.879990
87.055000,168.559998,57.890007,30.879990
87.055000,168.559998,57.890007,30.879990
62.054996,168.559998,57.890007,30.879990
62.054996,168.559998,57.890007,30.879990
82.055000,176.559998,57.890007,30.879990
82.055000,176.559998,57.890007,30.879990
82.055000,176.559998,57.890007,30.879990
62.054996,173.559998,57.890007,30.879990
62.054996,173.559998,57.890007,30.879990
62.054996,173.559998,57.890007,30.879990
62.054996,173.559998,57.890007,30.879990
62.054996,173.559998,57.890007,30.879990
62.054996,173.559998,57.890007,30.879990
62.054996,173.559998,57.890007,30.879990
62.054996,173.559998,57.890007,30.879990
62.054996,173.559998,57.890007,30.879990
62.054996,173.559998,57.890007,30.879990
62.054996,173.559998,57.890007,30.879990
62.054996,173.559998,57.890007,30.879990
62.054996,173.559998,57.890007,30.879990
62.054996,173.559998,57.890007,30.879990
92.055000,164.559998,57.890007,30.879990
67.055000,163.559998,57.890007,30.879990
67.055000,163.559998,57.890007,30.879990
87.055000,181.559998,57.890007,30.879990
87.055000,181.559998,57.890007,30.879990
87.055000,181.559998,57.890007,30.879990
87.055000,181.559998,57.890007,30.879990
87.055000,181.559998,57.890007,30.879990
87.055000,181.559998,57.890007,30.879990
87.055000,181.559998,57.890007,30.879990
87.055000,181.559998,57.890007,30.879990
87.055000,181.559998,57.890007,30.879990
87.055000,181.559998,57.890007,30.879990
87.055000,181.559998,57.890007,30.879990
115.055000,179.559998,57.890007,30.879990
84.055000,178.559998,57.890007,30.879990
113.055000,177.559998,57.890007,30.879990
113.055000,177.559998,57.890007,30.879990
96.055000,178.559998,57.890007,30.879990
96.055000,178.559998,57.890007,30.879990
96.055000,178.559998,57.890007,30.879990
96.055000,178.559998,57.890007,30.879990
96.055000,178.559998,57.890007,30.879990
96.055000,178.559998,57.890007,30.879990
96.055000,178.559998,57.890007,30.879990
96.055000,178.559998,57.890007,30.879990
96.055000,178.559998,57.890007,30.879990
96.055000,178.559998,57.890007,30.879990
96.055000,178.559998,57.890007,30.879990
96.055000,178.559998,57.890007,30.879990
96.055000,178.559998,57.890007,30.879990
121.055000,178.559998,57.890007,30.879990
121.055000,178.559998,57.890007,30.879990
121.055000,178.559998,57.890007,30.879990
121.055000,178.559998,57.890007,30.879990
121.055000,178.559998,57.890007,30.879990
121.055000,178.559998,57.890007,30.879990
121.055000,178.559998,57.890007,30.879990
121.055000,178.559998,57.890007,30.879990
102.055000,177.559998,57.890007,30.879990
102.055000,177.559998,57.890007,30.879990
102.055000,177.559998,57.890007,30.879990
102.055000,177.559998,57.890007,30.879990
131.054993,171.559998,57.890007,30.879990
131.054993,171.559998,57.890007,30.879990
131.054993,171.559998,57.890007,30.879990
131.054993,171.559998,57.890007,30.879990
131.054993,171.559998,57.890007,30.879990
131.054993,171.559998,57.890007,30.879990
131.054993,171.559998,57.890007,30.879990
131.054993,171.559998,57.890007,30.879990
131.054993,171.559998,57.890007,30.879990
158.054993,175.559998,57.890007,30.879990
158.054993,175.559998,57.890007,30.879990
158.054993,175.559998,57.890007,30.879990
158.054993,175.559998,57.890007,30.879990
158.054993,175.559998,57.890007,30.879990
192.054993,174.559998,57.890007,30.879990
162.054993,180.559998,57.890007,30.879990
162.054993,180.559998,57.890007,30.879990
192.054993,157.559998,57.890007,30.879990
192.054993,157.559998,57.890007,30.879990
192.054993,157.559998,57.890007,30.879990
172.054993,170.559998,57.890007,30.879990
172.054993,170.559998,57.890007,30.879990
172.054993,170.559998,57.890007,30.879990
202.054993,168.559998,57.890007,30.879990
202.054993,168.559998,57.890007,30.879990
202.054993,168.559998,57.890007,30.879990
202.054993,168.559998,57.890007,30.879990
202.054993,168.559998,57.890007,30.879990
202.054993,168.559998,57.890007,30.879990
202.054993,168.559998,57.890007,30.879990
202.054993,168.559998,57.890007,30.879990
202.054993,168.559998,57.890007,30.879990
232.054993,169.559998,57.890007,30.879990
232.054993,169.559998,57.890007,30.879990
232.054993,169.559998,57.890007,30.879990
232.054993,169.559998,57.890007,30.879990
241.054993,157.559998,57.890007,30.879990
241.054993,157.559998,57.890007,30.879990
241.054993,157.559998,57.890007,30.879990
241.054993,157.559998,57.890007,30.879990
250.054993,165.559998,57.890007,30.879990
250.054993,165.559998,57.890007,30.879990
232.054993,159.559998,57.890007,30.879990
258.054993,166.559998,57.890007,30.879990
258.054993,166.559998,57.890007,30.879990
258.054993,166.559998,57.890007,30.879990
258.054993,166.559998,57.890007,30.879990
237.054993,159.559998,57.890007,30.879990
237.054993,159.559998,57.890007,30.879990
237.054993,159.559998,57.890007,30.879990
237.054993,159.559998,57.890007,30.879990
237.054993,159.559998,57.890007,30.879990
237.054993,159.559998,57.890007,30.879990
237.054993,159.559998,57.890007,30.879990
237.054993,159.559998,57.890007,30.879990
237.054993,159.559998,57.890007,30.879990
237.054993,159.559998,57.890007,30.879990
272.054993,154.559998,57.890007,30.879990
272.054993,154.559998,57.890007,30.879990
272.054993,154.559998,57.890007,30.879990
295.054993,155.559998,57.890007,30.879990
295.054993,155.559998,57.890007,30.879990
295.054993,155.559998,57.890007,30.879990
308.054993,166.559998,57.890007,30.879990
308.054993,166.559998,57.890007,30.879990
308.054993,166.559998,57.890007,30.879990
331.054993,167.559998,57.890007,30.879990
331.054993,167.559998,57.890007,30.879990
331.054993,167.559998,57.890007,30.879990
331.054993,167.559998,57.890007,30.879990
375.054993,145.559998,57.890007,30.879990
375.054993,145.559998,57.890007,30.879990
375.054993,145.559998,57.890007,30.879990
375.054993,145.559998,57.890007,30.879990
375.054993,145.559998,57.890007,30.879990
395.054993,140.559998,57.890007,30.879990
395.054993,140.559998,57.890007,30.879990
395.054993,140.559998,57.890007,30.879990
395.054993,140.559998,57.890007,30.879990
394.054993,153.559998,57.890007,30.879990
394.054993,153.559998,57.890007,30.879990
394.054993,153.559998,57.890007,30.879990
394.054993,153.559998,57.890007,30.879990
394.054993,153.559998,57.890007,30.879990
394.054993,153.559998,57.890007,30.879990
394.054993,153.559998,57.890007,30.879990
394.054993,153.559998,57.890007,30.879990
394.054993,153.559998,57.890007,30.879990
394.054993,153.559998,57.890007,30.879990
394.054993,153.559998,57.890007,30.879990
394.054993,153.559998,57.890007,30.879990
394.054993,153.559998,57.890007,30.879990
394.054993,153.559998,57.890007,30.879990
394.054993,153.559998,57.890007,30.879990
