1
4.980000,163.119995,46.889999,31.080002
4.980000,163.119995,46.889999,31.080002
4.980000,163.119995,46.889999,31.080002
4.980000,163.119995,46.889999,31.080002
4.980000,163.119995,46.889999,31.080002
4.980000,163.119995,46.889999,31.080002
4.980000,163.119995,46.889999,31.080002
4.980000,163.119995,46.889999,31.080002
4.980000,163.119995,46.889999,31.080002
4.980000,163.119995,46.889999,31.080002
4.980000,163.119995,46.889999,31.080002
4.980000,163.119995,46.889999,31.080002
4.980000,163.119995,46.889999,31.080002
4.980000,163.119995,46.889999,31.080002
4.980000,163.119995,46.889999,31.080002
4.980000,163.119995,46.889999,31.080002
4.980000,163.119995,46.889999,31.080002
4.980000,163.119995,46.889999,31.080002
4.980000,163.119995,46.889999,31.080002
4.980000,163.119995,46.889999,31.080002
4.980000,163.119995,46.889999,31.080002
4.980000,163.119995,46.889999,31.080002
4.980000,163.119995,46.889999,31.080002
4.980000,163.119995,46.889999,31.080002
4.980000,163.119995,46.889999,31.080002
4.980000,163.119995,46.889999,31.080002
4.980000,163.119995,46.889999,31.080002
4.980000,163.119995,46.889999,31.080002
4.980000,163.119995,46.889999,31.080002
4.980000,163.119995,46.889999,31.080002
4.980000,163.119995,46.889999,31.080002
4.980000,163.119995,46.889999,31.080002
2
0
0
0
0
1
58.450001,173.979996,45.420002,27.090012
58.450001,173.979996,45.420002,27.090012
58.450001,173.979996,45.420002,27.090012
58.450001,173.979996,45.420002,27.090012
58.450001,173.979996,45.420002,27.090012
58.450001,173.979996,45.420002,27.090012
58.450001,173.979996,45.420002,27.090012
58.450001,173.979996,45.420002,27.090012
58.450001,173.979996,45.420002,27.090012
58.450001,173.979996,45.420002,27.090012
58.450001,173.979996,45.420002,27.090012
58.450001,173.979996,45.420002,27.090012
58.450001,173.979996,45.420002,27.090012
58.450001,173.979996,45.420002,27.090012
58.450001,173.979996,45.420002,27.090012
58.450001,173.979996,45.420002,27.090012
58.450001,173.979996,45.420002,27.090012
58.450001,173.979996,45.420002,27.090012
58.450001,173.979996,45.420002,27.090012
58.450001,173.979996,45.420002,27.090012
58.450001,173.979996,45.420002,27.090012
85.290001,179.454987,45.420002,27.090012
85.290001,179.454987,45.420002,27.090012
85.290001,179.454987,45.420002,27.090012
85.290001,179.454987,45.420002,27.090012
85.290001,179.454987,45.420002,27.090012
85.290001,179.454987,45.420002,27.090012
85.290001,179.454987,45.420002,27.090012
85.290001,179.454987,45.420002,27.090012
85.290001,179.454987,45.420002,27.090012
85.290001,179.454987,45.420002,27.090012
67.290001,172.454987,45.420002,27.090012
67.290001,172.454987,45.420002,27.090012
67.290001,172.454987,45.420002,27.090012
67.290001,172.454987,45.420002,27.090012
67.290001,172.454987,45.420002,27.090012
67.290001,172.454987,45.420002,27.090012
90.290001,174.454987,45.420002,27.090012
73.290001,176.454987,45.420002,27.090012
73.290001,176.454987,45.420002,27.090012
73.290001,176.454987,45.420002,27.090012
73.290001,176.454987,45.420002,27.090012
73.290001,176.454987,45.420002,27.090012
73.290001,176.454987,45.420002,27.090012
91.290001,178.454987,45.420002,27.090012
91.290001,178.454987,45.420002,27.090012
72.290001,177.454987,45.420002,27.090012
72.290001,177.454987,45.420002,27.090012
93.290001,176.454987,45.420002,27.090012
93.290001,176.454987,45.420002,27.090012
93.290001,176.454987,45.420002,27.090012
89.290001,183.454987,45.420002,27.090012
89.290001,183.454987,45.420002,27.090012
89.290001,183.454987,45.420002,27.090012
89.290001,183.454987,45.420002,27.090012
89.290001,183.454987,45.420002,27.090012
89.290001,183.454987,45.420002,27.090012
89.290001,183.454987,45.420002,27.090012
89.290001,183.454987,45.420002,27.090012
89.290001,183.454987,45.420002,27.090012
89.290001,183.454987,45.420002,27.090012
89.290001,183.454987,45.420002,27.090012
89.290001,183.454987,45.420002,27.090012
89.290001,183.454987,45.420002,27.090012
89.290001,183.454987,45.420002,27.090012
89.290001,183.454987,45.420002,27.090012
89.290001,183.454987,45.420002,27.090012
89.290001,183.454987,45.420002,27.090012
89.290001,183.454987,45.420002,27.090012
89.290001,183.454987,45.420002,27.090012
89.290001,183.454987,45.420002,27.090012
89.290001,183.454987,45.420002,27.090012
89.290001,183.454987,45.420002,27.090012
89.290001,183.454987,45.420002,27.090012
89.290001,183.454987,45.420002,27.090012
89.290001,183.454987,45.420002,27.090012
89.290001,183.454987,45.420002,27.090012
89.290001,183.454987,45.420002,27.090012
89.290001,183.454987,45.420002,27.090012
89.290001,183.454987,45.420002,27.090012
89.290001,183.454987,45.420002,27.090012
89.290001,183.454987,45.420002,27.090012
89.290001,183.454987,45.420002,27.090012
89.290001,183.454987,45.420002,27.090012
89.290001,183.454987,45.420002,27.090012
89.290001,183.454987,45.420002,27.090012
89.290001,183.454987,45.420002,27.090012
89.290001,183.454987,45.420002,27.090012
89.290001,183.454987,45.420002,27.090012
89.290001,183.454987,45.420002,27.090012
89.290001,183.454987,45.420002,27.090012
89.290001,183.454987,45.420002,27.090012
89.290001,183.454987,45.420002,27.090012
114.290001,169.454987,45.420002,27.090012
108.290001,179.454987,45.420002,27.090012
108.290001,179.454987,45.420002,27.090012
86.290001,179.454987,45.420002,27.090012
86.290001,179.454987,45.420002,27.090012
86.290001,179.454987,45.420002,27.090012
86.290001,179.454987,45.420002,27.090012
86.290001,179.454987,45.420002,27.090012
111.290001,179.454987,45.420002,27.090012
111.290001,179.454987,45.420002,27.090012
111.290001,179.454987,45.420002,27.090012
111.290001,179.454987,45.420002,27.090012
111.290001,179.454987,45.420002,27.090012
111.290001,179.454987,45.420002,27.090012
111.290001,179.454987,45.420002,27.090012
143.289993,172.454987,45.420002,27.090012
143.289993,172.454987,45.420002,27.090012
143.289993,172.454987,45.420002,27.090012
143.289993,172.454987,45.420002,27.090012
130.289993,179.454987,45.420002,27.090012
130.289993,179.454987,45.420002,27.090012
130.289993,179.454987,45.420002,27.090012
130.289993,179.454987,45.420002,27.090012
130.289993,179.454987,45.420002,27.090012
130.289993,179.454987,45.420002,27.090012
130.289993,179.454987,45.420002,27.090012
130.289993,179.454987,45.420002,27.090012
130.289993,179.454987,45.420002,27.090012
119.290001,164.454987,45.420002,27.090012
119.290001,164.454987,45.420002,27.090012
119.290001,164.454987,45.420002,27.090012
119.290001,164.454987,45.420002,27.090012
119.290001,164.454987,45.420002,27.090012
119.290001,164.454987,45.420002,27.090012
119.290001,164.454987,45.420002,27.090012
119.290001,164.454987,45.420002,27.090012
183.289993,172.454987,45.420002,27.090012
183.289993,172.454987,45.420002,27.090012
151.289993,174.454987,45.420002,27.090012
175.289993,160.454987,45.420002,27.090012
175.289993,160.454987,45.420002,27.090012
183.289993,177.454987,45.420002,27.090012
183.289993,177.454987,45.420002,27.090012
196.289993,169.454987,45.420002,27.090012
170.289993,175.454987,45.420002,27.090012
170.289993,175.454987,45.420002,27.090012
158.289993,177.454987,45.420002,27.090012
132.289993,178.454987,45.420002,27.090012
132.289993,178.454987,45.420002,27.090012
132.289993,178.454987,45.420002,27.090012
114.290001,171.454987,45.420002,27.090012
114.290001,171.454987,45.420002,27.090012
112.290001,163.454987,45.420002,27.090012
96.290001,159.454987,45.420002,27.090012
95.290001,170.454987,45.420002,27.090012
114.290001,176.454987,45.420002,27.090012
133.289993,182.454987,45.420002,27.090012
133.289993,182.454987,45.420002,27.090012
133.289993,182.454987,45.420002,27.090012
120.290001,180.454987,45.420002,27.090012
120.290001,180.454987,45.420002,27.090012
136.289993,179.454987,45.420002,27.090012
136.289993,179.454987,45.420002,27.090012
136.289993,179.454987,45.420002,27.090012
122.290001,178.454987,45.420002,27.090012
122.290001,178.454987,45.420002,27.090012
128.289993,185.454987,45.420002,27.090012
128.289993,185.454987,45.420002,27.090012
128.289993,185.454987,45.420002,27.090012
128.289993,185.454987,45.420002,27.090012
128.289993,185.454987,45.420002,27.090012
128.289993,185.454987,45.420002,27.090012
97.290001,184.454987,45.420002,27.090012
97.290001,184.454987,45.420002,27.090012
97.290001,184.454987,45.420002,27.090012
97.290001,184.454987,45.420002,27.090012
97.290001,184.454987,45.420002,27.090012
97.290001,184.454987,45.420002,27.090012
39.289997,172.454987,45.420002,27.090012
39.289997,172.454987,45.420002,27.090012
39.289997,172.454987,45.420002,27.090012
39.289997,172.454987,45.420002,27.090012
39.289997,172.454987,45.420002,27.090012
39.289997,172.454987,45.420002,27.090012
39.289997,172.454987,45.420002,27.090012
39.289997,172.454987,45.420002,27.090012
39.289997,172.454987,45.420002,27.090012
39.289997,172.454987,45.420002,27.090012
2
0
0
0
0
1
109.129997,87.739998,317.359985,138.640015
109.129997,87.739998,317.359985,138.640015
109.129997,87.739998,317.359985,138.640015
109.129997,87.739998,317.359985,138.640015
109.129997,87.739998,317.359985,138.640015
109.129997,87.739998,317.359985,138.640015
109.129997,87.739998,317.359985,138.640015
109.129997,87.739998,317.359985,138.640015
109.129997,87.739998,317.359985,138.640015
109.129997,87.739998,317.359985,138.640015
109.129997,87.739998,317.359985,138.640015
109.129997,87.739998,317.359985,138.640015
109.129997,87.739998,317.359985,138.640015
109.129997,87.739998,317.359985,138.640015
109.129997,87.739998,317.359985,138.640015
109.129997,87.739998,317.359985,138.640015
109.129997,87.739998,317.359985,138.640015
109.129997,87.739998,317.359985,138.640015
109.129997,87.739998,317.359985,138.640015
109.129997,87.739998,317.359985,138.640015
109.129997,87.739998,317.359985,138.640015
109.129997,87.739998,317.359985,138.640015
109.129997,87.739998,317.359985,138.640015
109.129997,87.739998,317.359985,138.640015
109.129997,87.739998,317.359985,138.640015
109.129997,87.739998,317.359985,138.640015
