1
7.870000,164.130005,45.620003,30.179993
7.870000,164.130005,45.620003,30.179993
7.870000,164.130005,45.620003,30.179993
7.870000,164.130005,45.620003,30.179993
7.870000,164.130005,45.620003,30.179993
7.870000,164.130005,45.620003,30.179993
7.870000,164.130005,45.620003,30.179993
7.870000,164.130005,45.620003,30.179993
34.189999,153.910004,45.620003,30.179993
34.189999,153.910004,45.620003,30.179993
34.189999,153.910004,45.620003,30.179993
34.189999,153.910004,45.620003,30.179993
34.189999,153.910004,45.620003,30.179993
34.189999,153.910004,45.620003,30.179993
34.189999,153.910004,45.620003,30.179993
34.189999,153.910004,45.620003,30.179993
34.189999,153.910004,45.620003,30.179993
34.189999,153.910004,45.620003,30.179993
34.189999,153.910004,45.620003,30.179993
34.189999,153.910004,45.620003,30.179993
34.189999,153.910004,45.620003,30.179993
22.189999,156.910004,45.620003,30.179993
22.189999,156.910004,45.620003,30.179993
42.189999,162.910004,45.620003,30.179993
42.189999,162.910004,45.620003,30.179993
42.189999,162.910004,45.620003,30.179993
54.189999,172.910004,45.620003,30.179993
30.189999,157.910004,45.620003,30.179993
46.189999,167.910004,45.620003,30.179993
62.189999,167.910004,45.620003,30.179993
48.189999,167.910004,45.620003,30.179993
48.189999,167.910004,45.620003,30.179993
55.189999,177.910004,45.620003,30.179993
55.189999,177.910004,45.620003,30.179993
47.189999,162.910004,45.620003,30.179993
47.189999,162.910004,45.620003,30.179993
29.189999,162.910004,45.620003,30.179993
29.189999,162.910004,45.620003,30.179993
29.189999,162.910004,45.620003,30.179993
29.189999,162.910004,45.620003,30.179993
47.189999,175.910004,45.620003,30.179993
47.189999,175.910004,45.620003,30.179993
47.189999,175.910004,45.620003,30.179993
44.189999,165.910004,45.620003,30.179993
64.189995,179.910004,45.620003,30.179993
64.189995,179.910004,45.620003,30.179993
64.189995,179.910004,45.620003,30.179993
49.189999,176.910004,45.620003,30.179993
49.189999,176.910004,45.620003,30.179993
49.189999,176.910004,45.620003,30.179993
49.189999,176.910004,45.620003,30.179993
49.189999,176.910004,45.620003,30.179993
49.189999,176.910004,45.620003,30.179993
49.189999,176.910004,45.620003,30.179993
49.189999,176.910004,45.620003,30.179993
49.189999,176.910004,45.620003,30.179993
49.189999,176.910004,45.620003,30.179993
49.189999,176.910004,45.620003,30.179993
49.189999,176.910004,45.620003,30.179993
49.189999,176.910004,45.620003,30.179993
49.189999,176.910004,45.620003,30.179993
49.189999,176.910004,45.620003,30.179993
49.189999,176.910004,45.620003,30.179993
67.189995,170.910004,45.620003,30.179993
67.189995,170.910004,45.620003,30.179993
67.189995,170.910004,45.620003,30.179993
67.189995,170.910004,45.620003,30.179993
67.189995,170.910004,45.620003,30.179993
54.189999,173.910004,45.620003,30.179993
54.189999,173.910004,45.620003,30.179993
54.189999,173.910004,45.620003,30.179993
54.189999,173.910004,45.620003,30.179993
54.189999,173.910004,45.620003,30.179993
54.189999,173.910004,45.620003,30.179993
54.189999,173.910004,45.620003,30.179993
54.189999,173.910004,45.620003,30.179993
54.189999,173.910004,45.620003,30.179993
77.189995,184.910004,45.620003,30.179993
77.189995,184.910004,45.620003,30.179993
59.189999,177.910004,45.620003,30.179993
59.189999,177.910004,45.620003,30.179993
59.189999,177.910004,45.620003,30.179993
80.189995,180.910004,45.620003,30.179993
80.189995,180.910004,45.620003,30.179993
80.189995,180.910004,45.620003,30.179993
80.189995,180.910004,45.620003,30.179993
80.189995,180.910004,45.620003,30.179993
80.189995,180.910004,45.620003,30.179993
80.189995,180.910004,45.620003,30.179993
107.189995,178.910004,45.620003,30.179993
107.189995,178.910004,45.620003,30.179993
107.189995,178.910004,45.620003,30.179993
107.189995,178.910004,45.620003,30.179993
107.189995,178.910004,45.620003,30.179993
87.189995,183.910004,45.620003,30.179993
87.189995,183.910004,45.620003,30.179993
87.189995,183.910004,45.620003,30.179993
87.189995,183.910004,45.620003,30.179993
87.189995,183.910004,45.620003,30.179993
87.189995,183.910004,45.620003,30.179993
77.189995,182.910004,45.620003,30.179993
80.189995,175.910004,45.620003,30.179993
68.189995,183.910004,45.620003,30.179993
68.189995,183.910004,45.620003,30.179993
104.189995,184.910004,45.620003,30.179993
104.189995,184.910004,45.620003,30.179993
104.189995,184.910004,45.620003,30.179993
104.189995,184.910004,45.620003,30.179993
104.189995,184.910004,45.620003,30.179993
104.189995,184.910004,45.620003,30.179993
104.189995,184.910004,45.620003,30.179993
90.189995,185.910004,45.620003,30.179993
90.189995,185.910004,45.620003,30.179993
90.189995,185.910004,45.620003,30.179993
90.189995,185.910004,45.620003,30.179993
90.189995,185.910004,45.620003,30.179993
110.189995,170.910004,45.620003,30.179993
96.189995,180.910004,45.620003,30.179993
115.189995,183.910004,45.620003,30.179993
115.189995,183.910004,45.620003,30.179993
115.189995,183.910004,45.620003,30.179993
115.189995,183.910004,45.620003,30.179993
115.189995,183.910004,45.620003,30.179993
115.189995,183.910004,45.620003,30.179993
115.189995,183.910004,45.620003,30.179993
100.189995,183.910004,45.620003,30.179993
121.189995,183.910004,45.620003,30.179993
121.189995,183.910004,45.620003,30.179993
121.189995,183.910004,45.620003,30.179993
121.189995,183.910004,45.620003,30.179993
107.189995,182.910004,45.620003,30.179993
129.190002,182.910004,45.620003,30.179993
129.190002,182.910004,45.620003,30.179993
129.190002,182.910004,45.620003,30.179993
129.190002,182.910004,45.620003,30.179993
129.190002,182.910004,45.620003,30.179993
129.190002,182.910004,45.620003,30.179993
129.190002,182.910004,45.620003,30.179993
129.190002,182.910004,45.620003,30.179993
129.190002,182.910004,45.620003,30.179993
114.189995,185.910004,45.620003,30.179993
133.190002,183.910004,45.620003,30.179993
155.190002,180.910004,45.620003,30.179993
147.190002,177.910004,45.620003,30.179993
147.190002,177.910004,45.620003,30.179993
147.190002,177.910004,45.620003,30.179993
147.190002,177.910004,45.620003,30.179993
147.190002,177.910004,45.620003,30.179993
147.190002,177.910004,45.620003,30.179993
147.190002,177.910004,45.620003,30.179993
147.190002,177.910004,45.620003,30.179993
147.190002,177.910004,45.620003,30.179993
124.189995,181.910004,45.620003,30.179993
109.189995,180.910004,45.620003,30.179993
99.189995,174.910004,45.620003,30.179993
99.189995,174.910004,45.620003,30.179993
99.189995,174.910004,45.620003,30.179993
99.189995,166.910004,45.620003,30.179993
99.189995,166.910004,45.620003,30.179993
99.189995,166.910004,45.620003,30.179993
118.189995,159.910004,45.620003,30.179993
118.189995,159.910004,45.620003,30.179993
118.189995,159.910004,45.620003,30.179993
118.189995,159.910004,45.620003,30.179993
118.189995,159.910004,45.620003,30.179993
118.189995,159.910004,45.620003,30.179993
118.189995,159.910004,45.620003,30.179993
141.190002,169.910004,45.620003,30.179993
141.190002,169.910004,45.620003,30.179993
155.190002,180.910004,45.620003,30.179993
176.190002,165.910004,45.620003,30.179993
197.190002,170.910004,45.620003,30.179993
197.190002,170.910004,45.620003,30.179993
197.190002,170.910004,45.620003,30.179993
197.190002,170.910004,45.620003,30.179993
197.190002,170.910004,45.620003,30.179993
197.190002,170.910004,45.620003,30.179993
197.190002,170.910004,45.620003,30.179993
197.190002,170.910004,45.620003,30.179993
197.190002,170.910004,45.620003,30.179993
185.190002,177.910004,45.620003,30.179993
185.190002,177.910004,45.620003,30.179993
185.190002,177.910004,45.620003,30.179993
177.190002,189.910004,45.620003,30.179993
201.190002,193.910004,45.620003,30.179993
180.190002,192.910004,45.620003,30.179993
180.190002,192.910004,45.620003,30.179993
180.190002,192.910004,45.620003,30.179993
209.190002,188.910004,45.620003,30.179993
190.190002,191.910004,45.620003,30.179993
190.190002,191.910004,45.620003,30.179993
190.190002,191.910004,45.620003,30.179993
190.190002,191.910004,45.620003,30.179993
190.190002,191.910004,45.620003,30.179993
222.190002,187.910004,45.620003,30.179993
222.190002,187.910004,45.620003,30.179993
222.190002,187.910004,45.620003,30.179993
252.190002,182.910004,45.620003,30.179993
232.190002,182.910004,45.620003,30.179993
212.190002,182.910004,45.620003,30.179993
187.190002,187.910004,45.620003,30.179993
187.190002,187.910004,45.620003,30.179993
187.190002,187.910004,45.620003,30.179993
187.190002,187.910004,45.620003,30.179993
187.190002,187.910004,45.620003,30.179993
187.190002,187.910004,45.620003,30.179993
187.190002,187.910004,45.620003,30.179993
187.190002,187.910004,45.620003,30.179993
187.190002,187.910004,45.620003,30.179993
187.190002,187.910004,45.620003,30.179993
187.190002,187.910004,45.620003,30.179993
187.190002,187.910004,45.620003,30.179993
187.190002,187.910004,45.620003,30.179993
187.190002,187.910004,45.620003,30.179993
187.190002,187.910004,45.620003,30.179993
187.190002,187.910004,45.620003,30.179993
187.190002,187.910004,45.620003,30.179993
187.190002,187.910004,45.620003,30.179993
187.190002,187.910004,45.620003,30.179993
187.190002,187.910004,45.620003,30.179993
187.190002,187.910004,45.620003,30.179993
187.190002,187.910004,45.620003,30.179993
187.190002,187.910004,45.620003,30.179993
187.190002,187.910004,45.620003,30.179993
187.190002,187.910004,45.620003,30.179993
187.190002,187.910004,45.620003,30.179993
187.190002,187.910004,45.620003,30.179993
187.190002,187.910004,45.620003,30.179993
187.190002,187.910004,45.620003,30.179993
187.190002,187.910004,45.620003,30.179993
187.190002,187.910004,45.620003,30.179993
187.190002,187.910004,45.620003,30.179993
187.190002,187.910004,45.620003,30.179993
187.190002,187.910004,45.620003,30.179993
219.190002,172.910004,45.620003,30.179993
240.190002,177.910004,45.620003,30.179993
240.190002,177.910004,45.620003,30.179993
240.190002,177.910004,45.620003,30.179993
238.190002,162.910004,45.620003,30.179993
238.190002,162.910004,45.620003,30.179993
238.190002,162.910004,45.620003,30.179993
238.190002,162.910004,45.620003,30.179993
238.190002,162.910004,45.620003,30.179993
286.190002,162.910004,45.620003,30.179993
286.190002,162.910004,45.620003,30.179993
286.190002,162.910004,45.620003,30.179993
286.190002,162.910004,45.620003,30.179993
286.190002,162.910004,45.620003,30.179993
286.190002,162.910004,45.620003,30.179993
312.190002,162.910004,45.620003,30.179993
312.190002,162.910004,45.620003,30.179993
