1
10.960000,161.500000,41.139999,32.369995
10.960000,161.500000,41.139999,32.369995
10.960000,161.500000,41.139999,32.369995
10.960000,161.500000,41.139999,32.369995
10.960000,161.500000,41.139999,32.369995
10.960000,161.500000,41.139999,32.369995
10.960000,161.500000,41.139999,32.369995
10.960000,161.500000,41.139999,32.369995
10.960000,161.500000,41.139999,32.369995
10.960000,161.500000,41.139999,32.369995
10.960000,161.500000,41.139999,32.369995
10.960000,161.500000,41.139999,32.369995
10.960000,161.500000,41.139999,32.369995
10.960000,161.500000,41.139999,32.369995
10.960000,161.500000,41.139999,32.369995
10.960000,161.500000,41.139999,32.369995
10.960000,161.500000,41.139999,32.369995
10.960000,161.500000,41.139999,32.369995
10.960000,161.500000,41.139999,32.369995
10.960000,161.500000,41.139999,32.369995
10.960000,161.500000,41.139999,32.369995
10.960000,161.500000,41.139999,32.369995
10.960000,161.500000,41.139999,32.369995
10.960000,161.500000,41.139999,32.369995
10.960000,161.500000,41.139999,32.369995
10.960000,161.500000,41.139999,32.369995
10.960000,161.500000,41.139999,32.369995
10.960000,161.500000,41.139999,32.369995
10.960000,161.500000,41.139999,32.369995
10.960000,161.500000,41.139999,32.369995
10.960000,161.500000,41.139999,32.369995
10.960000,161.500000,41.139999,32.369995
10.960000,161.500000,41.139999,32.369995
2
0
0
0
0
1
59.020000,171.869995,50.600002,25.110001
59.020000,171.869995,50.600002,25.110001
59.020000,171.869995,50.600002,25.110001
59.020000,171.869995,50.600002,25.110001
59.020000,171.869995,50.600002,25.110001
59.020000,171.869995,50.600002,25.110001
59.020000,171.869995,50.600002,25.110001
59.020000,171.869995,50.600002,25.110001
59.020000,171.869995,50.600002,25.110001
59.020000,171.869995,50.600002,25.110001
59.020000,171.869995,50.600002,25.110001
59.020000,171.869995,50.600002,25.110001
59.020000,171.869995,50.600002,25.110001
77.699997,172.444992,50.600002,25.110001
58.700001,170.444992,50.600002,25.110001
58.700001,170.444992,50.600002,25.110001
58.700001,170.444992,50.600002,25.110001
58.700001,170.444992,50.600002,25.110001
58.700001,170.444992,50.600002,25.110001
58.700001,170.444992,50.600002,25.110001
58.700001,170.444992,50.600002,25.110001
58.700001,170.444992,50.600002,25.110001
58.700001,170.444992,50.600002,25.110001
87.699997,172.444992,50.600002,25.110001
68.699997,170.444992,50.600002,25.110001
68.699997,170.444992,50.600002,25.110001
68.699997,170.444992,50.600002,25.110001
68.699997,170.444992,50.600002,25.110001
68.699997,170.444992,50.600002,25.110001
68.699997,170.444992,50.600002,25.110001
93.699997,171.444992,50.600002,25.110001
93.699997,171.444992,50.600002,25.110001
93.699997,171.444992,50.600002,25.110001
93.699997,171.444992,50.600002,25.110001
93.699997,171.444992,50.600002,25.110001
93.699997,171.444992,50.600002,25.110001
93.699997,171.444992,50.600002,25.110001
71.699997,171.444992,50.600002,25.110001
71.699997,171.444992,50.600002,25.110001
71.699997,171.444992,50.600002,25.110001
71.699997,171.444992,50.600002,25.110001
71.699997,171.444992,50.600002,25.110001
71.699997,171.444992,50.600002,25.110001
71.699997,171.444992,50.600002,25.110001
71.699997,171.444992,50.600002,25.110001
71.699997,171.444992,50.600002,25.110001
71.699997,171.444992,50.600002,25.110001
71.699997,171.444992,50.600002,25.110001
101.699997,174.444992,50.600002,25.110001
101.699997,174.444992,50.600002,25.110001
71.699997,170.444992,50.600002,25.110001
71.699997,170.444992,50.600002,25.110001
91.699997,171.444992,50.600002,25.110001
86.699997,179.444992,50.600002,25.110001
86.699997,179.444992,50.600002,25.110001
86.699997,179.444992,50.600002,25.110001
86.699997,179.444992,50.600002,25.110001
86.699997,179.444992,50.600002,25.110001
75.699997,166.444992,50.600002,25.110001
75.699997,166.444992,50.600002,25.110001
67.699997,173.444992,50.600002,25.110001
67.699997,173.444992,50.600002,25.110001
67.699997,173.444992,50.600002,25.110001
67.699997,173.444992,50.600002,25.110001
67.699997,173.444992,50.600002,25.110001
67.699997,173.444992,50.600002,25.110001
67.699997,173.444992,50.600002,25.110001
67.699997,173.444992,50.600002,25.110001
67.699997,173.444992,50.600002,25.110001
67.699997,173.444992,50.600002,25.110001
87.699997,178.444992,50.600002,25.110001
87.699997,178.444992,50.600002,25.110001
72.699997,174.444992,50.600002,25.110001
72.699997,174.444992,50.600002,25.110001
72.699997,174.444992,50.600002,25.110001
72.699997,174.444992,50.600002,25.110001
72.699997,174.444992,50.600002,25.110001
72.699997,174.444992,50.600002,25.110001
72.699997,174.444992,50.600002,25.110001
72.699997,174.444992,50.600002,25.110001
72.699997,163.444992,50.600002,25.110001
72.699997,163.444992,50.600002,25.110001
76.699997,177.444992,50.600002,25.110001
97.699997,166.444992,50.600002,25.110001
113.699997,170.444992,50.600002,25.110001
113.699997,170.444992,50.600002,25.110001
113.699997,170.444992,50.600002,25.110001
113.699997,170.444992,50.600002,25.110001
113.699997,170.444992,50.600002,25.110001
83.699997,175.444992,50.600002,25.110001
83.699997,175.444992,50.600002,25.110001
83.699997,175.444992,50.600002,25.110001
83.699997,175.444992,50.600002,25.110001
83.699997,175.444992,50.600002,25.110001
83.699997,175.444992,50.600002,25.110001
94.699997,164.444992,50.600002,25.110001
115.699997,163.444992,50.600002,25.110001
136.699997,172.444992,50.600002,25.110001
136.699997,172.444992,50.600002,25.110001
136.699997,172.444992,50.600002,25.110001
136.699997,172.444992,50.600002,25.110001
125.699997,163.444992,50.600002,25.110001
124.699997,171.444992,50.600002,25.110001
123.699997,159.444992,50.600002,25.110001
123.699997,159.444992,50.600002,25.110001
123.699997,159.444992,50.600002,25.110001
123.699997,159.444992,50.600002,25.110001
109.699997,156.444992,50.600002,25.110001
109.699997,156.444992,50.600002,25.110001
109.699997,156.444992,50.600002,25.110001
91.699997,165.444992,50.600002,25.110001
91.699997,165.444992,50.600002,25.110001
114.699997,176.444992,50.600002,25.110001
114.699997,176.444992,50.600002,25.110001
114.699997,176.444992,50.600002,25.110001
162.699997,167.444992,50.600002,25.110001
162.699997,167.444992,50.600002,25.110001
162.699997,167.444992,50.600002,25.110001
162.699997,167.444992,50.600002,25.110001
162.699997,167.444992,50.600002,25.110001
162.699997,167.444992,50.600002,25.110001
114.699997,166.444992,50.600002,25.110001
114.699997,166.444992,50.600002,25.110001
114.699997,166.444992,50.600002,25.110001
114.699997,166.444992,50.600002,25.110001
114.699997,166.444992,50.600002,25.110001
114.699997,166.444992,50.600002,25.110001
157.699997,177.444992,50.600002,25.110001
157.699997,177.444992,50.600002,25.110001
157.699997,177.444992,50.600002,25.110001
157.699997,177.444992,50.600002,25.110001
174.699997,177.444992,50.600002,25.110001
174.699997,177.444992,50.600002,25.110001
174.699997,177.444992,50.600002,25.110001
189.699997,167.444992,50.600002,25.110001
189.699997,167.444992,50.600002,25.110001
189.699997,167.444992,50.600002,25.110001
164.699997,172.444992,50.600002,25.110001
164.699997,172.444992,50.600002,25.110001
194.699997,162.444992,50.600002,25.110001
194.699997,162.444992,50.600002,25.110001
194.699997,162.444992,50.600002,25.110001
194.699997,162.444992,50.600002,25.110001
194.699997,162.444992,50.600002,25.110001
194.699997,162.444992,50.600002,25.110001
194.699997,162.444992,50.600002,25.110001
194.699997,162.444992,50.600002,25.110001
194.699997,162.444992,50.600002,25.110001
194.699997,162.444992,50.600002,25.110001
194.699997,162.444992,50.600002,25.110001
208.699997,155.444992,50.600002,25.110001
208.699997,155.444992,50.600002,25.110001
208.699997,155.444992,50.600002,25.110001
208.699997,155.444992,50.600002,25.110001
208.699997,155.444992,50.600002,25.110001
208.699997,155.444992,50.600002,25.110001
208.699997,155.444992,50.600002,25.110001
229.699997,147.444992,50.600002,25.110001
229.699997,147.444992,50.600002,25.110001
229.699997,147.444992,50.600002,25.110001
229.699997,147.444992,50.600002,25.110001
229.699997,147.444992,50.600002,25.110001
229.699997,147.444992,50.600002,25.110001
229.699997,147.444992,50.600002,25.110001
229.699997,147.444992,50.600002,25.110001
229.699997,147.444992,50.600002,25.110001
229.699997,147.444992,50.600002,25.110001
204.699997,142.444992,50.600002,25.110001
204.699997,142.444992,50.600002,25.110001
204.699997,142.444992,50.600002,25.110001
204.699997,142.444992,50.600002,25.110001
204.699997,142.444992,50.600002,25.110001
204.699997,142.444992,50.600002,25.110001
204.699997,142.444992,50.600002,25.110001
221.699997,132.444992,50.600002,25.110001
240.699997,138.444992,50.600002,25.110001
240.699997,138.444992,50.600002,25.110001
223.699997,145.444992,50.600002,25.110001
223.699997,145.444992,50.600002,25.110001
196.699997,132.444992,50.600002,25.110001
196.699997,132.444992,50.600002,25.110001
196.699997,132.444992,50.600002,25.110001
196.699997,132.444992,50.600002,25.110001
220.699997,129.444992,50.600002,25.110001
220.699997,129.444992,50.600002,25.110001
220.699997,129.444992,50.600002,25.110001
220.699997,129.444992,50.600002,25.110001
271.700012,117.445000,50.600002,25.110001
271.700012,117.445000,50.600002,25.110001
284.700012,116.445000,50.600002,25.110001
284.700012,116.445000,50.600002,25.110001
297.700012,115.445000,50.600002,25.110001
297.700012,115.445000,50.600002,25.110001
297.700012,115.445000,50.600002,25.110001
309.700012,111.445000,50.600002,25.110001
309.700012,111.445000,50.600002,25.110001
309.700012,111.445000,50.600002,25.110001
309.700012,111.445000,50.600002,25.110001
309.700012,111.445000,50.600002,25.110001
324.700012,101.445000,50.600002,25.110001
338.700012,108.445000,50.600002,25.110001
317.700012,100.445000,50.600002,25.110001
336.700012,102.445000,50.600002,25.110001
336.700012,102.445000,50.600002,25.110001
336.700012,102.445000,50.600002,25.110001
336.700012,102.445000,50.600002,25.110001
336.700012,102.445000,50.600002,25.110001
356.700012,102.445000,50.600002,25.110001
356.700012,102.445000,50.600002,25.110001
356.700012,102.445000,50.600002,25.110001
356.700012,102.445000,50.600002,25.110001
356.700012,102.445000,50.600002,25.110001
