1
1.660000,161.699997,45.189999,31.350006
1.660000,161.699997,45.189999,31.350006
1.660000,161.699997,45.189999,31.350006
1.660000,161.699997,45.189999,31.350006
1.660000,161.699997,45.189999,31.350006
1.660000,161.699997,45.189999,31.350006
1.660000,161.699997,45.189999,31.350006
1.660000,161.699997,45.189999,31.350006
1.660000,161.699997,45.189999,31.350006
19.405001,150.324997,45.189999,31.350006
19.405001,150.324997,45.189999,31.350006
19.405001,150.324997,45.189999,31.350006
19.405001,150.324997,45.189999,31.350006
19.405001,150.324997,45.189999,31.350006
19.405001,150.324997,45.189999,31.350006
19.405001,150.324997,45.189999,31.350006
19.405001,150.324997,45.189999,31.350006
19.405001,150.324997,45.189999,31.350006
19.405001,150.324997,45.189999,31.350006
19.405001,150.324997,45.189999,31.350006
19.405001,150.324997,45.189999,31.350006
19.405001,150.324997,45.189999,31.350006
19.405001,150.324997,45.189999,31.350006
19.405001,150.324997,45.189999,31.350006
19.405001,150.324997,45.189999,31.350006
19.405001,150.324997,45.189999,31.350006
19.405001,150.324997,45.189999,31.350006
19.405001,150.324997,45.189999,31.350006
19.405001,150.324997,45.189999,31.350006
19.405001,150.324997,45.189999,31.350006
19.405001,150.324997,45.189999,31.350006
19.405001,150.324997,45.189999,31.350006
19.405001,150.324997,45.189999,31.350006
19.405001,150.324997,45.189999,31.350006
19.405001,150.324997,45.189999,31.350006
19.405001,150.324997,45.189999,31.350006
19.405001,150.324997,45.189999,31.350006
19.405001,150.324997,45.189999,31.350006
19.405001,150.324997,45.189999,31.350006
19.405001,150.324997,45.189999,31.350006
19.405001,150.324997,45.189999,31.350006
19.405001,150.324997,45.189999,31.350006
19.405001,150.324997,45.189999,31.350006
19.405001,150.324997,45.189999,31.350006
19.405001,150.324997,45.189999,31.350006
19.405001,150.324997,45.189999,31.350006
2
0
0
0
0
1
66.800003,169.960007,53.139999,30.029999
66.800003,169.960007,53.139999,30.029999
66.800003,169.960007,53.139999,30.029999
66.800003,169.960007,53.139999,30.029999
66.800003,169.960007,53.139999,30.029999
66.800003,169.960007,53.139999,30.029999
66.800003,169.960007,53.139999,30.029999
66.800003,169.960007,53.139999,30.029999
90.430000,169.985001,53.139999,30.029999
90.430000,169.985001,53.139999,30.029999
90.430000,169.985001,53.139999,30.029999
90.430000,169.985001,53.139999,30.029999
90.430000,169.985001,53.139999,30.029999
90.430000,169.985001,53.139999,30.029999
90.430000,169.985001,53.139999,30.029999
90.430000,169.985001,53.139999,30.029999
69.430000,164.985001,53.139999,30.029999
69.430000,164.985001,53.139999,30.029999
69.430000,164.985001,53.139999,30.029999
69.430000,164.985001,53.139999,30.029999
69.430000,164.985001,53.139999,30.029999
69.430000,164.985001,53.139999,30.029999
69.430000,164.985001,53.139999,30.029999
69.430000,164.985001,53.139999,30.029999
69.430000,164.985001,53.139999,30.029999
69.430000,164.985001,53.139999,30.029999
69.430000,174.985001,53.139999,30.029999
69.430000,174.985001,53.139999,30.029999
69.430000,174.985001,53.139999,30.029999
88.430000,174.985001,53.139999,30.029999
88.430000,174.985001,53.139999,30.029999
88.430000,174.985001,53.139999,30.029999
88.430000,174.985001,53.139999,30.029999
88.430000,174.985001,53.139999,30.029999
88.430000,174.985001,53.139999,30.029999
88.430000,174.985001,53.139999,30.029999
74.430000,169.985001,53.139999,30.029999
74.430000,169.985001,53.139999,30.029999
95.430000,174.985001,53.139999,30.029999
95.430000,174.985001,53.139999,30.029999
95.430000,174.985001,53.139999,30.029999
95.430000,174.985001,53.139999,30.029999
95.430000,174.985001,53.139999,30.029999
60.430000,174.985001,53.139999,30.029999
60.430000,174.985001,53.139999,30.029999
86.430000,174.985001,53.139999,30.029999
86.430000,174.985001,53.139999,30.029999
86.430000,174.985001,53.139999,30.029999
70.430000,174.985001,53.139999,30.029999
70.430000,174.985001,53.139999,30.029999
70.430000,174.985001,53.139999,30.029999
70.430000,174.985001,53.139999,30.029999
70.430000,174.985001,53.139999,30.029999
70.430000,174.985001,53.139999,30.029999
70.430000,174.985001,53.139999,30.029999
70.430000,174.985001,53.139999,30.029999
70.430000,174.985001,53.139999,30.029999
72.430000,164.985001,53.139999,30.029999
95.430000,169.985001,53.139999,30.029999
95.430000,169.985001,53.139999,30.029999
76.430000,169.985001,53.139999,30.029999
76.430000,169.985001,53.139999,30.029999
97.430000,164.985001,53.139999,30.029999
80.430000,164.985001,53.139999,30.029999
80.430000,164.985001,53.139999,30.029999
92.430000,180.985001,53.139999,30.029999
73.430000,168.985001,53.139999,30.029999
73.430000,168.985001,53.139999,30.029999
95.430000,179.985001,53.139999,30.029999
95.430000,179.985001,53.139999,30.029999
95.430000,179.985001,53.139999,30.029999
95.430000,179.985001,53.139999,30.029999
95.430000,179.985001,53.139999,30.029999
95.430000,179.985001,53.139999,30.029999
95.430000,179.985001,53.139999,30.029999
95.430000,179.985001,53.139999,30.029999
95.430000,179.985001,53.139999,30.029999
95.430000,179.985001,53.139999,30.029999
118.430000,180.985001,53.139999,30.029999
118.430000,180.985001,53.139999,30.029999
95.430000,178.985001,53.139999,30.029999
95.430000,178.985001,53.139999,30.029999
95.430000,178.985001,53.139999,30.029999
95.430000,178.985001,53.139999,30.029999
95.430000,178.985001,53.139999,30.029999
95.430000,178.985001,53.139999,30.029999
95.430000,178.985001,53.139999,30.029999
95.430000,178.985001,53.139999,30.029999
95.430000,178.985001,53.139999,30.029999
95.430000,178.985001,53.139999,30.029999
95.430000,178.985001,53.139999,30.029999
95.430000,178.985001,53.139999,30.029999
95.430000,178.985001,53.139999,30.029999
95.430000,178.985001,53.139999,30.029999
95.430000,178.985001,53.139999,30.029999
140.430008,179.985001,53.139999,30.029999
140.430008,179.985001,53.139999,30.029999
140.430008,179.985001,53.139999,30.029999
140.430008,179.985001,53.139999,30.029999
140.430008,179.985001,53.139999,30.029999
140.430008,179.985001,53.139999,30.029999
140.430008,179.985001,53.139999,30.029999
140.430008,179.985001,53.139999,30.029999
105.430000,167.985001,53.139999,30.029999
105.430000,167.985001,53.139999,30.029999
105.430000,167.985001,53.139999,30.029999
105.430000,167.985001,53.139999,30.029999
105.430000,167.985001,53.139999,30.029999
105.430000,167.985001,53.139999,30.029999
105.430000,167.985001,53.139999,30.029999
105.430000,167.985001,53.139999,30.029999
105.430000,167.985001,53.139999,30.029999
105.430000,167.985001,53.139999,30.029999
105.430000,167.985001,53.139999,30.029999
105.430000,167.985001,53.139999,30.029999
184.430008,176.985001,53.139999,30.029999
184.430008,176.985001,53.139999,30.029999
184.430008,176.985001,53.139999,30.029999
168.430008,164.985001,53.139999,30.029999
168.430008,164.985001,53.139999,30.029999
134.430008,171.985001,53.139999,30.029999
134.430008,171.985001,53.139999,30.029999
134.430008,171.985001,53.139999,30.029999
134.430008,171.985001,53.139999,30.029999
134.430008,171.985001,53.139999,30.029999
134.430008,171.985001,53.139999,30.029999
134.430008,171.985001,53.139999,30.029999
117.430000,170.985001,53.139999,30.029999
117.430000,170.985001,53.139999,30.029999
117.430000,170.985001,53.139999,30.029999
117.430000,170.985001,53.139999,30.029999
117.430000,170.985001,53.139999,30.029999
117.430000,170.985001,53.139999,30.029999
117.430000,170.985001,53.139999,30.029999
117.430000,170.985001,53.139999,30.029999
117.430000,170.985001,53.139999,30.029999
126.430000,181.985001,53.139999,30.029999
126.430000,181.985001,53.139999,30.029999
126.430000,181.985001,53.139999,30.029999
126.430000,181.985001,53.139999,30.029999
126.430000,181.985001,53.139999,30.029999
126.430000,181.985001,53.139999,30.029999
126.430000,181.985001,53.139999,30.029999
126.430000,181.985001,53.139999,30.029999
126.430000,181.985001,53.139999,30.029999
126.430000,181.985001,53.139999,30.029999
126.430000,181.985001,53.139999,30.029999
126.430000,181.985001,53.139999,30.029999
126.430000,181.985001,53.139999,30.029999
145.430008,183.985001,53.139999,30.029999
122.430000,174.985001,53.139999,30.029999
122.430000,174.985001,53.139999,30.029999
122.430000,174.985001,53.139999,30.029999
88.430000,177.985001,53.139999,30.029999
88.430000,177.985001,53.139999,30.029999
57.430000,174.985001,53.139999,30.029999
57.430000,174.985001,53.139999,30.029999
57.430000,174.985001,53.139999,30.029999
53.430000,151.985001,53.139999,30.029999
53.430000,151.985001,53.139999,30.029999
69.430000,135.985001,53.139999,30.029999
69.430000,135.985001,53.139999,30.029999
69.430000,135.985001,53.139999,30.029999
69.430000,135.985001,53.139999,30.029999
69.430000,135.985001,53.139999,30.029999
86.430000,130.985001,53.139999,30.029999
86.430000,130.985001,53.139999,30.029999
89.430000,135.985001,53.139999,30.029999
89.430000,135.985001,53.139999,30.029999
89.430000,135.985001,53.139999,30.029999
99.430000,121.985001,53.139999,30.029999
113.430000,113.985001,53.139999,30.029999
130.430008,115.985001,53.139999,30.029999
130.430008,115.985001,53.139999,30.029999
130.430008,115.985001,53.139999,30.029999
130.430008,115.985001,53.139999,30.029999
130.430008,115.985001,53.139999,30.029999
130.430008,115.985001,53.139999,30.029999
130.430008,115.985001,53.139999,30.029999
130.430008,115.985001,53.139999,30.029999
130.430008,115.985001,53.139999,30.029999
130.430008,115.985001,53.139999,30.029999
130.430008,115.985001,53.139999,30.029999
130.430008,115.985001,53.139999,30.029999
130.430008,115.985001,53.139999,30.029999
130.430008,115.985001,53.139999,30.029999
130.430008,115.985001,53.139999,30.029999
130.430008,115.985001,53.139999,30.029999
130.430008,115.985001,53.139999,30.029999
2
0
0
0
0
1
263.329987,99.019997,278.450043,123.940010
263.329987,99.019997,278.450043,123.940010
263.329987,99.019997,278.450043,123.940010
263.329987,99.019997,278.450043,123.940010
