1
0.000000,162.250000,46.989998,29.330002
0.000000,162.250000,46.989998,29.330002
0.000000,162.250000,46.989998,29.330002
0.000000,162.250000,46.989998,29.330002
0.000000,162.250000,46.989998,29.330002
0.000000,162.250000,46.989998,29.330002
0.000000,162.250000,46.989998,29.330002
0.000000,162.250000,46.989998,29.330002
0.000000,162.250000,46.989998,29.330002
0.000000,162.250000,46.989998,29.330002
0.000000,162.250000,46.989998,29.330002
0.000000,162.250000,46.989998,29.330002
29.505001,152.334991,46.989998,29.330002
29.505001,152.334991,46.989998,29.330002
29.505001,152.334991,46.989998,29.330002
29.505001,152.334991,46.989998,29.330002
29.505001,152.334991,46.989998,29.330002
29.505001,152.334991,46.989998,29.330002
29.505001,152.334991,46.989998,29.330002
29.505001,152.334991,46.989998,29.330002
29.505001,152.334991,46.989998,29.330002
29.505001,152.334991,46.989998,29.330002
29.505001,152.334991,46.989998,29.330002
29.505001,152.334991,46.989998,29.330002
29.505001,152.334991,46.989998,29.330002
29.505001,152.334991,46.989998,29.330002
29.505001,152.334991,46.989998,29.330002
29.505001,152.334991,46.989998,29.330002
29.505001,152.334991,46.989998,29.330002
29.505001,152.334991,46.989998,29.330002
29.505001,152.334991,46.989998,29.330002
29.505001,152.334991,46.989998,29.330002
29.505001,152.334991,46.989998,29.330002
29.505001,152.334991,46.989998,29.330002
29.505001,152.334991,46.989998,29.330002
29.505001,152.334991,46.989998,29.330002
29.505001,152.334991,46.989998,29.330002
57.505001,176.334991,46.989998,29.330002
57.505001,176.334991,46.989998,29.330002
57.505001,176.334991,46.989998,29.330002
57.505001,176.334991,46.989998,29.330002
57.505001,176.334991,46.989998,29.330002
39.505001,166.334991,46.989998,29.330002
39.505001,166.334991,46.989998,29.330002
39.505001,166.334991,46.989998,29.330002
57.505001,181.334991,46.989998,29.330002
57.505001,181.334991,46.989998,29.330002
57.505001,181.334991,46.989998,29.330002
57.505001,181.334991,46.989998,29.330002
57.505001,181.334991,46.989998,29.330002
57.505001,181.334991,46.989998,29.330002
57.505001,181.334991,46.989998,29.330002
57.505001,181.334991,46.989998,29.330002
57.505001,181.334991,46.989998,29.330002
57.505001,181.334991,46.989998,29.330002
57.505001,181.334991,46.989998,29.330002
57.505001,181.334991,46.989998,29.330002
57.505001,181.334991,46.989998,29.330002
57.505001,181.334991,46.989998,29.330002
57.505001,181.334991,46.989998,29.330002
57.505001,181.334991,46.989998,29.330002
57.505001,181.334991,46.989998,29.330002
57.505001,181.334991,46.989998,29.330002
57.505001,181.334991,46.989998,29.330002
57.505001,181.334991,46.989998,29.330002
57.505001,181.334991,46.989998,29.330002
57.505001,181.334991,46.989998,29.330002
57.505001,181.334991,46.989998,29.330002
57.505001,181.334991,46.989998,29.330002
57.505001,181.334991,46.989998,29.330002
57.505001,181.334991,46.989998,29.330002
57.505001,181.334991,46.989998,29.330002
57.505001,181.334991,46.989998,29.330002
57.505001,181.334991,46.989998,29.330002
57.505001,181.334991,46.989998,29.330002
57.505001,181.334991,46.989998,29.330002
57.505001,181.334991,46.989998,29.330002
84.504997,184.334991,46.989998,29.330002
84.504997,184.334991,46.989998,29.330002
84.504997,184.334991,46.989998,29.330002
84.504997,184.334991,46.989998,29.330002
84.504997,184.334991,46.989998,29.330002
84.504997,184.334991,46.989998,29.330002
84.504997,184.334991,46.989998,29.330002
84.504997,184.334991,46.989998,29.330002
84.504997,184.334991,46.989998,29.330002
84.504997,184.334991,46.989998,29.330002
84.504997,184.334991,46.989998,29.330002
84.504997,184.334991,46.989998,29.330002
84.504997,184.334991,46.989998,29.330002
84.504997,184.334991,46.989998,29.330002
84.504997,184.334991,46.989998,29.330002
84.504997,184.334991,46.989998,29.330002
84.504997,184.334991,46.989998,29.330002
84.504997,184.334991,46.989998,29.330002
84.504997,184.334991,46.989998,29.330002
84.504997,184.334991,46.989998,29.330002
84.504997,184.334991,46.989998,29.330002
84.504997,184.334991,46.989998,29.330002
84.504997,184.334991,46.989998,29.330002
61.505001,181.334991,46.989998,29.330002
61.505001,181.334991,46.989998,29.330002
61.505001,181.334991,46.989998,29.330002
61.505001,181.334991,46.989998,29.330002
61.505001,181.334991,46.989998,29.330002
61.505001,181.334991,46.989998,29.330002
61.505001,181.334991,46.989998,29.330002
61.505001,181.334991,46.989998,29.330002
61.505001,181.334991,46.989998,29.330002
61.505001,181.334991,46.989998,29.330002
61.505001,181.334991,46.989998,29.330002
61.505001,181.334991,46.989998,29.330002
61.505001,181.334991,46.989998,29.330002
61.505001,181.334991,46.989998,29.330002
61.505001,181.334991,46.989998,29.330002
61.505001,181.334991,46.989998,29.330002
61.505001,181.334991,46.989998,29.330002
61.505001,181.334991,46.989998,29.330002
61.505001,181.334991,46.989998,29.330002
54.505001,173.334991,46.989998,29.330002
54.505001,173.334991,46.989998,29.330002
54.505001,173.334991,46.989998,29.330002
54.505001,173.334991,46.989998,29.330002
54.505001,173.334991,46.989998,29.330002
54.505001,173.334991,46.989998,29.330002
54.505001,173.334991,46.989998,29.330002
54.505001,173.334991,46.989998,29.330002
54.505001,173.334991,46.989998,29.330002
79.504997,178.334991,46.989998,29.330002
79.504997,178.334991,46.989998,29.330002
79.504997,178.334991,46.989998,29.330002
83.504997,167.334991,46.989998,29.330002
76.504997,180.334991,46.989998,29.330002
76.504997,180.334991,46.989998,29.330002
76.504997,180.334991,46.989998,29.330002
85.504997,169.334991,46.989998,29.330002
85.504997,169.334991,46.989998,29.330002
85.504997,169.334991,46.989998,29.330002
85.504997,169.334991,46.989998,29.330002
85.504997,169.334991,46.989998,29.330002
85.504997,169.334991,46.989998,29.330002
85.504997,169.334991,46.989998,29.330002
81.504997,159.334991,46.989998,29.330002
81.504997,159.334991,46.989998,29.330002
81.504997,159.334991,46.989998,29.330002
81.504997,159.334991,46.989998,29.330002
81.504997,159.334991,46.989998,29.330002
81.504997,159.334991,46.989998,29.330002
81.504997,159.334991,46.989998,29.330002
81.504997,159.334991,46.989998,29.330002
81.504997,159.334991,46.989998,29.330002
81.504997,159.334991,46.989998,29.330002
81.504997,159.334991,46.989998,29.330002
81.504997,159.334991,46.989998,29.330002
98.504997,174.334991,46.989998,29.330002
119.504997,174.334991,46.989998,29.330002
119.504997,174.334991,46.989998,29.330002
119.504997,174.334991,46.989998,29.330002
119.504997,174.334991,46.989998,29.330002
119.504997,174.334991,46.989998,29.330002
104.504997,164.334991,46.989998,29.330002
104.504997,164.334991,46.989998,29.330002
104.504997,164.334991,46.989998,29.330002
104.504997,164.334991,46.989998,29.330002
104.504997,164.334991,46.989998,29.330002
104.504997,164.334991,46.989998,29.330002
170.505005,169.334991,46.989998,29.330002
149.505005,161.334991,46.989998,29.330002
166.505005,172.334991,46.989998,29.330002
166.505005,172.334991,46.989998,29.330002
166.505005,172.334991,46.989998,29.330002
166.505005,172.334991,46.989998,29.330002
184.505005,161.334991,46.989998,29.330002
184.505005,161.334991,46.989998,29.330002
184.505005,161.334991,46.989998,29.330002
184.505005,161.334991,46.989998,29.330002
184.505005,161.334991,46.989998,29.330002
169.505005,166.334991,46.989998,29.330002
151.505005,172.334991,46.989998,29.330002
133.505005,163.334991,46.989998,29.330002
110.504997,154.334991,46.989998,29.330002
110.504997,154.334991,46.989998,29.330002
110.504997,154.334991,46.989998,29.330002
110.504997,154.334991,46.989998,29.330002
110.504997,154.334991,46.989998,29.330002
110.504997,154.334991,46.989998,29.330002
110.504997,154.334991,46.989998,29.330002
110.504997,154.334991,46.989998,29.330002
110.504997,154.334991,46.989998,29.330002
110.504997,154.334991,46.989998,29.330002
110.504997,154.334991,46.989998,29.330002
110.504997,154.334991,46.989998,29.330002
110.504997,154.334991,46.989998,29.330002
110.504997,154.334991,46.989998,29.330002
110.504997,154.334991,46.989998,29.330002
110.504997,154.334991,46.989998,29.330002
110.504997,154.334991,46.989998,29.330002
110.504997,154.334991,46.989998,29.330002
110.504997,154.334991,46.989998,29.330002
110.504997,154.334991,46.989998,29.330002
110.504997,154.334991,46.989998,29.330002
177.505005,136.334991,46.989998,29.330002
177.505005,136.334991,46.989998,29.330002
177.505005,136.334991,46.989998,29.330002
169.505005,144.334991,46.989998,29.330002
169.505005,144.334991,46.989998,29.330002
169.505005,144.334991,46.989998,29.330002
169.505005,144.334991,46.989998,29.330002
169.505005,144.334991,46.989998,29.330002
169.505005,144.334991,46.989998,29.330002
169.505005,144.334991,46.989998,29.330002
169.505005,144.334991,46.989998,29.330002
169.505005,144.334991,46.989998,29.330002
169.505005,144.334991,46.989998,29.330002
169.505005,144.334991,46.989998,29.330002
191.505005,117.334999,46.989998,29.330002
191.505005,117.334999,46.989998,29.330002
208.505005,118.334999,46.989998,29.330002
208.505005,118.334999,46.989998,29.330002
209.505005,133.334991,46.989998,29.330002
209.505005,133.334991,46.989998,29.330002
209.505005,133.334991,46.989998,29.330002
209.505005,133.334991,46.989998,29.330002
209.505005,133.334991,46.989998,29.330002
209.505005,133.334991,46.989998,29.330002
209.505005,133.334991,46.989998,29.330002
209.505005,133.334991,46.989998,29.330002
263.505005,113.334999,46.989998,29.330002
272.505005,113.334999,46.989998,29.330002
281.505005,113.334999,46.989998,29.330002
281.505005,113.334999,46.989998,29.330002
281.505005,113.334999,46.989998,29.330002
281.505005,113.334999,46.989998,29.330002
281.505005,113.334999,46.989998,29.330002
281.505005,113.334999,46.989998,29.330002
281.505005,113.334999,46.989998,29.330002
281.505005,113.334999,46.989998,29.330002
281.505005,113.334999,46.989998,29.330002
281.505005,113.334999,46.989998,29.330002
281.505005,113.334999,46.989998,29.330002
281.505005,113.334999,46.989998,29.330002
281.505005,113.334999,46.989998,29.330002
288.505005,98.334999,46.989998,29.330002
282.505005,103.334999,46.989998,29.330002
266.505005,108.334999,46.989998,29.330002
266.505005,108.334999,46.989998,29.330002
266.505005,108.334999,46.989998,29.330002
253.505005,113.334999,46.989998,29.330002
267.505005,113.334999,46.989998,29.330002
267.505005,113.334999,46.989998,29.330002
2
