1
2.770000,165.210007,43.180000,30.149994
2.770000,165.210007,43.180000,30.149994
19.410000,174.925003,43.180000,30.149994
19.410000,174.925003,43.180000,30.149994
19.410000,174.925003,43.180000,30.149994
19.410000,174.925003,43.180000,30.149994
19.410000,174.925003,43.180000,30.149994
19.410000,174.925003,43.180000,30.149994
4.410000,169.925003,43.180000,30.149994
4.410000,169.925003,43.180000,30.149994
4.410000,169.925003,43.180000,30.149994
4.410000,169.925003,43.180000,30.149994
4.410000,169.925003,43.180000,30.149994
4.410000,169.925003,43.180000,30.149994
4.410000,169.925003,43.180000,30.149994
4.410000,169.925003,43.180000,30.149994
4.410000,169.925003,43.180000,30.149994
4.410000,169.925003,43.180000,30.149994
4.410000,169.925003,43.180000,30.149994
4.410000,169.925003,43.180000,30.149994
4.410000,169.925003,43.180000,30.149994
4.410000,169.925003,43.180000,30.149994
4.410000,169.925003,43.180000,30.149994
4.410000,169.925003,43.180000,30.149994
4.410000,169.925003,43.180000,30.149994
4.410000,169.925003,43.180000,30.149994
4.410000,169.925003,43.180000,30.149994
4.410000,169.925003,43.180000,30.149994
4.410000,169.925003,43.180000,30.149994
4.410000,169.925003,43.180000,30.149994
4.410000,169.925003,43.180000,30.149994
2
0
0
0
0
1
54.619999,170.240005,48.240002,31.339996
54.619999,170.240005,48.240002,31.339996
54.619999,170.240005,48.240002,31.339996
54.619999,170.240005,48.240002,31.339996
54.619999,170.240005,48.240002,31.339996
54.619999,170.240005,48.240002,31.339996
54.619999,170.240005,48.240002,31.339996
54.619999,170.240005,48.240002,31.339996
54.619999,170.240005,48.240002,31.339996
54.619999,170.240005,48.240002,31.339996
54.619999,170.240005,48.240002,31.339996
54.619999,170.240005,48.240002,31.339996
54.619999,170.240005,48.240002,31.339996
54.619999,170.240005,48.240002,31.339996
54.619999,170.240005,48.240002,31.339996
54.619999,170.240005,48.240002,31.339996
54.619999,170.240005,48.240002,31.339996
54.619999,170.240005,48.240002,31.339996
54.619999,170.240005,48.240002,31.339996
54.619999,170.240005,48.240002,31.339996
54.619999,170.240005,48.240002,31.339996
54.619999,170.240005,48.240002,31.339996
54.619999,170.240005,48.240002,31.339996
54.619999,170.240005,48.240002,31.339996
71.879997,166.330002,48.240002,31.339996
71.879997,166.330002,48.240002,31.339996
71.879997,166.330002,48.240002,31.339996
71.879997,166.330002,48.240002,31.339996
71.879997,166.330002,48.240002,31.339996
71.879997,166.330002,48.240002,31.339996
71.879997,166.330002,48.240002,31.339996
54.879997,166.330002,48.240002,31.339996
54.879997,166.330002,48.240002,31.339996
54.879997,166.330002,48.240002,31.339996
54.879997,166.330002,48.240002,31.339996
54.879997,166.330002,48.240002,31.339996
54.879997,166.330002,48.240002,31.339996
54.879997,166.330002,48.240002,31.339996
54.879997,166.330002,48.240002,31.339996
54.879997,166.330002,48.240002,31.339996
88.879997,181.330002,48.240002,31.339996
88.879997,181.330002,48.240002,31.339996
88.879997,181.330002,48.240002,31.339996
88.879997,181.330002,48.240002,31.339996
88.879997,181.330002,48.240002,31.339996
88.879997,181.330002,48.240002,31.339996
88.879997,181.330002,48.240002,31.339996
71.879997,169.330002,48.240002,31.339996
95.879997,168.330002,48.240002,31.339996
95.879997,168.330002,48.240002,31.339996
95.879997,168.330002,48.240002,31.339996
67.879997,165.330002,48.240002,31.339996
67.879997,165.330002,48.240002,31.339996
55.879997,173.330002,48.240002,31.339996
55.879997,173.330002,48.240002,31.339996
55.879997,173.330002,48.240002,31.339996
55.879997,173.330002,48.240002,31.339996
55.879997,173.330002,48.240002,31.339996
55.879997,173.330002,48.240002,31.339996
55.879997,173.330002,48.240002,31.339996
55.879997,173.330002,48.240002,31.339996
55.879997,173.330002,48.240002,31.339996
55.879997,173.330002,48.240002,31.339996
90.879997,169.330002,48.240002,31.339996
90.879997,169.330002,48.240002,31.339996
90.879997,169.330002,48.240002,31.339996
90.879997,169.330002,48.240002,31.339996
71.879997,169.330002,48.240002,31.339996
71.879997,169.330002,48.240002,31.339996
71.879997,169.330002,48.240002,31.339996
71.879997,169.330002,48.240002,31.339996
71.879997,169.330002,48.240002,31.339996
71.879997,169.330002,48.240002,31.339996
100.879997,164.330002,48.240002,31.339996
99.879997,174.330002,48.240002,31.339996
99.879997,174.330002,48.240002,31.339996
99.879997,174.330002,48.240002,31.339996
99.879997,174.330002,48.240002,31.339996
99.879997,174.330002,48.240002,31.339996
79.879997,169.330002,48.240002,31.339996
98.879997,179.330002,48.240002,31.339996
98.879997,179.330002,48.240002,31.339996
98.879997,179.330002,48.240002,31.339996
98.879997,179.330002,48.240002,31.339996
98.879997,179.330002,48.240002,31.339996
98.879997,179.330002,48.240002,31.339996
98.879997,179.330002,48.240002,31.339996
98.879997,179.330002,48.240002,31.339996
98.879997,179.330002,48.240002,31.339996
98.879997,179.330002,48.240002,31.339996
98.879997,179.330002,48.240002,31.339996
98.879997,179.330002,48.240002,31.339996
98.879997,179.330002,48.240002,31.339996
98.879997,179.330002,48.240002,31.339996
125.879997,177.330002,48.240002,31.339996
102.879997,176.330002,48.240002,31.339996
102.879997,176.330002,48.240002,31.339996
102.879997,176.330002,48.240002,31.339996
102.879997,176.330002,48.240002,31.339996
102.879997,176.330002,48.240002,31.339996
102.879997,176.330002,48.240002,31.339996
126.879997,179.330002,48.240002,31.339996
126.879997,179.330002,48.240002,31.339996
126.879997,179.330002,48.240002,31.339996
126.879997,179.330002,48.240002,31.339996
126.879997,179.330002,48.240002,31.339996
126.879997,179.330002,48.240002,31.339996
126.879997,179.330002,48.240002,31.339996
126.879997,179.330002,48.240002,31.339996
126.879997,179.330002,48.240002,31.339996
126.879997,179.330002,48.240002,31.339996
126.879997,179.330002,48.240002,31.339996
152.880005,171.330002,48.240002,31.339996
128.880005,178.330002,48.240002,31.339996
128.880005,178.330002,48.240002,31.339996
128.880005,178.330002,48.240002,31.339996
160.880005,171.330002,48.240002,31.339996
160.880005,171.330002,48.240002,31.339996
153.880005,158.330002,48.240002,31.339996
157.880005,169.330002,48.240002,31.339996
136.880005,175.330002,48.240002,31.339996
110.879997,181.330002,48.240002,31.339996
110.879997,181.330002,48.240002,31.339996
110.879997,181.330002,48.240002,31.339996
123.879997,166.330002,48.240002,31.339996
123.879997,166.330002,48.240002,31.339996
123.879997,166.330002,48.240002,31.339996
123.879997,166.330002,48.240002,31.339996
166.880005,179.330002,48.240002,31.339996
183.880005,176.330002,48.240002,31.339996
183.880005,176.330002,48.240002,31.339996
183.880005,176.330002,48.240002,31.339996
183.880005,176.330002,48.240002,31.339996
183.880005,176.330002,48.240002,31.339996
183.880005,176.330002,48.240002,31.339996
183.880005,176.330002,48.240002,31.339996
183.880005,176.330002,48.240002,31.339996
207.880005,171.330002,48.240002,31.339996
187.880005,172.330002,48.240002,31.339996
182.880005,183.330002,48.240002,31.339996
182.880005,183.330002,48.240002,31.339996
182.880005,183.330002,48.240002,31.339996
207.880005,171.330002,48.240002,31.339996
207.880005,171.330002,48.240002,31.339996
207.880005,171.330002,48.240002,31.339996
186.880005,176.330002,48.240002,31.339996
186.880005,176.330002,48.240002,31.339996
186.880005,176.330002,48.240002,31.339996
186.880005,176.330002,48.240002,31.339996
186.880005,176.330002,48.240002,31.339996
186.880005,176.330002,48.240002,31.339996
186.880005,176.330002,48.240002,31.339996
186.880005,176.330002,48.240002,31.339996
186.880005,176.330002,48.240002,31.339996
186.880005,176.330002,48.240002,31.339996
186.880005,176.330002,48.240002,31.339996
186.880005,176.330002,48.240002,31.339996
186.880005,176.330002,48.240002,31.339996
186.880005,176.330002,48.240002,31.339996
186.880005,176.330002,48.240002,31.339996
186.880005,176.330002,48.240002,31.339996
267.880005,180.330002,48.240002,31.339996
267.880005,180.330002,48.240002,31.339996
267.880005,180.330002,48.240002,31.339996
267.880005,180.330002,48.240002,31.339996
267.880005,180.330002,48.240002,31.339996
267.880005,180.330002,48.240002,31.339996
253.880005,164.330002,48.240002,31.339996
253.880005,164.330002,48.240002,31.339996
235.880005,162.330002,48.240002,31.339996
235.880005,162.330002,48.240002,31.339996
235.880005,162.330002,48.240002,31.339996
235.880005,162.330002,48.240002,31.339996
235.880005,162.330002,48.240002,31.339996
235.880005,162.330002,48.240002,31.339996
235.880005,162.330002,48.240002,31.339996
257.880005,155.330002,48.240002,31.339996
257.880005,155.330002,48.240002,31.339996
289.880005,158.330002,48.240002,31.339996
289.880005,158.330002,48.240002,31.339996
289.880005,158.330002,48.240002,31.339996
289.880005,158.330002,48.240002,31.339996
289.880005,158.330002,48.240002,31.339996
289.880005,158.330002,48.240002,31.339996
289.880005,158.330002,48.240002,31.339996
289.880005,158.330002,48.240002,31.339996
289.880005,158.330002,48.240002,31.339996
289.880005,158.330002,48.240002,31.339996
289.880005,158.330002,48.240002,31.339996
289.880005,158.330002,48.240002,31.339996
289.880005,158.330002,48.240002,31.339996
289.880005,158.330002,48.240002,31.339996
289.880005,158.330002,48.240002,31.339996
289.880005,158.330002,48.240002,31.339996
289.880005,158.330002,48.240002,31.339996
289.880005,158.330002,48.240002,31.339996
397.880005,145.330002,48.240002,31.339996
397.880005,145.330002,48.240002,31.339996
397.880005,145.330002,48.240002,31.339996
397.880005,145.330002,48.240002,31.339996
421.880005,151.330002,48.240002,31.339996
421.880005,151.330002,48.240002,31.339996
421.880005,151.330002,48.240002,31.339996
421.880005,151.330002,48.240002,31.339996
421.880005,151.330002,48.240002,31.339996
421.880005,151.330002,48.240002,31.339996
421.880005,151.330002,48.240002,31.339996
421.880005,151.330002,48.240002,31.339996
421.880005,151.330002,48.240002,31.339996
421.880005,151.330002,48.240002,31.339996
421.880005,151.330002,48.240002,31.339996
421.880005,151.330002,48.240002,31.339996
421.880005,151.330002,48.240002,31.339996
421.880005,151.330002,48.240002,31.339996
