1
2.730000,163.289993,44.480000,28.230011
2.730000,163.289993,44.480000,28.230011
2.730000,163.289993,44.480000,28.230011
2.730000,163.289993,44.480000,28.230011
2.730000,163.289993,44.480000,28.230011
2.730000,163.289993,44.480000,28.230011
2.730000,163.289993,44.480000,28.230011
2.730000,163.289993,44.480000,28.230011
2.730000,163.289993,44.480000,28.230011
2.730000,163.289993,44.480000,28.230011
2.730000,163.289993,44.480000,28.230011
2.730000,163.289993,44.480000,28.230011
32.759998,154.884995,44.480000,28.230011
32.759998,154.884995,44.480000,28.230011
32.759998,154.884995,44.480000,28.230011
32.759998,154.884995,44.480000,28.230011
32.759998,154.884995,44.480000,28.230011
32.759998,154.884995,44.480000,28.230011
32.759998,154.884995,44.480000,28.230011
32.759998,154.884995,44.480000,28.230011
32.759998,154.884995,44.480000,28.230011
32.759998,154.884995,44.480000,28.230011
32.759998,154.884995,44.480000,28.230011
32.759998,154.884995,44.480000,28.230011
32.759998,154.884995,44.480000,28.230011
32.759998,154.884995,44.480000,28.230011
32.759998,154.884995,44.480000,28.230011
32.759998,154.884995,44.480000,28.230011
32.759998,154.884995,44.480000,28.230011
32.759998,154.884995,44.480000,28.230011
32.759998,154.884995,44.480000,28.230011
32.759998,154.884995,44.480000,28.230011
32.759998,154.884995,44.480000,28.230011
32.759998,154.884995,44.480000,28.230011
32.759998,154.884995,44.480000,28.230011
32.759998,154.884995,44.480000,28.230011
32.759998,154.884995,44.480000,28.230011
32.759998,154.884995,44.480000,28.230011
32.759998,154.884995,44.480000,28.230011
32.759998,154.884995,44.480000,28.230011
32.759998,154.884995,44.480000,28.230011
32.759998,154.884995,44.480000,28.230011
32.759998,154.884995,44.480000,28.230011
32.759998,154.884995,44.480000,28.230011
32.759998,154.884995,44.480000,28.230011
32.759998,154.884995,44.480000,28.230011
32.759998,154.884995,44.480000,28.230011
32.759998,154.884995,44.480000,28.230011
32.759998,154.884995,44.480000,28.230011
32.759998,154.884995,44.480000,28.230011
32.759998,154.884995,44.480000,28.230011
32.759998,154.884995,44.480000,28.230011
32.759998,154.884995,44.480000,28.230011
32.759998,154.884995,44.480000,28.230011
32.759998,154.884995,44.480000,28.230011
32.759998,154.884995,44.480000,28.230011
32.759998,154.884995,44.480000,28.230011
2
0
0
0
0
1
81.769997,172.110001,49.430000,26.779999
81.769997,172.110001,49.430000,26.779999
81.769997,172.110001,49.430000,26.779999
81.769997,172.110001,49.430000,26.779999
81.769997,172.110001,49.430000,26.779999
81.769997,172.110001,49.430000,26.779999
66.285004,168.610001,49.430000,26.779999
66.285004,168.610001,49.430000,26.779999
66.285004,168.610001,49.430000,26.779999
86.285004,171.610001,49.430000,26.779999
86.285004,171.610001,49.430000,26.779999
86.285004,171.610001,49.430000,26.779999
86.285004,171.610001,49.430000,26.779999
86.285004,171.610001,49.430000,26.779999
64.285004,167.610001,49.430000,26.779999
64.285004,167.610001,49.430000,26.779999
64.285004,167.610001,49.430000,26.779999
64.285004,167.610001,49.430000,26.779999
64.285004,167.610001,49.430000,26.779999
64.285004,167.610001,49.430000,26.779999
90.285004,175.610001,49.430000,26.779999
90.285004,175.610001,49.430000,26.779999
71.285004,176.610001,49.430000,26.779999
71.285004,176.610001,49.430000,26.779999
71.285004,176.610001,49.430000,26.779999
71.285004,176.610001,49.430000,26.779999
71.285004,176.610001,49.430000,26.779999
71.285004,176.610001,49.430000,26.779999
71.285004,176.610001,49.430000,26.779999
91.285004,176.610001,49.430000,26.779999
91.285004,176.610001,49.430000,26.779999
91.285004,176.610001,49.430000,26.779999
91.285004,176.610001,49.430000,26.779999
69.285004,174.610001,49.430000,26.779999
69.285004,174.610001,49.430000,26.779999
91.285004,178.610001,49.430000,26.779999
91.285004,178.610001,49.430000,26.779999
91.285004,178.610001,49.430000,26.779999
69.285004,174.610001,49.430000,26.779999
90.285004,176.610001,49.430000,26.779999
71.285004,178.610001,49.430000,26.779999
71.285004,178.610001,49.430000,26.779999
71.285004,178.610001,49.430000,26.779999
71.285004,178.610001,49.430000,26.779999
71.285004,178.610001,49.430000,26.779999
71.285004,178.610001,49.430000,26.779999
92.285004,180.610001,49.430000,26.779999
78.285004,177.610001,49.430000,26.779999
78.285004,177.610001,49.430000,26.779999
78.285004,177.610001,49.430000,26.779999
71.285004,168.610001,49.430000,26.779999
92.285004,180.610001,49.430000,26.779999
68.285004,167.610001,49.430000,26.779999
68.285004,167.610001,49.430000,26.779999
75.285004,176.610001,49.430000,26.779999
75.285004,176.610001,49.430000,26.779999
97.285004,180.610001,49.430000,26.779999
97.285004,180.610001,49.430000,26.779999
97.285004,180.610001,49.430000,26.779999
97.285004,180.610001,49.430000,26.779999
97.285004,180.610001,49.430000,26.779999
97.285004,180.610001,49.430000,26.779999
108.285004,167.610001,49.430000,26.779999
104.285004,179.610001,49.430000,26.779999
108.285004,170.610001,49.430000,26.779999
87.285004,166.610001,49.430000,26.779999
99.285004,178.610001,49.430000,26.779999
99.285004,178.610001,49.430000,26.779999
83.285004,167.610001,49.430000,26.779999
100.285004,179.610001,49.430000,26.779999
100.285004,179.610001,49.430000,26.779999
100.285004,179.610001,49.430000,26.779999
100.285004,179.610001,49.430000,26.779999
100.285004,179.610001,49.430000,26.779999
100.285004,179.610001,49.430000,26.779999
100.285004,179.610001,49.430000,26.779999
100.285004,179.610001,49.430000,26.779999
100.285004,179.610001,49.430000,26.779999
100.285004,179.610001,49.430000,26.779999
100.285004,179.610001,49.430000,26.779999
100.285004,179.610001,49.430000,26.779999
100.285004,179.610001,49.430000,26.779999
100.285004,179.610001,49.430000,26.779999
100.285004,179.610001,49.430000,26.779999
100.285004,179.610001,49.430000,26.779999
149.285004,174.610001,49.430000,26.779999
134.285004,176.610001,49.430000,26.779999
134.285004,176.610001,49.430000,26.779999
134.285004,176.610001,49.430000,26.779999
134.285004,176.610001,49.430000,26.779999
134.285004,176.610001,49.430000,26.779999
134.285004,176.610001,49.430000,26.779999
134.285004,176.610001,49.430000,26.779999
134.285004,176.610001,49.430000,26.779999
134.285004,176.610001,49.430000,26.779999
134.285004,176.610001,49.430000,26.779999
109.285004,164.610001,49.430000,26.779999
109.285004,164.610001,49.430000,26.779999
109.285004,164.610001,49.430000,26.779999
109.285004,164.610001,49.430000,26.779999
109.285004,164.610001,49.430000,26.779999
109.285004,164.610001,49.430000,26.779999
109.285004,164.610001,49.430000,26.779999
109.285004,164.610001,49.430000,26.779999
174.285004,177.610001,49.430000,26.779999
174.285004,177.610001,49.430000,26.779999
174.285004,177.610001,49.430000,26.779999
174.285004,177.610001,49.430000,26.779999
174.285004,177.610001,49.430000,26.779999
169.285004,164.610001,49.430000,26.779999
191.285004,162.610001,49.430000,26.779999
191.285004,162.610001,49.430000,26.779999
191.285004,162.610001,49.430000,26.779999
182.285004,171.610001,49.430000,26.779999
159.285004,174.610001,49.430000,26.779999
159.285004,174.610001,49.430000,26.779999
178.285004,170.610001,49.430000,26.779999
178.285004,170.610001,49.430000,26.779999
178.285004,170.610001,49.430000,26.779999
178.285004,170.610001,49.430000,26.779999
178.285004,170.610001,49.430000,26.779999
178.285004,170.610001,49.430000,26.779999
178.285004,170.610001,49.430000,26.779999
178.285004,170.610001,49.430000,26.779999
204.285004,168.610001,49.430000,26.779999
204.285004,168.610001,49.430000,26.779999
204.285004,168.610001,49.430000,26.779999
204.285004,168.610001,49.430000,26.779999
233.285004,166.610001,49.430000,26.779999
233.285004,166.610001,49.430000,26.779999
233.285004,166.610001,49.430000,26.779999
256.285004,167.610001,49.430000,26.779999
256.285004,167.610001,49.430000,26.779999
256.285004,167.610001,49.430000,26.779999
256.285004,167.610001,49.430000,26.779999
256.285004,167.610001,49.430000,26.779999
256.285004,167.610001,49.430000,26.779999
256.285004,167.610001,49.430000,26.779999
256.285004,167.610001,49.430000,26.779999
256.285004,167.610001,49.430000,26.779999
256.285004,167.610001,49.430000,26.779999
256.285004,167.610001,49.430000,26.779999
232.285004,164.610001,49.430000,26.779999
232.285004,164.610001,49.430000,26.779999
232.285004,164.610001,49.430000,26.779999
232.285004,164.610001,49.430000,26.779999
232.285004,164.610001,49.430000,26.779999
232.285004,164.610001,49.430000,26.779999
232.285004,164.610001,49.430000,26.779999
249.285004,153.610001,49.430000,26.779999
249.285004,153.610001,49.430000,26.779999
249.285004,153.610001,49.430000,26.779999
266.285004,146.610001,49.430000,26.779999
266.285004,146.610001,49.430000,26.779999
266.285004,146.610001,49.430000,26.779999
266.285004,146.610001,49.430000,26.779999
292.285004,150.610001,49.430000,26.779999
311.285004,156.610001,49.430000,26.779999
335.285004,157.610001,49.430000,26.779999
335.285004,157.610001,49.430000,26.779999
335.285004,157.610001,49.430000,26.779999
332.285004,150.610001,49.430000,26.779999
341.285004,136.610001,49.430000,26.779999
341.285004,136.610001,49.430000,26.779999
359.285004,148.610001,49.430000,26.779999
359.285004,148.610001,49.430000,26.779999
367.285004,135.610001,49.430000,26.779999
367.285004,135.610001,49.430000,26.779999
367.285004,135.610001,49.430000,26.779999
367.285004,135.610001,49.430000,26.779999
397.285004,137.610001,49.430000,26.779999
397.285004,137.610001,49.430000,26.779999
397.285004,137.610001,49.430000,26.779999
397.285004,137.610001,49.430000,26.779999
397.285004,137.610001,49.430000,26.779999
397.285004,137.610001,49.430000,26.779999
397.285004,128.610001,49.430000,26.779999
397.285004,128.610001,49.430000,26.779999
397.285004,128.610001,49.430000,26.779999
397.285004,128.610001,49.430000,26.779999
397.285004,128.610001,49.430000,26.779999
397.285004,128.610001,49.430000,26.779999
397.285004,128.610001,49.430000,26.779999
397.285004,128.610001,49.430000,26.779999
397.285004,128.610001,49.430000,26.779999
422.285004,117.610001,49.430000,26.779999
422.285004,117.610001,49.430000,26.779999
422.285004,117.610001,49.430000,26.779999
