1
2.310000,162.699997,44.419998,29.260010
2.310000,162.699997,44.419998,29.260010
2.310000,162.699997,44.419998,29.260010
2.310000,162.699997,44.419998,29.260010
2.310000,162.699997,44.419998,29.260010
2.310000,162.699997,44.419998,29.260010
2.310000,162.699997,44.419998,29.260010
2.310000,162.699997,44.419998,29.260010
2.310000,162.699997,44.419998,29.260010
23.790001,151.369995,44.419998,29.260010
7.790001,157.369995,44.419998,29.260010
7.790001,157.369995,44.419998,29.260010
7.790001,157.369995,44.419998,29.260010
7.790001,157.369995,44.419998,29.260010
7.790001,157.369995,44.419998,29.260010
7.790001,157.369995,44.419998,29.260010
7.790001,157.369995,44.419998,29.260010
7.790001,157.369995,44.419998,29.260010
7.790001,157.369995,44.419998,29.260010
7.790001,157.369995,44.419998,29.260010
7.790001,157.369995,44.419998,29.260010
7.790001,157.369995,44.419998,29.260010
7.790001,157.369995,44.419998,29.260010
7.790001,157.369995,44.419998,29.260010
7.790001,157.369995,44.419998,29.260010
7.790001,157.369995,44.419998,29.260010
7.790001,157.369995,44.419998,29.260010
69.790001,176.369995,44.419998,29.260010
69.790001,176.369995,44.419998,29.260010
69.790001,176.369995,44.419998,29.260010
69.790001,176.369995,44.419998,29.260010
69.790001,176.369995,44.419998,29.260010
69.790001,176.369995,44.419998,29.260010
69.790001,176.369995,44.419998,29.260010
69.790001,176.369995,44.419998,29.260010
69.790001,176.369995,44.419998,29.260010
69.790001,176.369995,44.419998,29.260010
57.790001,185.369995,44.419998,29.260010
45.790001,185.369995,44.419998,29.260010
45.790001,185.369995,44.419998,29.260010
45.790001,185.369995,44.419998,29.260010
64.790001,185.369995,44.419998,29.260010
64.790001,185.369995,44.419998,29.260010
64.790001,185.369995,44.419998,29.260010
64.790001,185.369995,44.419998,29.260010
51.790001,180.369995,44.419998,29.260010
51.790001,180.369995,44.419998,29.260010
51.790001,180.369995,44.419998,29.260010
51.790001,180.369995,44.419998,29.260010
51.790001,180.369995,44.419998,29.260010
51.790001,180.369995,44.419998,29.260010
51.790001,180.369995,44.419998,29.260010
51.790001,180.369995,44.419998,29.260010
51.790001,180.369995,44.419998,29.260010
51.790001,180.369995,44.419998,29.260010
51.790001,180.369995,44.419998,29.260010
51.790001,180.369995,44.419998,29.260010
51.790001,180.369995,44.419998,29.260010
2
0
0
0
0
1
76.730003,171.160004,58.699989,29.259995
76.730003,171.160004,58.699989,29.259995
76.730003,171.160004,58.699989,29.259995
76.730003,171.160004,58.699989,29.259995
76.730003,171.160004,58.699989,29.259995
76.730003,171.160004,58.699989,29.259995
76.730003,171.160004,58.699989,29.259995
76.730003,171.160004,58.699989,29.259995
76.730003,171.160004,58.699989,29.259995
76.730003,171.160004,58.699989,29.259995
76.730003,171.160004,58.699989,29.259995
76.730003,171.160004,58.699989,29.259995
76.730003,171.160004,58.699989,29.259995
76.730003,171.160004,58.699989,29.259995
76.730003,171.160004,58.699989,29.259995
76.730003,171.160004,58.699989,29.259995
76.730003,171.160004,58.699989,29.259995
60.650005,174.369995,58.699989,29.259995
60.650005,174.369995,58.699989,29.259995
60.650005,174.369995,58.699989,29.259995
60.650005,174.369995,58.699989,29.259995
60.650005,174.369995,58.699989,29.259995
60.650005,174.369995,58.699989,29.259995
60.650005,174.369995,58.699989,29.259995
60.650005,174.369995,58.699989,29.259995
60.650005,174.369995,58.699989,29.259995
60.650005,174.369995,58.699989,29.259995
60.650005,174.369995,58.699989,29.259995
60.650005,174.369995,58.699989,29.259995
60.650005,174.369995,58.699989,29.259995
60.650005,174.369995,58.699989,29.259995
60.650005,174.369995,58.699989,29.259995
60.650005,174.369995,58.699989,29.259995
85.650009,174.369995,58.699989,29.259995
85.650009,174.369995,58.699989,29.259995
85.650009,174.369995,58.699989,29.259995
60.650005,174.369995,58.699989,29.259995
60.650005,174.369995,58.699989,29.259995
60.650005,174.369995,58.699989,29.259995
60.650005,174.369995,58.699989,29.259995
60.650005,174.369995,58.699989,29.259995
60.650005,174.369995,58.699989,29.259995
60.650005,174.369995,58.699989,29.259995
60.650005,174.369995,58.699989,29.259995
60.650005,174.369995,58.699989,29.259995
60.650005,174.369995,58.699989,29.259995
60.650005,174.369995,58.699989,29.259995
60.650005,174.369995,58.699989,29.259995
90.650009,174.369995,58.699989,29.259995
90.650009,174.369995,58.699989,29.259995
62.650005,169.369995,58.699989,29.259995
62.650005,169.369995,58.699989,29.259995
87.650009,181.369995,58.699989,29.259995
87.650009,181.369995,58.699989,29.259995
87.650009,181.369995,58.699989,29.259995
87.650009,181.369995,58.699989,29.259995
87.650009,181.369995,58.699989,29.259995
87.650009,181.369995,58.699989,29.259995
87.650009,181.369995,58.699989,29.259995
87.650009,181.369995,58.699989,29.259995
87.650009,181.369995,58.699989,29.259995
87.650009,181.369995,58.699989,29.259995
87.650009,181.369995,58.699989,29.259995
122.650009,171.369995,58.699989,29.259995
122.650009,171.369995,58.699989,29.259995
90.650009,178.369995,58.699989,29.259995
114.650009,179.369995,58.699989,29.259995
114.650009,179.369995,58.699989,29.259995
114.650009,179.369995,58.699989,29.259995
114.650009,179.369995,58.699989,29.259995
114.650009,179.369995,58.699989,29.259995
114.650009,179.369995,58.699989,29.259995
114.650009,179.369995,58.699989,29.259995
95.650009,177.369995,58.699989,29.259995
95.650009,177.369995,58.699989,29.259995
95.650009,177.369995,58.699989,29.259995
95.650009,177.369995,58.699989,29.259995
95.650009,177.369995,58.699989,29.259995
95.650009,177.369995,58.699989,29.259995
95.650009,177.369995,58.699989,29.259995
95.650009,177.369995,58.699989,29.259995
95.650009,177.369995,58.699989,29.259995
95.650009,177.369995,58.699989,29.259995
95.650009,177.369995,58.699989,29.259995
81.650009,167.369995,58.699989,29.259995
81.650009,167.369995,58.699989,29.259995
106.650009,176.369995,58.699989,29.259995
86.650009,168.369995,58.699989,29.259995
111.650009,175.369995,58.699989,29.259995
111.650009,175.369995,58.699989,29.259995
81.650009,169.369995,58.699989,29.259995
81.650009,169.369995,58.699989,29.259995
81.650009,169.369995,58.699989,29.259995
81.650009,169.369995,58.699989,29.259995
81.650009,169.369995,58.699989,29.259995
81.650009,169.369995,58.699989,29.259995
81.650009,169.369995,58.699989,29.259995
81.650009,169.369995,58.699989,29.259995
81.650009,169.369995,58.699989,29.259995
81.650009,169.369995,58.699989,29.259995
81.650009,169.369995,58.699989,29.259995
81.650009,169.369995,58.699989,29.259995
81.650009,169.369995,58.699989,29.259995
147.650009,168.369995,58.699989,29.259995
147.650009,168.369995,58.699989,29.259995
147.650009,168.369995,58.699989,29.259995
147.650009,168.369995,58.699989,29.259995
172.650009,171.369995,58.699989,29.259995
176.650009,183.369995,58.699989,29.259995
176.650009,183.369995,58.699989,29.259995
194.650009,162.369995,58.699989,29.259995
194.650009,162.369995,58.699989,29.259995
194.650009,162.369995,58.699989,29.259995
190.650009,175.369995,58.699989,29.259995
190.650009,175.369995,58.699989,29.259995
191.650009,166.369995,58.699989,29.259995
191.650009,166.369995,58.699989,29.259995
191.650009,166.369995,58.699989,29.259995
191.650009,166.369995,58.699989,29.259995
191.650009,166.369995,58.699989,29.259995
191.650009,166.369995,58.699989,29.259995
191.650009,166.369995,58.699989,29.259995
191.650009,166.369995,58.699989,29.259995
191.650009,166.369995,58.699989,29.259995
191.650009,166.369995,58.699989,29.259995
191.650009,166.369995,58.699989,29.259995
191.650009,166.369995,58.699989,29.259995
191.650009,166.369995,58.699989,29.259995
191.650009,166.369995,58.699989,29.259995
191.650009,166.369995,58.699989,29.259995
191.650009,166.369995,58.699989,29.259995
191.650009,166.369995,58.699989,29.259995
191.650009,166.369995,58.699989,29.259995
191.650009,166.369995,58.699989,29.259995
191.650009,166.369995,58.699989,29.259995
191.650009,166.369995,58.699989,29.259995
191.650009,166.369995,58.699989,29.259995
191.650009,166.369995,58.699989,29.259995
191.650009,166.369995,58.699989,29.259995
191.650009,166.369995,58.699989,29.259995
191.650009,166.369995,58.699989,29.259995
191.650009,166.369995,58.699989,29.259995
191.650009,166.369995,58.699989,29.259995
191.650009,166.369995,58.699989,29.259995
191.650009,166.369995,58.699989,29.259995
191.650009,166.369995,58.699989,29.259995
191.650009,166.369995,58.699989,29.259995
191.650009,166.369995,58.699989,29.259995
191.650009,166.369995,58.699989,29.259995
191.650009,166.369995,58.699989,29.259995
191.650009,166.369995,58.699989,29.259995
191.650009,166.369995,58.699989,29.259995
191.650009,166.369995,58.699989,29.259995
191.650009,166.369995,58.699989,29.259995
191.650009,166.369995,58.699989,29.259995
191.650009,166.369995,58.699989,29.259995
191.650009,166.369995,58.699989,29.259995
191.650009,166.369995,58.699989,29.259995
191.650009,166.369995,58.699989,29.259995
191.650009,166.369995,58.699989,29.259995
191.650009,166.369995,58.699989,29.259995
191.650009,166.369995,58.699989,29.259995
191.650009,166.369995,58.699989,29.259995
191.650009,166.369995,58.699989,29.259995
191.650009,166.369995,58.699989,29.259995
191.650009,166.369995,58.699989,29.259995
191.650009,166.369995,58.699989,29.259995
191.650009,166.369995,58.699989,29.259995
191.650009,166.369995,58.699989,29.259995
191.650009,166.369995,58.699989,29.259995
191.650009,166.369995,58.699989,29.259995
191.650009,166.369995,58.699989,29.259995
191.650009,166.369995,58.699989,29.259995
191.650009,166.369995,58.699989,29.259995
191.650009,166.369995,58.699989,29.259995
191.650009,166.369995,58.699989,29.259995
191.650009,166.369995,58.699989,29.259995
191.650009,166.369995,58.699989,29.259995
191.650009,166.369995,58.699989,29.259995
191.650009,166.369995,58.699989,29.259995
191.650009,166.369995,58.699989,29.259995
191.650009,166.369995,58.699989,29.259995
224.650009,101.370003,58.699989,29.259995
224.650009,101.370003,58.699989,29.259995
2
0
0
