1
207.000000,117.000000,29.000000,103.000000
207.000000,117.000000,29.000000,103.000000
207.000000,117.000000,29.000000,103.000000
207.000000,117.000000,29.000000,103.000000
207.000000,117.000000,29.000000,103.000000
207.000000,117.000000,29.000000,103.000000
207.000000,117.000000,29.000000,103.000000
207.000000,117.000000,29.000000,103.000000
207.000000,117.000000,29.000000,103.000000
207.000000,117.000000,29.000000,103.000000
207.000000,117.000000,29.000000,103.000000
207.000000,117.000000,29.000000,103.000000
207.000000,117.000000,29.000000,103.000000
207.000000,117.000000,29.000000,103.000000
207.000000,117.000000,29.000000,103.000000
207.000000,117.000000,29.000000,103.000000
207.000000,117.000000,29.000000,103.000000
207.000000,117.000000,29.000000,103.000000
207.000000,117.000000,29.000000,103.000000
207.000000,117.000000,29.000000,103.000000
207.000000,117.000000,29.000000,103.000000
207.000000,117.000000,29.000000,103.000000
207.000000,117.000000,29.000000,103.000000
207.000000,117.000000,29.000000,103.000000
206.500000,116.500000,29.000000,103.000000
206.500000,116.500000,29.000000,103.000000
206.500000,116.500000,29.000000,103.000000
206.500000,116.500000,29.000000,103.000000
206.500000,116.500000,29.000000,103.000000
206.500000,116.500000,29.000000,103.000000
206.500000,116.500000,29.000000,103.000000
206.500000,116.500000,29.000000,103.000000
206.500000,116.500000,29.000000,103.000000
206.500000,116.500000,29.000000,103.000000
206.500000,116.500000,29.000000,103.000000
206.500000,116.500000,29.000000,103.000000
206.500000,116.500000,29.000000,103.000000
206.500000,116.500000,29.000000,103.000000
206.500000,116.500000,29.000000,103.000000
206.500000,116.500000,29.000000,103.000000
206.500000,116.500000,29.000000,103.000000
206.500000,116.500000,29.000000,103.000000
206.500000,116.500000,29.000000,103.000000
206.500000,116.500000,29.000000,103.000000
206.500000,116.500000,29.000000,103.000000
206.500000,116.500000,29.000000,103.000000
206.500000,116.500000,29.000000,103.000000
206.500000,116.500000,29.000000,103.000000
206.500000,116.500000,29.000000,103.000000
206.500000,116.500000,29.000000,103.000000
206.500000,116.500000,29.000000,103.000000
206.500000,116.500000,29.000000,103.000000
206.500000,116.500000,29.000000,103.000000
206.500000,116.500000,29.000000,103.000000
206.500000,116.500000,29.000000,103.000000
206.500000,116.500000,29.000000,103.000000
206.500000,116.500000,29.000000,103.000000
206.500000,116.500000,29.000000,103.000000
206.500000,116.500000,29.000000,103.000000
206.500000,116.500000,29.000000,103.000000
206.500000,116.500000,29.000000,103.000000
206.500000,116.500000,29.000000,103.000000
206.500000,116.500000,29.000000,103.000000
206.500000,116.500000,29.000000,103.000000
206.500000,116.500000,29.000000,103.000000
206.500000,116.500000,29.000000,103.000000
206.500000,116.500000,29.000000,103.000000
206.500000,116.500000,29.000000,103.000000
206.500000,116.500000,29.000000,103.000000
206.500000,116.500000,29.000000,103.000000
206.500000,116.500000,29.000000,103.000000
206.500000,116.500000,29.000000,103.000000
206.500000,116.500000,29.000000,103.000000
206.500000,116.500000,29.000000,103.000000
206.500000,116.500000,29.000000,103.000000
206.500000,116.500000,29.000000,103.000000
206.500000,116.500000,29.000000,103.000000
206.500000,116.500000,29.000000,103.000000
191.500000,111.500000,29.000000,103.000000
191.500000,111.500000,29.000000,103.000000
191.500000,111.500000,29.000000,103.000000
191.500000,111.500000,29.000000,103.000000
191.500000,111.500000,29.000000,103.000000
191.500000,111.500000,29.000000,103.000000
191.500000,111.500000,29.000000,103.000000
191.500000,111.500000,29.000000,103.000000
191.500000,111.500000,29.000000,103.000000
191.500000,111.500000,29.000000,103.000000
191.500000,111.500000,29.000000,103.000000
191.500000,111.500000,29.000000,103.000000
191.500000,111.500000,29.000000,103.000000
191.500000,111.500000,29.000000,103.000000
191.500000,111.500000,29.000000,103.000000
186.500000,61.500000,29.000000,103.000000
186.500000,61.500000,29.000000,103.000000
186.500000,61.500000,29.000000,103.000000
197.500000,74.500000,29.000000,103.000000
197.500000,74.500000,29.000000,103.000000
197.500000,74.500000,29.000000,103.000000
197.500000,74.500000,29.000000,103.000000
197.500000,74.500000,29.000000,103.000000
197.500000,74.500000,29.000000,103.000000
197.500000,74.500000,29.000000,103.000000
197.500000,74.500000,29.000000,103.000000
197.500000,74.500000,29.000000,103.000000
197.500000,74.500000,29.000000,103.000000
197.500000,74.500000,29.000000,103.000000
197.500000,74.500000,29.000000,103.000000
197.500000,74.500000,29.000000,103.000000
197.500000,74.500000,29.000000,103.000000
197.500000,74.500000,29.000000,103.000000
197.500000,74.500000,29.000000,103.000000
197.500000,74.500000,29.000000,103.000000
197.500000,74.500000,29.000000,103.000000
197.500000,74.500000,29.000000,103.000000
197.500000,74.500000,29.000000,103.000000
197.500000,74.500000,29.000000,103.000000
197.500000,74.500000,29.000000,103.000000
197.500000,74.500000,29.000000,103.000000
197.500000,74.500000,29.000000,103.000000
197.500000,74.500000,29.000000,103.000000
197.500000,74.500000,29.000000,103.000000
197.500000,74.500000,29.000000,103.000000
197.500000,74.500000,29.000000,103.000000
197.500000,74.500000,29.000000,103.000000
197.500000,74.500000,29.000000,103.000000
197.500000,74.500000,29.000000,103.000000
197.500000,74.500000,29.000000,103.000000
197.500000,74.500000,29.000000,103.000000
197.500000,74.500000,29.000000,103.000000
197.500000,74.500000,29.000000,103.000000
197.500000,74.500000,29.000000,103.000000
197.500000,74.500000,29.000000,103.000000
197.500000,74.500000,29.000000,103.000000
197.500000,74.500000,29.000000,103.000000
197.500000,74.500000,29.000000,103.000000
2
0
0
0
0
1
229.000000,122.000000,29.000000,93.000000
229.000000,122.000000,29.000000,93.000000
229.000000,122.000000,29.000000,93.000000
229.000000,122.000000,29.000000,93.000000
229.000000,122.000000,29.000000,93.000000
240.500000,125.500000,29.000000,93.000000
227.500000,119.500000,29.000000,93.000000
227.500000,119.500000,29.000000,93.000000
227.500000,119.500000,29.000000,93.000000
238.500000,131.500000,29.000000,93.000000
238.500000,131.500000,29.000000,93.000000
238.500000,131.500000,29.000000,93.000000
238.500000,131.500000,29.000000,93.000000
238.500000,131.500000,29.000000,93.000000
238.500000,131.500000,29.000000,93.000000
238.500000,131.500000,29.000000,93.000000
238.500000,131.500000,29.000000,93.000000
238.500000,131.500000,29.000000,93.000000
238.500000,131.500000,29.000000,93.000000
238.500000,131.500000,29.000000,93.000000
238.500000,131.500000,29.000000,93.000000
238.500000,131.500000,29.000000,93.000000
238.500000,131.500000,29.000000,93.000000
238.500000,131.500000,29.000000,93.000000
238.500000,131.500000,29.000000,93.000000
238.500000,131.500000,29.000000,93.000000
238.500000,131.500000,29.000000,93.000000
238.500000,131.500000,29.000000,93.000000
238.500000,131.500000,29.000000,93.000000
238.500000,131.500000,29.000000,93.000000
238.500000,131.500000,29.000000,93.000000
238.500000,131.500000,29.000000,93.000000
238.500000,131.500000,29.000000,93.000000
238.500000,131.500000,29.000000,93.000000
238.500000,131.500000,29.000000,93.000000
238.500000,131.500000,29.000000,93.000000
238.500000,131.500000,29.000000,93.000000
238.500000,131.500000,29.000000,93.000000
238.500000,131.500000,29.000000,93.000000
238.500000,131.500000,29.000000,93.000000
238.500000,131.500000,29.000000,93.000000
238.500000,131.500000,29.000000,93.000000
238.500000,131.500000,29.000000,93.000000
238.500000,131.500000,29.000000,93.000000
238.500000,131.500000,29.000000,93.000000
238.500000,131.500000,29.000000,93.000000
215.500000,127.500000,29.000000,93.000000
215.500000,127.500000,29.000000,93.000000
215.500000,127.500000,29.000000,93.000000
215.500000,127.500000,29.000000,93.000000
215.500000,127.500000,29.000000,93.000000
215.500000,127.500000,29.000000,93.000000
215.500000,127.500000,29.000000,93.000000
215.500000,127.500000,29.000000,93.000000
215.500000,127.500000,29.000000,93.000000
215.500000,127.500000,29.000000,93.000000
215.500000,127.500000,29.000000,93.000000
215.500000,127.500000,29.000000,93.000000
215.500000,127.500000,29.000000,93.000000
215.500000,127.500000,29.000000,93.000000
215.500000,127.500000,29.000000,93.000000
215.500000,127.500000,29.000000,93.000000
215.500000,127.500000,29.000000,93.000000
206.500000,125.500000,29.000000,93.000000
206.500000,125.500000,29.000000,93.000000
206.500000,125.500000,29.000000,93.000000
206.500000,125.500000,29.000000,93.000000
206.500000,125.500000,29.000000,93.000000
206.500000,125.500000,29.000000,93.000000
206.500000,125.500000,29.000000,93.000000
206.500000,125.500000,29.000000,93.000000
206.500000,125.500000,29.000000,93.000000
206.500000,125.500000,29.000000,93.000000
206.500000,125.500000,29.000000,93.000000
206.500000,125.500000,29.000000,93.000000
206.500000,125.500000,29.000000,93.000000
206.500000,125.500000,29.000000,93.000000
206.500000,125.500000,29.000000,93.000000
206.500000,125.500000,29.000000,93.000000
206.500000,125.500000,29.000000,93.000000
206.500000,125.500000,29.000000,93.000000
207.500000,152.500000,29.000000,93.000000
207.500000,152.500000,29.000000,93.000000
207.500000,152.500000,29.000000,93.000000
207.500000,152.500000,29.000000,93.000000
207.500000,152.500000,29.000000,93.000000
207.500000,152.500000,29.000000,93.000000
207.500000,152.500000,29.000000,93.000000
207.500000,152.500000,29.000000,93.000000
207.500000,152.500000,29.000000,93.000000
207.500000,152.500000,29.000000,93.000000
207.500000,152.500000,29.000000,93.000000
207.500000,152.500000,29.000000,93.000000
207.500000,152.500000,29.000000,93.000000
195.500000,164.500000,29.000000,93.000000
195.500000,164.500000,29.000000,93.000000
195.500000,164.500000,29.000000,93.000000
195.500000,164.500000,29.000000,93.000000
195.500000,164.500000,29.000000,93.000000
195.500000,164.500000,29.000000,93.000000
195.500000,164.500000,29.000000,93.000000
195.500000,164.500000,29.000000,93.000000
195.500000,164.500000,29.000000,93.000000
195.500000,164.500000,29.000000,93.000000
195.500000,164.500000,29.000000,93.000000
195.500000,164.500000,29.000000,93.000000
195.500000,164.500000,29.000000,93.000000
195.500000,164.500000,29.000000,93.000000
195.500000,164.500000,29.000000,93.000000
195.500000,164.500000,29.000000,93.000000
195.500000,164.500000,29.000000,93.000000
195.500000,164.500000,29.000000,93.000000
195.500000,164.500000,29.000000,93.000000
195.500000,164.500000,29.000000,93.000000
195.500000,164.500000,29.000000,93.000000
195.500000,164.500000,29.000000,93.000000
195.500000,164.500000,29.000000,93.000000
195.500000,164.500000,29.000000,93.000000
195.500000,164.500000,29.000000,93.000000
195.500000,164.500000,29.000000,93.000000
195.500000,164.500000,29.000000,93.000000
195.500000,164.500000,29.000000,93.000000
195.500000,164.500000,29.000000,93.000000
195.500000,164.500000,29.000000,93.000000
195.500000,164.500000,29.000000,93.000000
195.500000,164.500000,29.000000,93.000000
195.500000,164.500000,29.000000,93.000000
195.500000,164.500000,29.000000,93.000000
195.500000,164.500000,29.000000,93.000000
195.500000,164.500000,29.000000,93.000000
195.500000,164.500000,29.000000,93.000000
195.500000,164.500000,29.000000,93.000000
195.500000,164.500000,29.000000,93.000000
195.500000,164.500000,29.000000,93.000000
195.500000,164.500000,29.000000,93.000000
195.500000,164.500000,29.000000,93.000000
195.500000,164.500000,29.000000,93.000000
195.500000,164.500000,29.000000,93.000000
195.500000,164.500000,29.000000,93.000000
195.500000,164.500000,29.000000,93.000000
195.500000,164.500000,29.000000,93.000000
195.500000,164.500000,29.000000,93.000000
195.500000,164.500000,29.000000,93.000000
195.500000,164.500000,29.000000,93.000000
195.500000,164.500000,29.000000,93.000000
195.500000,164.500000,29.000000,93.000000
195.500000,164.500000,29.000000,93.000000
195.500000,164.500000,29.000000,93.000000
195.500000,164.500000,29.000000,93.000000
195.500000,164.500000,29.000000,93.000000
195.500000,164.500000,29.000000,93.000000
195.500000,164.500000,29.000000,93.000000
2
0
0
0
0
1
161.399994,93.790001,28.350006,80.239998
161.399994,93.790001,28.350006,80.239998
161.399994,93.790001,28.350006,80.239998
161.399994,93.790001,28.350006,80.239998
161.399994,93.790001,28.350006,80.239998
161.399994,93.790001,28.350006,80.239998
161.399994,93.790001,28.350006,80.239998
161.399994,93.790001,28.350006,80.239998
161.399994,93.790001,28.350006,80.239998
161.399994,93.790001,28.350006,80.239998
161.399994,93.790001,28.350006,80.239998
161.399994,93.790001,28.350006,80.239998
161.399994,93.790001,28.350006,80.239998
161.399994,93.790001,28.350006,80.239998
161.399994,93.790001,28.350006,80.239998
161.399994,93.790001,28.350006,80.239998
160.824997,92.879997,28.350006,80.239998
160.824997,92.879997,28.350006,80.239998
160.824997,92.879997,28.350006,80.239998
160.824997,92.879997,28.350006,80.239998
160.824997,92.879997,28.350006,80.239998
160.824997,92.879997,28.350006,80.239998
160.824997,92.879997,28.350006,80.239998
160.824997,92.879997,28.350006,80.239998
160.824997,92.879997,28.350006,80.239998
160.824997,92.879997,28.350006,80.239998
160.824997,92.879997,28.350006,80.239998
160.824997,92.879997,28.350006,80.239998
160.824997,92.879997,28.350006,80.239998
160.824997,92.879997,28.350006,80.239998
160.824997,92.879997,28.350006,80.239998
160.824997,92.879997,28.350006,80.239998
160.824997,92.879997,28.350006,80.239998
160.824997,92.879997,28.350006,80.239998
160.824997,92.879997,28.350006,80.239998
160.824997,92.879997,28.350006,80.239998
160.824997,92.879997,28.350006,80.239998
160.824997,92.879997,28.350006,80.239998
160.824997,92.879997,28.350006,80.239998
160.824997,92.879997,28.350006,80.239998
160.824997,92.879997,28.350006,80.239998
160.824997,92.879997,28.350006,80.239998
160.824997,92.879997,28.350006,80.239998
160.824997,92.879997,28.350006,80.239998
160.824997,92.879997,28.350006,80.239998
160.824997,92.879997,28.350006,80.239998
160.824997,92.879997,28.350006,80.239998
160.824997,92.879997,28.350006,80.239998
160.824997,92.879997,28.350006,80.239998
160.824997,92.879997,28.350006,80.239998
160.824997,92.879997,28.350006,80.239998
160.824997,92.879997,28.350006,80.239998
160.824997,92.879997,28.350006,80.239998
160.824997,92.879997,28.350006,80.239998
160.824997,92.879997,28.350006,80.239998
160.824997,92.879997,28.350006,80.239998
160.824997,92.879997,28.350006,80.239998
160.824997,92.879997,28.350006,80.239998
160.824997,92.879997,28.350006,80.239998
160.824997,92.879997,28.350006,80.239998
160.824997,92.879997,28.350006,80.239998
160.824997,92.879997,28.350006,80.239998
160.824997,92.879997,28.350006,80.239998
160.824997,92.879997,28.350006,80.239998
160.824997,92.879997,28.350006,80.239998
160.824997,92.879997,28.350006,80.239998
160.824997,92.879997,28.350006,80.239998
160.824997,92.879997,28.350006,80.239998
160.824997,92.879997,28.350006,80.239998
160.824997,92.879997,28.350006,80.239998
160.824997,92.879997,28.350006,80.239998
160.824997,92.879997,28.350006,80.239998
160.824997,92.879997,28.350006,80.239998
160.824997,92.879997,28.350006,80.239998
160.824997,92.879997,28.350006,80.239998
160.824997,92.879997,28.350006,80.239998
160.824997,92.879997,28.350006,80.239998
160.824997,92.879997,28.350006,80.239998
160.824997,92.879997,28.350006,80.239998
160.824997,92.879997,28.350006,80.239998
160.824997,92.879997,28.350006,80.239998
160.824997,92.879997,28.350006,80.239998
160.824997,92.879997,28.350006,80.239998
160.824997,92.879997,28.350006,80.239998
160.824997,92.879997,28.350006,80.239998
160.824997,92.879997,28.350006,80.239998
160.824997,92.879997,28.350006,80.239998
160.824997,92.879997,28.350006,80.239998
160.824997,92.879997,28.350006,80.239998
160.824997,92.879997,28.350006,80.239998
160.824997,92.879997,28.350006,80.239998
160.824997,92.879997,28.350006,80.239998
160.824997,92.879997,28.350006,80.239998
160.824997,92.879997,28.350006,80.239998
160.824997,92.879997,28.350006,80.239998
160.824997,92.879997,28.350006,80.239998
160.824997,92.879997,28.350006,80.239998
160.824997,92.879997,28.350006,80.239998
160.824997,92.879997,28.350006,80.239998
160.824997,92.879997,28.350006,80.239998
160.824997,92.879997,28.350006,80.239998
160.824997,92.879997,28.350006,80.239998
160.824997,92.879997,28.350006,80.239998
160.824997,92.879997,28.350006,80.239998
160.824997,92.879997,28.350006,80.239998
147.824997,97.879997,28.350006,80.239998
138.824997,97.879997,28.350006,80.239998
138.824997,97.879997,28.350006,80.239998
138.824997,97.879997,28.350006,80.239998
138.824997,97.879997,28.350006,80.239998
138.824997,97.879997,28.350006,80.239998
135.824997,135.880005,28.350006,80.239998
142.824997,99.879997,28.350006,80.239998
139.824997,128.880005,28.350006,80.239998
146.824997,102.879997,28.350006,80.239998
146.824997,102.879997,28.350006,80.239998
146.824997,102.879997,28.350006,80.239998
146.824997,102.879997,28.350006,80.239998
146.824997,102.879997,28.350006,80.239998
146.824997,102.879997,28.350006,80.239998
146.824997,102.879997,28.350006,80.239998
146.824997,102.879997,28.350006,80.239998
146.824997,102.879997,28.350006,80.239998
146.824997,102.879997,28.350006,80.239998
146.824997,102.879997,28.350006,80.239998
146.824997,102.879997,28.350006,80.239998
146.824997,102.879997,28.350006,80.239998
146.824997,102.879997,28.350006,80.239998
146.824997,102.879997,28.350006,80.239998
146.824997,102.879997,28.350006,80.239998
146.824997,102.879997,28.350006,80.239998
146.824997,102.879997,28.350006,80.239998
146.824997,102.879997,28.350006,80.239998
146.824997,102.879997,28.350006,80.239998
135.824997,116.879997,28.350006,80.239998
135.824997,116.879997,28.350006,80.239998
135.824997,116.879997,28.350006,80.239998
146.824997,113.879997,28.350006,80.239998
146.824997,113.879997,28.350006,80.239998
146.824997,113.879997,28.350006,80.239998
146.824997,113.879997,28.350006,80.239998
146.824997,113.879997,28.350006,80.239998
146.824997,113.879997,28.350006,80.239998
146.824997,113.879997,28.350006,80.239998
146.824997,113.879997,28.350006,80.239998
146.824997,113.879997,28.350006,80.239998
146.824997,113.879997,28.350006,80.239998
146.824997,113.879997,28.350006,80.239998
146.824997,113.879997,28.350006,80.239998
146.824997,113.879997,28.350006,80.239998
146.824997,113.879997,28.350006,80.239998
167.824997,76.879997,28.350006,80.239998
167.824997,76.879997,28.350006,80.239998
167.824997,76.879997,28.350006,80.239998
176.824997,121.879997,28.350006,80.239998
176.824997,121.879997,28.350006,80.239998
176.824997,121.879997,28.350006,80.239998
176.824997,121.879997,28.350006,80.239998
176.824997,121.879997,28.350006,80.239998
176.824997,121.879997,28.350006,80.239998
176.824997,121.879997,28.350006,80.239998
176.824997,121.879997,28.350006,80.239998
176.824997,121.879997,28.350006,80.239998
176.824997,121.879997,28.350006,80.239998
176.824997,121.879997,28.350006,80.239998
176.824997,121.879997,28.350006,80.239998
176.824997,121.879997,28.350006,80.239998
176.824997,121.879997,28.350006,80.239998
176.824997,121.879997,28.350006,80.239998
176.824997,121.879997,28.350006,80.239998
176.824997,121.879997,28.350006,80.239998
176.824997,121.879997,28.350006,80.239998
176.824997,121.879997,28.350006,80.239998
176.824997,121.879997,28.350006,80.239998
176.824997,121.879997,28.350006,80.239998
176.824997,121.879997,28.350006,80.239998
176.824997,121.879997,28.350006,80.239998
176.824997,121.879997,28.350006,80.239998
176.824997,121.879997,28.350006,80.239998
176.824997,121.879997,28.350006,80.239998
176.824997,121.879997,28.350006,80.239998
176.824997,121.879997,28.350006,80.239998
176.824997,121.879997,28.350006,80.239998
148.824997,116.879997,28.350006,80.239998
148.824997,116.879997,28.350006,80.239998
148.824997,116.879997,28.350006,80.239998
148.824997,116.879997,28.350006,80.239998
148.824997,116.879997,28.350006,80.239998
148.824997,116.879997,28.350006,80.239998
148.824997,116.879997,28.350006,80.239998
148.824997,116.879997,28.350006,80.239998
148.824997,116.879997,28.350006,80.239998
163.824997,94.879997,28.350006,80.239998
163.824997,94.879997,28.350006,80.239998
163.824997,94.879997,28.350006,80.239998
163.824997,94.879997,28.350006,80.239998
163.824997,94.879997,28.350006,80.239998
163.824997,94.879997,28.350006,80.239998
163.824997,94.879997,28.350006,80.239998
163.824997,94.879997,28.350006,80.239998
163.824997,94.879997,28.350006,80.239998
163.824997,94.879997,28.350006,80.239998
163.824997,94.879997,28.350006,80.239998
163.824997,94.879997,28.350006,80.239998
163.824997,94.879997,28.350006,80.239998
163.824997,94.879997,28.350006,80.239998
163.824997,94.879997,28.350006,80.239998
163.824997,94.879997,28.350006,80.239998
163.824997,94.879997,28.350006,80.239998
163.824997,94.879997,28.350006,80.239998
163.824997,94.879997,28.350006,80.239998
163.824997,94.879997,28.350006,80.239998
163.824997,94.879997,28.350006,80.239998
153.824997,106.879997,28.350006,80.239998
153.824997,106.879997,28.350006,80.239998
153.824997,106.879997,28.350006,80.239998
153.824997,106.879997,28.350006,80.239998
144.824997,86.879997,28.350006,80.239998
144.824997,86.879997,28.350006,80.239998
136.824997,86.879997,28.350006,80.239998
136.824997,86.879997,28.350006,80.239998
136.824997,86.879997,28.350006,80.239998
136.824997,86.879997,28.350006,80.239998
136.824997,86.879997,28.350006,80.239998
136.824997,86.879997,28.350006,80.239998
136.824997,86.879997,28.350006,80.239998
136.824997,86.879997,28.350006,80.239998
136.824997,86.879997,28.350006,80.239998
122.824997,84.879997,28.350006,80.239998
133.824997,99.879997,28.350006,80.239998
133.824997,99.879997,28.350006,80.239998
120.824997,89.879997,28.350006,80.239998
120.824997,89.879997,28.350006,80.239998
120.824997,89.879997,28.350006,80.239998
133.824997,94.879997,28.350006,80.239998
133.824997,94.879997,28.350006,80.239998
133.824997,94.879997,28.350006,80.239998
133.824997,94.879997,28.350006,80.239998
147.824997,114.879997,28.350006,80.239998
158.824997,119.879997,28.350006,80.239998
158.824997,119.879997,28.350006,80.239998
158.824997,119.879997,28.350006,80.239998
158.824997,119.879997,28.350006,80.239998
147.824997,109.879997,28.350006,80.239998
147.824997,109.879997,28.350006,80.239998
147.824997,109.879997,28.350006,80.239998
147.824997,109.879997,28.350006,80.239998
147.824997,109.879997,28.350006,80.239998
147.824997,109.879997,28.350006,80.239998
155.824997,93.879997,28.350006,80.239998
143.824997,102.879997,28.350006,80.239998
143.824997,102.879997,28.350006,80.239998
143.824997,102.879997,28.350006,80.239998
143.824997,102.879997,28.350006,80.239998
143.824997,102.879997,28.350006,80.239998
143.824997,102.879997,28.350006,80.239998
122.824997,101.879997,28.350006,80.239998
133.824997,89.879997,28.350006,80.239998
133.824997,89.879997,28.350006,80.239998
133.824997,89.879997,28.350006,80.239998
141.824997,48.880001,28.350006,80.239998
2
0
0
0
0
1
236.000000,25.000000,41.000000,143.000000
255.500000,19.500000,41.000000,143.000000
255.500000,19.500000,41.000000,143.000000
255.500000,19.500000,41.000000,143.000000
255.500000,19.500000,41.000000,143.000000
255.500000,19.500000,41.000000,143.000000
255.500000,19.500000,41.000000,143.000000
238.500000,68.500000,41.000000,143.000000
238.500000,68.500000,41.000000,143.000000
238.500000,68.500000,41.000000,143.000000
221.500000,84.500000,41.000000,143.000000
210.500000,67.500000,41.000000,143.000000
199.500000,74.500000,41.000000,143.000000
199.500000,74.500000,41.000000,143.000000
177.500000,95.500000,41.000000,143.000000
177.500000,95.500000,41.000000,143.000000
177.500000,95.500000,41.000000,143.000000
177.500000,95.500000,41.000000,143.000000
177.500000,95.500000,41.000000,143.000000
177.500000,95.500000,41.000000,143.000000
177.500000,95.500000,41.000000,143.000000
190.500000,94.500000,41.000000,143.000000
190.500000,94.500000,41.000000,143.000000
190.500000,94.500000,41.000000,143.000000
190.500000,94.500000,41.000000,143.000000
190.500000,94.500000,41.000000,143.000000
190.500000,94.500000,41.000000,143.000000
190.500000,94.500000,41.000000,143.000000
190.500000,94.500000,41.000000,143.000000
