1
207.000000,117.000000,29.000000,103.000000
217.500000,100.500000,29.000000,103.000000
217.500000,100.500000,29.000000,103.000000
201.500000,98.500000,29.000000,103.000000
201.500000,98.500000,29.000000,103.000000
201.500000,98.500000,29.000000,103.000000
201.500000,98.500000,29.000000,103.000000
201.500000,98.500000,29.000000,103.000000
201.500000,98.500000,29.000000,103.000000
201.500000,98.500000,29.000000,103.000000
201.500000,98.500000,29.000000,103.000000
201.500000,98.500000,29.000000,103.000000
201.500000,98.500000,29.000000,103.000000
201.500000,98.500000,29.000000,103.000000
201.500000,98.500000,29.000000,103.000000
201.500000,98.500000,29.000000,103.000000
213.500000,109.500000,29.000000,103.000000
213.500000,109.500000,29.000000,103.000000
213.500000,109.500000,29.000000,103.000000
213.500000,109.500000,29.000000,103.000000
213.500000,109.500000,29.000000,103.000000
213.500000,109.500000,29.000000,103.000000
213.500000,109.500000,29.000000,103.000000
213.500000,109.500000,29.000000,103.000000
213.500000,109.500000,29.000000,103.000000
213.500000,109.500000,29.000000,103.000000
213.500000,109.500000,29.000000,103.000000
213.500000,109.500000,29.000000,103.000000
213.500000,109.500000,29.000000,103.000000
213.500000,109.500000,29.000000,103.000000
213.500000,109.500000,29.000000,103.000000
213.500000,109.500000,29.000000,103.000000
213.500000,109.500000,29.000000,103.000000
213.500000,109.500000,29.000000,103.000000
213.500000,109.500000,29.000000,103.000000
213.500000,109.500000,29.000000,103.000000
213.500000,109.500000,29.000000,103.000000
213.500000,109.500000,29.000000,103.000000
213.500000,109.500000,29.000000,103.000000
213.500000,109.500000,29.000000,103.000000
213.500000,109.500000,29.000000,103.000000
213.500000,109.500000,29.000000,103.000000
213.500000,109.500000,29.000000,103.000000
213.500000,109.500000,29.000000,103.000000
213.500000,109.500000,29.000000,103.000000
213.500000,109.500000,29.000000,103.000000
213.500000,109.500000,29.000000,103.000000
213.500000,109.500000,29.000000,103.000000
213.500000,109.500000,29.000000,103.000000
213.500000,109.500000,29.000000,103.000000
213.500000,109.500000,29.000000,103.000000
213.500000,109.500000,29.000000,103.000000
213.500000,109.500000,29.000000,103.000000
213.500000,109.500000,29.000000,103.000000
213.500000,109.500000,29.000000,103.000000
213.500000,109.500000,29.000000,103.000000
213.500000,109.500000,29.000000,103.000000
213.500000,109.500000,29.000000,103.000000
213.500000,109.500000,29.000000,103.000000
213.500000,109.500000,29.000000,103.000000
213.500000,109.500000,29.000000,103.000000
213.500000,109.500000,29.000000,103.000000
213.500000,109.500000,29.000000,103.000000
213.500000,109.500000,29.000000,103.000000
213.500000,109.500000,29.000000,103.000000
213.500000,109.500000,29.000000,103.000000
213.500000,109.500000,29.000000,103.000000
213.500000,109.500000,29.000000,103.000000
213.500000,109.500000,29.000000,103.000000
213.500000,109.500000,29.000000,103.000000
213.500000,109.500000,29.000000,103.000000
213.500000,109.500000,29.000000,103.000000
213.500000,109.500000,29.000000,103.000000
213.500000,109.500000,29.000000,103.000000
213.500000,109.500000,29.000000,103.000000
213.500000,109.500000,29.000000,103.000000
213.500000,109.500000,29.000000,103.000000
213.500000,109.500000,29.000000,103.000000
213.500000,109.500000,29.000000,103.000000
213.500000,109.500000,29.000000,103.000000
213.500000,109.500000,29.000000,103.000000
213.500000,109.500000,29.000000,103.000000
213.500000,109.500000,29.000000,103.000000
213.500000,109.500000,29.000000,103.000000
213.500000,109.500000,29.000000,103.000000
213.500000,109.500000,29.000000,103.000000
213.500000,109.500000,29.000000,103.000000
213.500000,109.500000,29.000000,103.000000
213.500000,109.500000,29.000000,103.000000
213.500000,109.500000,29.000000,103.000000
213.500000,109.500000,29.000000,103.000000
213.500000,109.500000,29.000000,103.000000
213.500000,109.500000,29.000000,103.000000
213.500000,109.500000,29.000000,103.000000
213.500000,109.500000,29.000000,103.000000
213.500000,109.500000,29.000000,103.000000
213.500000,109.500000,29.000000,103.000000
213.500000,109.500000,29.000000,103.000000
213.500000,109.500000,29.000000,103.000000
213.500000,109.500000,29.000000,103.000000
213.500000,109.500000,29.000000,103.000000
213.500000,109.500000,29.000000,103.000000
213.500000,109.500000,29.000000,103.000000
213.500000,109.500000,29.000000,103.000000
213.500000,109.500000,29.000000,103.000000
213.500000,109.500000,29.000000,103.000000
213.500000,109.500000,29.000000,103.000000
213.500000,109.500000,29.000000,103.000000
213.500000,109.500000,29.000000,103.000000
213.500000,109.500000,29.000000,103.000000
213.500000,109.500000,29.000000,103.000000
213.500000,109.500000,29.000000,103.000000
213.500000,109.500000,29.000000,103.000000
213.500000,109.500000,29.000000,103.000000
213.500000,109.500000,29.000000,103.000000
213.500000,109.500000,29.000000,103.000000
213.500000,109.500000,29.000000,103.000000
213.500000,109.500000,29.000000,103.000000
213.500000,109.500000,29.000000,103.000000
213.500000,109.500000,29.000000,103.000000
213.500000,109.500000,29.000000,103.000000
213.500000,157.500000,29.000000,103.000000
213.500000,157.500000,29.000000,103.000000
213.500000,157.500000,29.000000,103.000000
213.500000,157.500000,29.000000,103.000000
213.500000,157.500000,29.000000,103.000000
213.500000,157.500000,29.000000,103.000000
213.500000,157.500000,29.000000,103.000000
213.500000,157.500000,29.000000,103.000000
213.500000,157.500000,29.000000,103.000000
213.500000,157.500000,29.000000,103.000000
213.500000,157.500000,29.000000,103.000000
213.500000,157.500000,29.000000,103.000000
213.500000,157.500000,29.000000,103.000000
213.500000,157.500000,29.000000,103.000000
2
0
0
0
0
1
229.000000,123.000000,29.000000,93.000000
229.000000,123.000000,29.000000,93.000000
229.000000,123.000000,29.000000,93.000000
229.000000,123.000000,29.000000,93.000000
229.000000,123.000000,29.000000,93.000000
229.000000,123.000000,29.000000,93.000000
229.000000,123.000000,29.000000,93.000000
229.000000,123.000000,29.000000,93.000000
229.000000,123.000000,29.000000,93.000000
243.500000,120.500000,29.000000,93.000000
243.500000,120.500000,29.000000,93.000000
243.500000,120.500000,29.000000,93.000000
243.500000,120.500000,29.000000,93.000000
243.500000,120.500000,29.000000,93.000000
243.500000,120.500000,29.000000,93.000000
243.500000,120.500000,29.000000,93.000000
243.500000,120.500000,29.000000,93.000000
243.500000,120.500000,29.000000,93.000000
243.500000,120.500000,29.000000,93.000000
243.500000,120.500000,29.000000,93.000000
243.500000,120.500000,29.000000,93.000000
243.500000,120.500000,29.000000,93.000000
243.500000,120.500000,29.000000,93.000000
243.500000,120.500000,29.000000,93.000000
243.500000,120.500000,29.000000,93.000000
243.500000,120.500000,29.000000,93.000000
243.500000,120.500000,29.000000,93.000000
243.500000,120.500000,29.000000,93.000000
243.500000,120.500000,29.000000,93.000000
243.500000,120.500000,29.000000,93.000000
243.500000,120.500000,29.000000,93.000000
243.500000,120.500000,29.000000,93.000000
243.500000,120.500000,29.000000,93.000000
243.500000,120.500000,29.000000,93.000000
243.500000,120.500000,29.000000,93.000000
243.500000,120.500000,29.000000,93.000000
243.500000,120.500000,29.000000,93.000000
243.500000,120.500000,29.000000,93.000000
243.500000,120.500000,29.000000,93.000000
243.500000,120.500000,29.000000,93.000000
243.500000,120.500000,29.000000,93.000000
2
0
0
0
0
1
212.000000,103.000000,29.000000,93.000000
212.000000,103.000000,29.000000,93.000000
212.000000,103.000000,29.000000,93.000000
212.000000,103.000000,29.000000,93.000000
212.000000,103.000000,29.000000,93.000000
212.000000,103.000000,29.000000,93.000000
212.000000,103.000000,29.000000,93.000000
212.000000,103.000000,29.000000,93.000000
212.000000,103.000000,29.000000,93.000000
212.000000,103.000000,29.000000,93.000000
212.000000,103.000000,29.000000,93.000000
212.000000,103.000000,29.000000,93.000000
212.000000,103.000000,29.000000,93.000000
212.000000,103.000000,29.000000,93.000000
212.000000,103.000000,29.000000,93.000000
212.000000,103.000000,29.000000,93.000000
212.000000,103.000000,29.000000,93.000000
212.000000,103.000000,29.000000,93.000000
212.000000,103.000000,29.000000,93.000000
212.000000,103.000000,29.000000,93.000000
212.000000,103.000000,29.000000,93.000000
212.000000,103.000000,29.000000,93.000000
212.000000,103.000000,29.000000,93.000000
212.000000,103.000000,29.000000,93.000000
211.500000,102.500000,29.000000,93.000000
211.500000,102.500000,29.000000,93.000000
211.500000,102.500000,29.000000,93.000000
211.500000,102.500000,29.000000,93.000000
211.500000,102.500000,29.000000,93.000000
201.500000,122.500000,29.000000,93.000000
201.500000,122.500000,29.000000,93.000000
201.500000,122.500000,29.000000,93.000000
201.500000,122.500000,29.000000,93.000000
201.500000,122.500000,29.000000,93.000000
201.500000,122.500000,29.000000,93.000000
201.500000,122.500000,29.000000,93.000000
201.500000,122.500000,29.000000,93.000000
201.500000,122.500000,29.000000,93.000000
201.500000,122.500000,29.000000,93.000000
201.500000,122.500000,29.000000,93.000000
201.500000,122.500000,29.000000,93.000000
201.500000,122.500000,29.000000,93.000000
201.500000,122.500000,29.000000,93.000000
215.500000,138.500000,29.000000,93.000000
215.500000,138.500000,29.000000,93.000000
215.500000,138.500000,29.000000,93.000000
215.500000,138.500000,29.000000,93.000000
215.500000,138.500000,29.000000,93.000000
215.500000,138.500000,29.000000,93.000000
215.500000,138.500000,29.000000,93.000000
215.500000,138.500000,29.000000,93.000000
215.500000,138.500000,29.000000,93.000000
181.500000,171.500000,29.000000,93.000000
181.500000,171.500000,29.000000,93.000000
181.500000,171.500000,29.000000,93.000000
181.500000,171.500000,29.000000,93.000000
181.500000,171.500000,29.000000,93.000000
181.500000,171.500000,29.000000,93.000000
181.500000,171.500000,29.000000,93.000000
211.500000,142.500000,29.000000,93.000000
211.500000,142.500000,29.000000,93.000000
211.500000,142.500000,29.000000,93.000000
211.500000,142.500000,29.000000,93.000000
211.500000,142.500000,29.000000,93.000000
211.500000,142.500000,29.000000,93.000000
211.500000,142.500000,29.000000,93.000000
211.500000,142.500000,29.000000,93.000000
211.500000,142.500000,29.000000,93.000000
211.500000,142.500000,29.000000,93.000000
221.500000,152.500000,29.000000,93.000000
221.500000,152.500000,29.000000,93.000000
221.500000,152.500000,29.000000,93.000000
221.500000,152.500000,29.000000,93.000000
221.500000,152.500000,29.000000,93.000000
221.500000,152.500000,29.000000,93.000000
221.500000,152.500000,29.000000,93.000000
221.500000,152.500000,29.000000,93.000000
221.500000,152.500000,29.000000,93.000000
221.500000,152.500000,29.000000,93.000000
221.500000,152.500000,29.000000,93.000000
221.500000,152.500000,29.000000,93.000000
221.500000,152.500000,29.000000,93.000000
221.500000,152.500000,29.000000,93.000000
221.500000,152.500000,29.000000,93.000000
221.500000,152.500000,29.000000,93.000000
221.500000,152.500000,29.000000,93.000000
221.500000,152.500000,29.000000,93.000000
2
0
0
0
0
1
186.050003,116.190002,28.739990,87.220001
186.050003,116.190002,28.739990,87.220001
186.050003,116.190002,28.739990,87.220001
186.050003,116.190002,28.739990,87.220001
186.050003,116.190002,28.739990,87.220001
186.050003,116.190002,28.739990,87.220001
186.050003,116.190002,28.739990,87.220001
186.050003,116.190002,28.739990,87.220001
185.630005,115.389999,28.739990,87.220001
185.630005,115.389999,28.739990,87.220001
185.630005,115.389999,28.739990,87.220001
185.630005,115.389999,28.739990,87.220001
185.630005,115.389999,28.739990,87.220001
185.630005,115.389999,28.739990,87.220001
185.630005,115.389999,28.739990,87.220001
185.630005,115.389999,28.739990,87.220001
185.630005,115.389999,28.739990,87.220001
185.630005,115.389999,28.739990,87.220001
185.630005,115.389999,28.739990,87.220001
185.630005,115.389999,28.739990,87.220001
185.630005,115.389999,28.739990,87.220001
185.630005,115.389999,28.739990,87.220001
2
0
0
0
0
1
149.949997,91.440002,28.169998,76.940002
149.949997,91.440002,28.169998,76.940002
149.949997,91.440002,28.169998,76.940002
149.949997,91.440002,28.169998,76.940002
149.949997,91.440002,28.169998,76.940002
149.949997,91.440002,28.169998,76.940002
149.949997,91.440002,28.169998,76.940002
149.949997,91.440002,28.169998,76.940002
149.949997,91.440002,28.169998,76.940002
149.949997,91.440002,28.169998,76.940002
149.949997,91.440002,28.169998,76.940002
149.949997,91.440002,28.169998,76.940002
149.949997,91.440002,28.169998,76.940002
149.949997,91.440002,28.169998,76.940002
149.949997,91.440002,28.169998,76.940002
149.949997,91.440002,28.169998,76.940002
149.949997,91.440002,28.169998,76.940002
149.949997,91.440002,28.169998,76.940002
149.949997,91.440002,28.169998,76.940002
149.949997,91.440002,28.169998,76.940002
149.949997,91.440002,28.169998,76.940002
149.949997,91.440002,28.169998,76.940002
149.949997,91.440002,28.169998,76.940002
149.949997,91.440002,28.169998,76.940002
149.915009,90.529999,28.169998,76.940002
149.915009,90.529999,28.169998,76.940002
149.915009,90.529999,28.169998,76.940002
149.915009,90.529999,28.169998,76.940002
149.915009,90.529999,28.169998,76.940002
149.915009,90.529999,28.169998,76.940002
149.915009,90.529999,28.169998,76.940002
149.915009,90.529999,28.169998,76.940002
149.915009,90.529999,28.169998,76.940002
149.915009,90.529999,28.169998,76.940002
149.915009,90.529999,28.169998,76.940002
149.915009,90.529999,28.169998,76.940002
149.915009,90.529999,28.169998,76.940002
149.915009,90.529999,28.169998,76.940002
149.915009,90.529999,28.169998,76.940002
149.915009,90.529999,28.169998,76.940002
149.915009,90.529999,28.169998,76.940002
149.915009,90.529999,28.169998,76.940002
149.915009,90.529999,28.169998,76.940002
149.915009,90.529999,28.169998,76.940002
149.915009,90.529999,28.169998,76.940002
149.915009,90.529999,28.169998,76.940002
149.915009,90.529999,28.169998,76.940002
149.915009,90.529999,28.169998,76.940002
149.915009,90.529999,28.169998,76.940002
149.915009,90.529999,28.169998,76.940002
149.915009,90.529999,28.169998,76.940002
149.915009,90.529999,28.169998,76.940002
149.915009,90.529999,28.169998,76.940002
149.915009,90.529999,28.169998,76.940002
149.915009,90.529999,28.169998,76.940002
149.915009,90.529999,28.169998,76.940002
149.915009,90.529999,28.169998,76.940002
149.915009,90.529999,28.169998,76.940002
149.915009,90.529999,28.169998,76.940002
149.915009,90.529999,28.169998,76.940002
149.915009,90.529999,28.169998,76.940002
149.915009,90.529999,28.169998,76.940002
149.915009,90.529999,28.169998,76.940002
149.915009,90.529999,28.169998,76.940002
149.915009,90.529999,28.169998,76.940002
160.915009,81.529999,28.169998,76.940002
160.915009,81.529999,28.169998,76.940002
160.915009,81.529999,28.169998,76.940002
160.915009,81.529999,28.169998,76.940002
160.915009,81.529999,28.169998,76.940002
160.915009,81.529999,28.169998,76.940002
151.915009,107.529999,28.169998,76.940002
151.915009,107.529999,28.169998,76.940002
151.915009,107.529999,28.169998,76.940002
151.915009,107.529999,28.169998,76.940002
151.915009,107.529999,28.169998,76.940002
151.915009,107.529999,28.169998,76.940002
151.915009,107.529999,28.169998,76.940002
151.915009,107.529999,28.169998,76.940002
151.915009,107.529999,28.169998,76.940002
151.915009,107.529999,28.169998,76.940002
151.915009,107.529999,28.169998,76.940002
151.915009,107.529999,28.169998,76.940002
151.915009,107.529999,28.169998,76.940002
151.915009,107.529999,28.169998,76.940002
151.915009,107.529999,28.169998,76.940002
151.915009,107.529999,28.169998,76.940002
151.915009,107.529999,28.169998,76.940002
151.915009,107.529999,28.169998,76.940002
151.915009,107.529999,28.169998,76.940002
151.915009,107.529999,28.169998,76.940002
151.915009,107.529999,28.169998,76.940002
151.915009,107.529999,28.169998,76.940002
151.915009,107.529999,28.169998,76.940002
151.915009,107.529999,28.169998,76.940002
151.915009,107.529999,28.169998,76.940002
151.915009,107.529999,28.169998,76.940002
151.915009,107.529999,28.169998,76.940002
151.915009,107.529999,28.169998,76.940002
151.915009,107.529999,28.169998,76.940002
151.915009,107.529999,28.169998,76.940002
151.915009,107.529999,28.169998,76.940002
151.915009,107.529999,28.169998,76.940002
139.915009,103.529999,28.169998,76.940002
139.915009,103.529999,28.169998,76.940002
139.915009,103.529999,28.169998,76.940002
139.915009,103.529999,28.169998,76.940002
139.915009,103.529999,28.169998,76.940002
139.915009,103.529999,28.169998,76.940002
139.915009,103.529999,28.169998,76.940002
157.915009,75.529999,28.169998,76.940002
168.915009,82.529999,28.169998,76.940002
168.915009,82.529999,28.169998,76.940002
168.915009,82.529999,28.169998,76.940002
160.915009,74.529999,28.169998,76.940002
160.915009,74.529999,28.169998,76.940002
160.915009,74.529999,28.169998,76.940002
160.915009,74.529999,28.169998,76.940002
160.915009,74.529999,28.169998,76.940002
160.915009,74.529999,28.169998,76.940002
151.915009,70.529999,28.169998,76.940002
151.915009,70.529999,28.169998,76.940002
163.915009,92.529999,28.169998,76.940002
163.915009,92.529999,28.169998,76.940002
140.915009,79.529999,28.169998,76.940002
140.915009,79.529999,28.169998,76.940002
157.915009,86.529999,28.169998,76.940002
157.915009,86.529999,28.169998,76.940002
134.915009,88.529999,28.169998,76.940002
134.915009,88.529999,28.169998,76.940002
134.915009,88.529999,28.169998,76.940002
134.915009,88.529999,28.169998,76.940002
134.915009,88.529999,28.169998,76.940002
134.915009,88.529999,28.169998,76.940002
134.915009,88.529999,28.169998,76.940002
142.915009,58.529999,28.169998,76.940002
142.915009,58.529999,28.169998,76.940002
153.915009,58.529999,28.169998,76.940002
153.915009,58.529999,28.169998,76.940002
153.915009,58.529999,28.169998,76.940002
153.915009,58.529999,28.169998,76.940002
153.915009,58.529999,28.169998,76.940002
153.915009,58.529999,28.169998,76.940002
153.915009,58.529999,28.169998,76.940002
170.915009,72.529999,28.169998,76.940002
170.915009,72.529999,28.169998,76.940002
170.915009,72.529999,28.169998,76.940002
170.915009,72.529999,28.169998,76.940002
170.915009,72.529999,28.169998,76.940002
170.915009,72.529999,28.169998,76.940002
170.915009,72.529999,28.169998,76.940002
170.915009,72.529999,28.169998,76.940002
170.915009,72.529999,28.169998,76.940002
170.915009,72.529999,28.169998,76.940002
159.915009,83.529999,28.169998,76.940002
159.915009,83.529999,28.169998,76.940002
159.915009,83.529999,28.169998,76.940002
159.915009,83.529999,28.169998,76.940002
151.915009,91.529999,28.169998,76.940002
151.915009,91.529999,28.169998,76.940002
151.915009,91.529999,28.169998,76.940002
151.915009,91.529999,28.169998,76.940002
151.915009,91.529999,28.169998,76.940002
141.915009,92.529999,28.169998,76.940002
141.915009,92.529999,28.169998,76.940002
150.915009,87.529999,28.169998,76.940002
150.915009,87.529999,28.169998,76.940002
150.915009,87.529999,28.169998,76.940002
150.915009,87.529999,28.169998,76.940002
142.915009,114.529999,28.169998,76.940002
142.915009,114.529999,28.169998,76.940002
149.915009,88.529999,28.169998,76.940002
160.915009,95.529999,28.169998,76.940002
160.915009,95.529999,28.169998,76.940002
160.915009,95.529999,28.169998,76.940002
160.915009,95.529999,28.169998,76.940002
160.915009,95.529999,28.169998,76.940002
145.915009,90.529999,28.169998,76.940002
156.915009,92.529999,28.169998,76.940002
156.915009,92.529999,28.169998,76.940002
156.915009,92.529999,28.169998,76.940002
156.915009,92.529999,28.169998,76.940002
156.915009,92.529999,28.169998,76.940002
156.915009,92.529999,28.169998,76.940002
156.915009,92.529999,28.169998,76.940002
155.915009,65.529999,28.169998,76.940002
155.915009,65.529999,28.169998,76.940002
155.915009,65.529999,28.169998,76.940002
164.915009,58.529999,28.169998,76.940002
164.915009,58.529999,28.169998,76.940002
164.915009,58.529999,28.169998,76.940002
164.915009,58.529999,28.169998,76.940002
164.915009,58.529999,28.169998,76.940002
164.915009,58.529999,28.169998,76.940002
164.915009,58.529999,28.169998,76.940002
164.915009,58.529999,28.169998,76.940002
164.915009,58.529999,28.169998,76.940002
164.915009,58.529999,28.169998,76.940002
164.915009,58.529999,28.169998,76.940002
164.915009,58.529999,28.169998,76.940002
164.915009,58.529999,28.169998,76.940002
164.915009,58.529999,28.169998,76.940002
164.915009,58.529999,28.169998,76.940002
164.915009,58.529999,28.169998,76.940002
167.915009,84.529999,28.169998,76.940002
167.915009,84.529999,28.169998,76.940002
167.915009,84.529999,28.169998,76.940002
167.915009,84.529999,28.169998,76.940002
167.915009,84.529999,28.169998,76.940002
167.915009,84.529999,28.169998,76.940002
167.915009,84.529999,28.169998,76.940002
2
0
0
0
0
1
131.000000,87.000000,28.000000,82.000000
131.000000,87.000000,28.000000,82.000000
123.000000,85.000000,28.000000,82.000000
134.000000,94.000000,28.000000,82.000000
134.000000,94.000000,28.000000,82.000000
134.000000,94.000000,28.000000,82.000000
134.000000,94.000000,28.000000,82.000000
134.000000,94.000000,28.000000,82.000000
134.000000,94.000000,28.000000,82.000000
134.000000,94.000000,28.000000,82.000000
134.000000,94.000000,28.000000,82.000000
134.000000,94.000000,28.000000,82.000000
134.000000,94.000000,28.000000,82.000000
134.000000,94.000000,28.000000,82.000000
134.000000,94.000000,28.000000,82.000000
134.000000,94.000000,28.000000,82.000000
134.000000,94.000000,28.000000,82.000000
134.000000,94.000000,28.000000,82.000000
134.000000,94.000000,28.000000,82.000000
152.000000,121.000000,28.000000,82.000000
152.000000,121.000000,28.000000,82.000000
149.000000,94.000000,28.000000,82.000000
149.000000,94.000000,28.000000,82.000000
149.000000,94.000000,28.000000,82.000000
149.000000,94.000000,28.000000,82.000000
149.000000,94.000000,28.000000,82.000000
142.000000,81.000000,28.000000,82.000000
142.000000,81.000000,28.000000,82.000000
142.000000,81.000000,28.000000,82.000000
132.000000,76.000000,28.000000,82.000000
122.000000,81.000000,28.000000,82.000000
122.000000,81.000000,28.000000,82.000000
107.000000,61.000000,28.000000,82.000000
107.000000,61.000000,28.000000,82.000000
2
0
0
0
0
1
217.000000,24.000000,48.000000,145.000000
238.000000,34.500000,48.000000,145.000000
259.000000,29.500000,48.000000,145.000000
259.000000,29.500000,48.000000,145.000000
259.000000,29.500000,48.000000,145.000000
259.000000,29.500000,48.000000,145.000000
238.000000,34.500000,48.000000,145.000000
238.000000,34.500000,48.000000,145.000000
238.000000,34.500000,48.000000,145.000000
238.000000,34.500000,48.000000,145.000000
238.000000,34.500000,48.000000,145.000000
228.000000,93.500000,48.000000,145.000000
228.000000,93.500000,48.000000,145.000000
205.000000,112.500000,48.000000,145.000000
205.000000,112.500000,48.000000,145.000000
205.000000,112.500000,48.000000,145.000000
205.000000,112.500000,48.000000,145.000000
205.000000,112.500000,48.000000,145.000000
205.000000,112.500000,48.000000,145.000000
205.000000,112.500000,48.000000,145.000000
205.000000,112.500000,48.000000,145.000000
205.000000,112.500000,48.000000,145.000000
179.000000,100.500000,48.000000,145.000000
179.000000,100.500000,48.000000,145.000000
179.000000,100.500000,48.000000,145.000000
179.000000,100.500000,48.000000,145.000000
179.000000,100.500000,48.000000,145.000000
199.000000,120.500000,48.000000,145.000000
199.000000,120.500000,48.000000,145.000000
199.000000,120.500000,48.000000,145.000000
