1
207.000000,117.000000,29.000000,103.000000
217.500000,95.500000,29.000000,103.000000
217.500000,95.500000,29.000000,103.000000
217.500000,95.500000,29.000000,103.000000
217.500000,95.500000,29.000000,103.000000
217.500000,95.500000,29.000000,103.000000
217.500000,95.500000,29.000000,103.000000
203.500000,94.500000,29.000000,103.000000
203.500000,94.500000,29.000000,103.000000
203.500000,94.500000,29.000000,103.000000
203.500000,94.500000,29.000000,103.000000
203.500000,94.500000,29.000000,103.000000
203.500000,94.500000,29.000000,103.000000
203.500000,94.500000,29.000000,103.000000
203.500000,94.500000,29.000000,103.000000
203.500000,94.500000,29.000000,103.000000
203.500000,94.500000,29.000000,103.000000
203.500000,94.500000,29.000000,103.000000
203.500000,94.500000,29.000000,103.000000
203.500000,94.500000,29.000000,103.000000
203.500000,94.500000,29.000000,103.000000
203.500000,94.500000,29.000000,103.000000
203.500000,94.500000,29.000000,103.000000
203.500000,94.500000,29.000000,103.000000
203.500000,94.500000,29.000000,103.000000
203.500000,94.500000,29.000000,103.000000
203.500000,94.500000,29.000000,103.000000
203.500000,94.500000,29.000000,103.000000
203.500000,94.500000,29.000000,103.000000
203.500000,94.500000,29.000000,103.000000
203.500000,94.500000,29.000000,103.000000
203.500000,94.500000,29.000000,103.000000
203.500000,94.500000,29.000000,103.000000
203.500000,94.500000,29.000000,103.000000
203.500000,94.500000,29.000000,103.000000
203.500000,94.500000,29.000000,103.000000
203.500000,94.500000,29.000000,103.000000
203.500000,94.500000,29.000000,103.000000
203.500000,94.500000,29.000000,103.000000
203.500000,94.500000,29.000000,103.000000
203.500000,94.500000,29.000000,103.000000
203.500000,94.500000,29.000000,103.000000
203.500000,94.500000,29.000000,103.000000
203.500000,94.500000,29.000000,103.000000
203.500000,94.500000,29.000000,103.000000
203.500000,94.500000,29.000000,103.000000
203.500000,94.500000,29.000000,103.000000
203.500000,94.500000,29.000000,103.000000
203.500000,94.500000,29.000000,103.000000
203.500000,94.500000,29.000000,103.000000
203.500000,94.500000,29.000000,103.000000
203.500000,94.500000,29.000000,103.000000
203.500000,94.500000,29.000000,103.000000
203.500000,94.500000,29.000000,103.000000
203.500000,94.500000,29.000000,103.000000
203.500000,94.500000,29.000000,103.000000
203.500000,94.500000,29.000000,103.000000
203.500000,94.500000,29.000000,103.000000
203.500000,94.500000,29.000000,103.000000
203.500000,94.500000,29.000000,103.000000
203.500000,94.500000,29.000000,103.000000
203.500000,94.500000,29.000000,103.000000
203.500000,94.500000,29.000000,103.000000
203.500000,94.500000,29.000000,103.000000
203.500000,94.500000,29.000000,103.000000
203.500000,94.500000,29.000000,103.000000
203.500000,94.500000,29.000000,103.000000
203.500000,94.500000,29.000000,103.000000
203.500000,94.500000,29.000000,103.000000
203.500000,94.500000,29.000000,103.000000
203.500000,94.500000,29.000000,103.000000
203.500000,94.500000,29.000000,103.000000
203.500000,94.500000,29.000000,103.000000
203.500000,94.500000,29.000000,103.000000
203.500000,94.500000,29.000000,103.000000
203.500000,94.500000,29.000000,103.000000
203.500000,94.500000,29.000000,103.000000
203.500000,94.500000,29.000000,103.000000
203.500000,94.500000,29.000000,103.000000
203.500000,94.500000,29.000000,103.000000
203.500000,94.500000,29.000000,103.000000
203.500000,94.500000,29.000000,103.000000
203.500000,94.500000,29.000000,103.000000
203.500000,94.500000,29.000000,103.000000
203.500000,94.500000,29.000000,103.000000
203.500000,94.500000,29.000000,103.000000
203.500000,94.500000,29.000000,103.000000
203.500000,94.500000,29.000000,103.000000
203.500000,94.500000,29.000000,103.000000
203.500000,94.500000,29.000000,103.000000
203.500000,94.500000,29.000000,103.000000
203.500000,94.500000,29.000000,103.000000
203.500000,94.500000,29.000000,103.000000
203.500000,94.500000,29.000000,103.000000
203.500000,94.500000,29.000000,103.000000
203.500000,94.500000,29.000000,103.000000
203.500000,94.500000,29.000000,103.000000
203.500000,94.500000,29.000000,103.000000
203.500000,94.500000,29.000000,103.000000
203.500000,94.500000,29.000000,103.000000
203.500000,94.500000,29.000000,103.000000
203.500000,94.500000,29.000000,103.000000
203.500000,94.500000,29.000000,103.000000
203.500000,94.500000,29.000000,103.000000
193.500000,161.500000,29.000000,103.000000
193.500000,161.500000,29.000000,103.000000
193.500000,161.500000,29.000000,103.000000
193.500000,161.500000,29.000000,103.000000
193.500000,161.500000,29.000000,103.000000
209.500000,152.500000,29.000000,103.000000
209.500000,152.500000,29.000000,103.000000
209.500000,152.500000,29.000000,103.000000
209.500000,152.500000,29.000000,103.000000
209.500000,152.500000,29.000000,103.000000
209.500000,152.500000,29.000000,103.000000
209.500000,152.500000,29.000000,103.000000
219.500000,153.500000,29.000000,103.000000
219.500000,153.500000,29.000000,103.000000
219.500000,153.500000,29.000000,103.000000
219.500000,153.500000,29.000000,103.000000
219.500000,153.500000,29.000000,103.000000
229.500000,163.500000,29.000000,103.000000
229.500000,163.500000,29.000000,103.000000
229.500000,163.500000,29.000000,103.000000
229.500000,163.500000,29.000000,103.000000
2
0
0
0
0
1
221.000000,125.000000,29.000000,93.000000
221.000000,125.000000,29.000000,93.000000
221.000000,125.000000,29.000000,93.000000
221.000000,125.000000,29.000000,93.000000
221.000000,125.000000,29.000000,93.000000
221.000000,125.000000,29.000000,93.000000
221.000000,125.000000,29.000000,93.000000
221.000000,125.000000,29.000000,93.000000
221.000000,125.000000,29.000000,93.000000
221.000000,125.000000,29.000000,93.000000
221.000000,125.000000,29.000000,93.000000
239.500000,118.500000,29.000000,93.000000
239.500000,118.500000,29.000000,93.000000
248.500000,124.500000,29.000000,93.000000
248.500000,124.500000,29.000000,93.000000
248.500000,124.500000,29.000000,93.000000
248.500000,124.500000,29.000000,93.000000
248.500000,124.500000,29.000000,93.000000
248.500000,124.500000,29.000000,93.000000
248.500000,124.500000,29.000000,93.000000
248.500000,124.500000,29.000000,93.000000
248.500000,124.500000,29.000000,93.000000
248.500000,124.500000,29.000000,93.000000
248.500000,124.500000,29.000000,93.000000
248.500000,124.500000,29.000000,93.000000
248.500000,124.500000,29.000000,93.000000
223.500000,125.500000,29.000000,93.000000
223.500000,125.500000,29.000000,93.000000
223.500000,125.500000,29.000000,93.000000
223.500000,125.500000,29.000000,93.000000
223.500000,125.500000,29.000000,93.000000
223.500000,125.500000,29.000000,93.000000
223.500000,125.500000,29.000000,93.000000
223.500000,125.500000,29.000000,93.000000
223.500000,125.500000,29.000000,93.000000
223.500000,125.500000,29.000000,93.000000
223.500000,125.500000,29.000000,93.000000
223.500000,125.500000,29.000000,93.000000
223.500000,125.500000,29.000000,93.000000
223.500000,125.500000,29.000000,93.000000
223.500000,125.500000,29.000000,93.000000
223.500000,125.500000,29.000000,93.000000
223.500000,125.500000,29.000000,93.000000
223.500000,125.500000,29.000000,93.000000
223.500000,125.500000,29.000000,93.000000
223.500000,125.500000,29.000000,93.000000
223.500000,125.500000,29.000000,93.000000
223.500000,125.500000,29.000000,93.000000
223.500000,125.500000,29.000000,93.000000
223.500000,125.500000,29.000000,93.000000
223.500000,125.500000,29.000000,93.000000
223.500000,125.500000,29.000000,93.000000
223.500000,125.500000,29.000000,93.000000
223.500000,125.500000,29.000000,93.000000
223.500000,125.500000,29.000000,93.000000
223.500000,125.500000,29.000000,93.000000
223.500000,125.500000,29.000000,93.000000
223.500000,125.500000,29.000000,93.000000
223.500000,125.500000,29.000000,93.000000
223.500000,125.500000,29.000000,93.000000
223.500000,125.500000,29.000000,93.000000
223.500000,125.500000,29.000000,93.000000
223.500000,125.500000,29.000000,93.000000
223.500000,125.500000,29.000000,93.000000
223.500000,125.500000,29.000000,93.000000
223.500000,125.500000,29.000000,93.000000
223.500000,125.500000,29.000000,93.000000
223.500000,125.500000,29.000000,93.000000
223.500000,125.500000,29.000000,93.000000
223.500000,125.500000,29.000000,93.000000
223.500000,125.500000,29.000000,93.000000
223.500000,125.500000,29.000000,93.000000
223.500000,125.500000,29.000000,93.000000
223.500000,125.500000,29.000000,93.000000
223.500000,125.500000,29.000000,93.000000
223.500000,125.500000,29.000000,93.000000
223.500000,125.500000,29.000000,93.000000
223.500000,125.500000,29.000000,93.000000
223.500000,125.500000,29.000000,93.000000
223.500000,125.500000,29.000000,93.000000
223.500000,125.500000,29.000000,93.000000
223.500000,125.500000,29.000000,93.000000
223.500000,125.500000,29.000000,93.000000
223.500000,125.500000,29.000000,93.000000
223.500000,125.500000,29.000000,93.000000
223.500000,125.500000,29.000000,93.000000
223.500000,125.500000,29.000000,93.000000
223.500000,125.500000,29.000000,93.000000
223.500000,125.500000,29.000000,93.000000
223.500000,125.500000,29.000000,93.000000
223.500000,125.500000,29.000000,93.000000
223.500000,125.500000,29.000000,93.000000
223.500000,125.500000,29.000000,93.000000
223.500000,125.500000,29.000000,93.000000
223.500000,125.500000,29.000000,93.000000
223.500000,125.500000,29.000000,93.000000
223.500000,125.500000,29.000000,93.000000
223.500000,125.500000,29.000000,93.000000
223.500000,125.500000,29.000000,93.000000
223.500000,125.500000,29.000000,93.000000
223.500000,125.500000,29.000000,93.000000
223.500000,125.500000,29.000000,93.000000
223.500000,125.500000,29.000000,93.000000
223.500000,125.500000,29.000000,93.000000
2
0
0
0
0
1
191.000000,134.000000,29.000000,93.000000
191.000000,134.000000,29.000000,93.000000
201.500000,140.500000,29.000000,93.000000
191.500000,133.500000,29.000000,93.000000
191.500000,133.500000,29.000000,93.000000
191.500000,133.500000,29.000000,93.000000
191.500000,133.500000,29.000000,93.000000
191.500000,133.500000,29.000000,93.000000
191.500000,133.500000,29.000000,93.000000
191.500000,133.500000,29.000000,93.000000
191.500000,133.500000,29.000000,93.000000
191.500000,133.500000,29.000000,93.000000
191.500000,133.500000,29.000000,93.000000
191.500000,133.500000,29.000000,93.000000
191.500000,133.500000,29.000000,93.000000
191.500000,133.500000,29.000000,93.000000
191.500000,133.500000,29.000000,93.000000
191.500000,133.500000,29.000000,93.000000
191.500000,133.500000,29.000000,93.000000
191.500000,133.500000,29.000000,93.000000
191.500000,133.500000,29.000000,93.000000
191.500000,133.500000,29.000000,93.000000
191.500000,133.500000,29.000000,93.000000
191.500000,133.500000,29.000000,93.000000
191.500000,133.500000,29.000000,93.000000
208.500000,99.500000,29.000000,93.000000
208.500000,99.500000,29.000000,93.000000
208.500000,99.500000,29.000000,93.000000
208.500000,99.500000,29.000000,93.000000
208.500000,99.500000,29.000000,93.000000
208.500000,99.500000,29.000000,93.000000
208.500000,99.500000,29.000000,93.000000
208.500000,99.500000,29.000000,93.000000
189.500000,133.500000,29.000000,93.000000
189.500000,133.500000,29.000000,93.000000
189.500000,133.500000,29.000000,93.000000
189.500000,133.500000,29.000000,93.000000
189.500000,133.500000,29.000000,93.000000
189.500000,133.500000,29.000000,93.000000
189.500000,133.500000,29.000000,93.000000
189.500000,133.500000,29.000000,93.000000
189.500000,133.500000,29.000000,93.000000
189.500000,133.500000,29.000000,93.000000
189.500000,133.500000,29.000000,93.000000
189.500000,133.500000,29.000000,93.000000
189.500000,133.500000,29.000000,93.000000
189.500000,133.500000,29.000000,93.000000
189.500000,133.500000,29.000000,93.000000
189.500000,133.500000,29.000000,93.000000
189.500000,133.500000,29.000000,93.000000
189.500000,133.500000,29.000000,93.000000
189.500000,133.500000,29.000000,93.000000
189.500000,133.500000,29.000000,93.000000
189.500000,133.500000,29.000000,93.000000
189.500000,133.500000,29.000000,93.000000
189.500000,133.500000,29.000000,93.000000
189.500000,133.500000,29.000000,93.000000
189.500000,133.500000,29.000000,93.000000
2
0
0
0
0
1
155.429993,90.160004,28.240005,78.410004
155.429993,90.160004,28.240005,78.410004
155.429993,90.160004,28.240005,78.410004
155.429993,90.160004,28.240005,78.410004
155.429993,90.160004,28.240005,78.410004
155.429993,90.160004,28.240005,78.410004
155.429993,90.160004,28.240005,78.410004
155.429993,90.160004,28.240005,78.410004
155.429993,90.160004,28.240005,78.410004
133.880005,98.794998,28.240005,78.410004
133.880005,98.794998,28.240005,78.410004
133.880005,98.794998,28.240005,78.410004
133.880005,98.794998,28.240005,78.410004
144.880005,78.794998,28.240005,78.410004
144.880005,78.794998,28.240005,78.410004
144.880005,78.794998,28.240005,78.410004
144.880005,78.794998,28.240005,78.410004
135.880005,84.794998,28.240005,78.410004
135.880005,84.794998,28.240005,78.410004
135.880005,84.794998,28.240005,78.410004
135.880005,84.794998,28.240005,78.410004
135.880005,84.794998,28.240005,78.410004
145.880005,94.794998,28.240005,78.410004
145.880005,94.794998,28.240005,78.410004
145.880005,94.794998,28.240005,78.410004
145.880005,94.794998,28.240005,78.410004
145.880005,94.794998,28.240005,78.410004
145.880005,94.794998,28.240005,78.410004
145.880005,94.794998,28.240005,78.410004
133.880005,95.794998,28.240005,78.410004
144.880005,101.794998,28.240005,78.410004
144.880005,101.794998,28.240005,78.410004
144.880005,101.794998,28.240005,78.410004
144.880005,101.794998,28.240005,78.410004
144.880005,101.794998,28.240005,78.410004
144.880005,101.794998,28.240005,78.410004
144.880005,101.794998,28.240005,78.410004
144.880005,101.794998,28.240005,78.410004
144.880005,101.794998,28.240005,78.410004
144.880005,101.794998,28.240005,78.410004
144.880005,101.794998,28.240005,78.410004
144.880005,101.794998,28.240005,78.410004
144.880005,101.794998,28.240005,78.410004
144.880005,101.794998,28.240005,78.410004
144.880005,101.794998,28.240005,78.410004
144.880005,101.794998,28.240005,78.410004
144.880005,101.794998,28.240005,78.410004
144.880005,101.794998,28.240005,78.410004
144.880005,101.794998,28.240005,78.410004
144.880005,101.794998,28.240005,78.410004
144.880005,101.794998,28.240005,78.410004
144.880005,101.794998,28.240005,78.410004
144.880005,101.794998,28.240005,78.410004
144.880005,101.794998,28.240005,78.410004
144.880005,101.794998,28.240005,78.410004
144.880005,101.794998,28.240005,78.410004
144.880005,101.794998,28.240005,78.410004
144.880005,101.794998,28.240005,78.410004
144.880005,101.794998,28.240005,78.410004
144.880005,101.794998,28.240005,78.410004
144.880005,101.794998,28.240005,78.410004
144.880005,101.794998,28.240005,78.410004
144.880005,101.794998,28.240005,78.410004
144.880005,101.794998,28.240005,78.410004
144.880005,101.794998,28.240005,78.410004
144.880005,101.794998,28.240005,78.410004
144.880005,101.794998,28.240005,78.410004
144.880005,101.794998,28.240005,78.410004
144.880005,101.794998,28.240005,78.410004
144.880005,101.794998,28.240005,78.410004
144.880005,101.794998,28.240005,78.410004
144.880005,101.794998,28.240005,78.410004
144.880005,101.794998,28.240005,78.410004
144.880005,101.794998,28.240005,78.410004
153.880005,108.794998,28.240005,78.410004
153.880005,108.794998,28.240005,78.410004
153.880005,108.794998,28.240005,78.410004
153.880005,108.794998,28.240005,78.410004
162.880005,95.794998,28.240005,78.410004
162.880005,95.794998,28.240005,78.410004
162.880005,95.794998,28.240005,78.410004
162.880005,95.794998,28.240005,78.410004
143.880005,103.794998,28.240005,78.410004
143.880005,103.794998,28.240005,78.410004
143.880005,103.794998,28.240005,78.410004
143.880005,103.794998,28.240005,78.410004
143.880005,103.794998,28.240005,78.410004
143.880005,103.794998,28.240005,78.410004
143.880005,103.794998,28.240005,78.410004
143.880005,103.794998,28.240005,78.410004
143.880005,103.794998,28.240005,78.410004
143.880005,103.794998,28.240005,78.410004
143.880005,103.794998,28.240005,78.410004
143.880005,103.794998,28.240005,78.410004
143.880005,103.794998,28.240005,78.410004
143.880005,103.794998,28.240005,78.410004
143.880005,103.794998,28.240005,78.410004
143.880005,103.794998,28.240005,78.410004
143.880005,103.794998,28.240005,78.410004
143.880005,103.794998,28.240005,78.410004
143.880005,103.794998,28.240005,78.410004
143.880005,103.794998,28.240005,78.410004
135.880005,129.794998,28.240005,78.410004
137.880005,94.794998,28.240005,78.410004
137.880005,94.794998,28.240005,78.410004
137.880005,94.794998,28.240005,78.410004
137.880005,94.794998,28.240005,78.410004
137.880005,94.794998,28.240005,78.410004
137.880005,134.794998,28.240005,78.410004
144.880005,99.794998,28.240005,78.410004
144.880005,99.794998,28.240005,78.410004
144.880005,99.794998,28.240005,78.410004
144.880005,99.794998,28.240005,78.410004
144.880005,99.794998,28.240005,78.410004
144.880005,99.794998,28.240005,78.410004
144.880005,99.794998,28.240005,78.410004
162.880005,70.794998,28.240005,78.410004
162.880005,70.794998,28.240005,78.410004
171.880005,91.794998,28.240005,78.410004
171.880005,91.794998,28.240005,78.410004
171.880005,91.794998,28.240005,78.410004
171.880005,91.794998,28.240005,78.410004
171.880005,91.794998,28.240005,78.410004
171.880005,91.794998,28.240005,78.410004
171.880005,91.794998,28.240005,78.410004
171.880005,91.794998,28.240005,78.410004
140.880005,106.794998,28.240005,78.410004
140.880005,106.794998,28.240005,78.410004
140.880005,106.794998,28.240005,78.410004
140.880005,106.794998,28.240005,78.410004
140.880005,106.794998,28.240005,78.410004
140.880005,106.794998,28.240005,78.410004
128.880005,101.794998,28.240005,78.410004
128.880005,101.794998,28.240005,78.410004
128.880005,101.794998,28.240005,78.410004
151.880005,98.794998,28.240005,78.410004
151.880005,98.794998,28.240005,78.410004
143.880005,106.794998,28.240005,78.410004
143.880005,106.794998,28.240005,78.410004
143.880005,106.794998,28.240005,78.410004
143.880005,106.794998,28.240005,78.410004
143.880005,106.794998,28.240005,78.410004
143.880005,106.794998,28.240005,78.410004
143.880005,106.794998,28.240005,78.410004
143.880005,106.794998,28.240005,78.410004
143.880005,106.794998,28.240005,78.410004
143.880005,106.794998,28.240005,78.410004
143.880005,106.794998,28.240005,78.410004
143.880005,106.794998,28.240005,78.410004
171.880005,159.794998,28.240005,78.410004
171.880005,159.794998,28.240005,78.410004
172.880005,122.794998,28.240005,78.410004
172.880005,122.794998,28.240005,78.410004
172.880005,122.794998,28.240005,78.410004
172.880005,122.794998,28.240005,78.410004
172.880005,122.794998,28.240005,78.410004
172.880005,122.794998,28.240005,78.410004
172.880005,122.794998,28.240005,78.410004
172.880005,122.794998,28.240005,78.410004
172.880005,122.794998,28.240005,78.410004
172.880005,122.794998,28.240005,78.410004
172.880005,122.794998,28.240005,78.410004
172.880005,122.794998,28.240005,78.410004
172.880005,122.794998,28.240005,78.410004
172.880005,122.794998,28.240005,78.410004
172.880005,122.794998,28.240005,78.410004
146.880005,96.794998,28.240005,78.410004
146.880005,96.794998,28.240005,78.410004
146.880005,96.794998,28.240005,78.410004
146.880005,96.794998,28.240005,78.410004
146.880005,96.794998,28.240005,78.410004
146.880005,96.794998,28.240005,78.410004
146.880005,96.794998,28.240005,78.410004
146.880005,96.794998,28.240005,78.410004
146.880005,96.794998,28.240005,78.410004
146.880005,96.794998,28.240005,78.410004
146.880005,96.794998,28.240005,78.410004
146.880005,96.794998,28.240005,78.410004
142.880005,120.794998,28.240005,78.410004
142.880005,120.794998,28.240005,78.410004
142.880005,120.794998,28.240005,78.410004
142.880005,120.794998,28.240005,78.410004
142.880005,120.794998,28.240005,78.410004
142.880005,120.794998,28.240005,78.410004
159.880005,85.794998,28.240005,78.410004
159.880005,85.794998,28.240005,78.410004
159.880005,85.794998,28.240005,78.410004
159.880005,85.794998,28.240005,78.410004
159.880005,85.794998,28.240005,78.410004
159.880005,85.794998,28.240005,78.410004
159.880005,85.794998,28.240005,78.410004
159.880005,85.794998,28.240005,78.410004
159.880005,85.794998,28.240005,78.410004
159.880005,85.794998,28.240005,78.410004
159.880005,85.794998,28.240005,78.410004
159.880005,85.794998,28.240005,78.410004
159.880005,85.794998,28.240005,78.410004
159.880005,85.794998,28.240005,78.410004
159.880005,85.794998,28.240005,78.410004
159.880005,85.794998,28.240005,78.410004
159.880005,85.794998,28.240005,78.410004
159.880005,85.794998,28.240005,78.410004
159.880005,85.794998,28.240005,78.410004
159.880005,85.794998,28.240005,78.410004
159.880005,85.794998,28.240005,78.410004
159.880005,85.794998,28.240005,78.410004
159.880005,85.794998,28.240005,78.410004
159.880005,85.794998,28.240005,78.410004
159.880005,85.794998,28.240005,78.410004
147.880005,80.794998,28.240005,78.410004
147.880005,80.794998,28.240005,78.410004
147.880005,80.794998,28.240005,78.410004
147.880005,80.794998,28.240005,78.410004
147.880005,80.794998,28.240005,78.410004
134.880005,81.794998,28.240005,78.410004
134.880005,81.794998,28.240005,78.410004
134.880005,81.794998,28.240005,78.410004
134.880005,81.794998,28.240005,78.410004
134.880005,81.794998,28.240005,78.410004
134.880005,81.794998,28.240005,78.410004
134.880005,81.794998,28.240005,78.410004
134.880005,81.794998,28.240005,78.410004
122.879997,81.794998,28.240005,78.410004
122.879997,81.794998,28.240005,78.410004
122.879997,81.794998,28.240005,78.410004
135.880005,96.794998,28.240005,78.410004
126.879997,81.794998,28.240005,78.410004
126.879997,81.794998,28.240005,78.410004
126.879997,81.794998,28.240005,78.410004
139.880005,96.794998,28.240005,78.410004
139.880005,96.794998,28.240005,78.410004
139.880005,96.794998,28.240005,78.410004
139.880005,96.794998,28.240005,78.410004
139.880005,96.794998,28.240005,78.410004
139.880005,96.794998,28.240005,78.410004
157.880005,119.794998,28.240005,78.410004
157.880005,119.794998,28.240005,78.410004
157.880005,119.794998,28.240005,78.410004
157.880005,119.794998,28.240005,78.410004
157.880005,119.794998,28.240005,78.410004
157.880005,119.794998,28.240005,78.410004
157.880005,119.794998,28.240005,78.410004
157.880005,119.794998,28.240005,78.410004
157.880005,119.794998,28.240005,78.410004
147.880005,102.794998,28.240005,78.410004
147.880005,102.794998,28.240005,78.410004
147.880005,102.794998,28.240005,78.410004
153.880005,77.794998,28.240005,78.410004
153.880005,77.794998,28.240005,78.410004
153.880005,77.794998,28.240005,78.410004
138.880005,83.794998,28.240005,78.410004
138.880005,83.794998,28.240005,78.410004
138.880005,83.794998,28.240005,78.410004
138.880005,83.794998,28.240005,78.410004
138.880005,83.794998,28.240005,78.410004
138.880005,83.794998,28.240005,78.410004
2
0
0
0
0
1
236.000000,25.000000,41.000000,143.000000
236.000000,25.000000,41.000000,143.000000
236.000000,25.000000,41.000000,143.000000
236.000000,25.000000,41.000000,143.000000
236.000000,25.000000,41.000000,143.000000
236.000000,25.000000,41.000000,143.000000
236.000000,25.000000,41.000000,143.000000
239.500000,74.500000,41.000000,143.000000
239.500000,74.500000,41.000000,143.000000
239.500000,74.500000,41.000000,143.000000
217.500000,79.500000,41.000000,143.000000
201.500000,62.500000,41.000000,143.000000
201.500000,62.500000,41.000000,143.000000
197.500000,115.500000,41.000000,143.000000
197.500000,115.500000,41.000000,143.000000
197.500000,115.500000,41.000000,143.000000
178.500000,88.500000,41.000000,143.000000
178.500000,88.500000,41.000000,143.000000
178.500000,88.500000,41.000000,143.000000
178.500000,88.500000,41.000000,143.000000
178.500000,88.500000,41.000000,143.000000
178.500000,88.500000,41.000000,143.000000
178.500000,88.500000,41.000000,143.000000
178.500000,88.500000,41.000000,143.000000
178.500000,88.500000,41.000000,143.000000
178.500000,88.500000,41.000000,143.000000
178.500000,88.500000,41.000000,143.000000
178.500000,88.500000,41.000000,143.000000
178.500000,88.500000,41.000000,143.000000
