1
207.000000,117.000000,29.000000,103.000000
207.000000,117.000000,29.000000,103.000000
207.000000,117.000000,29.000000,103.000000
207.000000,117.000000,29.000000,103.000000
207.000000,117.000000,29.000000,103.000000
207.000000,117.000000,29.000000,103.000000
207.000000,117.000000,29.000000,103.000000
207.000000,117.000000,29.000000,103.000000
207.000000,117.000000,29.000000,103.000000
207.000000,117.000000,29.000000,103.000000
207.000000,117.000000,29.000000,103.000000
207.000000,117.000000,29.000000,103.000000
207.000000,117.000000,29.000000,103.000000
207.000000,117.000000,29.000000,103.000000
207.000000,117.000000,29.000000,103.000000
207.000000,117.000000,29.000000,103.000000
207.000000,117.000000,29.000000,103.000000
223.500000,123.500000,29.000000,103.000000
210.500000,108.500000,29.000000,103.000000
210.500000,108.500000,29.000000,103.000000
210.500000,108.500000,29.000000,103.000000
210.500000,108.500000,29.000000,103.000000
210.500000,108.500000,29.000000,103.000000
210.500000,108.500000,29.000000,103.000000
210.500000,108.500000,29.000000,103.000000
210.500000,108.500000,29.000000,103.000000
210.500000,108.500000,29.000000,103.000000
210.500000,108.500000,29.000000,103.000000
210.500000,108.500000,29.000000,103.000000
210.500000,108.500000,29.000000,103.000000
210.500000,108.500000,29.000000,103.000000
210.500000,108.500000,29.000000,103.000000
210.500000,108.500000,29.000000,103.000000
210.500000,108.500000,29.000000,103.000000
210.500000,108.500000,29.000000,103.000000
210.500000,108.500000,29.000000,103.000000
210.500000,108.500000,29.000000,103.000000
210.500000,108.500000,29.000000,103.000000
210.500000,108.500000,29.000000,103.000000
210.500000,108.500000,29.000000,103.000000
210.500000,108.500000,29.000000,103.000000
210.500000,108.500000,29.000000,103.000000
210.500000,108.500000,29.000000,103.000000
210.500000,108.500000,29.000000,103.000000
210.500000,108.500000,29.000000,103.000000
210.500000,108.500000,29.000000,103.000000
210.500000,108.500000,29.000000,103.000000
210.500000,108.500000,29.000000,103.000000
210.500000,108.500000,29.000000,103.000000
210.500000,108.500000,29.000000,103.000000
210.500000,108.500000,29.000000,103.000000
210.500000,108.500000,29.000000,103.000000
210.500000,108.500000,29.000000,103.000000
210.500000,108.500000,29.000000,103.000000
210.500000,108.500000,29.000000,103.000000
210.500000,108.500000,29.000000,103.000000
210.500000,108.500000,29.000000,103.000000
210.500000,108.500000,29.000000,103.000000
210.500000,108.500000,29.000000,103.000000
210.500000,108.500000,29.000000,103.000000
210.500000,108.500000,29.000000,103.000000
210.500000,108.500000,29.000000,103.000000
210.500000,108.500000,29.000000,103.000000
210.500000,108.500000,29.000000,103.000000
210.500000,108.500000,29.000000,103.000000
210.500000,108.500000,29.000000,103.000000
210.500000,108.500000,29.000000,103.000000
210.500000,108.500000,29.000000,103.000000
210.500000,108.500000,29.000000,103.000000
210.500000,108.500000,29.000000,103.000000
210.500000,108.500000,29.000000,103.000000
210.500000,108.500000,29.000000,103.000000
210.500000,108.500000,29.000000,103.000000
210.500000,108.500000,29.000000,103.000000
210.500000,108.500000,29.000000,103.000000
210.500000,108.500000,29.000000,103.000000
210.500000,108.500000,29.000000,103.000000
210.500000,108.500000,29.000000,103.000000
210.500000,108.500000,29.000000,103.000000
210.500000,108.500000,29.000000,103.000000
210.500000,108.500000,29.000000,103.000000
210.500000,108.500000,29.000000,103.000000
210.500000,108.500000,29.000000,103.000000
210.500000,108.500000,29.000000,103.000000
210.500000,108.500000,29.000000,103.000000
210.500000,108.500000,29.000000,103.000000
210.500000,108.500000,29.000000,103.000000
210.500000,108.500000,29.000000,103.000000
210.500000,108.500000,29.000000,103.000000
210.500000,108.500000,29.000000,103.000000
210.500000,108.500000,29.000000,103.000000
210.500000,108.500000,29.000000,103.000000
210.500000,108.500000,29.000000,103.000000
210.500000,108.500000,29.000000,103.000000
210.500000,108.500000,29.000000,103.000000
210.500000,108.500000,29.000000,103.000000
210.500000,108.500000,29.000000,103.000000
210.500000,108.500000,29.000000,103.000000
210.500000,108.500000,29.000000,103.000000
210.500000,108.500000,29.000000,103.000000
210.500000,108.500000,29.000000,103.000000
210.500000,108.500000,29.000000,103.000000
210.500000,108.500000,29.000000,103.000000
210.500000,108.500000,29.000000,103.000000
210.500000,108.500000,29.000000,103.000000
210.500000,108.500000,29.000000,103.000000
210.500000,108.500000,29.000000,103.000000
210.500000,108.500000,29.000000,103.000000
210.500000,108.500000,29.000000,103.000000
210.500000,108.500000,29.000000,103.000000
210.500000,108.500000,29.000000,103.000000
210.500000,108.500000,29.000000,103.000000
210.500000,108.500000,29.000000,103.000000
210.500000,108.500000,29.000000,103.000000
210.500000,108.500000,29.000000,103.000000
210.500000,108.500000,29.000000,103.000000
210.500000,108.500000,29.000000,103.000000
210.500000,108.500000,29.000000,103.000000
210.500000,108.500000,29.000000,103.000000
210.500000,108.500000,29.000000,103.000000
210.500000,108.500000,29.000000,103.000000
210.500000,108.500000,29.000000,103.000000
210.500000,108.500000,29.000000,103.000000
210.500000,108.500000,29.000000,103.000000
210.500000,108.500000,29.000000,103.000000
210.500000,108.500000,29.000000,103.000000
210.500000,108.500000,29.000000,103.000000
210.500000,108.500000,29.000000,103.000000
210.500000,108.500000,29.000000,103.000000
220.500000,151.500000,29.000000,103.000000
220.500000,151.500000,29.000000,103.000000
220.500000,151.500000,29.000000,103.000000
220.500000,151.500000,29.000000,103.000000
229.500000,142.500000,29.000000,103.000000
229.500000,142.500000,29.000000,103.000000
229.500000,142.500000,29.000000,103.000000
229.500000,142.500000,29.000000,103.000000
229.500000,142.500000,29.000000,103.000000
229.500000,142.500000,29.000000,103.000000
229.500000,142.500000,29.000000,103.000000
237.500000,128.500000,29.000000,103.000000
237.500000,128.500000,29.000000,103.000000
237.500000,128.500000,29.000000,103.000000
237.500000,128.500000,29.000000,103.000000
237.500000,128.500000,29.000000,103.000000
237.500000,128.500000,29.000000,103.000000
237.500000,128.500000,29.000000,103.000000
237.500000,128.500000,29.000000,103.000000
237.500000,128.500000,29.000000,103.000000
222.500000,118.500000,29.000000,103.000000
222.500000,118.500000,29.000000,103.000000
222.500000,118.500000,29.000000,103.000000
222.500000,118.500000,29.000000,103.000000
222.500000,118.500000,29.000000,103.000000
222.500000,118.500000,29.000000,103.000000
222.500000,118.500000,29.000000,103.000000
222.500000,118.500000,29.000000,103.000000
222.500000,118.500000,29.000000,103.000000
222.500000,118.500000,29.000000,103.000000
222.500000,118.500000,29.000000,103.000000
235.500000,125.500000,29.000000,103.000000
235.500000,125.500000,29.000000,103.000000
235.500000,125.500000,29.000000,103.000000
235.500000,125.500000,29.000000,103.000000
235.500000,125.500000,29.000000,103.000000
235.500000,125.500000,29.000000,103.000000
2
0
0
0
0
1
229.000000,104.000000,29.000000,93.000000
219.500000,102.500000,29.000000,93.000000
219.500000,102.500000,29.000000,93.000000
219.500000,102.500000,29.000000,93.000000
219.500000,102.500000,29.000000,93.000000
219.500000,102.500000,29.000000,93.000000
219.500000,102.500000,29.000000,93.000000
219.500000,102.500000,29.000000,93.000000
219.500000,102.500000,29.000000,93.000000
219.500000,102.500000,29.000000,93.000000
219.500000,102.500000,29.000000,93.000000
219.500000,102.500000,29.000000,93.000000
219.500000,102.500000,29.000000,93.000000
219.500000,102.500000,29.000000,93.000000
219.500000,102.500000,29.000000,93.000000
219.500000,102.500000,29.000000,93.000000
219.500000,102.500000,29.000000,93.000000
219.500000,102.500000,29.000000,93.000000
219.500000,102.500000,29.000000,93.000000
219.500000,102.500000,29.000000,93.000000
219.500000,102.500000,29.000000,93.000000
219.500000,102.500000,29.000000,93.000000
219.500000,102.500000,29.000000,93.000000
219.500000,102.500000,29.000000,93.000000
219.500000,102.500000,29.000000,93.000000
219.500000,102.500000,29.000000,93.000000
219.500000,102.500000,29.000000,93.000000
219.500000,102.500000,29.000000,93.000000
219.500000,102.500000,29.000000,93.000000
219.500000,102.500000,29.000000,93.000000
219.500000,102.500000,29.000000,93.000000
219.500000,102.500000,29.000000,93.000000
219.500000,102.500000,29.000000,93.000000
219.500000,102.500000,29.000000,93.000000
219.500000,102.500000,29.000000,93.000000
219.500000,102.500000,29.000000,93.000000
219.500000,102.500000,29.000000,93.000000
219.500000,102.500000,29.000000,93.000000
219.500000,102.500000,29.000000,93.000000
219.500000,102.500000,29.000000,93.000000
219.500000,102.500000,29.000000,93.000000
219.500000,102.500000,29.000000,93.000000
219.500000,102.500000,29.000000,93.000000
219.500000,102.500000,29.000000,93.000000
219.500000,102.500000,29.000000,93.000000
219.500000,102.500000,29.000000,93.000000
219.500000,102.500000,29.000000,93.000000
219.500000,102.500000,29.000000,93.000000
219.500000,102.500000,29.000000,93.000000
219.500000,102.500000,29.000000,93.000000
219.500000,102.500000,29.000000,93.000000
219.500000,102.500000,29.000000,93.000000
219.500000,102.500000,29.000000,93.000000
219.500000,102.500000,29.000000,93.000000
219.500000,102.500000,29.000000,93.000000
219.500000,102.500000,29.000000,93.000000
219.500000,102.500000,29.000000,93.000000
219.500000,102.500000,29.000000,93.000000
219.500000,102.500000,29.000000,93.000000
219.500000,102.500000,29.000000,93.000000
219.500000,102.500000,29.000000,93.000000
219.500000,102.500000,29.000000,93.000000
219.500000,102.500000,29.000000,93.000000
219.500000,102.500000,29.000000,93.000000
219.500000,102.500000,29.000000,93.000000
219.500000,102.500000,29.000000,93.000000
219.500000,102.500000,29.000000,93.000000
219.500000,102.500000,29.000000,93.000000
219.500000,102.500000,29.000000,93.000000
219.500000,102.500000,29.000000,93.000000
219.500000,102.500000,29.000000,93.000000
219.500000,102.500000,29.000000,93.000000
219.500000,102.500000,29.000000,93.000000
219.500000,102.500000,29.000000,93.000000
219.500000,102.500000,29.000000,93.000000
219.500000,102.500000,29.000000,93.000000
219.500000,102.500000,29.000000,93.000000
219.500000,102.500000,29.000000,93.000000
219.500000,102.500000,29.000000,93.000000
219.500000,102.500000,29.000000,93.000000
219.500000,102.500000,29.000000,93.000000
219.500000,102.500000,29.000000,93.000000
219.500000,102.500000,29.000000,93.000000
219.500000,102.500000,29.000000,93.000000
219.500000,102.500000,29.000000,93.000000
219.500000,102.500000,29.000000,93.000000
219.500000,102.500000,29.000000,93.000000
219.500000,102.500000,29.000000,93.000000
219.500000,102.500000,29.000000,93.000000
219.500000,102.500000,29.000000,93.000000
219.500000,102.500000,29.000000,93.000000
219.500000,102.500000,29.000000,93.000000
219.500000,102.500000,29.000000,93.000000
219.500000,102.500000,29.000000,93.000000
219.500000,102.500000,29.000000,93.000000
219.500000,102.500000,29.000000,93.000000
219.500000,102.500000,29.000000,93.000000
219.500000,102.500000,29.000000,93.000000
219.500000,102.500000,29.000000,93.000000
219.500000,102.500000,29.000000,93.000000
219.500000,102.500000,29.000000,93.000000
219.500000,102.500000,29.000000,93.000000
219.500000,102.500000,29.000000,93.000000
219.500000,102.500000,29.000000,93.000000
2
0
0
0
0
1
184.710007,114.800003,28.709991,86.860001
184.710007,114.800003,28.709991,86.860001
184.710007,114.800003,28.709991,86.860001
184.710007,114.800003,28.709991,86.860001
184.710007,114.800003,28.709991,86.860001
193.645004,124.570000,28.709991,86.860001
180.645004,110.570000,28.709991,86.860001
180.645004,110.570000,28.709991,86.860001
180.645004,110.570000,28.709991,86.860001
180.645004,110.570000,28.709991,86.860001
180.645004,110.570000,28.709991,86.860001
180.645004,110.570000,28.709991,86.860001
167.645004,101.570000,28.709991,86.860001
167.645004,101.570000,28.709991,86.860001
167.645004,101.570000,28.709991,86.860001
167.645004,101.570000,28.709991,86.860001
167.645004,101.570000,28.709991,86.860001
167.645004,101.570000,28.709991,86.860001
167.645004,101.570000,28.709991,86.860001
167.645004,101.570000,28.709991,86.860001
167.645004,101.570000,28.709991,86.860001
154.645004,101.570000,28.709991,86.860001
154.645004,101.570000,28.709991,86.860001
154.645004,101.570000,28.709991,86.860001
154.645004,101.570000,28.709991,86.860001
154.645004,101.570000,28.709991,86.860001
154.645004,101.570000,28.709991,86.860001
154.645004,101.570000,28.709991,86.860001
154.645004,101.570000,28.709991,86.860001
154.645004,101.570000,28.709991,86.860001
154.645004,101.570000,28.709991,86.860001
154.645004,101.570000,28.709991,86.860001
154.645004,101.570000,28.709991,86.860001
154.645004,101.570000,28.709991,86.860001
154.645004,101.570000,28.709991,86.860001
154.645004,101.570000,28.709991,86.860001
154.645004,101.570000,28.709991,86.860001
139.645004,101.570000,28.709991,86.860001
139.645004,101.570000,28.709991,86.860001
139.645004,101.570000,28.709991,86.860001
139.645004,101.570000,28.709991,86.860001
131.645004,83.570000,28.709991,86.860001
131.645004,83.570000,28.709991,86.860001
131.645004,83.570000,28.709991,86.860001
131.645004,83.570000,28.709991,86.860001
131.645004,83.570000,28.709991,86.860001
131.645004,83.570000,28.709991,86.860001
131.645004,83.570000,28.709991,86.860001
131.645004,83.570000,28.709991,86.860001
141.645004,95.570000,28.709991,86.860001
141.645004,95.570000,28.709991,86.860001
141.645004,95.570000,28.709991,86.860001
141.645004,95.570000,28.709991,86.860001
150.645004,107.570000,28.709991,86.860001
150.645004,107.570000,28.709991,86.860001
150.645004,107.570000,28.709991,86.860001
150.645004,107.570000,28.709991,86.860001
150.645004,107.570000,28.709991,86.860001
167.645004,90.570000,28.709991,86.860001
167.645004,90.570000,28.709991,86.860001
167.645004,90.570000,28.709991,86.860001
167.645004,90.570000,28.709991,86.860001
167.645004,90.570000,28.709991,86.860001
167.645004,90.570000,28.709991,86.860001
183.645004,114.570000,28.709991,86.860001
174.645004,103.570000,28.709991,86.860001
174.645004,103.570000,28.709991,86.860001
151.645004,101.570000,28.709991,86.860001
151.645004,101.570000,28.709991,86.860001
151.645004,101.570000,28.709991,86.860001
151.645004,101.570000,28.709991,86.860001
140.645004,132.569992,28.709991,86.860001
140.645004,132.569992,28.709991,86.860001
152.645004,105.570000,28.709991,86.860001
152.645004,105.570000,28.709991,86.860001
152.645004,105.570000,28.709991,86.860001
152.645004,105.570000,28.709991,86.860001
152.645004,105.570000,28.709991,86.860001
142.645004,130.569992,28.709991,86.860001
153.645004,139.569992,28.709991,86.860001
153.645004,139.569992,28.709991,86.860001
153.645004,139.569992,28.709991,86.860001
153.645004,139.569992,28.709991,86.860001
153.645004,139.569992,28.709991,86.860001
153.645004,139.569992,28.709991,86.860001
153.645004,139.569992,28.709991,86.860001
153.645004,139.569992,28.709991,86.860001
153.645004,139.569992,28.709991,86.860001
149.645004,86.570000,28.709991,86.860001
157.645004,86.570000,28.709991,86.860001
157.645004,86.570000,28.709991,86.860001
157.645004,86.570000,28.709991,86.860001
157.645004,86.570000,28.709991,86.860001
157.645004,86.570000,28.709991,86.860001
157.645004,86.570000,28.709991,86.860001
169.645004,103.570000,28.709991,86.860001
169.645004,103.570000,28.709991,86.860001
154.645004,119.570000,28.709991,86.860001
154.645004,119.570000,28.709991,86.860001
154.645004,119.570000,28.709991,86.860001
169.645004,117.570000,28.709991,86.860001
154.645004,123.570000,28.709991,86.860001
154.645004,123.570000,28.709991,86.860001
154.645004,123.570000,28.709991,86.860001
154.645004,123.570000,28.709991,86.860001
154.645004,123.570000,28.709991,86.860001
159.645004,98.570000,28.709991,86.860001
159.645004,98.570000,28.709991,86.860001
169.645004,100.570000,28.709991,86.860001
169.645004,100.570000,28.709991,86.860001
164.645004,72.570000,28.709991,86.860001
164.645004,72.570000,28.709991,86.860001
164.645004,72.570000,28.709991,86.860001
173.645004,85.570000,28.709991,86.860001
173.645004,85.570000,28.709991,86.860001
173.645004,85.570000,28.709991,86.860001
162.645004,105.570000,28.709991,86.860001
162.645004,105.570000,28.709991,86.860001
162.645004,105.570000,28.709991,86.860001
150.645004,106.570000,28.709991,86.860001
150.645004,106.570000,28.709991,86.860001
150.645004,106.570000,28.709991,86.860001
150.645004,106.570000,28.709991,86.860001
150.645004,106.570000,28.709991,86.860001
150.645004,106.570000,28.709991,86.860001
150.645004,106.570000,28.709991,86.860001
150.645004,106.570000,28.709991,86.860001
136.645004,127.570000,28.709991,86.860001
148.645004,130.569992,28.709991,86.860001
148.645004,130.569992,28.709991,86.860001
148.645004,130.569992,28.709991,86.860001
148.645004,130.569992,28.709991,86.860001
148.645004,130.569992,28.709991,86.860001
143.645004,95.570000,28.709991,86.860001
150.645004,128.569992,28.709991,86.860001
150.645004,128.569992,28.709991,86.860001
150.645004,128.569992,28.709991,86.860001
156.645004,97.570000,28.709991,86.860001
156.645004,97.570000,28.709991,86.860001
156.645004,97.570000,28.709991,86.860001
156.645004,97.570000,28.709991,86.860001
156.645004,97.570000,28.709991,86.860001
156.645004,97.570000,28.709991,86.860001
156.645004,97.570000,28.709991,86.860001
156.645004,97.570000,28.709991,86.860001
166.645004,89.570000,28.709991,86.860001
153.645004,118.570000,28.709991,86.860001
153.645004,118.570000,28.709991,86.860001
153.645004,118.570000,28.709991,86.860001
153.645004,118.570000,28.709991,86.860001
153.645004,118.570000,28.709991,86.860001
153.645004,118.570000,28.709991,86.860001
153.645004,118.570000,28.709991,86.860001
153.645004,118.570000,28.709991,86.860001
153.645004,118.570000,28.709991,86.860001
153.645004,118.570000,28.709991,86.860001
153.645004,118.570000,28.709991,86.860001
142.645004,98.570000,28.709991,86.860001
142.645004,98.570000,28.709991,86.860001
142.645004,98.570000,28.709991,86.860001
142.645004,98.570000,28.709991,86.860001
142.645004,98.570000,28.709991,86.860001
142.645004,98.570000,28.709991,86.860001
150.645004,68.570000,28.709991,86.860001
150.645004,68.570000,28.709991,86.860001
150.645004,68.570000,28.709991,86.860001
150.645004,68.570000,28.709991,86.860001
150.645004,68.570000,28.709991,86.860001
150.645004,68.570000,28.709991,86.860001
160.645004,109.570000,28.709991,86.860001
160.645004,109.570000,28.709991,86.860001
170.645004,113.570000,28.709991,86.860001
170.645004,113.570000,28.709991,86.860001
157.645004,157.569992,28.709991,86.860001
163.645004,129.569992,28.709991,86.860001
163.645004,129.569992,28.709991,86.860001
163.645004,129.569992,28.709991,86.860001
163.645004,129.569992,28.709991,86.860001
163.645004,129.569992,28.709991,86.860001
163.645004,129.569992,28.709991,86.860001
163.645004,129.569992,28.709991,86.860001
163.645004,129.569992,28.709991,86.860001
163.645004,129.569992,28.709991,86.860001
163.645004,129.569992,28.709991,86.860001
163.645004,129.569992,28.709991,86.860001
163.645004,129.569992,28.709991,86.860001
163.645004,129.569992,28.709991,86.860001
163.645004,129.569992,28.709991,86.860001
163.645004,129.569992,28.709991,86.860001
163.645004,129.569992,28.709991,86.860001
163.645004,129.569992,28.709991,86.860001
163.645004,129.569992,28.709991,86.860001
163.645004,129.569992,28.709991,86.860001
163.645004,129.569992,28.709991,86.860001
163.645004,129.569992,28.709991,86.860001
155.645004,108.570000,28.709991,86.860001
155.645004,108.570000,28.709991,86.860001
155.645004,108.570000,28.709991,86.860001
155.645004,108.570000,28.709991,86.860001
155.645004,108.570000,28.709991,86.860001
155.645004,108.570000,28.709991,86.860001
155.645004,108.570000,28.709991,86.860001
155.645004,108.570000,28.709991,86.860001
155.645004,108.570000,28.709991,86.860001
143.645004,120.570000,28.709991,86.860001
143.645004,120.570000,28.709991,86.860001
157.645004,101.570000,28.709991,86.860001
157.645004,101.570000,28.709991,86.860001
157.645004,101.570000,28.709991,86.860001
157.645004,101.570000,28.709991,86.860001
167.645004,81.570000,28.709991,86.860001
167.645004,81.570000,28.709991,86.860001
159.645004,109.570000,28.709991,86.860001
165.645004,83.570000,28.709991,86.860001
165.645004,83.570000,28.709991,86.860001
165.645004,83.570000,28.709991,86.860001
165.645004,83.570000,28.709991,86.860001
165.645004,83.570000,28.709991,86.860001
165.645004,83.570000,28.709991,86.860001
165.645004,83.570000,28.709991,86.860001
165.645004,83.570000,28.709991,86.860001
165.645004,83.570000,28.709991,86.860001
165.645004,83.570000,28.709991,86.860001
165.645004,83.570000,28.709991,86.860001
165.645004,83.570000,28.709991,86.860001
165.645004,83.570000,28.709991,86.860001
165.645004,83.570000,28.709991,86.860001
165.645004,83.570000,28.709991,86.860001
165.645004,83.570000,28.709991,86.860001
165.645004,83.570000,28.709991,86.860001
165.645004,83.570000,28.709991,86.860001
165.645004,83.570000,28.709991,86.860001
165.645004,83.570000,28.709991,86.860001
165.645004,83.570000,28.709991,86.860001
150.645004,97.570000,28.709991,86.860001
150.645004,97.570000,28.709991,86.860001
150.645004,97.570000,28.709991,86.860001
150.645004,97.570000,28.709991,86.860001
150.645004,97.570000,28.709991,86.860001
150.645004,97.570000,28.709991,86.860001
150.645004,97.570000,28.709991,86.860001
150.645004,97.570000,28.709991,86.860001
150.645004,97.570000,28.709991,86.860001
150.645004,97.570000,28.709991,86.860001
150.645004,97.570000,28.709991,86.860001
150.645004,97.570000,28.709991,86.860001
150.645004,97.570000,28.709991,86.860001
150.645004,97.570000,28.709991,86.860001
150.645004,97.570000,28.709991,86.860001
150.645004,97.570000,28.709991,86.860001
150.645004,97.570000,28.709991,86.860001
150.645004,97.570000,28.709991,86.860001
150.645004,97.570000,28.709991,86.860001
139.645004,98.570000,28.709991,86.860001
139.645004,98.570000,28.709991,86.860001
139.645004,98.570000,28.709991,86.860001
139.645004,98.570000,28.709991,86.860001
139.645004,98.570000,28.709991,86.860001
149.645004,120.570000,28.709991,86.860001
149.645004,120.570000,28.709991,86.860001
149.645004,120.570000,28.709991,86.860001
149.645004,120.570000,28.709991,86.860001
149.645004,120.570000,28.709991,86.860001
149.645004,120.570000,28.709991,86.860001
149.645004,120.570000,28.709991,86.860001
146.645004,92.570000,28.709991,86.860001
146.645004,92.570000,28.709991,86.860001
146.645004,92.570000,28.709991,86.860001
146.645004,92.570000,28.709991,86.860001
146.645004,92.570000,28.709991,86.860001
146.645004,92.570000,28.709991,86.860001
146.645004,92.570000,28.709991,86.860001
135.645004,89.570000,28.709991,86.860001
135.645004,89.570000,28.709991,86.860001
135.645004,89.570000,28.709991,86.860001
123.645004,90.570000,28.709991,86.860001
114.645004,62.570000,28.709991,86.860001
114.645004,62.570000,28.709991,86.860001
2
0
0
0
0
1
217.000000,24.000000,48.000000,145.000000
238.000000,34.500000,48.000000,145.000000
238.000000,34.500000,48.000000,145.000000
255.000000,29.500000,48.000000,145.000000
255.000000,29.500000,48.000000,145.000000
227.000000,4.500000,48.000000,145.000000
227.000000,4.500000,48.000000,145.000000
227.000000,4.500000,48.000000,145.000000
227.000000,4.500000,48.000000,145.000000
227.000000,4.500000,48.000000,145.000000
227.000000,4.500000,48.000000,145.000000
228.000000,86.500000,48.000000,145.000000
228.000000,86.500000,48.000000,145.000000
200.000000,105.500000,48.000000,145.000000
200.000000,105.500000,48.000000,145.000000
200.000000,105.500000,48.000000,145.000000
200.000000,105.500000,48.000000,145.000000
200.000000,105.500000,48.000000,145.000000
200.000000,105.500000,48.000000,145.000000
200.000000,105.500000,48.000000,145.000000
200.000000,105.500000,48.000000,145.000000
200.000000,105.500000,48.000000,145.000000
200.000000,105.500000,48.000000,145.000000
200.000000,105.500000,48.000000,145.000000
200.000000,105.500000,48.000000,145.000000
200.000000,105.500000,48.000000,145.000000
185.000000,126.500000,48.000000,145.000000
185.000000,126.500000,48.000000,145.000000
185.000000,126.500000,48.000000,145.000000
191.000000,93.500000,48.000000,145.000000
