1
207.000000,117.000000,29.000000,103.000000
207.000000,117.000000,29.000000,103.000000
207.000000,117.000000,29.000000,103.000000
207.000000,117.000000,29.000000,103.000000
207.000000,117.000000,29.000000,103.000000
207.000000,117.000000,29.000000,103.000000
207.000000,117.000000,29.000000,103.000000
207.000000,117.000000,29.000000,103.000000
207.000000,117.000000,29.000000,103.000000
207.000000,117.000000,29.000000,103.000000
207.000000,117.000000,29.000000,103.000000
207.000000,117.000000,29.000000,103.000000
207.000000,117.000000,29.000000,103.000000
207.000000,117.000000,29.000000,103.000000
207.000000,117.000000,29.000000,103.000000
207.000000,117.000000,29.000000,103.000000
207.000000,117.000000,29.000000,103.000000
207.000000,117.000000,29.000000,103.000000
207.000000,117.000000,29.000000,103.000000
207.000000,117.000000,29.000000,103.000000
207.000000,117.000000,29.000000,103.000000
207.000000,117.000000,29.000000,103.000000
207.000000,117.000000,29.000000,103.000000
207.000000,117.000000,29.000000,103.000000
206.500000,116.500000,29.000000,103.000000
206.500000,116.500000,29.000000,103.000000
206.500000,116.500000,29.000000,103.000000
206.500000,116.500000,29.000000,103.000000
206.500000,116.500000,29.000000,103.000000
206.500000,116.500000,29.000000,103.000000
206.500000,116.500000,29.000000,103.000000
206.500000,116.500000,29.000000,103.000000
206.500000,116.500000,29.000000,103.000000
206.500000,116.500000,29.000000,103.000000
206.500000,116.500000,29.000000,103.000000
206.500000,116.500000,29.000000,103.000000
206.500000,116.500000,29.000000,103.000000
206.500000,116.500000,29.000000,103.000000
206.500000,116.500000,29.000000,103.000000
206.500000,116.500000,29.000000,103.000000
206.500000,116.500000,29.000000,103.000000
206.500000,116.500000,29.000000,103.000000
206.500000,116.500000,29.000000,103.000000
206.500000,116.500000,29.000000,103.000000
206.500000,116.500000,29.000000,103.000000
206.500000,116.500000,29.000000,103.000000
206.500000,116.500000,29.000000,103.000000
206.500000,116.500000,29.000000,103.000000
206.500000,116.500000,29.000000,103.000000
206.500000,116.500000,29.000000,103.000000
206.500000,116.500000,29.000000,103.000000
206.500000,116.500000,29.000000,103.000000
206.500000,116.500000,29.000000,103.000000
206.500000,116.500000,29.000000,103.000000
206.500000,116.500000,29.000000,103.000000
206.500000,116.500000,29.000000,103.000000
206.500000,116.500000,29.000000,103.000000
206.500000,116.500000,29.000000,103.000000
206.500000,116.500000,29.000000,103.000000
206.500000,116.500000,29.000000,103.000000
206.500000,116.500000,29.000000,103.000000
206.500000,116.500000,29.000000,103.000000
206.500000,116.500000,29.000000,103.000000
206.500000,116.500000,29.000000,103.000000
206.500000,116.500000,29.000000,103.000000
206.500000,116.500000,29.000000,103.000000
206.500000,116.500000,29.000000,103.000000
206.500000,116.500000,29.000000,103.000000
206.500000,116.500000,29.000000,103.000000
206.500000,116.500000,29.000000,103.000000
206.500000,116.500000,29.000000,103.000000
206.500000,116.500000,29.000000,103.000000
206.500000,116.500000,29.000000,103.000000
206.500000,116.500000,29.000000,103.000000
206.500000,116.500000,29.000000,103.000000
206.500000,116.500000,29.000000,103.000000
206.500000,116.500000,29.000000,103.000000
206.500000,116.500000,29.000000,103.000000
206.500000,116.500000,29.000000,103.000000
206.500000,116.500000,29.000000,103.000000
206.500000,116.500000,29.000000,103.000000
206.500000,116.500000,29.000000,103.000000
206.500000,116.500000,29.000000,103.000000
206.500000,116.500000,29.000000,103.000000
206.500000,116.500000,29.000000,103.000000
206.500000,116.500000,29.000000,103.000000
206.500000,116.500000,29.000000,103.000000
206.500000,116.500000,29.000000,103.000000
206.500000,116.500000,29.000000,103.000000
206.500000,116.500000,29.000000,103.000000
206.500000,116.500000,29.000000,103.000000
206.500000,116.500000,29.000000,103.000000
206.500000,116.500000,29.000000,103.000000
206.500000,116.500000,29.000000,103.000000
206.500000,116.500000,29.000000,103.000000
206.500000,116.500000,29.000000,103.000000
206.500000,116.500000,29.000000,103.000000
206.500000,116.500000,29.000000,103.000000
206.500000,116.500000,29.000000,103.000000
206.500000,116.500000,29.000000,103.000000
206.500000,116.500000,29.000000,103.000000
206.500000,116.500000,29.000000,103.000000
206.500000,116.500000,29.000000,103.000000
206.500000,116.500000,29.000000,103.000000
206.500000,116.500000,29.000000,103.000000
206.500000,116.500000,29.000000,103.000000
206.500000,116.500000,29.000000,103.000000
206.500000,116.500000,29.000000,103.000000
206.500000,116.500000,29.000000,103.000000
206.500000,116.500000,29.000000,103.000000
206.500000,116.500000,29.000000,103.000000
206.500000,116.500000,29.000000,103.000000
206.500000,116.500000,29.000000,103.000000
206.500000,116.500000,29.000000,103.000000
206.500000,116.500000,29.000000,103.000000
206.500000,116.500000,29.000000,103.000000
206.500000,116.500000,29.000000,103.000000
206.500000,116.500000,29.000000,103.000000
206.500000,116.500000,29.000000,103.000000
206.500000,116.500000,29.000000,103.000000
206.500000,116.500000,29.000000,103.000000
206.500000,116.500000,29.000000,103.000000
206.500000,116.500000,29.000000,103.000000
206.500000,116.500000,29.000000,103.000000
206.500000,116.500000,29.000000,103.000000
206.500000,116.500000,29.000000,103.000000
206.500000,116.500000,29.000000,103.000000
206.500000,116.500000,29.000000,103.000000
206.500000,116.500000,29.000000,103.000000
206.500000,116.500000,29.000000,103.000000
206.500000,116.500000,29.000000,103.000000
206.500000,116.500000,29.000000,103.000000
206.500000,116.500000,29.000000,103.000000
206.500000,116.500000,29.000000,103.000000
206.500000,116.500000,29.000000,103.000000
206.500000,116.500000,29.000000,103.000000
206.500000,116.500000,29.000000,103.000000
206.500000,116.500000,29.000000,103.000000
206.500000,116.500000,29.000000,103.000000
206.500000,116.500000,29.000000,103.000000
206.500000,116.500000,29.000000,103.000000
206.500000,116.500000,29.000000,103.000000
206.500000,116.500000,29.000000,103.000000
206.500000,116.500000,29.000000,103.000000
206.500000,116.500000,29.000000,103.000000
206.500000,116.500000,29.000000,103.000000
206.500000,116.500000,29.000000,103.000000
206.500000,116.500000,29.000000,103.000000
206.500000,116.500000,29.000000,103.000000
206.500000,116.500000,29.000000,103.000000
206.500000,116.500000,29.000000,103.000000
206.500000,116.500000,29.000000,103.000000
206.500000,116.500000,29.000000,103.000000
206.500000,116.500000,29.000000,103.000000
206.500000,116.500000,29.000000,103.000000
206.500000,116.500000,29.000000,103.000000
206.500000,116.500000,29.000000,103.000000
206.500000,116.500000,29.000000,103.000000
206.500000,116.500000,29.000000,103.000000
206.500000,116.500000,29.000000,103.000000
206.500000,116.500000,29.000000,103.000000
206.500000,116.500000,29.000000,103.000000
206.500000,116.500000,29.000000,103.000000
206.500000,116.500000,29.000000,103.000000
206.500000,116.500000,29.000000,103.000000
206.500000,116.500000,29.000000,103.000000
206.500000,116.500000,29.000000,103.000000
206.500000,116.500000,29.000000,103.000000
206.500000,116.500000,29.000000,103.000000
206.500000,116.500000,29.000000,103.000000
206.500000,116.500000,29.000000,103.000000
206.500000,116.500000,29.000000,103.000000
206.500000,116.500000,29.000000,103.000000
206.500000,116.500000,29.000000,103.000000
206.500000,116.500000,29.000000,103.000000
206.500000,116.500000,29.000000,103.000000
206.500000,116.500000,29.000000,103.000000
206.500000,116.500000,29.000000,103.000000
206.500000,116.500000,29.000000,103.000000
206.500000,116.500000,29.000000,103.000000
206.500000,116.500000,29.000000,103.000000
206.500000,116.500000,29.000000,103.000000
206.500000,116.500000,29.000000,103.000000
206.500000,116.500000,29.000000,103.000000
206.500000,116.500000,29.000000,103.000000
206.500000,116.500000,29.000000,103.000000
206.500000,116.500000,29.000000,103.000000
206.500000,116.500000,29.000000,103.000000
206.500000,116.500000,29.000000,103.000000
206.500000,116.500000,29.000000,103.000000
206.500000,116.500000,29.000000,103.000000
206.500000,116.500000,29.000000,103.000000
206.500000,116.500000,29.000000,103.000000
206.500000,116.500000,29.000000,103.000000
206.500000,116.500000,29.000000,103.000000
227.500000,154.500000,29.000000,103.000000
227.500000,154.500000,29.000000,103.000000
227.500000,154.500000,29.000000,103.000000
227.500000,154.500000,29.000000,103.000000
227.500000,154.500000,29.000000,103.000000
227.500000,154.500000,29.000000,103.000000
227.500000,154.500000,29.000000,103.000000
227.500000,154.500000,29.000000,103.000000
227.500000,154.500000,29.000000,103.000000
227.500000,154.500000,29.000000,103.000000
227.500000,154.500000,29.000000,103.000000
227.500000,154.500000,29.000000,103.000000
227.500000,154.500000,29.000000,103.000000
227.500000,154.500000,29.000000,103.000000
227.500000,154.500000,29.000000,103.000000
227.500000,154.500000,29.000000,103.000000
227.500000,154.500000,29.000000,103.000000
227.500000,154.500000,29.000000,103.000000
227.500000,154.500000,29.000000,103.000000
227.500000,154.500000,29.000000,103.000000
227.500000,154.500000,29.000000,103.000000
227.500000,154.500000,29.000000,103.000000
227.500000,154.500000,29.000000,103.000000
227.500000,154.500000,29.000000,103.000000
227.500000,154.500000,29.000000,103.000000
227.500000,154.500000,29.000000,103.000000
227.500000,154.500000,29.000000,103.000000
227.500000,154.500000,29.000000,103.000000
227.500000,154.500000,29.000000,103.000000
227.500000,154.500000,29.000000,103.000000
227.500000,154.500000,29.000000,103.000000
227.500000,154.500000,29.000000,103.000000
227.500000,154.500000,29.000000,103.000000
227.500000,154.500000,29.000000,103.000000
227.500000,154.500000,29.000000,103.000000
2
0
0
0
0
1
194.000000,133.000000,29.000000,93.000000
194.000000,133.000000,29.000000,93.000000
194.000000,133.000000,29.000000,93.000000
194.000000,133.000000,29.000000,93.000000
194.000000,133.000000,29.000000,93.000000
194.000000,133.000000,29.000000,93.000000
194.000000,133.000000,29.000000,93.000000
194.000000,133.000000,29.000000,93.000000
194.000000,133.000000,29.000000,93.000000
194.000000,133.000000,29.000000,93.000000
194.000000,133.000000,29.000000,93.000000
194.000000,133.000000,29.000000,93.000000
194.000000,133.000000,29.000000,93.000000
194.000000,133.000000,29.000000,93.000000
194.000000,133.000000,29.000000,93.000000
194.000000,133.000000,29.000000,93.000000
194.000000,133.000000,29.000000,93.000000
194.000000,133.000000,29.000000,93.000000
194.000000,133.000000,29.000000,93.000000
194.000000,133.000000,29.000000,93.000000
194.000000,133.000000,29.000000,93.000000
194.000000,133.000000,29.000000,93.000000
194.000000,133.000000,29.000000,93.000000
194.000000,133.000000,29.000000,93.000000
193.500000,132.500000,29.000000,93.000000
193.500000,132.500000,29.000000,93.000000
193.500000,132.500000,29.000000,93.000000
193.500000,132.500000,29.000000,93.000000
193.500000,132.500000,29.000000,93.000000
193.500000,132.500000,29.000000,93.000000
193.500000,132.500000,29.000000,93.000000
193.500000,132.500000,29.000000,93.000000
193.500000,132.500000,29.000000,93.000000
193.500000,132.500000,29.000000,93.000000
193.500000,132.500000,29.000000,93.000000
193.500000,132.500000,29.000000,93.000000
193.500000,132.500000,29.000000,93.000000
193.500000,132.500000,29.000000,93.000000
193.500000,132.500000,29.000000,93.000000
193.500000,132.500000,29.000000,93.000000
198.500000,105.500000,29.000000,93.000000
198.500000,105.500000,29.000000,93.000000
198.500000,105.500000,29.000000,93.000000
198.500000,105.500000,29.000000,93.000000
198.500000,105.500000,29.000000,93.000000
198.500000,105.500000,29.000000,93.000000
198.500000,105.500000,29.000000,93.000000
198.500000,105.500000,29.000000,93.000000
198.500000,105.500000,29.000000,93.000000
198.500000,105.500000,29.000000,93.000000
198.500000,105.500000,29.000000,93.000000
198.500000,105.500000,29.000000,93.000000
198.500000,105.500000,29.000000,93.000000
198.500000,105.500000,29.000000,93.000000
198.500000,105.500000,29.000000,93.000000
198.500000,105.500000,29.000000,93.000000
2
0
0
0
0
1
163.789993,95.239998,28.389999,80.980003
163.789993,95.239998,28.389999,80.980003
163.789993,95.239998,28.389999,80.980003
163.789993,95.239998,28.389999,80.980003
163.789993,95.239998,28.389999,80.980003
163.789993,95.239998,28.389999,80.980003
163.789993,95.239998,28.389999,80.980003
163.789993,95.239998,28.389999,80.980003
163.789993,95.239998,28.389999,80.980003
163.789993,95.239998,28.389999,80.980003
163.789993,95.239998,28.389999,80.980003
163.789993,95.239998,28.389999,80.980003
163.789993,95.239998,28.389999,80.980003
163.789993,95.239998,28.389999,80.980003
163.789993,95.239998,28.389999,80.980003
163.789993,95.239998,28.389999,80.980003
163.789993,95.239998,28.389999,80.980003
163.789993,95.239998,28.389999,80.980003
163.789993,95.239998,28.389999,80.980003
163.789993,95.239998,28.389999,80.980003
163.789993,95.239998,28.389999,80.980003
163.789993,95.239998,28.389999,80.980003
163.789993,95.239998,28.389999,80.980003
163.789993,95.239998,28.389999,80.980003
2
0
0
0
0
1
136.000000,96.000000,28.000000,83.000000
136.000000,96.000000,28.000000,83.000000
136.000000,96.000000,28.000000,83.000000
136.000000,96.000000,28.000000,83.000000
136.000000,96.000000,28.000000,83.000000
136.000000,96.000000,28.000000,83.000000
136.000000,96.000000,28.000000,83.000000
136.000000,96.000000,28.000000,83.000000
136.000000,96.000000,28.000000,83.000000
136.000000,96.000000,28.000000,83.000000
136.000000,96.000000,28.000000,83.000000
2
0
0
0
0
1
163.000000,108.000000,33.000000,83.000000
163.000000,108.000000,33.000000,83.000000
154.500000,124.500000,33.000000,83.000000
154.500000,124.500000,33.000000,83.000000
154.500000,124.500000,33.000000,83.000000
154.500000,124.500000,33.000000,83.000000
154.500000,124.500000,33.000000,83.000000
154.500000,124.500000,33.000000,83.000000
154.500000,124.500000,33.000000,83.000000
154.500000,124.500000,33.000000,83.000000
142.500000,134.500000,33.000000,83.000000
142.500000,134.500000,33.000000,83.000000
142.500000,134.500000,33.000000,83.000000
142.500000,134.500000,33.000000,83.000000
142.500000,134.500000,33.000000,83.000000
142.500000,134.500000,33.000000,83.000000
142.500000,134.500000,33.000000,83.000000
142.500000,134.500000,33.000000,83.000000
142.500000,134.500000,33.000000,83.000000
142.500000,134.500000,33.000000,83.000000
142.500000,134.500000,33.000000,83.000000
142.500000,134.500000,33.000000,83.000000
142.500000,134.500000,33.000000,83.000000
142.500000,134.500000,33.000000,83.000000
142.500000,134.500000,33.000000,83.000000
142.500000,134.500000,33.000000,83.000000
142.500000,134.500000,33.000000,83.000000
142.500000,134.500000,33.000000,83.000000
142.500000,134.500000,33.000000,83.000000
142.500000,134.500000,33.000000,83.000000
142.500000,134.500000,33.000000,83.000000
142.500000,134.500000,33.000000,83.000000
142.500000,134.500000,33.000000,83.000000
142.500000,134.500000,33.000000,83.000000
142.500000,134.500000,33.000000,83.000000
142.500000,134.500000,33.000000,83.000000
142.500000,134.500000,33.000000,83.000000
142.500000,134.500000,33.000000,83.000000
142.500000,134.500000,33.000000,83.000000
142.500000,134.500000,33.000000,83.000000
154.500000,122.500000,33.000000,83.000000
154.500000,122.500000,33.000000,83.000000
154.500000,122.500000,33.000000,83.000000
154.500000,122.500000,33.000000,83.000000
154.500000,122.500000,33.000000,83.000000
154.500000,122.500000,33.000000,83.000000
154.500000,122.500000,33.000000,83.000000
154.500000,122.500000,33.000000,83.000000
154.500000,122.500000,33.000000,83.000000
154.500000,122.500000,33.000000,83.000000
154.500000,122.500000,33.000000,83.000000
154.500000,122.500000,33.000000,83.000000
154.500000,122.500000,33.000000,83.000000
154.500000,122.500000,33.000000,83.000000
154.500000,122.500000,33.000000,83.000000
154.500000,122.500000,33.000000,83.000000
154.500000,122.500000,33.000000,83.000000
154.500000,122.500000,33.000000,83.000000
154.500000,122.500000,33.000000,83.000000
154.500000,122.500000,33.000000,83.000000
142.500000,122.500000,33.000000,83.000000
142.500000,122.500000,33.000000,83.000000
142.500000,122.500000,33.000000,83.000000
142.500000,122.500000,33.000000,83.000000
142.500000,122.500000,33.000000,83.000000
142.500000,122.500000,33.000000,83.000000
142.500000,122.500000,33.000000,83.000000
142.500000,122.500000,33.000000,83.000000
142.500000,122.500000,33.000000,83.000000
142.500000,122.500000,33.000000,83.000000
142.500000,122.500000,33.000000,83.000000
142.500000,122.500000,33.000000,83.000000
142.500000,122.500000,33.000000,83.000000
142.500000,122.500000,33.000000,83.000000
142.500000,122.500000,33.000000,83.000000
142.500000,122.500000,33.000000,83.000000
142.500000,122.500000,33.000000,83.000000
142.500000,122.500000,33.000000,83.000000
142.500000,122.500000,33.000000,83.000000
142.500000,122.500000,33.000000,83.000000
142.500000,122.500000,33.000000,83.000000
142.500000,122.500000,33.000000,83.000000
142.500000,122.500000,33.000000,83.000000
142.500000,122.500000,33.000000,83.000000
142.500000,122.500000,33.000000,83.000000
142.500000,122.500000,33.000000,83.000000
142.500000,122.500000,33.000000,83.000000
142.500000,122.500000,33.000000,83.000000
142.500000,122.500000,33.000000,83.000000
142.500000,122.500000,33.000000,83.000000
142.500000,122.500000,33.000000,83.000000
142.500000,122.500000,33.000000,83.000000
144.500000,154.500000,33.000000,83.000000
144.500000,154.500000,33.000000,83.000000
144.500000,154.500000,33.000000,83.000000
144.500000,154.500000,33.000000,83.000000
144.500000,154.500000,33.000000,83.000000
144.500000,154.500000,33.000000,83.000000
144.500000,154.500000,33.000000,83.000000
144.500000,154.500000,33.000000,83.000000
144.500000,154.500000,33.000000,83.000000
144.500000,154.500000,33.000000,83.000000
144.500000,154.500000,33.000000,83.000000
144.500000,154.500000,33.000000,83.000000
144.500000,154.500000,33.000000,83.000000
144.500000,154.500000,33.000000,83.000000
161.500000,126.500000,33.000000,83.000000
161.500000,126.500000,33.000000,83.000000
161.500000,126.500000,33.000000,83.000000
161.500000,126.500000,33.000000,83.000000
161.500000,126.500000,33.000000,83.000000
161.500000,126.500000,33.000000,83.000000
161.500000,126.500000,33.000000,83.000000
161.500000,126.500000,33.000000,83.000000
161.500000,126.500000,33.000000,83.000000
161.500000,126.500000,33.000000,83.000000
161.500000,126.500000,33.000000,83.000000
161.500000,126.500000,33.000000,83.000000
161.500000,126.500000,33.000000,83.000000
161.500000,126.500000,33.000000,83.000000
161.500000,126.500000,33.000000,83.000000
161.500000,126.500000,33.000000,83.000000
161.500000,126.500000,33.000000,83.000000
161.500000,126.500000,33.000000,83.000000
161.500000,126.500000,33.000000,83.000000
161.500000,126.500000,33.000000,83.000000
161.500000,126.500000,33.000000,83.000000
161.500000,126.500000,33.000000,83.000000
140.500000,128.500000,33.000000,83.000000
140.500000,128.500000,33.000000,83.000000
140.500000,128.500000,33.000000,83.000000
140.500000,128.500000,33.000000,83.000000
149.500000,124.500000,33.000000,83.000000
149.500000,124.500000,33.000000,83.000000
149.500000,124.500000,33.000000,83.000000
149.500000,124.500000,33.000000,83.000000
149.500000,124.500000,33.000000,83.000000
149.500000,124.500000,33.000000,83.000000
149.500000,124.500000,33.000000,83.000000
149.500000,124.500000,33.000000,83.000000
149.500000,124.500000,33.000000,83.000000
149.500000,124.500000,33.000000,83.000000
149.500000,124.500000,33.000000,83.000000
149.500000,124.500000,33.000000,83.000000
149.500000,124.500000,33.000000,83.000000
149.500000,124.500000,33.000000,83.000000
162.500000,101.500000,33.000000,83.000000
162.500000,101.500000,33.000000,83.000000
162.500000,101.500000,33.000000,83.000000
162.500000,101.500000,33.000000,83.000000
162.500000,101.500000,33.000000,83.000000
162.500000,101.500000,33.000000,83.000000
162.500000,101.500000,33.000000,83.000000
162.500000,101.500000,33.000000,83.000000
162.500000,101.500000,33.000000,83.000000
162.500000,101.500000,33.000000,83.000000
162.500000,101.500000,33.000000,83.000000
162.500000,101.500000,33.000000,83.000000
170.500000,93.500000,33.000000,83.000000
170.500000,93.500000,33.000000,83.000000
170.500000,93.500000,33.000000,83.000000
170.500000,93.500000,33.000000,83.000000
170.500000,93.500000,33.000000,83.000000
170.500000,93.500000,33.000000,83.000000
170.500000,93.500000,33.000000,83.000000
170.500000,93.500000,33.000000,83.000000
170.500000,93.500000,33.000000,83.000000
170.500000,93.500000,33.000000,83.000000
170.500000,93.500000,33.000000,83.000000
153.500000,91.500000,33.000000,83.000000
153.500000,91.500000,33.000000,83.000000
153.500000,91.500000,33.000000,83.000000
153.500000,91.500000,33.000000,83.000000
153.500000,91.500000,33.000000,83.000000
153.500000,91.500000,33.000000,83.000000
153.500000,91.500000,33.000000,83.000000
153.500000,91.500000,33.000000,83.000000
153.500000,91.500000,33.000000,83.000000
153.500000,91.500000,33.000000,83.000000
153.500000,91.500000,33.000000,83.000000
153.500000,91.500000,33.000000,83.000000
153.500000,91.500000,33.000000,83.000000
153.500000,91.500000,33.000000,83.000000
134.500000,90.500000,33.000000,83.000000
134.500000,90.500000,33.000000,83.000000
134.500000,90.500000,33.000000,83.000000
134.500000,90.500000,33.000000,83.000000
122.500000,89.500000,33.000000,83.000000
122.500000,89.500000,33.000000,83.000000
122.500000,89.500000,33.000000,83.000000
137.500000,108.500000,33.000000,83.000000
137.500000,108.500000,33.000000,83.000000
137.500000,108.500000,33.000000,83.000000
147.500000,107.500000,33.000000,83.000000
147.500000,107.500000,33.000000,83.000000
147.500000,107.500000,33.000000,83.000000
147.500000,107.500000,33.000000,83.000000
147.500000,107.500000,33.000000,83.000000
147.500000,107.500000,33.000000,83.000000
147.500000,107.500000,33.000000,83.000000
147.500000,107.500000,33.000000,83.000000
147.500000,107.500000,33.000000,83.000000
147.500000,107.500000,33.000000,83.000000
147.500000,107.500000,33.000000,83.000000
147.500000,107.500000,33.000000,83.000000
147.500000,107.500000,33.000000,83.000000
147.500000,107.500000,33.000000,83.000000
147.500000,107.500000,33.000000,83.000000
147.500000,107.500000,33.000000,83.000000
147.500000,107.500000,33.000000,83.000000
131.500000,95.500000,33.000000,83.000000
131.500000,95.500000,33.000000,83.000000
131.500000,95.500000,33.000000,83.000000
114.500000,79.500000,33.000000,83.000000
114.500000,79.500000,33.000000,83.000000
2
0
0
0
0
1
217.000000,24.000000,48.000000,145.000000
238.000000,54.500000,48.000000,145.000000
259.000000,29.500000,48.000000,145.000000
259.000000,29.500000,48.000000,145.000000
259.000000,29.500000,48.000000,145.000000
259.000000,29.500000,48.000000,145.000000
243.000000,34.500000,48.000000,145.000000
243.000000,34.500000,48.000000,145.000000
243.000000,34.500000,48.000000,145.000000
241.000000,89.500000,48.000000,145.000000
241.000000,89.500000,48.000000,145.000000
241.000000,89.500000,48.000000,145.000000
219.000000,100.500000,48.000000,145.000000
219.000000,100.500000,48.000000,145.000000
219.000000,100.500000,48.000000,145.000000
219.000000,100.500000,48.000000,145.000000
219.000000,100.500000,48.000000,145.000000
219.000000,100.500000,48.000000,145.000000
219.000000,100.500000,48.000000,145.000000
219.000000,100.500000,48.000000,145.000000
219.000000,100.500000,48.000000,145.000000
188.000000,116.500000,48.000000,145.000000
188.000000,116.500000,48.000000,145.000000
188.000000,116.500000,48.000000,145.000000
188.000000,116.500000,48.000000,145.000000
188.000000,116.500000,48.000000,145.000000
188.000000,116.500000,48.000000,145.000000
188.000000,116.500000,48.000000,145.000000
174.000000,136.500000,48.000000,145.000000
174.000000,136.500000,48.000000,145.000000
