1
207.000000,117.000000,29.000000,103.000000
207.000000,117.000000,29.000000,103.000000
207.000000,117.000000,29.000000,103.000000
207.000000,117.000000,29.000000,103.000000
207.000000,117.000000,29.000000,103.000000
207.000000,117.000000,29.000000,103.000000
207.000000,117.000000,29.000000,103.000000
207.000000,117.000000,29.000000,103.000000
207.000000,117.000000,29.000000,103.000000
207.000000,117.000000,29.000000,103.000000
207.000000,117.000000,29.000000,103.000000
207.000000,117.000000,29.000000,103.000000
207.000000,117.000000,29.000000,103.000000
207.000000,117.000000,29.000000,103.000000
207.000000,117.000000,29.000000,103.000000
207.000000,117.000000,29.000000,103.000000
207.000000,117.000000,29.000000,103.000000
207.000000,117.000000,29.000000,103.000000
207.000000,117.000000,29.000000,103.000000
207.000000,117.000000,29.000000,103.000000
207.000000,117.000000,29.000000,103.000000
207.000000,117.000000,29.000000,103.000000
207.000000,117.000000,29.000000,103.000000
207.000000,117.000000,29.000000,103.000000
206.500000,116.500000,29.000000,103.000000
206.500000,116.500000,29.000000,103.000000
206.500000,116.500000,29.000000,103.000000
206.500000,116.500000,29.000000,103.000000
206.500000,116.500000,29.000000,103.000000
206.500000,116.500000,29.000000,103.000000
206.500000,116.500000,29.000000,103.000000
206.500000,116.500000,29.000000,103.000000
206.500000,116.500000,29.000000,103.000000
206.500000,116.500000,29.000000,103.000000
206.500000,116.500000,29.000000,103.000000
206.500000,116.500000,29.000000,103.000000
206.500000,116.500000,29.000000,103.000000
206.500000,116.500000,29.000000,103.000000
206.500000,116.500000,29.000000,103.000000
206.500000,116.500000,29.000000,103.000000
206.500000,116.500000,29.000000,103.000000
206.500000,116.500000,29.000000,103.000000
206.500000,116.500000,29.000000,103.000000
206.500000,116.500000,29.000000,103.000000
206.500000,116.500000,29.000000,103.000000
206.500000,116.500000,29.000000,103.000000
206.500000,116.500000,29.000000,103.000000
206.500000,116.500000,29.000000,103.000000
206.500000,116.500000,29.000000,103.000000
206.500000,116.500000,29.000000,103.000000
206.500000,116.500000,29.000000,103.000000
206.500000,116.500000,29.000000,103.000000
206.500000,116.500000,29.000000,103.000000
206.500000,116.500000,29.000000,103.000000
206.500000,116.500000,29.000000,103.000000
206.500000,116.500000,29.000000,103.000000
206.500000,116.500000,29.000000,103.000000
206.500000,116.500000,29.000000,103.000000
206.500000,116.500000,29.000000,103.000000
206.500000,116.500000,29.000000,103.000000
206.500000,116.500000,29.000000,103.000000
206.500000,116.500000,29.000000,103.000000
206.500000,116.500000,29.000000,103.000000
206.500000,116.500000,29.000000,103.000000
206.500000,116.500000,29.000000,103.000000
206.500000,116.500000,29.000000,103.000000
206.500000,116.500000,29.000000,103.000000
206.500000,116.500000,29.000000,103.000000
206.500000,116.500000,29.000000,103.000000
206.500000,116.500000,29.000000,103.000000
206.500000,116.500000,29.000000,103.000000
206.500000,116.500000,29.000000,103.000000
206.500000,116.500000,29.000000,103.000000
206.500000,116.500000,29.000000,103.000000
206.500000,116.500000,29.000000,103.000000
206.500000,116.500000,29.000000,103.000000
206.500000,116.500000,29.000000,103.000000
206.500000,116.500000,29.000000,103.000000
206.500000,116.500000,29.000000,103.000000
206.500000,116.500000,29.000000,103.000000
206.500000,116.500000,29.000000,103.000000
206.500000,116.500000,29.000000,103.000000
206.500000,116.500000,29.000000,103.000000
206.500000,116.500000,29.000000,103.000000
206.500000,116.500000,29.000000,103.000000
206.500000,116.500000,29.000000,103.000000
206.500000,116.500000,29.000000,103.000000
206.500000,116.500000,29.000000,103.000000
206.500000,116.500000,29.000000,103.000000
206.500000,116.500000,29.000000,103.000000
206.500000,116.500000,29.000000,103.000000
206.500000,116.500000,29.000000,103.000000
206.500000,116.500000,29.000000,103.000000
206.500000,116.500000,29.000000,103.000000
206.500000,116.500000,29.000000,103.000000
206.500000,116.500000,29.000000,103.000000
206.500000,116.500000,29.000000,103.000000
206.500000,116.500000,29.000000,103.000000
206.500000,116.500000,29.000000,103.000000
206.500000,116.500000,29.000000,103.000000
206.500000,116.500000,29.000000,103.000000
206.500000,116.500000,29.000000,103.000000
206.500000,116.500000,29.000000,103.000000
206.500000,116.500000,29.000000,103.000000
206.500000,116.500000,29.000000,103.000000
206.500000,116.500000,29.000000,103.000000
206.500000,116.500000,29.000000,103.000000
206.500000,116.500000,29.000000,103.000000
206.500000,116.500000,29.000000,103.000000
206.500000,116.500000,29.000000,103.000000
206.500000,116.500000,29.000000,103.000000
206.500000,116.500000,29.000000,103.000000
206.500000,116.500000,29.000000,103.000000
206.500000,116.500000,29.000000,103.000000
206.500000,116.500000,29.000000,103.000000
206.500000,116.500000,29.000000,103.000000
206.500000,116.500000,29.000000,103.000000
206.500000,116.500000,29.000000,103.000000
206.500000,116.500000,29.000000,103.000000
206.500000,116.500000,29.000000,103.000000
206.500000,116.500000,29.000000,103.000000
206.500000,116.500000,29.000000,103.000000
206.500000,116.500000,29.000000,103.000000
206.500000,116.500000,29.000000,103.000000
206.500000,116.500000,29.000000,103.000000
206.500000,116.500000,29.000000,103.000000
206.500000,116.500000,29.000000,103.000000
206.500000,116.500000,29.000000,103.000000
206.500000,116.500000,29.000000,103.000000
206.500000,116.500000,29.000000,103.000000
206.500000,116.500000,29.000000,103.000000
206.500000,116.500000,29.000000,103.000000
206.500000,116.500000,29.000000,103.000000
206.500000,116.500000,29.000000,103.000000
206.500000,116.500000,29.000000,103.000000
206.500000,116.500000,29.000000,103.000000
219.500000,100.500000,29.000000,103.000000
208.500000,118.500000,29.000000,103.000000
222.500000,106.500000,29.000000,103.000000
222.500000,106.500000,29.000000,103.000000
235.500000,117.500000,29.000000,103.000000
235.500000,117.500000,29.000000,103.000000
235.500000,117.500000,29.000000,103.000000
235.500000,117.500000,29.000000,103.000000
235.500000,117.500000,29.000000,103.000000
2
0
0
0
0
1
229.000000,113.000000,29.000000,93.000000
229.000000,113.000000,29.000000,93.000000
229.000000,113.000000,29.000000,93.000000
229.000000,113.000000,29.000000,93.000000
229.000000,113.000000,29.000000,93.000000
229.000000,113.000000,29.000000,93.000000
229.000000,113.000000,29.000000,93.000000
229.000000,113.000000,29.000000,93.000000
229.000000,113.000000,29.000000,93.000000
229.000000,113.000000,29.000000,93.000000
229.000000,113.000000,29.000000,93.000000
229.000000,113.000000,29.000000,93.000000
229.000000,113.000000,29.000000,93.000000
229.000000,113.000000,29.000000,93.000000
229.000000,113.000000,29.000000,93.000000
229.000000,113.000000,29.000000,93.000000
229.000000,113.000000,29.000000,93.000000
229.000000,113.000000,29.000000,93.000000
229.000000,113.000000,29.000000,93.000000
229.000000,113.000000,29.000000,93.000000
229.000000,113.000000,29.000000,93.000000
229.000000,113.000000,29.000000,93.000000
229.000000,113.000000,29.000000,93.000000
229.000000,113.000000,29.000000,93.000000
229.000000,113.000000,29.000000,93.000000
229.000000,113.000000,29.000000,93.000000
229.000000,113.000000,29.000000,93.000000
229.000000,113.000000,29.000000,93.000000
229.000000,113.000000,29.000000,93.000000
229.000000,113.000000,29.000000,93.000000
229.000000,113.000000,29.000000,93.000000
229.000000,113.000000,29.000000,93.000000
229.000000,113.000000,29.000000,93.000000
229.000000,113.000000,29.000000,93.000000
229.000000,113.000000,29.000000,93.000000
229.000000,113.000000,29.000000,93.000000
229.000000,113.000000,29.000000,93.000000
229.000000,113.000000,29.000000,93.000000
229.000000,113.000000,29.000000,93.000000
229.000000,113.000000,29.000000,93.000000
229.000000,113.000000,29.000000,93.000000
229.000000,113.000000,29.000000,93.000000
229.000000,113.000000,29.000000,93.000000
229.000000,113.000000,29.000000,93.000000
229.000000,113.000000,29.000000,93.000000
229.000000,113.000000,29.000000,93.000000
229.000000,113.000000,29.000000,93.000000
229.000000,113.000000,29.000000,93.000000
228.500000,112.500000,29.000000,93.000000
228.500000,112.500000,29.000000,93.000000
228.500000,112.500000,29.000000,93.000000
228.500000,112.500000,29.000000,93.000000
228.500000,112.500000,29.000000,93.000000
228.500000,112.500000,29.000000,93.000000
228.500000,112.500000,29.000000,93.000000
228.500000,112.500000,29.000000,93.000000
228.500000,112.500000,29.000000,93.000000
228.500000,112.500000,29.000000,93.000000
228.500000,112.500000,29.000000,93.000000
228.500000,112.500000,29.000000,93.000000
228.500000,112.500000,29.000000,93.000000
228.500000,112.500000,29.000000,93.000000
228.500000,112.500000,29.000000,93.000000
228.500000,112.500000,29.000000,93.000000
228.500000,112.500000,29.000000,93.000000
228.500000,112.500000,29.000000,93.000000
228.500000,112.500000,29.000000,93.000000
228.500000,112.500000,29.000000,93.000000
228.500000,112.500000,29.000000,93.000000
228.500000,112.500000,29.000000,93.000000
228.500000,112.500000,29.000000,93.000000
228.500000,112.500000,29.000000,93.000000
228.500000,112.500000,29.000000,93.000000
228.500000,112.500000,29.000000,93.000000
228.500000,112.500000,29.000000,93.000000
228.500000,112.500000,29.000000,93.000000
228.500000,112.500000,29.000000,93.000000
228.500000,112.500000,29.000000,93.000000
2
0
0
0
0
1
195.000000,133.000000,29.000000,93.000000
195.000000,133.000000,29.000000,93.000000
195.000000,133.000000,29.000000,93.000000
195.000000,133.000000,29.000000,93.000000
195.000000,133.000000,29.000000,93.000000
185.500000,133.500000,29.000000,93.000000
185.500000,133.500000,29.000000,93.000000
185.500000,133.500000,29.000000,93.000000
185.500000,133.500000,29.000000,93.000000
185.500000,133.500000,29.000000,93.000000
185.500000,133.500000,29.000000,93.000000
185.500000,133.500000,29.000000,93.000000
185.500000,133.500000,29.000000,93.000000
185.500000,133.500000,29.000000,93.000000
185.500000,133.500000,29.000000,93.000000
185.500000,133.500000,29.000000,93.000000
185.500000,133.500000,29.000000,93.000000
185.500000,133.500000,29.000000,93.000000
185.500000,133.500000,29.000000,93.000000
185.500000,133.500000,29.000000,93.000000
185.500000,133.500000,29.000000,93.000000
185.500000,133.500000,29.000000,93.000000
185.500000,133.500000,29.000000,93.000000
185.500000,133.500000,29.000000,93.000000
185.500000,133.500000,29.000000,93.000000
185.500000,133.500000,29.000000,93.000000
185.500000,133.500000,29.000000,93.000000
185.500000,133.500000,29.000000,93.000000
185.500000,133.500000,29.000000,93.000000
185.500000,133.500000,29.000000,93.000000
185.500000,133.500000,29.000000,93.000000
185.500000,133.500000,29.000000,93.000000
185.500000,133.500000,29.000000,93.000000
185.500000,133.500000,29.000000,93.000000
185.500000,133.500000,29.000000,93.000000
185.500000,133.500000,29.000000,93.000000
185.500000,133.500000,29.000000,93.000000
185.500000,133.500000,29.000000,93.000000
185.500000,133.500000,29.000000,93.000000
185.500000,133.500000,29.000000,93.000000
185.500000,133.500000,29.000000,93.000000
185.500000,133.500000,29.000000,93.000000
185.500000,133.500000,29.000000,93.000000
185.500000,133.500000,29.000000,93.000000
185.500000,133.500000,29.000000,93.000000
185.500000,133.500000,29.000000,93.000000
185.500000,133.500000,29.000000,93.000000
185.500000,133.500000,29.000000,93.000000
185.500000,133.500000,29.000000,93.000000
185.500000,133.500000,29.000000,93.000000
185.500000,133.500000,29.000000,93.000000
185.500000,133.500000,29.000000,93.000000
185.500000,133.500000,29.000000,93.000000
185.500000,133.500000,29.000000,93.000000
185.500000,133.500000,29.000000,93.000000
185.500000,133.500000,29.000000,93.000000
185.500000,133.500000,29.000000,93.000000
185.500000,133.500000,29.000000,93.000000
185.500000,133.500000,29.000000,93.000000
185.500000,133.500000,29.000000,93.000000
185.500000,133.500000,29.000000,93.000000
185.500000,133.500000,29.000000,93.000000
185.500000,133.500000,29.000000,93.000000
185.500000,133.500000,29.000000,93.000000
185.500000,133.500000,29.000000,93.000000
185.500000,133.500000,29.000000,93.000000
185.500000,133.500000,29.000000,93.000000
185.500000,133.500000,29.000000,93.000000
2
0
0
0
0
1
149.949997,91.440002,28.169998,76.940002
149.949997,91.440002,28.169998,76.940002
149.949997,91.440002,28.169998,76.940002
149.949997,91.440002,28.169998,76.940002
149.949997,91.440002,28.169998,76.940002
149.949997,91.440002,28.169998,76.940002
149.949997,91.440002,28.169998,76.940002
149.949997,91.440002,28.169998,76.940002
149.949997,91.440002,28.169998,76.940002
149.949997,91.440002,28.169998,76.940002
149.949997,91.440002,28.169998,76.940002
149.949997,91.440002,28.169998,76.940002
149.949997,91.440002,28.169998,76.940002
149.949997,91.440002,28.169998,76.940002
149.949997,91.440002,28.169998,76.940002
149.949997,91.440002,28.169998,76.940002
149.949997,91.440002,28.169998,76.940002
149.949997,91.440002,28.169998,76.940002
149.949997,91.440002,28.169998,76.940002
149.949997,91.440002,28.169998,76.940002
149.949997,91.440002,28.169998,76.940002
149.949997,91.440002,28.169998,76.940002
149.949997,91.440002,28.169998,76.940002
149.949997,91.440002,28.169998,76.940002
149.915009,90.529999,28.169998,76.940002
149.915009,90.529999,28.169998,76.940002
149.915009,90.529999,28.169998,76.940002
149.915009,90.529999,28.169998,76.940002
149.915009,90.529999,28.169998,76.940002
149.915009,90.529999,28.169998,76.940002
149.915009,90.529999,28.169998,76.940002
149.915009,90.529999,28.169998,76.940002
149.915009,90.529999,28.169998,76.940002
149.915009,90.529999,28.169998,76.940002
149.915009,90.529999,28.169998,76.940002
149.915009,90.529999,28.169998,76.940002
149.915009,90.529999,28.169998,76.940002
149.915009,90.529999,28.169998,76.940002
149.915009,90.529999,28.169998,76.940002
149.915009,90.529999,28.169998,76.940002
149.915009,90.529999,28.169998,76.940002
149.915009,90.529999,28.169998,76.940002
149.915009,90.529999,28.169998,76.940002
149.915009,90.529999,28.169998,76.940002
149.915009,90.529999,28.169998,76.940002
149.915009,90.529999,28.169998,76.940002
149.915009,90.529999,28.169998,76.940002
149.915009,90.529999,28.169998,76.940002
149.915009,90.529999,28.169998,76.940002
149.915009,90.529999,28.169998,76.940002
149.915009,90.529999,28.169998,76.940002
149.915009,90.529999,28.169998,76.940002
149.915009,90.529999,28.169998,76.940002
149.915009,90.529999,28.169998,76.940002
149.915009,90.529999,28.169998,76.940002
149.915009,90.529999,28.169998,76.940002
149.915009,90.529999,28.169998,76.940002
149.915009,90.529999,28.169998,76.940002
149.915009,90.529999,28.169998,76.940002
149.915009,90.529999,28.169998,76.940002
149.915009,90.529999,28.169998,76.940002
149.915009,90.529999,28.169998,76.940002
149.915009,90.529999,28.169998,76.940002
149.915009,90.529999,28.169998,76.940002
149.915009,90.529999,28.169998,76.940002
149.915009,90.529999,28.169998,76.940002
149.915009,90.529999,28.169998,76.940002
149.915009,90.529999,28.169998,76.940002
149.915009,90.529999,28.169998,76.940002
149.915009,90.529999,28.169998,76.940002
149.915009,90.529999,28.169998,76.940002
149.915009,90.529999,28.169998,76.940002
149.915009,90.529999,28.169998,76.940002
149.915009,90.529999,28.169998,76.940002
149.915009,90.529999,28.169998,76.940002
149.915009,90.529999,28.169998,76.940002
149.915009,90.529999,28.169998,76.940002
149.915009,90.529999,28.169998,76.940002
149.915009,90.529999,28.169998,76.940002
149.915009,90.529999,28.169998,76.940002
149.915009,90.529999,28.169998,76.940002
149.915009,90.529999,28.169998,76.940002
149.915009,90.529999,28.169998,76.940002
149.915009,90.529999,28.169998,76.940002
149.915009,90.529999,28.169998,76.940002
149.915009,90.529999,28.169998,76.940002
149.915009,90.529999,28.169998,76.940002
149.915009,90.529999,28.169998,76.940002
149.915009,90.529999,28.169998,76.940002
149.915009,90.529999,28.169998,76.940002
149.915009,90.529999,28.169998,76.940002
149.915009,90.529999,28.169998,76.940002
149.915009,90.529999,28.169998,76.940002
149.915009,90.529999,28.169998,76.940002
149.915009,90.529999,28.169998,76.940002
165.915009,109.529999,28.169998,76.940002
165.915009,109.529999,28.169998,76.940002
165.915009,109.529999,28.169998,76.940002
165.915009,109.529999,28.169998,76.940002
165.915009,109.529999,28.169998,76.940002
165.915009,109.529999,28.169998,76.940002
165.915009,109.529999,28.169998,76.940002
165.915009,109.529999,28.169998,76.940002
165.915009,109.529999,28.169998,76.940002
165.915009,109.529999,28.169998,76.940002
165.915009,109.529999,28.169998,76.940002
165.915009,109.529999,28.169998,76.940002
165.915009,109.529999,28.169998,76.940002
165.915009,109.529999,28.169998,76.940002
165.915009,109.529999,28.169998,76.940002
165.915009,109.529999,28.169998,76.940002
165.915009,109.529999,28.169998,76.940002
165.915009,109.529999,28.169998,76.940002
165.915009,109.529999,28.169998,76.940002
165.915009,109.529999,28.169998,76.940002
165.915009,109.529999,28.169998,76.940002
165.915009,109.529999,28.169998,76.940002
165.915009,109.529999,28.169998,76.940002
165.915009,109.529999,28.169998,76.940002
165.915009,109.529999,28.169998,76.940002
165.915009,109.529999,28.169998,76.940002
165.915009,109.529999,28.169998,76.940002
165.915009,109.529999,28.169998,76.940002
165.915009,109.529999,28.169998,76.940002
165.915009,109.529999,28.169998,76.940002
165.915009,109.529999,28.169998,76.940002
165.915009,109.529999,28.169998,76.940002
165.915009,109.529999,28.169998,76.940002
165.915009,109.529999,28.169998,76.940002
165.915009,109.529999,28.169998,76.940002
165.915009,109.529999,28.169998,76.940002
165.915009,109.529999,28.169998,76.940002
165.915009,109.529999,28.169998,76.940002
165.915009,109.529999,28.169998,76.940002
165.915009,109.529999,28.169998,76.940002
165.915009,109.529999,28.169998,76.940002
165.915009,109.529999,28.169998,76.940002
165.915009,109.529999,28.169998,76.940002
165.915009,109.529999,28.169998,76.940002
165.915009,109.529999,28.169998,76.940002
165.915009,109.529999,28.169998,76.940002
165.915009,109.529999,28.169998,76.940002
165.915009,109.529999,28.169998,76.940002
165.915009,109.529999,28.169998,76.940002
165.915009,109.529999,28.169998,76.940002
165.915009,109.529999,28.169998,76.940002
165.915009,109.529999,28.169998,76.940002
165.915009,109.529999,28.169998,76.940002
165.915009,109.529999,28.169998,76.940002
165.915009,109.529999,28.169998,76.940002
165.915009,109.529999,28.169998,76.940002
165.915009,109.529999,28.169998,76.940002
165.915009,109.529999,28.169998,76.940002
165.915009,109.529999,28.169998,76.940002
165.915009,109.529999,28.169998,76.940002
165.915009,109.529999,28.169998,76.940002
165.915009,109.529999,28.169998,76.940002
165.915009,109.529999,28.169998,76.940002
165.915009,109.529999,28.169998,76.940002
165.915009,109.529999,28.169998,76.940002
165.915009,109.529999,28.169998,76.940002
165.915009,109.529999,28.169998,76.940002
165.915009,109.529999,28.169998,76.940002
165.915009,109.529999,28.169998,76.940002
165.915009,109.529999,28.169998,76.940002
165.915009,109.529999,28.169998,76.940002
165.915009,109.529999,28.169998,76.940002
165.915009,109.529999,28.169998,76.940002
165.915009,109.529999,28.169998,76.940002
165.915009,109.529999,28.169998,76.940002
165.915009,109.529999,28.169998,76.940002
165.915009,109.529999,28.169998,76.940002
165.915009,109.529999,28.169998,76.940002
135.915009,119.529999,28.169998,76.940002
135.915009,119.529999,28.169998,76.940002
135.915009,119.529999,28.169998,76.940002
135.915009,119.529999,28.169998,76.940002
135.915009,119.529999,28.169998,76.940002
135.915009,119.529999,28.169998,76.940002
141.915009,95.529999,28.169998,76.940002
141.915009,95.529999,28.169998,76.940002
141.915009,95.529999,28.169998,76.940002
141.915009,95.529999,28.169998,76.940002
141.915009,95.529999,28.169998,76.940002
141.915009,95.529999,28.169998,76.940002
141.915009,95.529999,28.169998,76.940002
141.915009,95.529999,28.169998,76.940002
141.915009,95.529999,28.169998,76.940002
141.915009,95.529999,28.169998,76.940002
141.915009,95.529999,28.169998,76.940002
141.915009,95.529999,28.169998,76.940002
141.915009,95.529999,28.169998,76.940002
141.915009,95.529999,28.169998,76.940002
141.915009,95.529999,28.169998,76.940002
141.915009,95.529999,28.169998,76.940002
141.915009,95.529999,28.169998,76.940002
141.915009,95.529999,28.169998,76.940002
141.915009,95.529999,28.169998,76.940002
141.915009,95.529999,28.169998,76.940002
141.915009,95.529999,28.169998,76.940002
141.915009,95.529999,28.169998,76.940002
141.915009,95.529999,28.169998,76.940002
141.915009,95.529999,28.169998,76.940002
141.915009,95.529999,28.169998,76.940002
141.915009,95.529999,28.169998,76.940002
141.915009,95.529999,28.169998,76.940002
141.915009,95.529999,28.169998,76.940002
141.915009,95.529999,28.169998,76.940002
141.915009,95.529999,28.169998,76.940002
141.915009,95.529999,28.169998,76.940002
141.915009,95.529999,28.169998,76.940002
141.915009,95.529999,28.169998,76.940002
141.915009,95.529999,28.169998,76.940002
141.915009,95.529999,28.169998,76.940002
141.915009,95.529999,28.169998,76.940002
119.915001,92.529999,28.169998,76.940002
119.915001,92.529999,28.169998,76.940002
119.915001,92.529999,28.169998,76.940002
119.915001,92.529999,28.169998,76.940002
119.915001,92.529999,28.169998,76.940002
119.915001,92.529999,28.169998,76.940002
119.915001,92.529999,28.169998,76.940002
119.915001,92.529999,28.169998,76.940002
119.915001,92.529999,28.169998,76.940002
119.915001,92.529999,28.169998,76.940002
119.915001,92.529999,28.169998,76.940002
119.915001,92.529999,28.169998,76.940002
119.915001,92.529999,28.169998,76.940002
2
0
0
0
0
1
154.000000,116.000000,23.000000,65.000000
154.000000,116.000000,23.000000,65.000000
145.500000,120.500000,23.000000,65.000000
145.500000,120.500000,23.000000,65.000000
145.500000,120.500000,23.000000,65.000000
145.500000,120.500000,23.000000,65.000000
145.500000,120.500000,23.000000,65.000000
152.500000,90.500000,23.000000,65.000000
152.500000,90.500000,23.000000,65.000000
152.500000,90.500000,23.000000,65.000000
152.500000,90.500000,23.000000,65.000000
137.500000,88.500000,23.000000,65.000000
137.500000,88.500000,23.000000,65.000000
124.500000,87.500000,23.000000,65.000000
129.500000,102.500000,23.000000,65.000000
119.500000,72.500000,23.000000,65.000000
119.500000,72.500000,23.000000,65.000000
2
0
0
0
0
1
217.000000,24.000000,48.000000,145.000000
238.000000,34.500000,48.000000,145.000000
238.000000,34.500000,48.000000,145.000000
255.000000,29.500000,48.000000,145.000000
255.000000,29.500000,48.000000,145.000000
255.000000,29.500000,48.000000,145.000000
255.000000,29.500000,48.000000,145.000000
255.000000,29.500000,48.000000,145.000000
255.000000,29.500000,48.000000,145.000000
255.000000,29.500000,48.000000,145.000000
255.000000,29.500000,48.000000,145.000000
233.000000,89.500000,48.000000,145.000000
219.000000,101.500000,48.000000,145.000000
219.000000,101.500000,48.000000,145.000000
219.000000,101.500000,48.000000,145.000000
219.000000,101.500000,48.000000,145.000000
219.000000,101.500000,48.000000,145.000000
219.000000,101.500000,48.000000,145.000000
219.000000,101.500000,48.000000,145.000000
219.000000,101.500000,48.000000,145.000000
219.000000,101.500000,48.000000,145.000000
174.000000,121.500000,48.000000,145.000000
174.000000,121.500000,48.000000,145.000000
191.000000,115.500000,48.000000,145.000000
191.000000,115.500000,48.000000,145.000000
191.000000,115.500000,48.000000,145.000000
191.000000,115.500000,48.000000,145.000000
191.000000,115.500000,48.000000,145.000000
191.000000,115.500000,48.000000,145.000000
191.000000,115.500000,48.000000,145.000000
