1
207.000000,117.000000,29.000000,103.000000
207.000000,117.000000,29.000000,103.000000
207.000000,117.000000,29.000000,103.000000
197.500000,101.500000,29.000000,103.000000
197.500000,101.500000,29.000000,103.000000
197.500000,101.500000,29.000000,103.000000
197.500000,101.500000,29.000000,103.000000
197.500000,101.500000,29.000000,103.000000
197.500000,101.500000,29.000000,103.000000
197.500000,101.500000,29.000000,103.000000
197.500000,101.500000,29.000000,103.000000
197.500000,101.500000,29.000000,103.000000
197.500000,101.500000,29.000000,103.000000
197.500000,101.500000,29.000000,103.000000
197.500000,101.500000,29.000000,103.000000
197.500000,101.500000,29.000000,103.000000
197.500000,101.500000,29.000000,103.000000
197.500000,101.500000,29.000000,103.000000
197.500000,101.500000,29.000000,103.000000
197.500000,101.500000,29.000000,103.000000
197.500000,101.500000,29.000000,103.000000
197.500000,101.500000,29.000000,103.000000
197.500000,101.500000,29.000000,103.000000
197.500000,101.500000,29.000000,103.000000
197.500000,101.500000,29.000000,103.000000
197.500000,101.500000,29.000000,103.000000
197.500000,101.500000,29.000000,103.000000
197.500000,101.500000,29.000000,103.000000
197.500000,101.500000,29.000000,103.000000
197.500000,101.500000,29.000000,103.000000
197.500000,101.500000,29.000000,103.000000
197.500000,101.500000,29.000000,103.000000
197.500000,101.500000,29.000000,103.000000
197.500000,101.500000,29.000000,103.000000
197.500000,101.500000,29.000000,103.000000
197.500000,101.500000,29.000000,103.000000
197.500000,101.500000,29.000000,103.000000
197.500000,101.500000,29.000000,103.000000
197.500000,101.500000,29.000000,103.000000
197.500000,101.500000,29.000000,103.000000
197.500000,101.500000,29.000000,103.000000
197.500000,101.500000,29.000000,103.000000
197.500000,101.500000,29.000000,103.000000
197.500000,101.500000,29.000000,103.000000
197.500000,101.500000,29.000000,103.000000
197.500000,101.500000,29.000000,103.000000
197.500000,101.500000,29.000000,103.000000
197.500000,101.500000,29.000000,103.000000
197.500000,101.500000,29.000000,103.000000
197.500000,101.500000,29.000000,103.000000
197.500000,101.500000,29.000000,103.000000
197.500000,101.500000,29.000000,103.000000
197.500000,101.500000,29.000000,103.000000
197.500000,101.500000,29.000000,103.000000
197.500000,101.500000,29.000000,103.000000
197.500000,101.500000,29.000000,103.000000
197.500000,101.500000,29.000000,103.000000
197.500000,101.500000,29.000000,103.000000
197.500000,101.500000,29.000000,103.000000
197.500000,101.500000,29.000000,103.000000
197.500000,101.500000,29.000000,103.000000
197.500000,101.500000,29.000000,103.000000
197.500000,101.500000,29.000000,103.000000
197.500000,101.500000,29.000000,103.000000
197.500000,101.500000,29.000000,103.000000
197.500000,101.500000,29.000000,103.000000
197.500000,101.500000,29.000000,103.000000
197.500000,101.500000,29.000000,103.000000
197.500000,101.500000,29.000000,103.000000
197.500000,101.500000,29.000000,103.000000
197.500000,101.500000,29.000000,103.000000
197.500000,101.500000,29.000000,103.000000
197.500000,101.500000,29.000000,103.000000
197.500000,101.500000,29.000000,103.000000
197.500000,101.500000,29.000000,103.000000
197.500000,101.500000,29.000000,103.000000
197.500000,101.500000,29.000000,103.000000
197.500000,101.500000,29.000000,103.000000
197.500000,101.500000,29.000000,103.000000
197.500000,101.500000,29.000000,103.000000
197.500000,101.500000,29.000000,103.000000
197.500000,101.500000,29.000000,103.000000
197.500000,101.500000,29.000000,103.000000
197.500000,101.500000,29.000000,103.000000
197.500000,101.500000,29.000000,103.000000
197.500000,101.500000,29.000000,103.000000
197.500000,101.500000,29.000000,103.000000
197.500000,101.500000,29.000000,103.000000
197.500000,101.500000,29.000000,103.000000
197.500000,101.500000,29.000000,103.000000
197.500000,101.500000,29.000000,103.000000
197.500000,101.500000,29.000000,103.000000
197.500000,101.500000,29.000000,103.000000
197.500000,101.500000,29.000000,103.000000
197.500000,101.500000,29.000000,103.000000
197.500000,101.500000,29.000000,103.000000
197.500000,101.500000,29.000000,103.000000
197.500000,101.500000,29.000000,103.000000
197.500000,101.500000,29.000000,103.000000
197.500000,101.500000,29.000000,103.000000
197.500000,101.500000,29.000000,103.000000
197.500000,101.500000,29.000000,103.000000
197.500000,101.500000,29.000000,103.000000
197.500000,101.500000,29.000000,103.000000
197.500000,101.500000,29.000000,103.000000
197.500000,101.500000,29.000000,103.000000
197.500000,101.500000,29.000000,103.000000
197.500000,101.500000,29.000000,103.000000
197.500000,101.500000,29.000000,103.000000
197.500000,101.500000,29.000000,103.000000
197.500000,101.500000,29.000000,103.000000
197.500000,101.500000,29.000000,103.000000
197.500000,101.500000,29.000000,103.000000
197.500000,101.500000,29.000000,103.000000
197.500000,101.500000,29.000000,103.000000
197.500000,101.500000,29.000000,103.000000
197.500000,101.500000,29.000000,103.000000
197.500000,101.500000,29.000000,103.000000
197.500000,101.500000,29.000000,103.000000
197.500000,101.500000,29.000000,103.000000
197.500000,101.500000,29.000000,103.000000
197.500000,101.500000,29.000000,103.000000
197.500000,101.500000,29.000000,103.000000
197.500000,101.500000,29.000000,103.000000
197.500000,101.500000,29.000000,103.000000
197.500000,101.500000,29.000000,103.000000
197.500000,101.500000,29.000000,103.000000
197.500000,101.500000,29.000000,103.000000
197.500000,101.500000,29.000000,103.000000
197.500000,101.500000,29.000000,103.000000
197.500000,101.500000,29.000000,103.000000
197.500000,101.500000,29.000000,103.000000
197.500000,101.500000,29.000000,103.000000
197.500000,101.500000,29.000000,103.000000
197.500000,101.500000,29.000000,103.000000
197.500000,101.500000,29.000000,103.000000
2
0
0
0
0
1
229.000000,122.000000,29.000000,93.000000
229.000000,122.000000,29.000000,93.000000
229.000000,122.000000,29.000000,93.000000
229.000000,122.000000,29.000000,93.000000
229.000000,122.000000,29.000000,93.000000
229.000000,122.000000,29.000000,93.000000
229.000000,122.000000,29.000000,93.000000
229.000000,122.000000,29.000000,93.000000
229.000000,122.000000,29.000000,93.000000
229.000000,122.000000,29.000000,93.000000
229.000000,122.000000,29.000000,93.000000
229.000000,122.000000,29.000000,93.000000
229.000000,122.000000,29.000000,93.000000
229.000000,122.000000,29.000000,93.000000
229.000000,122.000000,29.000000,93.000000
229.000000,122.000000,29.000000,93.000000
229.000000,122.000000,29.000000,93.000000
229.000000,122.000000,29.000000,93.000000
229.000000,122.000000,29.000000,93.000000
229.000000,122.000000,29.000000,93.000000
229.000000,122.000000,29.000000,93.000000
229.000000,122.000000,29.000000,93.000000
229.000000,122.000000,29.000000,93.000000
229.000000,122.000000,29.000000,93.000000
228.500000,121.500000,29.000000,93.000000
228.500000,121.500000,29.000000,93.000000
228.500000,121.500000,29.000000,93.000000
228.500000,121.500000,29.000000,93.000000
228.500000,121.500000,29.000000,93.000000
228.500000,121.500000,29.000000,93.000000
228.500000,121.500000,29.000000,93.000000
228.500000,121.500000,29.000000,93.000000
228.500000,121.500000,29.000000,93.000000
228.500000,121.500000,29.000000,93.000000
228.500000,121.500000,29.000000,93.000000
228.500000,121.500000,29.000000,93.000000
228.500000,121.500000,29.000000,93.000000
228.500000,121.500000,29.000000,93.000000
228.500000,121.500000,29.000000,93.000000
228.500000,121.500000,29.000000,93.000000
228.500000,121.500000,29.000000,93.000000
228.500000,121.500000,29.000000,93.000000
228.500000,121.500000,29.000000,93.000000
228.500000,121.500000,29.000000,93.000000
228.500000,121.500000,29.000000,93.000000
228.500000,121.500000,29.000000,93.000000
228.500000,121.500000,29.000000,93.000000
228.500000,121.500000,29.000000,93.000000
228.500000,121.500000,29.000000,93.000000
228.500000,121.500000,29.000000,93.000000
228.500000,121.500000,29.000000,93.000000
228.500000,121.500000,29.000000,93.000000
228.500000,121.500000,29.000000,93.000000
228.500000,121.500000,29.000000,93.000000
228.500000,121.500000,29.000000,93.000000
228.500000,121.500000,29.000000,93.000000
228.500000,121.500000,29.000000,93.000000
228.500000,121.500000,29.000000,93.000000
228.500000,121.500000,29.000000,93.000000
228.500000,121.500000,29.000000,93.000000
228.500000,121.500000,29.000000,93.000000
228.500000,121.500000,29.000000,93.000000
228.500000,121.500000,29.000000,93.000000
228.500000,121.500000,29.000000,93.000000
228.500000,121.500000,29.000000,93.000000
228.500000,121.500000,29.000000,93.000000
228.500000,121.500000,29.000000,93.000000
228.500000,121.500000,29.000000,93.000000
228.500000,121.500000,29.000000,93.000000
228.500000,121.500000,29.000000,93.000000
228.500000,121.500000,29.000000,93.000000
228.500000,121.500000,29.000000,93.000000
228.500000,121.500000,29.000000,93.000000
228.500000,121.500000,29.000000,93.000000
228.500000,121.500000,29.000000,93.000000
228.500000,121.500000,29.000000,93.000000
228.500000,121.500000,29.000000,93.000000
228.500000,121.500000,29.000000,93.000000
228.500000,121.500000,29.000000,93.000000
228.500000,121.500000,29.000000,93.000000
228.500000,121.500000,29.000000,93.000000
228.500000,121.500000,29.000000,93.000000
228.500000,121.500000,29.000000,93.000000
228.500000,121.500000,29.000000,93.000000
228.500000,121.500000,29.000000,93.000000
228.500000,121.500000,29.000000,93.000000
228.500000,121.500000,29.000000,93.000000
2
0
0
0
0
1
195.000000,133.000000,29.000000,93.000000
195.000000,133.000000,29.000000,93.000000
195.000000,133.000000,29.000000,93.000000
195.000000,133.000000,29.000000,93.000000
195.000000,133.000000,29.000000,93.000000
195.000000,133.000000,29.000000,93.000000
195.000000,133.000000,29.000000,93.000000
195.000000,133.000000,29.000000,93.000000
195.000000,133.000000,29.000000,93.000000
195.000000,133.000000,29.000000,93.000000
195.000000,133.000000,29.000000,93.000000
195.000000,133.000000,29.000000,93.000000
203.500000,139.500000,29.000000,93.000000
203.500000,139.500000,29.000000,93.000000
203.500000,139.500000,29.000000,93.000000
213.500000,134.500000,29.000000,93.000000
213.500000,134.500000,29.000000,93.000000
213.500000,134.500000,29.000000,93.000000
213.500000,134.500000,29.000000,93.000000
213.500000,134.500000,29.000000,93.000000
213.500000,134.500000,29.000000,93.000000
213.500000,134.500000,29.000000,93.000000
213.500000,134.500000,29.000000,93.000000
213.500000,134.500000,29.000000,93.000000
213.500000,134.500000,29.000000,93.000000
213.500000,134.500000,29.000000,93.000000
204.500000,154.500000,29.000000,93.000000
204.500000,154.500000,29.000000,93.000000
204.500000,154.500000,29.000000,93.000000
204.500000,154.500000,29.000000,93.000000
204.500000,154.500000,29.000000,93.000000
204.500000,154.500000,29.000000,93.000000
204.500000,154.500000,29.000000,93.000000
204.500000,154.500000,29.000000,93.000000
204.500000,154.500000,29.000000,93.000000
204.500000,154.500000,29.000000,93.000000
204.500000,154.500000,29.000000,93.000000
204.500000,154.500000,29.000000,93.000000
204.500000,154.500000,29.000000,93.000000
204.500000,154.500000,29.000000,93.000000
204.500000,154.500000,29.000000,93.000000
204.500000,154.500000,29.000000,93.000000
199.500000,115.500000,29.000000,93.000000
189.500000,103.500000,29.000000,93.000000
189.500000,103.500000,29.000000,93.000000
189.500000,103.500000,29.000000,93.000000
189.500000,103.500000,29.000000,93.000000
189.500000,103.500000,29.000000,93.000000
189.500000,103.500000,29.000000,93.000000
189.500000,103.500000,29.000000,93.000000
189.500000,103.500000,29.000000,93.000000
189.500000,103.500000,29.000000,93.000000
189.500000,103.500000,29.000000,93.000000
189.500000,103.500000,29.000000,93.000000
189.500000,103.500000,29.000000,93.000000
189.500000,103.500000,29.000000,93.000000
189.500000,103.500000,29.000000,93.000000
189.500000,103.500000,29.000000,93.000000
189.500000,103.500000,29.000000,93.000000
189.500000,103.500000,29.000000,93.000000
189.500000,103.500000,29.000000,93.000000
189.500000,103.500000,29.000000,93.000000
189.500000,103.500000,29.000000,93.000000
189.500000,103.500000,29.000000,93.000000
2
0
0
0
0
1
155.429993,90.160004,28.240005,78.410004
155.429993,90.160004,28.240005,78.410004
155.429993,90.160004,28.240005,78.410004
155.429993,90.160004,28.240005,78.410004
155.429993,90.160004,28.240005,78.410004
155.429993,90.160004,28.240005,78.410004
155.429993,90.160004,28.240005,78.410004
155.429993,90.160004,28.240005,78.410004
155.429993,90.160004,28.240005,78.410004
155.429993,90.160004,28.240005,78.410004
155.429993,90.160004,28.240005,78.410004
155.429993,90.160004,28.240005,78.410004
155.429993,90.160004,28.240005,78.410004
155.429993,90.160004,28.240005,78.410004
155.429993,90.160004,28.240005,78.410004
155.429993,90.160004,28.240005,78.410004
154.880005,89.794998,28.240005,78.410004
154.880005,89.794998,28.240005,78.410004
154.880005,89.794998,28.240005,78.410004
154.880005,89.794998,28.240005,78.410004
154.880005,89.794998,28.240005,78.410004
154.880005,89.794998,28.240005,78.410004
154.880005,89.794998,28.240005,78.410004
154.880005,89.794998,28.240005,78.410004
154.880005,89.794998,28.240005,78.410004
154.880005,89.794998,28.240005,78.410004
154.880005,89.794998,28.240005,78.410004
127.879997,102.794998,28.240005,78.410004
127.879997,102.794998,28.240005,78.410004
127.879997,102.794998,28.240005,78.410004
127.879997,102.794998,28.240005,78.410004
127.879997,102.794998,28.240005,78.410004
127.879997,102.794998,28.240005,78.410004
2
0
0
0
0
1
165.000000,108.000000,32.000000,83.000000
165.000000,108.000000,32.000000,83.000000
165.000000,108.000000,32.000000,83.000000
165.000000,108.000000,32.000000,83.000000
165.000000,108.000000,32.000000,83.000000
165.000000,108.000000,32.000000,83.000000
165.000000,108.000000,32.000000,83.000000
165.000000,108.000000,32.000000,83.000000
165.000000,108.000000,32.000000,83.000000
165.000000,108.000000,32.000000,83.000000
165.000000,108.000000,32.000000,83.000000
165.000000,108.000000,32.000000,83.000000
165.000000,108.000000,32.000000,83.000000
165.000000,108.000000,32.000000,83.000000
165.000000,108.000000,32.000000,83.000000
165.000000,108.000000,32.000000,83.000000
165.000000,108.000000,32.000000,83.000000
165.000000,108.000000,32.000000,83.000000
165.000000,108.000000,32.000000,83.000000
165.000000,108.000000,32.000000,83.000000
165.000000,108.000000,32.000000,83.000000
155.000000,139.500000,32.000000,83.000000
155.000000,139.500000,32.000000,83.000000
155.000000,139.500000,32.000000,83.000000
155.000000,139.500000,32.000000,83.000000
155.000000,139.500000,32.000000,83.000000
155.000000,139.500000,32.000000,83.000000
159.000000,95.500000,32.000000,83.000000
159.000000,95.500000,32.000000,83.000000
159.000000,95.500000,32.000000,83.000000
159.000000,95.500000,32.000000,83.000000
159.000000,95.500000,32.000000,83.000000
159.000000,95.500000,32.000000,83.000000
159.000000,95.500000,32.000000,83.000000
159.000000,95.500000,32.000000,83.000000
159.000000,95.500000,32.000000,83.000000
159.000000,95.500000,32.000000,83.000000
159.000000,95.500000,32.000000,83.000000
159.000000,95.500000,32.000000,83.000000
159.000000,95.500000,32.000000,83.000000
159.000000,95.500000,32.000000,83.000000
159.000000,95.500000,32.000000,83.000000
159.000000,95.500000,32.000000,83.000000
159.000000,95.500000,32.000000,83.000000
159.000000,95.500000,32.000000,83.000000
159.000000,95.500000,32.000000,83.000000
159.000000,95.500000,32.000000,83.000000
159.000000,95.500000,32.000000,83.000000
159.000000,95.500000,32.000000,83.000000
159.000000,95.500000,32.000000,83.000000
159.000000,95.500000,32.000000,83.000000
159.000000,95.500000,32.000000,83.000000
159.000000,95.500000,32.000000,83.000000
159.000000,95.500000,32.000000,83.000000
159.000000,95.500000,32.000000,83.000000
159.000000,95.500000,32.000000,83.000000
159.000000,95.500000,32.000000,83.000000
159.000000,95.500000,32.000000,83.000000
159.000000,95.500000,32.000000,83.000000
159.000000,95.500000,32.000000,83.000000
159.000000,95.500000,32.000000,83.000000
159.000000,95.500000,32.000000,83.000000
159.000000,95.500000,32.000000,83.000000
159.000000,95.500000,32.000000,83.000000
159.000000,95.500000,32.000000,83.000000
159.000000,95.500000,32.000000,83.000000
159.000000,95.500000,32.000000,83.000000
159.000000,95.500000,32.000000,83.000000
159.000000,95.500000,32.000000,83.000000
159.000000,95.500000,32.000000,83.000000
159.000000,95.500000,32.000000,83.000000
159.000000,95.500000,32.000000,83.000000
159.000000,95.500000,32.000000,83.000000
159.000000,95.500000,32.000000,83.000000
159.000000,95.500000,32.000000,83.000000
159.000000,95.500000,32.000000,83.000000
159.000000,95.500000,32.000000,83.000000
159.000000,95.500000,32.000000,83.000000
159.000000,95.500000,32.000000,83.000000
159.000000,95.500000,32.000000,83.000000
159.000000,95.500000,32.000000,83.000000
159.000000,95.500000,32.000000,83.000000
159.000000,95.500000,32.000000,83.000000
159.000000,95.500000,32.000000,83.000000
159.000000,95.500000,32.000000,83.000000
159.000000,95.500000,32.000000,83.000000
159.000000,95.500000,32.000000,83.000000
159.000000,95.500000,32.000000,83.000000
159.000000,95.500000,32.000000,83.000000
159.000000,95.500000,32.000000,83.000000
159.000000,95.500000,32.000000,83.000000
159.000000,95.500000,32.000000,83.000000
159.000000,95.500000,32.000000,83.000000
159.000000,95.500000,32.000000,83.000000
159.000000,95.500000,32.000000,83.000000
159.000000,95.500000,32.000000,83.000000
159.000000,95.500000,32.000000,83.000000
159.000000,95.500000,32.000000,83.000000
143.000000,86.500000,32.000000,83.000000
143.000000,86.500000,32.000000,83.000000
143.000000,86.500000,32.000000,83.000000
152.000000,90.500000,32.000000,83.000000
152.000000,90.500000,32.000000,83.000000
152.000000,90.500000,32.000000,83.000000
152.000000,90.500000,32.000000,83.000000
152.000000,90.500000,32.000000,83.000000
152.000000,90.500000,32.000000,83.000000
152.000000,90.500000,32.000000,83.000000
153.000000,111.500000,32.000000,83.000000
153.000000,111.500000,32.000000,83.000000
153.000000,111.500000,32.000000,83.000000
153.000000,111.500000,32.000000,83.000000
153.000000,111.500000,32.000000,83.000000
153.000000,111.500000,32.000000,83.000000
153.000000,111.500000,32.000000,83.000000
153.000000,111.500000,32.000000,83.000000
153.000000,111.500000,32.000000,83.000000
153.000000,111.500000,32.000000,83.000000
153.000000,111.500000,32.000000,83.000000
153.000000,111.500000,32.000000,83.000000
153.000000,111.500000,32.000000,83.000000
153.000000,111.500000,32.000000,83.000000
153.000000,111.500000,32.000000,83.000000
153.000000,111.500000,32.000000,83.000000
144.000000,123.500000,32.000000,83.000000
144.000000,123.500000,32.000000,83.000000
144.000000,123.500000,32.000000,83.000000
144.000000,123.500000,32.000000,83.000000
160.000000,130.500000,32.000000,83.000000
160.000000,130.500000,32.000000,83.000000
160.000000,130.500000,32.000000,83.000000
160.000000,130.500000,32.000000,83.000000
160.000000,130.500000,32.000000,83.000000
160.000000,130.500000,32.000000,83.000000
160.000000,130.500000,32.000000,83.000000
160.000000,130.500000,32.000000,83.000000
160.000000,130.500000,32.000000,83.000000
160.000000,130.500000,32.000000,83.000000
160.000000,130.500000,32.000000,83.000000
160.000000,130.500000,32.000000,83.000000
160.000000,130.500000,32.000000,83.000000
160.000000,130.500000,32.000000,83.000000
160.000000,130.500000,32.000000,83.000000
160.000000,130.500000,32.000000,83.000000
155.000000,110.500000,32.000000,83.000000
172.000000,109.500000,32.000000,83.000000
164.000000,103.500000,32.000000,83.000000
164.000000,103.500000,32.000000,83.000000
164.000000,103.500000,32.000000,83.000000
164.000000,103.500000,32.000000,83.000000
164.000000,103.500000,32.000000,83.000000
164.000000,103.500000,32.000000,83.000000
164.000000,103.500000,32.000000,83.000000
164.000000,103.500000,32.000000,83.000000
164.000000,103.500000,32.000000,83.000000
164.000000,103.500000,32.000000,83.000000
164.000000,103.500000,32.000000,83.000000
164.000000,103.500000,32.000000,83.000000
164.000000,103.500000,32.000000,83.000000
164.000000,103.500000,32.000000,83.000000
164.000000,103.500000,32.000000,83.000000
164.000000,103.500000,32.000000,83.000000
164.000000,103.500000,32.000000,83.000000
164.000000,103.500000,32.000000,83.000000
164.000000,103.500000,32.000000,83.000000
164.000000,103.500000,32.000000,83.000000
164.000000,103.500000,32.000000,83.000000
164.000000,103.500000,32.000000,83.000000
164.000000,103.500000,32.000000,83.000000
164.000000,103.500000,32.000000,83.000000
164.000000,103.500000,32.000000,83.000000
146.000000,94.500000,32.000000,83.000000
146.000000,94.500000,32.000000,83.000000
146.000000,94.500000,32.000000,83.000000
146.000000,94.500000,32.000000,83.000000
146.000000,94.500000,32.000000,83.000000
146.000000,94.500000,32.000000,83.000000
146.000000,94.500000,32.000000,83.000000
146.000000,94.500000,32.000000,83.000000
146.000000,94.500000,32.000000,83.000000
146.000000,94.500000,32.000000,83.000000
146.000000,94.500000,32.000000,83.000000
146.000000,94.500000,32.000000,83.000000
146.000000,94.500000,32.000000,83.000000
146.000000,94.500000,32.000000,83.000000
146.000000,94.500000,32.000000,83.000000
146.000000,94.500000,32.000000,83.000000
130.000000,97.500000,32.000000,83.000000
130.000000,97.500000,32.000000,83.000000
130.000000,97.500000,32.000000,83.000000
130.000000,97.500000,32.000000,83.000000
139.000000,101.500000,32.000000,83.000000
139.000000,101.500000,32.000000,83.000000
139.000000,101.500000,32.000000,83.000000
139.000000,101.500000,32.000000,83.000000
146.000000,135.500000,32.000000,83.000000
146.000000,135.500000,32.000000,83.000000
146.000000,135.500000,32.000000,83.000000
146.000000,135.500000,32.000000,83.000000
146.000000,135.500000,32.000000,83.000000
146.000000,135.500000,32.000000,83.000000
146.000000,135.500000,32.000000,83.000000
146.000000,135.500000,32.000000,83.000000
146.000000,135.500000,32.000000,83.000000
149.000000,102.500000,32.000000,83.000000
149.000000,102.500000,32.000000,83.000000
149.000000,102.500000,32.000000,83.000000
149.000000,102.500000,32.000000,83.000000
149.000000,102.500000,32.000000,83.000000
149.000000,102.500000,32.000000,83.000000
149.000000,102.500000,32.000000,83.000000
125.000000,94.500000,32.000000,83.000000
125.000000,94.500000,32.000000,83.000000
125.000000,94.500000,32.000000,83.000000
125.000000,94.500000,32.000000,83.000000
125.000000,94.500000,32.000000,83.000000
125.000000,94.500000,32.000000,83.000000
2
0
0
0
0
1
236.000000,25.000000,41.000000,143.000000
255.500000,29.500000,41.000000,143.000000
255.500000,29.500000,41.000000,143.000000
243.500000,64.500000,41.000000,143.000000
243.500000,64.500000,41.000000,143.000000
243.500000,64.500000,41.000000,143.000000
225.500000,19.500000,41.000000,143.000000
225.500000,19.500000,41.000000,143.000000
225.500000,19.500000,41.000000,143.000000
225.500000,19.500000,41.000000,143.000000
223.500000,89.500000,41.000000,143.000000
212.500000,92.500000,41.000000,143.000000
212.500000,92.500000,41.000000,143.000000
196.500000,119.500000,41.000000,143.000000
196.500000,119.500000,41.000000,143.000000
196.500000,119.500000,41.000000,143.000000
167.500000,92.500000,41.000000,143.000000
167.500000,92.500000,41.000000,143.000000
182.500000,87.500000,41.000000,143.000000
182.500000,87.500000,41.000000,143.000000
182.500000,87.500000,41.000000,143.000000
182.500000,87.500000,41.000000,143.000000
182.500000,87.500000,41.000000,143.000000
182.500000,87.500000,41.000000,143.000000
182.500000,87.500000,41.000000,143.000000
182.500000,87.500000,41.000000,143.000000
182.500000,87.500000,41.000000,143.000000
182.500000,87.500000,41.000000,143.000000
182.500000,87.500000,41.000000,143.000000
