1
320.839996,170.009995,48.519989,61.850006
320.839996,170.009995,48.519989,61.850006
320.839996,170.009995,48.519989,61.850006
320.839996,170.009995,48.519989,61.850006
320.839996,170.009995,48.519989,61.850006
320.839996,170.009995,48.519989,61.850006
320.839996,170.009995,48.519989,61.850006
320.839996,170.009995,48.519989,61.850006
320.839996,170.009995,48.519989,61.850006
320.839996,170.009995,48.519989,61.850006
320.839996,170.009995,48.519989,61.850006
320.839996,170.009995,48.519989,61.850006
320.839996,170.009995,48.519989,61.850006
320.839996,170.009995,48.519989,61.850006
320.839996,170.009995,48.519989,61.850006
320.839996,170.009995,48.519989,61.850006
320.839996,170.009995,48.519989,61.850006
320.839996,170.009995,48.519989,61.850006
320.839996,170.009995,48.519989,61.850006
320.839996,170.009995,48.519989,61.850006
320.839996,170.009995,48.519989,61.850006
320.839996,170.009995,48.519989,61.850006
320.839996,170.009995,48.519989,61.850006
320.839996,170.009995,48.519989,61.850006
320.839996,170.009995,48.519989,61.850006
320.839996,170.009995,48.519989,61.850006
320.839996,170.009995,48.519989,61.850006
320.839996,170.009995,48.519989,61.850006
320.839996,170.009995,48.519989,61.850006
320.839996,170.009995,48.519989,61.850006
320.839996,170.009995,48.519989,61.850006
320.839996,170.009995,48.519989,61.850006
320.839996,170.009995,48.519989,61.850006
320.839996,170.009995,48.519989,61.850006
320.839996,170.009995,48.519989,61.850006
320.839996,170.009995,48.519989,61.850006
320.839996,170.009995,48.519989,61.850006
320.839996,170.009995,48.519989,61.850006
320.839996,170.009995,48.519989,61.850006
320.839996,170.009995,48.519989,61.850006
320.740021,169.074997,48.519989,61.850006
320.740021,169.074997,48.519989,61.850006
320.740021,169.074997,48.519989,61.850006
320.740021,169.074997,48.519989,61.850006
320.740021,169.074997,48.519989,61.850006
320.740021,169.074997,48.519989,61.850006
320.740021,169.074997,48.519989,61.850006
320.740021,169.074997,48.519989,61.850006
320.740021,169.074997,48.519989,61.850006
320.740021,169.074997,48.519989,61.850006
320.740021,169.074997,48.519989,61.850006
320.740021,169.074997,48.519989,61.850006
320.740021,169.074997,48.519989,61.850006
320.740021,169.074997,48.519989,61.850006
320.740021,169.074997,48.519989,61.850006
320.740021,169.074997,48.519989,61.850006
320.740021,169.074997,48.519989,61.850006
320.740021,169.074997,48.519989,61.850006
320.740021,169.074997,48.519989,61.850006
320.740021,169.074997,48.519989,61.850006
320.740021,169.074997,48.519989,61.850006
320.740021,169.074997,48.519989,61.850006
320.740021,169.074997,48.519989,61.850006
320.740021,169.074997,48.519989,61.850006
320.740021,169.074997,48.519989,61.850006
320.740021,169.074997,48.519989,61.850006
320.740021,169.074997,48.519989,61.850006
320.740021,169.074997,48.519989,61.850006
320.740021,169.074997,48.519989,61.850006
320.740021,169.074997,48.519989,61.850006
320.740021,169.074997,48.519989,61.850006
320.740021,169.074997,48.519989,61.850006
320.740021,169.074997,48.519989,61.850006
320.740021,169.074997,48.519989,61.850006
320.740021,169.074997,48.519989,61.850006
320.740021,169.074997,48.519989,61.850006
320.740021,169.074997,48.519989,61.850006
320.740021,169.074997,48.519989,61.850006
320.740021,169.074997,48.519989,61.850006
320.740021,169.074997,48.519989,61.850006
320.740021,169.074997,48.519989,61.850006
320.740021,169.074997,48.519989,61.850006
320.740021,169.074997,48.519989,61.850006
320.740021,169.074997,48.519989,61.850006
320.740021,169.074997,48.519989,61.850006
320.740021,169.074997,48.519989,61.850006
320.740021,169.074997,48.519989,61.850006
320.740021,169.074997,48.519989,61.850006
320.740021,169.074997,48.519989,61.850006
320.740021,169.074997,48.519989,61.850006
320.740021,169.074997,48.519989,61.850006
320.740021,169.074997,48.519989,61.850006
320.740021,169.074997,48.519989,61.850006
320.740021,169.074997,48.519989,61.850006
320.740021,169.074997,48.519989,61.850006
320.740021,169.074997,48.519989,61.850006
320.740021,169.074997,48.519989,61.850006
320.740021,169.074997,48.519989,61.850006
320.740021,169.074997,48.519989,61.850006
320.740021,169.074997,48.519989,61.850006
320.740021,169.074997,48.519989,61.850006
320.740021,169.074997,48.519989,61.850006
320.740021,169.074997,48.519989,61.850006
320.740021,169.074997,48.519989,61.850006
320.740021,169.074997,48.519989,61.850006
320.740021,169.074997,48.519989,61.850006
320.740021,169.074997,48.519989,61.850006
320.740021,169.074997,48.519989,61.850006
320.740021,169.074997,48.519989,61.850006
320.740021,169.074997,48.519989,61.850006
320.740021,169.074997,48.519989,61.850006
320.740021,169.074997,48.519989,61.850006
320.740021,169.074997,48.519989,61.850006
320.740021,169.074997,48.519989,61.850006
320.740021,169.074997,48.519989,61.850006
320.740021,169.074997,48.519989,61.850006
320.740021,169.074997,48.519989,61.850006
320.740021,169.074997,48.519989,61.850006
320.740021,169.074997,48.519989,61.850006
320.740021,169.074997,48.519989,61.850006
320.740021,169.074997,48.519989,61.850006
320.740021,169.074997,48.519989,61.850006
320.740021,169.074997,48.519989,61.850006
320.740021,169.074997,48.519989,61.850006
320.740021,169.074997,48.519989,61.850006
320.740021,169.074997,48.519989,61.850006
2
0
0
0
0
1
375.489990,165.210007,38.270020,81.069992
375.489990,165.210007,38.270020,81.069992
375.489990,165.210007,38.270020,81.069992
375.489990,165.210007,38.270020,81.069992
375.489990,165.210007,38.270020,81.069992
375.489990,165.210007,38.270020,81.069992
375.489990,165.210007,38.270020,81.069992
375.489990,165.210007,38.270020,81.069992
375.489990,165.210007,38.270020,81.069992
375.489990,165.210007,38.270020,81.069992
375.489990,165.210007,38.270020,81.069992
400.864990,174.465012,38.270020,81.069992
400.864990,174.465012,38.270020,81.069992
387.864990,172.465012,38.270020,81.069992
387.864990,172.465012,38.270020,81.069992
387.864990,172.465012,38.270020,81.069992
387.864990,172.465012,38.270020,81.069992
387.864990,172.465012,38.270020,81.069992
387.864990,172.465012,38.270020,81.069992
387.864990,172.465012,38.270020,81.069992
387.864990,172.465012,38.270020,81.069992
387.864990,172.465012,38.270020,81.069992
387.864990,172.465012,38.270020,81.069992
387.864990,172.465012,38.270020,81.069992
387.864990,172.465012,38.270020,81.069992
387.864990,172.465012,38.270020,81.069992
387.864990,172.465012,38.270020,81.069992
387.864990,172.465012,38.270020,81.069992
387.864990,172.465012,38.270020,81.069992
387.864990,172.465012,38.270020,81.069992
387.864990,172.465012,38.270020,81.069992
387.864990,172.465012,38.270020,81.069992
387.864990,172.465012,38.270020,81.069992
2
0
0
0
0
1
442.429993,146.110001,35.470001,96.250000
442.429993,146.110001,35.470001,96.250000
442.429993,146.110001,35.470001,96.250000
458.265015,146.875000,35.470001,96.250000
458.265015,146.875000,35.470001,96.250000
458.265015,146.875000,35.470001,96.250000
458.265015,146.875000,35.470001,96.250000
458.265015,146.875000,35.470001,96.250000
458.265015,146.875000,35.470001,96.250000
458.265015,146.875000,35.470001,96.250000
458.265015,146.875000,35.470001,96.250000
458.265015,146.875000,35.470001,96.250000
458.265015,146.875000,35.470001,96.250000
458.265015,146.875000,35.470001,96.250000
458.265015,146.875000,35.470001,96.250000
458.265015,146.875000,35.470001,96.250000
458.265015,146.875000,35.470001,96.250000
458.265015,146.875000,35.470001,96.250000
458.265015,146.875000,35.470001,96.250000
458.265015,146.875000,35.470001,96.250000
458.265015,146.875000,35.470001,96.250000
458.265015,146.875000,35.470001,96.250000
458.265015,146.875000,35.470001,96.250000
458.265015,146.875000,35.470001,96.250000
458.265015,146.875000,35.470001,96.250000
458.265015,146.875000,35.470001,96.250000
458.265015,146.875000,35.470001,96.250000
458.265015,146.875000,35.470001,96.250000
448.265015,156.875000,35.470001,96.250000
448.265015,156.875000,35.470001,96.250000
462.265015,155.875000,35.470001,96.250000
449.265015,157.875000,35.470001,96.250000
449.265015,157.875000,35.470001,96.250000
449.265015,157.875000,35.470001,96.250000
449.265015,157.875000,35.470001,96.250000
449.265015,157.875000,35.470001,96.250000
449.265015,157.875000,35.470001,96.250000
449.265015,157.875000,35.470001,96.250000
449.265015,157.875000,35.470001,96.250000
449.265015,157.875000,35.470001,96.250000
449.265015,157.875000,35.470001,96.250000
449.265015,157.875000,35.470001,96.250000
449.265015,157.875000,35.470001,96.250000
449.265015,157.875000,35.470001,96.250000
449.265015,157.875000,35.470001,96.250000
449.265015,157.875000,35.470001,96.250000
449.265015,127.875000,35.470001,96.250000
436.265015,129.875000,35.470001,96.250000
436.265015,129.875000,35.470001,96.250000
436.265015,129.875000,35.470001,96.250000
452.265015,125.875000,35.470001,96.250000
452.265015,125.875000,35.470001,96.250000
452.265015,125.875000,35.470001,96.250000
452.265015,125.875000,35.470001,96.250000
452.265015,125.875000,35.470001,96.250000
452.265015,125.875000,35.470001,96.250000
452.265015,125.875000,35.470001,96.250000
452.265015,125.875000,35.470001,96.250000
452.265015,125.875000,35.470001,96.250000
452.265015,125.875000,35.470001,96.250000
452.265015,125.875000,35.470001,96.250000
452.265015,125.875000,35.470001,96.250000
452.265015,125.875000,35.470001,96.250000
452.265015,125.875000,35.470001,96.250000
452.265015,125.875000,35.470001,96.250000
452.265015,125.875000,35.470001,96.250000
464.265015,127.875000,35.470001,96.250000
464.265015,127.875000,35.470001,96.250000
488.265015,111.875000,35.470001,96.250000
488.265015,111.875000,35.470001,96.250000
488.265015,111.875000,35.470001,96.250000
2
0
0
0
0
1
531.299988,117.599998,31.700012,75.549995
531.299988,117.599998,31.700012,75.549995
531.299988,117.599998,31.700012,75.549995
531.299988,117.599998,31.700012,75.549995
531.299988,117.599998,31.700012,75.549995
531.299988,117.599998,31.700012,75.549995
531.299988,117.599998,31.700012,75.549995
531.299988,117.599998,31.700012,75.549995
531.299988,117.599998,31.700012,75.549995
531.299988,117.599998,31.700012,75.549995
531.299988,117.599998,31.700012,75.549995
531.299988,117.599998,31.700012,75.549995
531.299988,117.599998,31.700012,75.549995
531.299988,117.599998,31.700012,75.549995
531.299988,117.599998,31.700012,75.549995
531.299988,117.599998,31.700012,75.549995
531.299988,117.599998,31.700012,75.549995
531.299988,117.599998,31.700012,75.549995
2
0
0
0
0
1
492.519989,95.309998,30.250031,74.419998
492.519989,95.309998,30.250031,74.419998
492.519989,95.309998,30.250031,74.419998
492.519989,95.309998,30.250031,74.419998
476.874969,81.790001,30.250031,74.419998
486.874969,94.790001,30.250031,74.419998
486.874969,94.790001,30.250031,74.419998
486.874969,94.790001,30.250031,74.419998
486.874969,94.790001,30.250031,74.419998
486.874969,94.790001,30.250031,74.419998
486.874969,94.790001,30.250031,74.419998
481.874969,62.790001,30.250031,74.419998
481.874969,62.790001,30.250031,74.419998
481.874969,62.790001,30.250031,74.419998
481.874969,62.790001,30.250031,74.419998
481.874969,62.790001,30.250031,74.419998
481.874969,62.790001,30.250031,74.419998
481.874969,62.790001,30.250031,74.419998
481.874969,62.790001,30.250031,74.419998
481.874969,62.790001,30.250031,74.419998
491.874969,74.790001,30.250031,74.419998
491.874969,74.790001,30.250031,74.419998
491.874969,74.790001,30.250031,74.419998
491.874969,74.790001,30.250031,74.419998
491.874969,74.790001,30.250031,74.419998
491.874969,74.790001,30.250031,74.419998
481.874969,57.790001,30.250031,74.419998
476.874969,90.790001,30.250031,74.419998
476.874969,90.790001,30.250031,74.419998
476.874969,90.790001,30.250031,74.419998
466.874969,89.790001,30.250031,74.419998
471.874969,67.790001,30.250031,74.419998
461.874969,80.790001,30.250031,74.419998
461.874969,80.790001,30.250031,74.419998
461.874969,80.790001,30.250031,74.419998
461.874969,80.790001,30.250031,74.419998
441.874969,72.790001,30.250031,74.419998
441.874969,72.790001,30.250031,74.419998
441.874969,72.790001,30.250031,74.419998
441.874969,72.790001,30.250031,74.419998
441.874969,72.790001,30.250031,74.419998
441.874969,72.790001,30.250031,74.419998
421.874969,105.790001,30.250031,74.419998
421.874969,105.790001,30.250031,74.419998
421.874969,105.790001,30.250031,74.419998
421.874969,105.790001,30.250031,74.419998
421.874969,105.790001,30.250031,74.419998
431.874969,105.790001,30.250031,74.419998
431.874969,105.790001,30.250031,74.419998
431.874969,105.790001,30.250031,74.419998
431.874969,105.790001,30.250031,74.419998
416.874969,107.790001,30.250031,74.419998
416.874969,107.790001,30.250031,74.419998
416.874969,107.790001,30.250031,74.419998
426.874969,111.790001,30.250031,74.419998
426.874969,111.790001,30.250031,74.419998
416.874969,97.790001,30.250031,74.419998
416.874969,97.790001,30.250031,74.419998
416.874969,97.790001,30.250031,74.419998
416.874969,97.790001,30.250031,74.419998
416.874969,97.790001,30.250031,74.419998
416.874969,97.790001,30.250031,74.419998
416.874969,97.790001,30.250031,74.419998
416.874969,97.790001,30.250031,74.419998
416.874969,97.790001,30.250031,74.419998
416.874969,97.790001,30.250031,74.419998
416.874969,97.790001,30.250031,74.419998
416.874969,97.790001,30.250031,74.419998
416.874969,97.790001,30.250031,74.419998
2
0
0
0
0
1
369.529999,86.680000,40.230011,64.269997
369.529999,86.680000,40.230011,64.269997
