1
322.559998,158.460007,52.920013,70.879990
322.559998,158.460007,52.920013,70.879990
322.559998,158.460007,52.920013,70.879990
322.559998,158.460007,52.920013,70.879990
322.559998,158.460007,52.920013,70.879990
322.559998,158.460007,52.920013,70.879990
322.559998,158.460007,52.920013,70.879990
322.559998,158.460007,52.920013,70.879990
322.540009,157.559998,52.920013,70.879990
322.540009,157.559998,52.920013,70.879990
298.540009,160.559998,52.920013,70.879990
298.540009,160.559998,52.920013,70.879990
298.540009,160.559998,52.920013,70.879990
298.540009,160.559998,52.920013,70.879990
298.540009,160.559998,52.920013,70.879990
298.540009,160.559998,52.920013,70.879990
298.540009,160.559998,52.920013,70.879990
298.540009,160.559998,52.920013,70.879990
298.540009,160.559998,52.920013,70.879990
298.540009,160.559998,52.920013,70.879990
298.540009,160.559998,52.920013,70.879990
298.540009,160.559998,52.920013,70.879990
298.540009,160.559998,52.920013,70.879990
298.540009,160.559998,52.920013,70.879990
298.540009,160.559998,52.920013,70.879990
298.540009,160.559998,52.920013,70.879990
298.540009,160.559998,52.920013,70.879990
298.540009,160.559998,52.920013,70.879990
298.540009,160.559998,52.920013,70.879990
298.540009,160.559998,52.920013,70.879990
298.540009,160.559998,52.920013,70.879990
298.540009,160.559998,52.920013,70.879990
298.540009,160.559998,52.920013,70.879990
298.540009,160.559998,52.920013,70.879990
298.540009,160.559998,52.920013,70.879990
298.540009,160.559998,52.920013,70.879990
298.540009,160.559998,52.920013,70.879990
298.540009,160.559998,52.920013,70.879990
298.540009,160.559998,52.920013,70.879990
298.540009,160.559998,52.920013,70.879990
298.540009,160.559998,52.920013,70.879990
298.540009,160.559998,52.920013,70.879990
298.540009,160.559998,52.920013,70.879990
298.540009,160.559998,52.920013,70.879990
298.540009,160.559998,52.920013,70.879990
298.540009,160.559998,52.920013,70.879990
298.540009,160.559998,52.920013,70.879990
298.540009,160.559998,52.920013,70.879990
298.540009,160.559998,52.920013,70.879990
298.540009,160.559998,52.920013,70.879990
298.540009,160.559998,52.920013,70.879990
298.540009,160.559998,52.920013,70.879990
298.540009,160.559998,52.920013,70.879990
298.540009,160.559998,52.920013,70.879990
298.540009,160.559998,52.920013,70.879990
298.540009,160.559998,52.920013,70.879990
298.540009,160.559998,52.920013,70.879990
298.540009,160.559998,52.920013,70.879990
298.540009,160.559998,52.920013,70.879990
298.540009,160.559998,52.920013,70.879990
298.540009,160.559998,52.920013,70.879990
298.540009,160.559998,52.920013,70.879990
298.540009,160.559998,52.920013,70.879990
298.540009,160.559998,52.920013,70.879990
298.540009,160.559998,52.920013,70.879990
298.540009,160.559998,52.920013,70.879990
298.540009,160.559998,52.920013,70.879990
298.540009,160.559998,52.920013,70.879990
298.540009,160.559998,52.920013,70.879990
298.540009,160.559998,52.920013,70.879990
298.540009,160.559998,52.920013,70.879990
298.540009,160.559998,52.920013,70.879990
298.540009,160.559998,52.920013,70.879990
298.540009,160.559998,52.920013,70.879990
298.540009,160.559998,52.920013,70.879990
298.540009,160.559998,52.920013,70.879990
298.540009,160.559998,52.920013,70.879990
298.540009,160.559998,52.920013,70.879990
298.540009,160.559998,52.920013,70.879990
298.540009,160.559998,52.920013,70.879990
298.540009,160.559998,52.920013,70.879990
298.540009,160.559998,52.920013,70.879990
298.540009,160.559998,52.920013,70.879990
298.540009,160.559998,52.920013,70.879990
298.540009,160.559998,52.920013,70.879990
298.540009,160.559998,52.920013,70.879990
298.540009,160.559998,52.920013,70.879990
298.540009,160.559998,52.920013,70.879990
298.540009,160.559998,52.920013,70.879990
298.540009,160.559998,52.920013,70.879990
298.540009,160.559998,52.920013,70.879990
298.540009,160.559998,52.920013,70.879990
298.540009,160.559998,52.920013,70.879990
298.540009,160.559998,52.920013,70.879990
298.540009,160.559998,52.920013,70.879990
298.540009,160.559998,52.920013,70.879990
298.540009,160.559998,52.920013,70.879990
298.540009,160.559998,52.920013,70.879990
298.540009,160.559998,52.920013,70.879990
298.540009,160.559998,52.920013,70.879990
298.540009,160.559998,52.920013,70.879990
298.540009,160.559998,52.920013,70.879990
298.540009,160.559998,52.920013,70.879990
298.540009,160.559998,52.920013,70.879990
298.540009,160.559998,52.920013,70.879990
298.540009,160.559998,52.920013,70.879990
298.540009,160.559998,52.920013,70.879990
298.540009,160.559998,52.920013,70.879990
298.540009,160.559998,52.920013,70.879990
298.540009,160.559998,52.920013,70.879990
298.540009,160.559998,52.920013,70.879990
298.540009,160.559998,52.920013,70.879990
298.540009,160.559998,52.920013,70.879990
2
0
0
0
0
1
355.500000,149.690002,41.239990,84.739990
355.500000,149.690002,41.239990,84.739990
355.500000,149.690002,41.239990,84.739990
355.500000,149.690002,41.239990,84.739990
355.500000,149.690002,41.239990,84.739990
355.500000,149.690002,41.239990,84.739990
355.500000,149.690002,41.239990,84.739990
355.500000,149.690002,41.239990,84.739990
355.500000,149.690002,41.239990,84.739990
355.500000,149.690002,41.239990,84.739990
355.500000,149.690002,41.239990,84.739990
355.500000,149.690002,41.239990,84.739990
355.500000,149.690002,41.239990,84.739990
355.500000,149.690002,41.239990,84.739990
355.500000,149.690002,41.239990,84.739990
355.500000,149.690002,41.239990,84.739990
355.500000,149.690002,41.239990,84.739990
355.500000,149.690002,41.239990,84.739990
355.500000,149.690002,41.239990,84.739990
355.500000,149.690002,41.239990,84.739990
355.500000,149.690002,41.239990,84.739990
355.500000,149.690002,41.239990,84.739990
355.500000,149.690002,41.239990,84.739990
355.500000,149.690002,41.239990,84.739990
355.500000,149.690002,41.239990,84.739990
2
0
0
0
0
1
399.989990,154.449997,36.930023,92.050003
399.989990,154.449997,36.930023,92.050003
399.989990,154.449997,36.930023,92.050003
399.989990,154.449997,36.930023,92.050003
399.989990,154.449997,36.930023,92.050003
399.989990,154.449997,36.930023,92.050003
399.989990,154.449997,36.930023,92.050003
399.989990,154.449997,36.930023,92.050003
413.535004,160.975006,36.930023,92.050003
413.535004,160.975006,36.930023,92.050003
413.535004,160.975006,36.930023,92.050003
396.535004,147.975006,36.930023,92.050003
412.535004,151.975006,36.930023,92.050003
428.535004,155.975006,36.930023,92.050003
428.535004,155.975006,36.930023,92.050003
428.535004,155.975006,36.930023,92.050003
406.535004,147.975006,36.930023,92.050003
2
0
0
0
0
1
452.269989,167.440002,33.920013,82.139999
452.269989,167.440002,33.920013,82.139999
452.269989,167.440002,33.920013,82.139999
452.269989,167.440002,33.920013,82.139999
452.269989,167.440002,33.920013,82.139999
472.040009,156.930008,33.920013,82.139999
472.040009,156.930008,33.920013,82.139999
461.040009,154.930008,33.920013,82.139999
461.040009,154.930008,33.920013,82.139999
461.040009,154.930008,33.920013,82.139999
461.040009,154.930008,33.920013,82.139999
461.040009,154.930008,33.920013,82.139999
461.040009,154.930008,33.920013,82.139999
461.040009,154.930008,33.920013,82.139999
461.040009,154.930008,33.920013,82.139999
461.040009,154.930008,33.920013,82.139999
461.040009,154.930008,33.920013,82.139999
461.040009,154.930008,33.920013,82.139999
461.040009,154.930008,33.920013,82.139999
461.040009,154.930008,33.920013,82.139999
461.040009,154.930008,33.920013,82.139999
461.040009,154.930008,33.920013,82.139999
461.040009,154.930008,33.920013,82.139999
461.040009,154.930008,33.920013,82.139999
461.040009,154.930008,33.920013,82.139999
461.040009,154.930008,33.920013,82.139999
461.040009,154.930008,33.920013,82.139999
446.040009,164.930008,33.920013,82.139999
458.040009,163.930008,33.920013,82.139999
458.040009,163.930008,33.920013,82.139999
458.040009,163.930008,33.920013,82.139999
458.040009,163.930008,33.920013,82.139999
458.040009,163.930008,33.920013,82.139999
458.040009,163.930008,33.920013,82.139999
458.040009,163.930008,33.920013,82.139999
458.040009,163.930008,33.920013,82.139999
441.040009,154.930008,33.920013,82.139999
441.040009,154.930008,33.920013,82.139999
441.040009,154.930008,33.920013,82.139999
441.040009,154.930008,33.920013,82.139999
441.040009,154.930008,33.920013,82.139999
441.040009,154.930008,33.920013,82.139999
430.040009,142.930008,33.920013,82.139999
447.040009,146.930008,33.920013,82.139999
447.040009,146.930008,33.920013,82.139999
447.040009,146.930008,33.920013,82.139999
447.040009,146.930008,33.920013,82.139999
447.040009,146.930008,33.920013,82.139999
447.040009,146.930008,33.920013,82.139999
447.040009,146.930008,33.920013,82.139999
447.040009,146.930008,33.920013,82.139999
447.040009,146.930008,33.920013,82.139999
447.040009,146.930008,33.920013,82.139999
447.040009,146.930008,33.920013,82.139999
447.040009,146.930008,33.920013,82.139999
447.040009,146.930008,33.920013,82.139999
447.040009,146.930008,33.920013,82.139999
447.040009,146.930008,33.920013,82.139999
447.040009,146.930008,33.920013,82.139999
447.040009,146.930008,33.920013,82.139999
447.040009,146.930008,33.920013,82.139999
447.040009,146.930008,33.920013,82.139999
447.040009,146.930008,33.920013,82.139999
467.040009,136.930008,33.920013,82.139999
467.040009,136.930008,33.920013,82.139999
467.040009,136.930008,33.920013,82.139999
2
0
0
0
0
1
522.250000,121.510002,34.059998,76.269997
522.250000,121.510002,34.059998,76.269997
522.250000,121.510002,34.059998,76.269997
522.250000,121.510002,34.059998,76.269997
522.250000,121.510002,34.059998,76.269997
522.250000,121.510002,34.059998,76.269997
522.250000,121.510002,34.059998,76.269997
522.250000,121.510002,34.059998,76.269997
522.250000,121.510002,34.059998,76.269997
522.250000,121.510002,34.059998,76.269997
522.250000,121.510002,34.059998,76.269997
522.250000,121.510002,34.059998,76.269997
522.250000,121.510002,34.059998,76.269997
522.250000,121.510002,34.059998,76.269997
522.250000,121.510002,34.059998,76.269997
522.250000,121.510002,34.059998,76.269997
522.250000,121.510002,34.059998,76.269997
522.250000,121.510002,34.059998,76.269997
522.250000,121.510002,34.059998,76.269997
522.250000,121.510002,34.059998,76.269997
522.250000,121.510002,34.059998,76.269997
522.250000,121.510002,34.059998,76.269997
522.250000,121.510002,34.059998,76.269997
522.250000,121.510002,34.059998,76.269997
522.250000,121.510002,34.059998,76.269997
522.250000,121.510002,34.059998,76.269997
2
0
0
0
0
1
487.839996,93.879997,30.089996,68.290001
487.839996,93.879997,30.089996,68.290001
477.955017,85.854996,30.089996,68.290001
477.955017,85.854996,30.089996,68.290001
477.955017,85.854996,30.089996,68.290001
477.955017,85.854996,30.089996,68.290001
477.955017,85.854996,30.089996,68.290001
487.955017,90.854996,30.089996,68.290001
487.955017,90.854996,30.089996,68.290001
487.955017,90.854996,30.089996,68.290001
487.955017,90.854996,30.089996,68.290001
487.955017,90.854996,30.089996,68.290001
487.955017,90.854996,30.089996,68.290001
487.955017,90.854996,30.089996,68.290001
487.955017,90.854996,30.089996,68.290001
487.955017,90.854996,30.089996,68.290001
487.955017,90.854996,30.089996,68.290001
487.955017,90.854996,30.089996,68.290001
482.955017,66.854996,30.089996,68.290001
482.955017,66.854996,30.089996,68.290001
482.955017,66.854996,30.089996,68.290001
482.955017,66.854996,30.089996,68.290001
477.955017,100.854996,30.089996,68.290001
477.955017,100.854996,30.089996,68.290001
477.955017,100.854996,30.089996,68.290001
467.955017,78.854996,30.089996,68.290001
467.955017,78.854996,30.089996,68.290001
467.955017,78.854996,30.089996,68.290001
457.955017,91.854996,30.089996,68.290001
457.955017,91.854996,30.089996,68.290001
457.955017,91.854996,30.089996,68.290001
457.955017,91.854996,30.089996,68.290001
457.955017,91.854996,30.089996,68.290001
457.955017,91.854996,30.089996,68.290001
457.955017,91.854996,30.089996,68.290001
457.955017,91.854996,30.089996,68.290001
457.955017,91.854996,30.089996,68.290001
457.955017,91.854996,30.089996,68.290001
457.955017,91.854996,30.089996,68.290001
457.955017,91.854996,30.089996,68.290001
457.955017,91.854996,30.089996,68.290001
457.955017,91.854996,30.089996,68.290001
457.955017,91.854996,30.089996,68.290001
457.955017,91.854996,30.089996,68.290001
457.955017,91.854996,30.089996,68.290001
457.955017,91.854996,30.089996,68.290001
457.955017,91.854996,30.089996,68.290001
427.955017,105.854996,30.089996,68.290001
427.955017,105.854996,30.089996,68.290001
427.955017,105.854996,30.089996,68.290001
427.955017,105.854996,30.089996,68.290001
427.955017,105.854996,30.089996,68.290001
427.955017,105.854996,30.089996,68.290001
427.955017,105.854996,30.089996,68.290001
427.955017,105.854996,30.089996,68.290001
427.955017,105.854996,30.089996,68.290001
427.955017,105.854996,30.089996,68.290001
427.955017,105.854996,30.089996,68.290001
427.955017,105.854996,30.089996,68.290001
427.955017,105.854996,30.089996,68.290001
427.955017,105.854996,30.089996,68.290001
2
0
0
0
0
1
380.769989,87.959999,37.210022,66.010002
380.769989,87.959999,37.210022,66.010002
380.769989,87.959999,37.210022,66.010002
368.394989,88.995003,37.210022,66.010002
368.394989,88.995003,37.210022,66.010002
