1
225.679993,94.400002,42.470001,46.170006
225.679993,94.400002,42.470001,46.170006
225.679993,94.400002,42.470001,46.170006
225.679993,94.400002,42.470001,46.170006
225.679993,94.400002,42.470001,46.170006
225.679993,94.400002,42.470001,46.170006
225.679993,94.400002,42.470001,46.170006
225.679993,94.400002,42.470001,46.170006
225.679993,94.400002,42.470001,46.170006
225.679993,94.400002,42.470001,46.170006
225.679993,94.400002,42.470001,46.170006
225.679993,94.400002,42.470001,46.170006
225.679993,94.400002,42.470001,46.170006
196.764999,64.914993,42.470001,46.170006
196.764999,64.914993,42.470001,46.170006
196.764999,64.914993,42.470001,46.170006
196.764999,64.914993,42.470001,46.170006
196.764999,64.914993,42.470001,46.170006
206.764999,84.914993,42.470001,46.170006
206.764999,84.914993,42.470001,46.170006
194.764999,68.914993,42.470001,46.170006
194.764999,68.914993,42.470001,46.170006
194.764999,68.914993,42.470001,46.170006
186.764999,49.914997,42.470001,46.170006
186.764999,49.914997,42.470001,46.170006
2
0
0
0
0
1
80.339996,95.029999,64.620010,79.050003
80.339996,95.029999,64.620010,79.050003
80.339996,95.029999,64.620010,79.050003
80.339996,95.029999,64.620010,79.050003
80.339996,95.029999,64.620010,79.050003
80.339996,95.029999,64.620010,79.050003
80.339996,95.029999,64.620010,79.050003
80.339996,95.029999,64.620010,79.050003
79.689995,94.474998,64.620010,79.050003
79.689995,94.474998,64.620010,79.050003
79.689995,94.474998,64.620010,79.050003
79.689995,94.474998,64.620010,79.050003
79.689995,94.474998,64.620010,79.050003
79.689995,94.474998,64.620010,79.050003
79.689995,94.474998,64.620010,79.050003
79.689995,94.474998,64.620010,79.050003
79.689995,94.474998,64.620010,79.050003
79.689995,94.474998,64.620010,79.050003
79.689995,94.474998,64.620010,79.050003
79.689995,94.474998,64.620010,79.050003
79.689995,94.474998,64.620010,79.050003
79.689995,94.474998,64.620010,79.050003
79.689995,94.474998,64.620010,79.050003
2
0
0
0
0
1
177.190002,63.680000,48.940002,63.760002
177.190002,63.680000,48.940002,63.760002
177.190002,63.680000,48.940002,63.760002
177.190002,63.680000,48.940002,63.760002
198.529999,73.120003,48.940002,63.760002
198.529999,73.120003,48.940002,63.760002
204.529999,53.119999,48.940002,63.760002
204.529999,53.119999,48.940002,63.760002
204.529999,53.119999,48.940002,63.760002
204.529999,53.119999,48.940002,63.760002
204.529999,53.119999,48.940002,63.760002
234.529999,68.120003,48.940002,63.760002
234.529999,68.120003,48.940002,63.760002
234.529999,68.120003,48.940002,63.760002
234.529999,68.120003,48.940002,63.760002
234.529999,68.120003,48.940002,63.760002
234.529999,68.120003,48.940002,63.760002
234.529999,68.120003,48.940002,63.760002
234.529999,68.120003,48.940002,63.760002
234.529999,68.120003,48.940002,63.760002
234.529999,68.120003,48.940002,63.760002
234.529999,68.120003,48.940002,63.760002
234.529999,68.120003,48.940002,63.760002
234.529999,68.120003,48.940002,63.760002
234.529999,68.120003,48.940002,63.760002
234.529999,68.120003,48.940002,63.760002
234.529999,68.120003,48.940002,63.760002
242.529999,98.120003,48.940002,63.760002
242.529999,98.120003,48.940002,63.760002
242.529999,98.120003,48.940002,63.760002
242.529999,98.120003,48.940002,63.760002
242.529999,98.120003,48.940002,63.760002
242.529999,98.120003,48.940002,63.760002
242.529999,98.120003,48.940002,63.760002
242.529999,98.120003,48.940002,63.760002
242.529999,98.120003,48.940002,63.760002
242.529999,98.120003,48.940002,63.760002
242.529999,98.120003,48.940002,63.760002
242.529999,98.120003,48.940002,63.760002
242.529999,98.120003,48.940002,63.760002
242.529999,98.120003,48.940002,63.760002
242.529999,98.120003,48.940002,63.760002
2
0
0
0
0
1
140.080002,96.709999,49.849991,79.140007
140.080002,96.709999,49.849991,79.140007
140.080002,96.709999,49.849991,79.140007
140.080002,96.709999,49.849991,79.140007
140.080002,96.709999,49.849991,79.140007
140.080002,96.709999,49.849991,79.140007
140.080002,96.709999,49.849991,79.140007
113.075005,56.429996,49.849991,79.140007
97.075005,41.429996,49.849991,79.140007
121.075005,56.429996,49.849991,79.140007
100.075005,36.429996,49.849991,79.140007
100.075005,36.429996,49.849991,79.140007
100.075005,36.429996,49.849991,79.140007
100.075005,36.429996,49.849991,79.140007
100.075005,36.429996,49.849991,79.140007
100.075005,36.429996,49.849991,79.140007
100.075005,36.429996,49.849991,79.140007
100.075005,36.429996,49.849991,79.140007
2
0
0
0
0
1
158.490005,57.869999,42.189987,53.520000
158.490005,57.869999,42.189987,53.520000
158.490005,57.869999,42.189987,53.520000
158.490005,57.869999,42.189987,53.520000
158.490005,57.869999,42.189987,53.520000
158.490005,57.869999,42.189987,53.520000
158.490005,57.869999,42.189987,53.520000
158.490005,57.869999,42.189987,53.520000
158.490005,57.869999,42.189987,53.520000
158.490005,57.869999,42.189987,53.520000
158.490005,57.869999,42.189987,53.520000
158.490005,57.869999,42.189987,53.520000
158.490005,57.869999,42.189987,53.520000
158.490005,57.869999,42.189987,53.520000
158.490005,57.869999,42.189987,53.520000
158.490005,57.869999,42.189987,53.520000
158.490005,57.869999,42.189987,53.520000
158.490005,57.869999,42.189987,53.520000
164.905014,82.239998,42.189987,53.520000
164.905014,82.239998,42.189987,53.520000
164.905014,82.239998,42.189987,53.520000
164.905014,82.239998,42.189987,53.520000
2
0
0
0
0
1
89.849998,139.330002,55.420006,60.330002
89.849998,139.330002,55.420006,60.330002
89.849998,139.330002,55.420006,60.330002
89.849998,139.330002,55.420006,60.330002
89.849998,139.330002,55.420006,60.330002
89.849998,139.330002,55.420006,60.330002
89.849998,139.330002,55.420006,60.330002
89.849998,139.330002,55.420006,60.330002
89.849998,139.330002,55.420006,60.330002
89.849998,139.330002,55.420006,60.330002
89.849998,139.330002,55.420006,60.330002
89.849998,139.330002,55.420006,60.330002
89.849998,139.330002,55.420006,60.330002
89.849998,139.330002,55.420006,60.330002
89.849998,139.330002,55.420006,60.330002
44.289997,148.834991,55.420006,60.330002
44.289997,148.834991,55.420006,60.330002
44.289997,148.834991,55.420006,60.330002
75.289993,138.834991,55.420006,60.330002
75.289993,138.834991,55.420006,60.330002
75.289993,138.834991,55.420006,60.330002
75.289993,138.834991,55.420006,60.330002
75.289993,138.834991,55.420006,60.330002
75.289993,138.834991,55.420006,60.330002
75.289993,138.834991,55.420006,60.330002
75.289993,138.834991,55.420006,60.330002
75.289993,138.834991,55.420006,60.330002
75.289993,138.834991,55.420006,60.330002
75.289993,138.834991,55.420006,60.330002
75.289993,138.834991,55.420006,60.330002
75.289993,138.834991,55.420006,60.330002
75.289993,138.834991,55.420006,60.330002
75.289993,138.834991,55.420006,60.330002
75.289993,138.834991,55.420006,60.330002
75.289993,138.834991,55.420006,60.330002
75.289993,138.834991,55.420006,60.330002
75.289993,138.834991,55.420006,60.330002
75.289993,138.834991,55.420006,60.330002
75.289993,138.834991,55.420006,60.330002
75.289993,138.834991,55.420006,60.330002
75.289993,138.834991,55.420006,60.330002
75.289993,138.834991,55.420006,60.330002
75.289993,138.834991,55.420006,60.330002
100.289993,108.834999,55.420006,60.330002
100.289993,108.834999,55.420006,60.330002
100.289993,108.834999,55.420006,60.330002
100.289993,108.834999,55.420006,60.330002
100.289993,108.834999,55.420006,60.330002
100.289993,108.834999,55.420006,60.330002
120.289993,125.834999,55.420006,60.330002
120.289993,125.834999,55.420006,60.330002
120.289993,125.834999,55.420006,60.330002
144.289993,120.834999,55.420006,60.330002
144.289993,120.834999,55.420006,60.330002
144.289993,120.834999,55.420006,60.330002
144.289993,120.834999,55.420006,60.330002
144.289993,120.834999,55.420006,60.330002
144.289993,120.834999,55.420006,60.330002
144.289993,120.834999,55.420006,60.330002
144.289993,120.834999,55.420006,60.330002
188.289993,95.834999,55.420006,60.330002
188.289993,95.834999,55.420006,60.330002
188.289993,95.834999,55.420006,60.330002
188.289993,95.834999,55.420006,60.330002
188.289993,95.834999,55.420006,60.330002
188.289993,95.834999,55.420006,60.330002
188.289993,95.834999,55.420006,60.330002
188.289993,95.834999,55.420006,60.330002
188.289993,95.834999,55.420006,60.330002
188.289993,95.834999,55.420006,60.330002
188.289993,95.834999,55.420006,60.330002
188.289993,95.834999,55.420006,60.330002
188.289993,95.834999,55.420006,60.330002
188.289993,95.834999,55.420006,60.330002
188.289993,95.834999,55.420006,60.330002
188.289993,95.834999,55.420006,60.330002
188.289993,95.834999,55.420006,60.330002
188.289993,95.834999,55.420006,60.330002
188.289993,95.834999,55.420006,60.330002
188.289993,95.834999,55.420006,60.330002
188.289993,95.834999,55.420006,60.330002
188.289993,95.834999,55.420006,60.330002
188.289993,95.834999,55.420006,60.330002
