1
224.029999,93.260002,45.829987,43.489998
224.029999,93.260002,45.829987,43.489998
224.029999,93.260002,45.829987,43.489998
224.029999,93.260002,45.829987,43.489998
224.029999,93.260002,45.829987,43.489998
224.029999,93.260002,45.829987,43.489998
224.029999,93.260002,45.829987,43.489998
224.029999,93.260002,45.829987,43.489998
224.029999,93.260002,45.829987,43.489998
224.029999,93.260002,45.829987,43.489998
224.029999,93.260002,45.829987,43.489998
224.029999,93.260002,45.829987,43.489998
224.029999,93.260002,45.829987,43.489998
224.029999,93.260002,45.829987,43.489998
224.029999,93.260002,45.829987,43.489998
224.029999,93.260002,45.829987,43.489998
224.029999,93.260002,45.829987,43.489998
224.029999,93.260002,45.829987,43.489998
224.029999,93.260002,45.829987,43.489998
224.029999,93.260002,45.829987,43.489998
2
0
0
0
0
1
133.100006,85.430000,64.419998,62.400002
133.100006,85.430000,64.419998,62.400002
133.100006,85.430000,64.419998,62.400002
133.100006,85.430000,64.419998,62.400002
133.100006,85.430000,64.419998,62.400002
2
0
0
0
0
1
38.160000,116.110001,67.380005,61.029999
38.160000,116.110001,67.380005,61.029999
38.160000,116.110001,67.380005,61.029999
38.160000,116.110001,67.380005,61.029999
38.160000,116.110001,67.380005,61.029999
38.160000,116.110001,67.380005,61.029999
38.160000,116.110001,67.380005,61.029999
38.160000,116.110001,67.380005,61.029999
38.160000,116.110001,67.380005,61.029999
38.160000,116.110001,67.380005,61.029999
38.160000,116.110001,67.380005,61.029999
38.160000,116.110001,67.380005,61.029999
2
0
0
0
0
1
148.619995,90.660004,56.080002,57.479996
148.619995,90.660004,56.080002,57.479996
148.619995,90.660004,56.080002,57.479996
148.619995,90.660004,56.080002,57.479996
148.619995,90.660004,56.080002,57.479996
148.619995,90.660004,56.080002,57.479996
148.619995,90.660004,56.080002,57.479996
148.619995,90.660004,56.080002,57.479996
148.619995,90.660004,56.080002,57.479996
2
0
0
0
0
1
230.830002,59.110001,46.310013,66.860001
230.830002,59.110001,46.310013,66.860001
230.830002,59.110001,46.310013,66.860001
230.830002,59.110001,46.310013,66.860001
230.830002,59.110001,46.310013,66.860001
230.830002,59.110001,46.310013,66.860001
230.830002,59.110001,46.310013,66.860001
230.830002,59.110001,46.310013,66.860001
229.844986,58.570000,46.310013,66.860001
229.844986,58.570000,46.310013,66.860001
229.844986,58.570000,46.310013,66.860001
229.844986,58.570000,46.310013,66.860001
229.844986,58.570000,46.310013,66.860001
229.844986,58.570000,46.310013,66.860001
229.844986,58.570000,46.310013,66.860001
229.844986,58.570000,46.310013,66.860001
229.844986,58.570000,46.310013,66.860001
229.844986,58.570000,46.310013,66.860001
2
0
0
0
0
1
236.259995,136.899994,57.430008,56.560013
236.259995,136.899994,57.430008,56.560013
236.259995,136.899994,57.430008,56.560013
236.259995,136.899994,57.430008,56.560013
236.259995,136.899994,57.430008,56.560013
236.259995,136.899994,57.430008,56.560013
236.259995,136.899994,57.430008,56.560013
236.259995,136.899994,57.430008,56.560013
2
0
0
0
0
1
143.429993,110.800003,47.530014,70.569992
143.429993,110.800003,47.530014,70.569992
143.429993,110.800003,47.530014,70.569992
143.429993,110.800003,47.530014,70.569992
131.235001,108.715004,47.530014,70.569992
131.235001,108.715004,47.530014,70.569992
131.235001,108.715004,47.530014,70.569992
131.235001,108.715004,47.530014,70.569992
127.234993,62.715004,47.530014,70.569992
127.234993,62.715004,47.530014,70.569992
127.234993,62.715004,47.530014,70.569992
127.234993,62.715004,47.530014,70.569992
127.234993,62.715004,47.530014,70.569992
127.234993,62.715004,47.530014,70.569992
127.234993,62.715004,47.530014,70.569992
146.235001,63.715004,47.530014,70.569992
146.235001,63.715004,47.530014,70.569992
146.235001,63.715004,47.530014,70.569992
146.235001,63.715004,47.530014,70.569992
146.235001,63.715004,47.530014,70.569992
146.235001,63.715004,47.530014,70.569992
146.235001,63.715004,47.530014,70.569992
125.234993,23.715004,47.530014,70.569992
125.234993,23.715004,47.530014,70.569992
125.234993,23.715004,47.530014,70.569992
125.234993,23.715004,47.530014,70.569992
125.234993,23.715004,47.530014,70.569992
2
0
0
0
0
1
174.039993,43.500000,50.200012,68.059998
174.039993,43.500000,50.200012,68.059998
174.039993,43.500000,50.200012,68.059998
174.039993,43.500000,50.200012,68.059998
174.039993,43.500000,50.200012,68.059998
174.039993,43.500000,50.200012,68.059998
148.899994,14.970001,50.200012,68.059998
148.899994,14.970001,50.200012,68.059998
133.899994,24.970001,50.200012,68.059998
133.899994,24.970001,50.200012,68.059998
2
0
0
0
0
1
102.139999,139.649994,65.820007,60.450012
102.139999,139.649994,65.820007,60.450012
102.139999,139.649994,65.820007,60.450012
102.139999,139.649994,65.820007,60.450012
102.139999,139.649994,65.820007,60.450012
102.139999,139.649994,65.820007,60.450012
102.139999,139.649994,65.820007,60.450012
79.089996,138.774994,65.820007,60.450012
79.089996,138.774994,65.820007,60.450012
79.089996,138.774994,65.820007,60.450012
79.089996,138.774994,65.820007,60.450012
79.089996,138.774994,65.820007,60.450012
79.089996,138.774994,65.820007,60.450012
79.089996,138.774994,65.820007,60.450012
79.089996,138.774994,65.820007,60.450012
79.089996,138.774994,65.820007,60.450012
43.089996,153.774994,65.820007,60.450012
43.089996,153.774994,65.820007,60.450012
43.089996,153.774994,65.820007,60.450012
43.089996,153.774994,65.820007,60.450012
34.089996,118.774994,65.820007,60.450012
34.089996,118.774994,65.820007,60.450012
34.089996,118.774994,65.820007,60.450012
34.089996,118.774994,65.820007,60.450012
34.089996,118.774994,65.820007,60.450012
34.089996,118.774994,65.820007,60.450012
34.089996,118.774994,65.820007,60.450012
34.089996,118.774994,65.820007,60.450012
34.089996,118.774994,65.820007,60.450012
34.089996,118.774994,65.820007,60.450012
34.089996,118.774994,65.820007,60.450012
34.089996,118.774994,65.820007,60.450012
34.089996,118.774994,65.820007,60.450012
34.089996,118.774994,65.820007,60.450012
34.089996,118.774994,65.820007,60.450012
34.089996,118.774994,65.820007,60.450012
34.089996,118.774994,65.820007,60.450012
34.089996,118.774994,65.820007,60.450012
34.089996,118.774994,65.820007,60.450012
34.089996,118.774994,65.820007,60.450012
34.089996,118.774994,65.820007,60.450012
34.089996,118.774994,65.820007,60.450012
34.089996,118.774994,65.820007,60.450012
34.089996,118.774994,65.820007,60.450012
34.089996,118.774994,65.820007,60.450012
2
0
0
0
0
1
124.730003,110.160004,66.620003,62.199997
124.730003,110.160004,66.620003,62.199997
124.730003,110.160004,66.620003,62.199997
124.730003,110.160004,66.620003,62.199997
124.730003,110.160004,66.620003,62.199997
124.730003,110.160004,66.620003,62.199997
124.730003,110.160004,66.620003,62.199997
124.730003,110.160004,66.620003,62.199997
124.730003,110.160004,66.620003,62.199997
163.690002,80.900002,66.620003,62.199997
163.690002,80.900002,66.620003,62.199997
163.690002,80.900002,66.620003,62.199997
163.690002,80.900002,66.620003,62.199997
163.690002,80.900002,66.620003,62.199997
163.690002,80.900002,66.620003,62.199997
163.690002,80.900002,66.620003,62.199997
163.690002,80.900002,66.620003,62.199997
163.690002,80.900002,66.620003,62.199997
163.690002,80.900002,66.620003,62.199997
163.690002,80.900002,66.620003,62.199997
163.690002,80.900002,66.620003,62.199997
163.690002,80.900002,66.620003,62.199997
163.690002,80.900002,66.620003,62.199997
163.690002,80.900002,66.620003,62.199997
163.690002,80.900002,66.620003,62.199997
163.690002,80.900002,66.620003,62.199997
163.690002,80.900002,66.620003,62.199997
163.690002,80.900002,66.620003,62.199997
163.690002,80.900002,66.620003,62.199997
163.690002,80.900002,66.620003,62.199997
163.690002,80.900002,66.620003,62.199997
163.690002,80.900002,66.620003,62.199997
163.690002,80.900002,66.620003,62.199997
2
0
