1
221.690002,91.620003,43.959991,49.849998
221.690002,91.620003,43.959991,49.849998
221.690002,91.620003,43.959991,49.849998
221.690002,91.620003,43.959991,49.849998
221.690002,91.620003,43.959991,49.849998
221.690002,91.620003,43.959991,49.849998
221.690002,91.620003,43.959991,49.849998
221.690002,91.620003,43.959991,49.849998
221.690002,91.620003,43.959991,49.849998
221.690002,91.620003,43.959991,49.849998
221.690002,91.620003,43.959991,49.849998
221.690002,91.620003,43.959991,49.849998
221.690002,91.620003,43.959991,49.849998
221.690002,91.620003,43.959991,49.849998
210.020004,83.075005,43.959991,49.849998
210.020004,83.075005,43.959991,49.849998
210.020004,83.075005,43.959991,49.849998
201.020004,70.075005,43.959991,49.849998
201.020004,70.075005,43.959991,49.849998
201.020004,70.075005,43.959991,49.849998
201.020004,70.075005,43.959991,49.849998
201.020004,70.075005,43.959991,49.849998
201.020004,70.075005,43.959991,49.849998
201.020004,70.075005,43.959991,49.849998
2
0
0
0
0
1
85.559998,92.589996,72.479996,71.900009
85.559998,92.589996,72.479996,71.900009
62.760002,89.049995,72.479996,71.900009
62.760002,89.049995,72.479996,71.900009
62.760002,89.049995,72.479996,71.900009
62.760002,89.049995,72.479996,71.900009
62.760002,89.049995,72.479996,71.900009
62.760002,89.049995,72.479996,71.900009
62.760002,89.049995,72.479996,71.900009
62.760002,89.049995,72.479996,71.900009
62.760002,89.049995,72.479996,71.900009
62.760002,89.049995,72.479996,71.900009
62.760002,89.049995,72.479996,71.900009
62.760002,89.049995,72.479996,71.900009
62.760002,89.049995,72.479996,71.900009
62.760002,89.049995,72.479996,71.900009
62.760002,89.049995,72.479996,71.900009
62.760002,89.049995,72.479996,71.900009
62.760002,89.049995,72.479996,71.900009
62.760002,89.049995,72.479996,71.900009
62.760002,89.049995,72.479996,71.900009
62.760002,89.049995,72.479996,71.900009
62.760002,89.049995,72.479996,71.900009
2
0
0
0
0
1
170.190002,72.809998,50.880005,65.110001
170.190002,72.809998,50.880005,65.110001
170.190002,72.809998,50.880005,65.110001
170.190002,72.809998,50.880005,65.110001
191.559998,60.445000,50.880005,65.110001
191.559998,60.445000,50.880005,65.110001
191.559998,60.445000,50.880005,65.110001
191.559998,60.445000,50.880005,65.110001
191.559998,60.445000,50.880005,65.110001
191.559998,60.445000,50.880005,65.110001
191.559998,60.445000,50.880005,65.110001
208.559998,71.445000,50.880005,65.110001
232.559998,58.445000,50.880005,65.110001
232.559998,58.445000,50.880005,65.110001
232.559998,58.445000,50.880005,65.110001
232.559998,58.445000,50.880005,65.110001
232.559998,58.445000,50.880005,65.110001
232.559998,58.445000,50.880005,65.110001
232.559998,58.445000,50.880005,65.110001
232.559998,58.445000,50.880005,65.110001
232.559998,58.445000,50.880005,65.110001
232.559998,58.445000,50.880005,65.110001
237.559998,93.445000,50.880005,65.110001
237.559998,93.445000,50.880005,65.110001
237.559998,93.445000,50.880005,65.110001
244.559998,74.445000,50.880005,65.110001
244.559998,74.445000,50.880005,65.110001
244.559998,74.445000,50.880005,65.110001
244.559998,74.445000,50.880005,65.110001
250.559998,117.445000,50.880005,65.110001
254.559998,139.444992,50.880005,65.110001
254.559998,139.444992,50.880005,65.110001
254.559998,139.444992,50.880005,65.110001
254.559998,139.444992,50.880005,65.110001
254.559998,139.444992,50.880005,65.110001
254.559998,139.444992,50.880005,65.110001
254.559998,139.444992,50.880005,65.110001
249.559998,104.445000,50.880005,65.110001
249.559998,104.445000,50.880005,65.110001
249.559998,104.445000,50.880005,65.110001
249.559998,104.445000,50.880005,65.110001
249.559998,104.445000,50.880005,65.110001
2
0
0
0
0
1
158.449997,100.059998,39.320007,75.190002
158.449997,100.059998,39.320007,75.190002
158.449997,100.059998,39.320007,75.190002
158.449997,100.059998,39.320007,75.190002
158.449997,100.059998,39.320007,75.190002
158.449997,100.059998,39.320007,75.190002
158.449997,100.059998,39.320007,75.190002
158.449997,100.059998,39.320007,75.190002
128.339996,50.404999,39.320007,75.190002
128.339996,50.404999,39.320007,75.190002
128.339996,50.404999,39.320007,75.190002
128.339996,50.404999,39.320007,75.190002
128.339996,50.404999,39.320007,75.190002
128.339996,50.404999,39.320007,75.190002
128.339996,50.404999,39.320007,75.190002
128.339996,50.404999,39.320007,75.190002
128.339996,50.404999,39.320007,75.190002
128.339996,50.404999,39.320007,75.190002
128.339996,50.404999,39.320007,75.190002
128.339996,50.404999,39.320007,75.190002
128.339996,50.404999,39.320007,75.190002
128.339996,50.404999,39.320007,75.190002
128.339996,50.404999,39.320007,75.190002
128.339996,50.404999,39.320007,75.190002
128.339996,50.404999,39.320007,75.190002
128.339996,50.404999,39.320007,75.190002
128.339996,50.404999,39.320007,75.190002
2
0
0
0
0
1
176.050003,44.490002,46.940002,65.059998
176.050003,44.490002,46.940002,65.059998
176.050003,44.490002,46.940002,65.059998
176.050003,44.490002,46.940002,65.059998
176.050003,44.490002,46.940002,65.059998
176.050003,44.490002,46.940002,65.059998
176.050003,44.490002,46.940002,65.059998
2
0
0
0
0
1
132.970001,104.440002,57.300003,59.250000
132.970001,104.440002,57.300003,59.250000
132.970001,104.440002,57.300003,59.250000
135.350006,139.375000,57.300003,59.250000
116.349998,129.375000,57.300003,59.250000
116.349998,129.375000,57.300003,59.250000
116.349998,129.375000,57.300003,59.250000
116.349998,129.375000,57.300003,59.250000
116.349998,129.375000,57.300003,59.250000
116.349998,129.375000,57.300003,59.250000
116.349998,129.375000,57.300003,59.250000
116.349998,129.375000,57.300003,59.250000
116.349998,129.375000,57.300003,59.250000
116.349998,129.375000,57.300003,59.250000
116.349998,129.375000,57.300003,59.250000
2
0
0
0
0
1
28.340000,143.880005,74.589996,63.929993
28.340000,143.880005,74.589996,63.929993
28.340000,143.880005,74.589996,63.929993
28.340000,143.880005,74.589996,63.929993
28.340000,143.880005,74.589996,63.929993
28.340000,143.880005,74.589996,63.929993
28.340000,143.880005,74.589996,63.929993
39.705002,118.035004,74.589996,63.929993
39.705002,118.035004,74.589996,63.929993
39.705002,118.035004,74.589996,63.929993
39.705002,118.035004,74.589996,63.929993
39.705002,118.035004,74.589996,63.929993
39.705002,118.035004,74.589996,63.929993
39.705002,118.035004,74.589996,63.929993
39.705002,118.035004,74.589996,63.929993
39.705002,118.035004,74.589996,63.929993
39.705002,118.035004,74.589996,63.929993
39.705002,118.035004,74.589996,63.929993
39.705002,118.035004,74.589996,63.929993
39.705002,118.035004,74.589996,63.929993
39.705002,118.035004,74.589996,63.929993
39.705002,118.035004,74.589996,63.929993
39.705002,118.035004,74.589996,63.929993
39.705002,118.035004,74.589996,63.929993
39.705002,118.035004,74.589996,63.929993
39.705002,118.035004,74.589996,63.929993
39.705002,118.035004,74.589996,63.929993
39.705002,118.035004,74.589996,63.929993
39.705002,118.035004,74.589996,63.929993
39.705002,118.035004,74.589996,63.929993
39.705002,118.035004,74.589996,63.929993
39.705002,118.035004,74.589996,63.929993
2
0
0
0
0
1
141.800003,108.870003,67.149994,65.230003
141.800003,108.870003,67.149994,65.230003
141.800003,108.870003,67.149994,65.230003
141.800003,108.870003,67.149994,65.230003
141.800003,108.870003,67.149994,65.230003
141.800003,108.870003,67.149994,65.230003
141.800003,108.870003,67.149994,65.230003
141.800003,108.870003,67.149994,65.230003
141.800003,108.870003,67.149994,65.230003
2
0
0
0
0
1
224.199997,93.230003,48.379990,63.829994
224.199997,93.230003,48.379990,63.829994
224.199997,93.230003,48.379990,63.829994
224.199997,93.230003,48.379990,63.829994
224.199997,93.230003,48.379990,63.829994
224.199997,93.230003,48.379990,63.829994
224.199997,93.230003,48.379990,63.829994
224.199997,93.230003,48.379990,63.829994
224.199997,93.230003,48.379990,63.829994
224.199997,93.230003,48.379990,63.829994
224.199997,93.230003,48.379990,63.829994
219.809998,120.085007,48.379990,63.829994
219.809998,120.085007,48.379990,63.829994
219.809998,120.085007,48.379990,63.829994
219.809998,120.085007,48.379990,63.829994
219.809998,120.085007,48.379990,63.829994
