1
223.759995,89.919998,46.470016,45.630005
223.759995,89.919998,46.470016,45.630005
223.759995,89.919998,46.470016,45.630005
223.759995,89.919998,46.470016,45.630005
223.759995,89.919998,46.470016,45.630005
223.759995,89.919998,46.470016,45.630005
223.759995,89.919998,46.470016,45.630005
223.759995,89.919998,46.470016,45.630005
222.764999,89.184998,46.470016,45.630005
222.764999,89.184998,46.470016,45.630005
222.764999,89.184998,46.470016,45.630005
222.764999,89.184998,46.470016,45.630005
222.764999,89.184998,46.470016,45.630005
222.764999,89.184998,46.470016,45.630005
222.764999,89.184998,46.470016,45.630005
222.764999,89.184998,46.470016,45.630005
222.764999,89.184998,46.470016,45.630005
222.764999,89.184998,46.470016,45.630005
222.764999,89.184998,46.470016,45.630005
222.764999,89.184998,46.470016,45.630005
161.764999,76.184998,46.470016,45.630005
161.764999,76.184998,46.470016,45.630005
161.764999,76.184998,46.470016,45.630005
161.764999,76.184998,46.470016,45.630005
161.764999,76.184998,46.470016,45.630005
161.764999,76.184998,46.470016,45.630005
161.764999,76.184998,46.470016,45.630005
161.764999,76.184998,46.470016,45.630005
2
0
0
0
0
1
36.669998,95.440002,74.310005,79.160004
36.669998,95.440002,74.310005,79.160004
36.669998,95.440002,74.310005,79.160004
36.669998,95.440002,74.310005,79.160004
36.669998,95.440002,74.310005,79.160004
36.669998,95.440002,74.310005,79.160004
36.669998,95.440002,74.310005,79.160004
36.669998,95.440002,74.310005,79.160004
36.669998,95.440002,74.310005,79.160004
36.669998,95.440002,74.310005,79.160004
36.669998,95.440002,74.310005,79.160004
36.669998,95.440002,74.310005,79.160004
36.669998,95.440002,74.310005,79.160004
36.669998,95.440002,74.310005,79.160004
36.669998,95.440002,74.310005,79.160004
36.669998,95.440002,74.310005,79.160004
2
0
0
0
0
1
156.970001,76.169998,52.750000,64.169998
156.970001,76.169998,52.750000,64.169998
156.970001,76.169998,52.750000,64.169998
156.970001,76.169998,52.750000,64.169998
156.970001,76.169998,52.750000,64.169998
156.970001,76.169998,52.750000,64.169998
156.970001,76.169998,52.750000,64.169998
156.970001,76.169998,52.750000,64.169998
2
0
0
0
0
1
229.490005,60.029999,49.819992,68.500000
229.490005,60.029999,49.819992,68.500000
229.490005,60.029999,49.819992,68.500000
229.490005,60.029999,49.819992,68.500000
229.490005,60.029999,49.819992,68.500000
229.490005,60.029999,49.819992,68.500000
229.490005,60.029999,49.819992,68.500000
229.490005,60.029999,49.819992,68.500000
229.490005,60.029999,49.819992,68.500000
229.490005,60.029999,49.819992,68.500000
229.490005,60.029999,49.819992,68.500000
229.490005,60.029999,49.819992,68.500000
229.490005,60.029999,49.819992,68.500000
229.490005,60.029999,49.819992,68.500000
229.490005,60.029999,49.819992,68.500000
229.490005,60.029999,49.819992,68.500000
239.090012,85.750000,49.819992,68.500000
239.090012,85.750000,49.819992,68.500000
239.090012,85.750000,49.819992,68.500000
239.090012,85.750000,49.819992,68.500000
239.090012,85.750000,49.819992,68.500000
239.090012,85.750000,49.819992,68.500000
239.090012,85.750000,49.819992,68.500000
239.090012,85.750000,49.819992,68.500000
239.090012,85.750000,49.819992,68.500000
239.090012,85.750000,49.819992,68.500000
239.090012,85.750000,49.819992,68.500000
239.090012,85.750000,49.819992,68.500000
239.090012,85.750000,49.819992,68.500000
239.090012,85.750000,49.819992,68.500000
239.090012,85.750000,49.819992,68.500000
199.090012,85.750000,49.819992,68.500000
199.090012,85.750000,49.819992,68.500000
183.090012,76.750000,49.819992,68.500000
183.090012,76.750000,49.819992,68.500000
183.090012,76.750000,49.819992,68.500000
183.090012,76.750000,49.819992,68.500000
183.090012,76.750000,49.819992,68.500000
2
0
0
0
0
1
112.400002,81.820000,53.180000,65.439995
112.400002,81.820000,53.180000,65.439995
112.400002,81.820000,53.180000,65.439995
112.400002,81.820000,53.180000,65.439995
112.400002,81.820000,53.180000,65.439995
112.400002,81.820000,53.180000,65.439995
112.400002,81.820000,53.180000,65.439995
112.400002,81.820000,53.180000,65.439995
112.400002,81.820000,53.180000,65.439995
112.400002,81.820000,53.180000,65.439995
112.400002,81.820000,53.180000,65.439995
112.400002,81.820000,53.180000,65.439995
112.400002,81.820000,53.180000,65.439995
112.400002,81.820000,53.180000,65.439995
149.410004,79.279999,53.180000,65.439995
149.410004,79.279999,53.180000,65.439995
149.410004,79.279999,53.180000,65.439995
149.410004,79.279999,53.180000,65.439995
149.410004,79.279999,53.180000,65.439995
149.410004,79.279999,53.180000,65.439995
149.410004,79.279999,53.180000,65.439995
149.410004,79.279999,53.180000,65.439995
149.410004,79.279999,53.180000,65.439995
149.410004,79.279999,53.180000,65.439995
149.410004,79.279999,53.180000,65.439995
149.410004,79.279999,53.180000,65.439995
149.410004,79.279999,53.180000,65.439995
149.410004,79.279999,53.180000,65.439995
149.410004,79.279999,53.180000,65.439995
149.410004,79.279999,53.180000,65.439995
149.410004,79.279999,53.180000,65.439995
149.410004,79.279999,53.180000,65.439995
149.410004,79.279999,53.180000,65.439995
149.410004,79.279999,53.180000,65.439995
149.410004,79.279999,53.180000,65.439995
149.410004,79.279999,53.180000,65.439995
149.410004,79.279999,53.180000,65.439995
149.410004,79.279999,53.180000,65.439995
149.410004,79.279999,53.180000,65.439995
149.410004,79.279999,53.180000,65.439995
149.410004,79.279999,53.180000,65.439995
149.410004,79.279999,53.180000,65.439995
2
0
0
0
0
1
81.779999,157.880005,51.809998,50.479996
81.779999,157.880005,51.809998,50.479996
88.095001,177.759995,51.809998,50.479996
88.095001,177.759995,51.809998,50.479996
88.095001,177.759995,51.809998,50.479996
88.095001,177.759995,51.809998,50.479996
88.095001,177.759995,51.809998,50.479996
88.095001,177.759995,51.809998,50.479996
88.095001,177.759995,51.809998,50.479996
88.095001,177.759995,51.809998,50.479996
88.095001,177.759995,51.809998,50.479996
88.095001,177.759995,51.809998,50.479996
88.095001,177.759995,51.809998,50.479996
88.095001,177.759995,51.809998,50.479996
88.095001,177.759995,51.809998,50.479996
88.095001,177.759995,51.809998,50.479996
88.095001,177.759995,51.809998,50.479996
2
0
0
0
0
1
41.119999,92.120003,76.470001,81.989998
41.119999,92.120003,76.470001,81.989998
41.119999,92.120003,76.470001,81.989998
41.119999,92.120003,76.470001,81.989998
41.119999,92.120003,76.470001,81.989998
41.119999,92.120003,76.470001,81.989998
41.119999,92.120003,76.470001,81.989998
72.764999,83.004997,76.470001,81.989998
72.764999,83.004997,76.470001,81.989998
72.764999,83.004997,76.470001,81.989998
72.764999,83.004997,76.470001,81.989998
72.764999,83.004997,76.470001,81.989998
72.764999,83.004997,76.470001,81.989998
72.764999,83.004997,76.470001,81.989998
72.764999,83.004997,76.470001,81.989998
72.764999,83.004997,76.470001,81.989998
72.764999,83.004997,76.470001,81.989998
72.764999,83.004997,76.470001,81.989998
72.764999,83.004997,76.470001,81.989998
72.764999,83.004997,76.470001,81.989998
72.764999,83.004997,76.470001,81.989998
97.764999,39.005001,76.470001,81.989998
97.764999,39.005001,76.470001,81.989998
97.764999,39.005001,76.470001,81.989998
97.764999,39.005001,76.470001,81.989998
97.764999,39.005001,76.470001,81.989998
97.764999,39.005001,76.470001,81.989998
97.764999,39.005001,76.470001,81.989998
97.764999,39.005001,76.470001,81.989998
97.764999,39.005001,76.470001,81.989998
97.764999,39.005001,76.470001,81.989998
97.764999,39.005001,76.470001,81.989998
2
0
0
0
0
1
209.309998,93.150002,45.339996,60.219994
209.309998,93.150002,45.339996,60.219994
209.309998,93.150002,45.339996,60.219994
209.309998,93.150002,45.339996,60.219994
209.309998,93.150002,45.339996,60.219994
209.309998,93.150002,45.339996,60.219994
209.309998,93.150002,45.339996,60.219994
209.309998,93.150002,45.339996,60.219994
209.309998,93.150002,45.339996,60.219994
209.309998,93.150002,45.339996,60.219994
209.309998,93.150002,45.339996,60.219994
209.309998,93.150002,45.339996,60.219994
209.309998,93.150002,45.339996,60.219994
209.309998,93.150002,45.339996,60.219994
209.309998,93.150002,45.339996,60.219994
209.309998,93.150002,45.339996,60.219994
208.330002,92.889999,45.339996,60.219994
208.330002,92.889999,45.339996,60.219994
208.330002,92.889999,45.339996,60.219994
208.330002,92.889999,45.339996,60.219994
