1
228.139999,89.779999,45.000015,50.080002
228.139999,89.779999,45.000015,50.080002
228.139999,89.779999,45.000015,50.080002
228.139999,89.779999,45.000015,50.080002
228.139999,89.779999,45.000015,50.080002
228.139999,89.779999,45.000015,50.080002
228.139999,89.779999,45.000015,50.080002
228.139999,89.779999,45.000015,50.080002
228.139999,89.779999,45.000015,50.080002
228.139999,89.779999,45.000015,50.080002
228.139999,89.779999,45.000015,50.080002
228.139999,89.779999,45.000015,50.080002
228.139999,89.779999,45.000015,50.080002
228.139999,89.779999,45.000015,50.080002
228.139999,89.779999,45.000015,50.080002
228.139999,89.779999,45.000015,50.080002
227.500000,88.959999,45.000015,50.080002
227.500000,88.959999,45.000015,50.080002
227.500000,88.959999,45.000015,50.080002
227.500000,88.959999,45.000015,50.080002
2
0
0
0
0
1
126.459999,85.690002,64.030006,67.130005
126.459999,85.690002,64.030006,67.130005
126.459999,85.690002,64.030006,67.130005
126.459999,85.690002,64.030006,67.130005
126.459999,85.690002,64.030006,67.130005
126.459999,85.690002,64.030006,67.130005
88.985001,111.434998,64.030006,67.130005
88.985001,111.434998,64.030006,67.130005
88.985001,111.434998,64.030006,67.130005
88.985001,111.434998,64.030006,67.130005
88.985001,111.434998,64.030006,67.130005
88.985001,111.434998,64.030006,67.130005
88.985001,111.434998,64.030006,67.130005
88.985001,111.434998,64.030006,67.130005
88.985001,111.434998,64.030006,67.130005
88.985001,111.434998,64.030006,67.130005
88.985001,111.434998,64.030006,67.130005
88.985001,111.434998,64.030006,67.130005
88.985001,111.434998,64.030006,67.130005
88.985001,111.434998,64.030006,67.130005
60.984997,120.434998,64.030006,67.130005
60.984997,120.434998,64.030006,67.130005
60.984997,120.434998,64.030006,67.130005
104.985001,108.434998,64.030006,67.130005
104.985001,108.434998,64.030006,67.130005
117.985001,89.434998,64.030006,67.130005
117.985001,89.434998,64.030006,67.130005
117.985001,89.434998,64.030006,67.130005
121.985001,112.434998,64.030006,67.130005
121.985001,112.434998,64.030006,67.130005
132.985001,69.434998,64.030006,67.130005
132.985001,69.434998,64.030006,67.130005
132.985001,69.434998,64.030006,67.130005
132.985001,69.434998,64.030006,67.130005
132.985001,69.434998,64.030006,67.130005
132.985001,69.434998,64.030006,67.130005
132.985001,69.434998,64.030006,67.130005
2
0
0
0
0
1
231.470001,58.389999,40.639984,58.779999
231.470001,58.389999,40.639984,58.779999
231.470001,58.389999,40.639984,58.779999
231.470001,58.389999,40.639984,58.779999
231.470001,58.389999,40.639984,58.779999
231.470001,58.389999,40.639984,58.779999
231.470001,58.389999,40.639984,58.779999
231.470001,58.389999,40.639984,58.779999
231.470001,58.389999,40.639984,58.779999
231.470001,58.389999,40.639984,58.779999
231.470001,58.389999,40.639984,58.779999
231.470001,58.389999,40.639984,58.779999
234.680008,93.610001,40.639984,58.779999
234.680008,93.610001,40.639984,58.779999
234.680008,93.610001,40.639984,58.779999
234.680008,93.610001,40.639984,58.779999
234.680008,93.610001,40.639984,58.779999
234.680008,93.610001,40.639984,58.779999
234.680008,93.610001,40.639984,58.779999
234.680008,93.610001,40.639984,58.779999
234.680008,93.610001,40.639984,58.779999
234.680008,93.610001,40.639984,58.779999
234.680008,93.610001,40.639984,58.779999
234.680008,93.610001,40.639984,58.779999
242.680008,143.610001,40.639984,58.779999
242.680008,143.610001,40.639984,58.779999
242.680008,143.610001,40.639984,58.779999
242.680008,143.610001,40.639984,58.779999
238.680008,113.610001,40.639984,58.779999
238.680008,113.610001,40.639984,58.779999
221.680008,123.610001,40.639984,58.779999
221.680008,123.610001,40.639984,58.779999
221.680008,123.610001,40.639984,58.779999
203.680008,113.610001,40.639984,58.779999
192.680008,113.610001,40.639984,58.779999
192.680008,113.610001,40.639984,58.779999
192.680008,113.610001,40.639984,58.779999
192.680008,113.610001,40.639984,58.779999
2
0
0
0
0
1
117.610001,97.639999,54.059998,67.809998
117.610001,97.639999,54.059998,67.809998
117.610001,97.639999,54.059998,67.809998
121.970001,68.095001,54.059998,67.809998
121.970001,68.095001,54.059998,67.809998
121.970001,68.095001,54.059998,67.809998
121.970001,68.095001,54.059998,67.809998
121.970001,68.095001,54.059998,67.809998
121.970001,68.095001,54.059998,67.809998
121.970001,68.095001,54.059998,67.809998
121.970001,68.095001,54.059998,67.809998
121.970001,68.095001,54.059998,67.809998
121.970001,68.095001,54.059998,67.809998
121.970001,68.095001,54.059998,67.809998
121.970001,68.095001,54.059998,67.809998
121.970001,68.095001,54.059998,67.809998
121.970001,68.095001,54.059998,67.809998
121.970001,68.095001,54.059998,67.809998
121.970001,68.095001,54.059998,67.809998
121.970001,68.095001,54.059998,67.809998
121.970001,68.095001,54.059998,67.809998
169.970001,90.095001,54.059998,67.809998
169.970001,90.095001,54.059998,67.809998
169.970001,90.095001,54.059998,67.809998
169.970001,90.095001,54.059998,67.809998
147.970001,60.095001,54.059998,67.809998
147.970001,60.095001,54.059998,67.809998
147.970001,60.095001,54.059998,67.809998
147.970001,60.095001,54.059998,67.809998
147.970001,60.095001,54.059998,67.809998
147.970001,60.095001,54.059998,67.809998
147.970001,60.095001,54.059998,67.809998
147.970001,60.095001,54.059998,67.809998
147.970001,60.095001,54.059998,67.809998
147.970001,60.095001,54.059998,67.809998
162.970001,85.095001,54.059998,67.809998
162.970001,85.095001,54.059998,67.809998
162.970001,85.095001,54.059998,67.809998
162.970001,85.095001,54.059998,67.809998
162.970001,85.095001,54.059998,67.809998
162.970001,85.095001,54.059998,67.809998
2
0
0
0
0
1
89.699997,146.779999,56.600006,58.210007
89.699997,146.779999,56.600006,58.210007
89.699997,146.779999,56.600006,58.210007
89.699997,146.779999,56.600006,58.210007
89.699997,146.779999,56.600006,58.210007
89.699997,146.779999,56.600006,58.210007
89.699997,146.779999,56.600006,58.210007
89.699997,146.779999,56.600006,58.210007
89.699997,145.894989,56.600006,58.210007
89.699997,145.894989,56.600006,58.210007
89.699997,145.894989,56.600006,58.210007
89.699997,145.894989,56.600006,58.210007
89.699997,145.894989,56.600006,58.210007
89.699997,145.894989,56.600006,58.210007
89.699997,145.894989,56.600006,58.210007
89.699997,145.894989,56.600006,58.210007
89.699997,145.894989,56.600006,58.210007
89.699997,145.894989,56.600006,58.210007
56.699997,139.894989,56.600006,58.210007
56.699997,139.894989,56.600006,58.210007
56.699997,139.894989,56.600006,58.210007
56.699997,139.894989,56.600006,58.210007
56.699997,139.894989,56.600006,58.210007
56.699997,139.894989,56.600006,58.210007
56.699997,139.894989,56.600006,58.210007
77.699997,138.894989,56.600006,58.210007
77.699997,138.894989,56.600006,58.210007
77.699997,138.894989,56.600006,58.210007
77.699997,138.894989,56.600006,58.210007
77.699997,138.894989,56.600006,58.210007
77.699997,138.894989,56.600006,58.210007
77.699997,138.894989,56.600006,58.210007
77.699997,138.894989,56.600006,58.210007
77.699997,138.894989,56.600006,58.210007
77.699997,138.894989,56.600006,58.210007
77.699997,138.894989,56.600006,58.210007
77.699997,138.894989,56.600006,58.210007
77.699997,138.894989,56.600006,58.210007
77.699997,138.894989,56.600006,58.210007
77.699997,138.894989,56.600006,58.210007
77.699997,138.894989,56.600006,58.210007
77.699997,138.894989,56.600006,58.210007
77.699997,138.894989,56.600006,58.210007
77.699997,138.894989,56.600006,58.210007
77.699997,138.894989,56.600006,58.210007
77.699997,138.894989,56.600006,58.210007
110.699997,110.894997,56.600006,58.210007
110.699997,110.894997,56.600006,58.210007
110.699997,110.894997,56.600006,58.210007
110.699997,110.894997,56.600006,58.210007
110.699997,110.894997,56.600006,58.210007
110.699997,110.894997,56.600006,58.210007
110.699997,110.894997,56.600006,58.210007
110.699997,110.894997,56.600006,58.210007
110.699997,110.894997,56.600006,58.210007
110.699997,110.894997,56.600006,58.210007
2
0
0
0
0
1
213.960007,91.070000,41.069992,61.219994
213.960007,91.070000,41.069992,61.219994
213.960007,91.070000,41.069992,61.219994
213.960007,91.070000,41.069992,61.219994
213.960007,91.070000,41.069992,61.219994
213.960007,91.070000,41.069992,61.219994
213.960007,91.070000,41.069992,61.219994
213.960007,91.070000,41.069992,61.219994
213.960007,91.070000,41.069992,61.219994
213.960007,91.070000,41.069992,61.219994
213.960007,91.070000,41.069992,61.219994
213.960007,91.070000,41.069992,61.219994
213.960007,91.070000,41.069992,61.219994
213.960007,91.070000,41.069992,61.219994
213.960007,91.070000,41.069992,61.219994
213.960007,91.070000,41.069992,61.219994
213.960007,91.070000,41.069992,61.219994
213.960007,91.070000,41.069992,61.219994
213.960007,91.070000,41.069992,61.219994
213.960007,91.070000,41.069992,61.219994
213.960007,91.070000,41.069992,61.219994
