1
222.259995,91.709999,42.139999,48.129997
222.259995,91.709999,42.139999,48.129997
222.259995,91.709999,42.139999,48.129997
222.259995,91.709999,42.139999,48.129997
222.259995,91.709999,42.139999,48.129997
222.259995,91.709999,42.139999,48.129997
222.259995,91.709999,42.139999,48.129997
222.259995,91.709999,42.139999,48.129997
222.259995,91.709999,42.139999,48.129997
222.259995,91.709999,42.139999,48.129997
222.259995,91.709999,42.139999,48.129997
222.259995,91.709999,42.139999,48.129997
222.259995,91.709999,42.139999,48.129997
222.259995,91.709999,42.139999,48.129997
222.259995,91.709999,42.139999,48.129997
196.930008,76.935005,42.139999,48.129997
196.930008,76.935005,42.139999,48.129997
196.930008,76.935005,42.139999,48.129997
196.930008,76.935005,42.139999,48.129997
196.930008,76.935005,42.139999,48.129997
196.930008,76.935005,42.139999,48.129997
196.930008,76.935005,42.139999,48.129997
196.930008,76.935005,42.139999,48.129997
196.930008,76.935005,42.139999,48.129997
196.930008,76.935005,42.139999,48.129997
2
0
0
0
0
1
79.709999,94.000000,66.040001,81.149994
79.709999,94.000000,66.040001,81.149994
79.709999,94.000000,66.040001,81.149994
79.709999,94.000000,66.040001,81.149994
79.709999,94.000000,66.040001,81.149994
79.709999,94.000000,66.040001,81.149994
79.709999,94.000000,66.040001,81.149994
79.709999,94.000000,66.040001,81.149994
79.709999,94.000000,66.040001,81.149994
79.709999,94.000000,66.040001,81.149994
79.709999,94.000000,66.040001,81.149994
79.709999,94.000000,66.040001,81.149994
79.709999,94.000000,66.040001,81.149994
79.709999,94.000000,66.040001,81.149994
79.709999,94.000000,66.040001,81.149994
79.709999,94.000000,66.040001,81.149994
79.709999,94.000000,66.040001,81.149994
79.709999,94.000000,66.040001,81.149994
79.709999,94.000000,66.040001,81.149994
79.709999,94.000000,66.040001,81.149994
79.709999,94.000000,66.040001,81.149994
79.709999,94.000000,66.040001,81.149994
79.709999,94.000000,66.040001,81.149994
125.979996,85.425003,66.040001,81.149994
125.979996,85.425003,66.040001,81.149994
125.979996,85.425003,66.040001,81.149994
125.979996,85.425003,66.040001,81.149994
125.979996,85.425003,66.040001,81.149994
125.979996,85.425003,66.040001,81.149994
125.979996,85.425003,66.040001,81.149994
125.979996,85.425003,66.040001,81.149994
125.979996,85.425003,66.040001,81.149994
2
0
0
0
0
1
232.080002,57.090000,37.729996,54.780003
232.080002,57.090000,37.729996,54.780003
232.080002,57.090000,37.729996,54.780003
232.080002,57.090000,37.729996,54.780003
232.080002,57.090000,37.729996,54.780003
232.080002,57.090000,37.729996,54.780003
232.080002,57.090000,37.729996,54.780003
232.080002,57.090000,37.729996,54.780003
232.080002,57.090000,37.729996,54.780003
232.080002,57.090000,37.729996,54.780003
232.134995,92.610001,37.729996,54.780003
232.134995,92.610001,37.729996,54.780003
232.134995,92.610001,37.729996,54.780003
232.134995,92.610001,37.729996,54.780003
232.134995,92.610001,37.729996,54.780003
232.134995,92.610001,37.729996,54.780003
232.134995,92.610001,37.729996,54.780003
232.134995,92.610001,37.729996,54.780003
232.134995,92.610001,37.729996,54.780003
232.134995,92.610001,37.729996,54.780003
232.134995,92.610001,37.729996,54.780003
232.134995,92.610001,37.729996,54.780003
232.134995,92.610001,37.729996,54.780003
232.134995,92.610001,37.729996,54.780003
232.134995,92.610001,37.729996,54.780003
232.134995,92.610001,37.729996,54.780003
232.134995,92.610001,37.729996,54.780003
232.134995,92.610001,37.729996,54.780003
232.134995,92.610001,37.729996,54.780003
222.134995,128.610001,37.729996,54.780003
222.134995,128.610001,37.729996,54.780003
227.134995,107.610001,37.729996,54.780003
212.134995,89.610001,37.729996,54.780003
212.134995,89.610001,37.729996,54.780003
212.134995,89.610001,37.729996,54.780003
2
0
0
0
0
1
124.330002,95.800003,57.020004,76.229996
124.330002,95.800003,57.020004,76.229996
124.330002,95.800003,57.020004,76.229996
124.330002,95.800003,57.020004,76.229996
124.330002,95.800003,57.020004,76.229996
124.330002,95.800003,57.020004,76.229996
110.489998,62.885002,57.020004,76.229996
110.489998,62.885002,57.020004,76.229996
110.489998,62.885002,57.020004,76.229996
110.489998,62.885002,57.020004,76.229996
110.489998,62.885002,57.020004,76.229996
110.489998,62.885002,57.020004,76.229996
110.489998,62.885002,57.020004,76.229996
110.489998,62.885002,57.020004,76.229996
110.489998,62.885002,57.020004,76.229996
110.489998,62.885002,57.020004,76.229996
110.489998,62.885002,57.020004,76.229996
131.490005,69.885002,57.020004,76.229996
131.490005,69.885002,57.020004,76.229996
131.490005,69.885002,57.020004,76.229996
131.490005,69.885002,57.020004,76.229996
131.490005,69.885002,57.020004,76.229996
131.490005,69.885002,57.020004,76.229996
131.490005,69.885002,57.020004,76.229996
131.490005,69.885002,57.020004,76.229996
131.490005,69.885002,57.020004,76.229996
135.490005,47.885002,57.020004,76.229996
135.490005,47.885002,57.020004,76.229996
135.490005,47.885002,57.020004,76.229996
135.490005,47.885002,57.020004,76.229996
135.490005,47.885002,57.020004,76.229996
135.490005,47.885002,57.020004,76.229996
135.490005,47.885002,57.020004,76.229996
135.490005,47.885002,57.020004,76.229996
135.490005,47.885002,57.020004,76.229996
135.490005,47.885002,57.020004,76.229996
135.490005,47.885002,57.020004,76.229996
135.490005,47.885002,57.020004,76.229996
135.490005,47.885002,57.020004,76.229996
135.490005,47.885002,57.020004,76.229996
135.490005,47.885002,57.020004,76.229996
135.490005,47.885002,57.020004,76.229996
135.490005,47.885002,57.020004,76.229996
135.490005,47.885002,57.020004,76.229996
2
0
0
0
0
1
87.790001,143.990005,59.799995,52.539993
87.790001,143.990005,59.799995,52.539993
87.790001,143.990005,59.799995,52.539993
87.790001,143.990005,59.799995,52.539993
73.100006,145.730011,59.799995,52.539993
73.100006,145.730011,59.799995,52.539993
73.100006,145.730011,59.799995,52.539993
73.100006,145.730011,59.799995,52.539993
73.100006,145.730011,59.799995,52.539993
73.100006,145.730011,59.799995,52.539993
73.100006,145.730011,59.799995,52.539993
73.100006,145.730011,59.799995,52.539993
73.100006,145.730011,59.799995,52.539993
73.100006,145.730011,59.799995,52.539993
73.100006,145.730011,59.799995,52.539993
47.100002,155.730011,59.799995,52.539993
47.100002,155.730011,59.799995,52.539993
79.100006,148.730011,59.799995,52.539993
79.100006,148.730011,59.799995,52.539993
79.100006,148.730011,59.799995,52.539993
79.100006,148.730011,59.799995,52.539993
79.100006,148.730011,59.799995,52.539993
79.100006,148.730011,59.799995,52.539993
79.100006,148.730011,59.799995,52.539993
79.100006,148.730011,59.799995,52.539993
79.100006,148.730011,59.799995,52.539993
79.100006,148.730011,59.799995,52.539993
79.100006,148.730011,59.799995,52.539993
2
0
0
0
0
1
67.669998,65.919998,77.759995,78.460007
67.669998,65.919998,77.759995,78.460007
67.669998,65.919998,77.759995,78.460007
67.669998,65.919998,77.759995,78.460007
67.669998,65.919998,77.759995,78.460007
67.669998,65.919998,77.759995,78.460007
67.669998,65.919998,77.759995,78.460007
67.669998,65.919998,77.759995,78.460007
78.120003,43.769997,77.759995,78.460007
78.120003,43.769997,77.759995,78.460007
78.120003,43.769997,77.759995,78.460007
78.120003,43.769997,77.759995,78.460007
78.120003,43.769997,77.759995,78.460007
78.120003,43.769997,77.759995,78.460007
78.120003,43.769997,77.759995,78.460007
78.120003,43.769997,77.759995,78.460007
2
0
0
0
0
1
171.500000,101.800003,55.970001,66.619995
171.500000,101.800003,55.970001,66.619995
171.500000,101.800003,55.970001,66.619995
171.500000,101.800003,55.970001,66.619995
171.500000,101.800003,55.970001,66.619995
171.500000,101.800003,55.970001,66.619995
171.500000,101.800003,55.970001,66.619995
194.014999,88.690002,55.970001,66.619995
194.014999,88.690002,55.970001,66.619995
194.014999,88.690002,55.970001,66.619995
194.014999,88.690002,55.970001,66.619995
194.014999,88.690002,55.970001,66.619995
194.014999,88.690002,55.970001,66.619995
194.014999,88.690002,55.970001,66.619995
231.014999,100.690002,55.970001,66.619995
231.014999,100.690002,55.970001,66.619995
231.014999,100.690002,55.970001,66.619995
231.014999,100.690002,55.970001,66.619995
231.014999,100.690002,55.970001,66.619995
231.014999,100.690002,55.970001,66.619995
231.014999,100.690002,55.970001,66.619995
231.014999,100.690002,55.970001,66.619995
231.014999,100.690002,55.970001,66.619995
231.014999,100.690002,55.970001,66.619995
231.014999,100.690002,55.970001,66.619995
231.014999,100.690002,55.970001,66.619995
231.014999,100.690002,55.970001,66.619995
