1
111.650002,96.860001,27.749992,104.639999
111.650002,96.860001,27.749992,104.639999
111.650002,96.860001,27.749992,104.639999
111.650002,96.860001,27.749992,104.639999
97.125008,95.680000,27.749992,104.639999
97.125008,95.680000,27.749992,104.639999
97.125008,95.680000,27.749992,104.639999
97.125008,95.680000,27.749992,104.639999
97.125008,95.680000,27.749992,104.639999
97.125008,95.680000,27.749992,104.639999
97.125008,95.680000,27.749992,104.639999
97.125008,95.680000,27.749992,104.639999
97.125008,95.680000,27.749992,104.639999
97.125008,95.680000,27.749992,104.639999
97.125008,95.680000,27.749992,104.639999
97.125008,95.680000,27.749992,104.639999
97.125008,95.680000,27.749992,104.639999
97.125008,95.680000,27.749992,104.639999
97.125008,95.680000,27.749992,104.639999
97.125008,95.680000,27.749992,104.639999
97.125008,95.680000,27.749992,104.639999
97.125008,95.680000,27.749992,104.639999
97.125008,95.680000,27.749992,104.639999
97.125008,95.680000,27.749992,104.639999
97.125008,95.680000,27.749992,104.639999
97.125008,95.680000,27.749992,104.639999
97.125008,95.680000,27.749992,104.639999
97.125008,95.680000,27.749992,104.639999
97.125008,95.680000,27.749992,104.639999
97.125008,95.680000,27.749992,104.639999
89.125008,108.680000,27.749992,104.639999
89.125008,108.680000,27.749992,104.639999
89.125008,108.680000,27.749992,104.639999
89.125008,108.680000,27.749992,104.639999
89.125008,108.680000,27.749992,104.639999
89.125008,108.680000,27.749992,104.639999
89.125008,108.680000,27.749992,104.639999
89.125008,108.680000,27.749992,104.639999
89.125008,108.680000,27.749992,104.639999
89.125008,108.680000,27.749992,104.639999
89.125008,108.680000,27.749992,104.639999
89.125008,108.680000,27.749992,104.639999
89.125008,108.680000,27.749992,104.639999
89.125008,108.680000,27.749992,104.639999
89.125008,108.680000,27.749992,104.639999
89.125008,108.680000,27.749992,104.639999
89.125008,108.680000,27.749992,104.639999
89.125008,108.680000,27.749992,104.639999
89.125008,108.680000,27.749992,104.639999
89.125008,108.680000,27.749992,104.639999
89.125008,108.680000,27.749992,104.639999
89.125008,108.680000,27.749992,104.639999
89.125008,108.680000,27.749992,104.639999
89.125008,108.680000,27.749992,104.639999
89.125008,108.680000,27.749992,104.639999
89.125008,108.680000,27.749992,104.639999
89.125008,108.680000,27.749992,104.639999
89.125008,108.680000,27.749992,104.639999
89.125008,108.680000,27.749992,104.639999
89.125008,108.680000,27.749992,104.639999
89.125008,108.680000,27.749992,104.639999
89.125008,108.680000,27.749992,104.639999
89.125008,108.680000,27.749992,104.639999
89.125008,108.680000,27.749992,104.639999
2
0
0
0
0
1
121.070000,89.529999,37.269997,93.940002
121.070000,89.529999,37.269997,93.940002
107.364998,64.029999,37.269997,93.940002
107.364998,64.029999,37.269997,93.940002
107.364998,64.029999,37.269997,93.940002
107.364998,64.029999,37.269997,93.940002
96.364998,77.029999,37.269997,93.940002
96.364998,77.029999,37.269997,93.940002
96.364998,77.029999,37.269997,93.940002
74.364998,73.029999,37.269997,93.940002
74.364998,73.029999,37.269997,93.940002
2
0
0
0
0
1
106.959999,85.559998,37.049995,107.479996
106.959999,85.559998,37.049995,107.479996
106.959999,85.559998,37.049995,107.479996
106.959999,85.559998,37.049995,107.479996
122.475006,90.260002,37.049995,107.479996
122.475006,90.260002,37.049995,107.479996
122.475006,90.260002,37.049995,107.479996
122.475006,90.260002,37.049995,107.479996
122.475006,90.260002,37.049995,107.479996
122.475006,90.260002,37.049995,107.479996
109.475006,107.260002,37.049995,107.479996
109.475006,107.260002,37.049995,107.479996
109.475006,107.260002,37.049995,107.479996
109.475006,107.260002,37.049995,107.479996
123.475006,101.260002,37.049995,107.479996
123.475006,101.260002,37.049995,107.479996
123.475006,101.260002,37.049995,107.479996
123.475006,101.260002,37.049995,107.479996
107.475006,90.260002,37.049995,107.479996
107.475006,90.260002,37.049995,107.479996
107.475006,90.260002,37.049995,107.479996
120.475006,88.260002,37.049995,107.479996
106.475006,89.260002,37.049995,107.479996
106.475006,89.260002,37.049995,107.479996
106.475006,89.260002,37.049995,107.479996
94.475006,82.260002,37.049995,107.479996
94.475006,82.260002,37.049995,107.479996
81.475006,79.260002,37.049995,107.479996
81.475006,79.260002,37.049995,107.479996
97.475006,78.260002,37.049995,107.479996
97.475006,78.260002,37.049995,107.479996
97.475006,78.260002,37.049995,107.479996
97.475006,78.260002,37.049995,107.479996
97.475006,78.260002,37.049995,107.479996
97.475006,78.260002,37.049995,107.479996
97.475006,78.260002,37.049995,107.479996
97.475006,78.260002,37.049995,107.479996
97.475006,78.260002,37.049995,107.479996
97.475006,78.260002,37.049995,107.479996
114.475006,94.260002,37.049995,107.479996
114.475006,94.260002,37.049995,107.479996
114.475006,94.260002,37.049995,107.479996
114.475006,94.260002,37.049995,107.479996
114.475006,94.260002,37.049995,107.479996
114.475006,94.260002,37.049995,107.479996
114.475006,94.260002,37.049995,107.479996
114.475006,94.260002,37.049995,107.479996
128.475006,113.260002,37.049995,107.479996
128.475006,113.260002,37.049995,107.479996
128.475006,113.260002,37.049995,107.479996
112.475006,127.260002,37.049995,107.479996
112.475006,127.260002,37.049995,107.479996
112.475006,127.260002,37.049995,107.479996
112.475006,127.260002,37.049995,107.479996
119.475006,94.260002,37.049995,107.479996
105.475006,122.260002,37.049995,107.479996
105.475006,122.260002,37.049995,107.479996
105.475006,122.260002,37.049995,107.479996
105.475006,122.260002,37.049995,107.479996
118.475006,100.260002,37.049995,107.479996
134.475006,126.260002,37.049995,107.479996
115.475006,122.260002,37.049995,107.479996
115.475006,122.260002,37.049995,107.479996
115.475006,122.260002,37.049995,107.479996
115.475006,122.260002,37.049995,107.479996
115.475006,122.260002,37.049995,107.479996
128.475006,112.260002,37.049995,107.479996
110.475006,99.260002,37.049995,107.479996
110.475006,99.260002,37.049995,107.479996
129.475006,108.260002,37.049995,107.479996
111.475006,105.260002,37.049995,107.479996
111.475006,105.260002,37.049995,107.479996
111.475006,105.260002,37.049995,107.479996
111.475006,105.260002,37.049995,107.479996
111.475006,105.260002,37.049995,107.479996
111.475006,105.260002,37.049995,107.479996
123.475006,102.260002,37.049995,107.479996
135.475006,89.260002,37.049995,107.479996
135.475006,89.260002,37.049995,107.479996
135.475006,89.260002,37.049995,107.479996
135.475006,89.260002,37.049995,107.479996
135.475006,89.260002,37.049995,107.479996
135.475006,89.260002,37.049995,107.479996
135.475006,89.260002,37.049995,107.479996
135.475006,89.260002,37.049995,107.479996
135.475006,89.260002,37.049995,107.479996
123.475006,107.260002,37.049995,107.479996
123.475006,107.260002,37.049995,107.479996
123.475006,107.260002,37.049995,107.479996
123.475006,107.260002,37.049995,107.479996
123.475006,107.260002,37.049995,107.479996
123.475006,107.260002,37.049995,107.479996
111.475006,99.260002,37.049995,107.479996
111.475006,99.260002,37.049995,107.479996
111.475006,99.260002,37.049995,107.479996
127.475006,98.260002,37.049995,107.479996
127.475006,98.260002,37.049995,107.479996
127.475006,98.260002,37.049995,107.479996
99.475006,130.259995,37.049995,107.479996
100.475006,101.260002,37.049995,107.479996
100.475006,101.260002,37.049995,107.479996
100.475006,101.260002,37.049995,107.479996
88.475006,89.260002,37.049995,107.479996
88.475006,89.260002,37.049995,107.479996
88.475006,89.260002,37.049995,107.479996
88.475006,89.260002,37.049995,107.479996
105.475006,91.260002,37.049995,107.479996
120.475006,117.260002,37.049995,107.479996
110.475006,98.260002,37.049995,107.479996
110.475006,98.260002,37.049995,107.479996
110.475006,98.260002,37.049995,107.479996
110.475006,98.260002,37.049995,107.479996
110.475006,98.260002,37.049995,107.479996
129.475006,96.260002,37.049995,107.479996
129.475006,96.260002,37.049995,107.479996
129.475006,96.260002,37.049995,107.479996
129.475006,96.260002,37.049995,107.479996
140.475006,113.260002,37.049995,107.479996
140.475006,113.260002,37.049995,107.479996
140.475006,113.260002,37.049995,107.479996
140.475006,113.260002,37.049995,107.479996
140.475006,113.260002,37.049995,107.479996
140.475006,113.260002,37.049995,107.479996
151.475006,114.260002,37.049995,107.479996
151.475006,114.260002,37.049995,107.479996
132.475006,127.260002,37.049995,107.479996
132.475006,127.260002,37.049995,107.479996
132.475006,127.260002,37.049995,107.479996
132.475006,127.260002,37.049995,107.479996
119.475006,138.259995,37.049995,107.479996
119.475006,138.259995,37.049995,107.479996
119.475006,138.259995,37.049995,107.479996
119.475006,138.259995,37.049995,107.479996
106.475006,139.259995,37.049995,107.479996
106.475006,139.259995,37.049995,107.479996
106.475006,139.259995,37.049995,107.479996
106.475006,139.259995,37.049995,107.479996
106.475006,139.259995,37.049995,107.479996
111.475006,109.260002,37.049995,107.479996
111.475006,109.260002,37.049995,107.479996
111.475006,109.260002,37.049995,107.479996
111.475006,109.260002,37.049995,107.479996
91.475006,110.260002,37.049995,107.479996
107.475006,129.259995,37.049995,107.479996
107.475006,129.259995,37.049995,107.479996
89.475006,112.260002,37.049995,107.479996
89.475006,112.260002,37.049995,107.479996
100.475006,92.260002,37.049995,107.479996
100.475006,92.260002,37.049995,107.479996
100.475006,92.260002,37.049995,107.479996
100.475006,92.260002,37.049995,107.479996
85.475006,107.260002,37.049995,107.479996
97.475006,92.260002,37.049995,107.479996
97.475006,92.260002,37.049995,107.479996
97.475006,92.260002,37.049995,107.479996
97.475006,92.260002,37.049995,107.479996
97.475006,92.260002,37.049995,107.479996
97.475006,92.260002,37.049995,107.479996
109.475006,102.260002,37.049995,107.479996
96.475006,92.260002,37.049995,107.479996
96.475006,92.260002,37.049995,107.479996
96.475006,92.260002,37.049995,107.479996
96.475006,92.260002,37.049995,107.479996
109.475006,120.260002,37.049995,107.479996
109.475006,120.260002,37.049995,107.479996
109.475006,120.260002,37.049995,107.479996
109.475006,120.260002,37.049995,107.479996
109.475006,120.260002,37.049995,107.479996
109.475006,120.260002,37.049995,107.479996
109.475006,120.260002,37.049995,107.479996
109.475006,120.260002,37.049995,107.479996
109.475006,120.260002,37.049995,107.479996
135.475006,135.259995,37.049995,107.479996
135.475006,135.259995,37.049995,107.479996
135.475006,135.259995,37.049995,107.479996
120.475006,141.259995,37.049995,107.479996
120.475006,141.259995,37.049995,107.479996
102.475006,136.259995,37.049995,107.479996
102.475006,136.259995,37.049995,107.479996
102.475006,136.259995,37.049995,107.479996
113.475006,140.259995,37.049995,107.479996
113.475006,140.259995,37.049995,107.479996
113.475006,140.259995,37.049995,107.479996
113.475006,140.259995,37.049995,107.479996
113.475006,140.259995,37.049995,107.479996
98.475006,115.260002,37.049995,107.479996
110.475006,133.259995,37.049995,107.479996
97.475006,131.259995,37.049995,107.479996
97.475006,131.259995,37.049995,107.479996
116.475006,112.260002,37.049995,107.479996
116.475006,112.260002,37.049995,107.479996
90.475006,128.259995,37.049995,107.479996
90.475006,128.259995,37.049995,107.479996
90.475006,128.259995,37.049995,107.479996
101.475006,117.260002,37.049995,107.479996
101.475006,117.260002,37.049995,107.479996
101.475006,117.260002,37.049995,107.479996
101.475006,117.260002,37.049995,107.479996
89.475006,104.260002,37.049995,107.479996
89.475006,104.260002,37.049995,107.479996
89.475006,104.260002,37.049995,107.479996
89.475006,104.260002,37.049995,107.479996
99.475006,156.259995,37.049995,107.479996
99.475006,156.259995,37.049995,107.479996
99.475006,156.259995,37.049995,107.479996
112.475006,175.259995,37.049995,107.479996
112.475006,175.259995,37.049995,107.479996
112.475006,175.259995,37.049995,107.479996
112.475006,175.259995,37.049995,107.479996
112.475006,175.259995,37.049995,107.479996
112.475006,175.259995,37.049995,107.479996
112.475006,175.259995,37.049995,107.479996
112.475006,175.259995,37.049995,107.479996
112.475006,175.259995,37.049995,107.479996
112.475006,175.259995,37.049995,107.479996
112.475006,175.259995,37.049995,107.479996
112.475006,175.259995,37.049995,107.479996
112.475006,175.259995,37.049995,107.479996
112.475006,175.259995,37.049995,107.479996
