1
111.260002,89.080002,29.870003,107.619995
111.260002,89.080002,29.870003,107.619995
99.064995,89.190002,29.870003,107.619995
99.064995,89.190002,29.870003,107.619995
99.064995,89.190002,29.870003,107.619995
99.064995,89.190002,29.870003,107.619995
99.064995,89.190002,29.870003,107.619995
99.064995,89.190002,29.870003,107.619995
99.064995,89.190002,29.870003,107.619995
99.064995,89.190002,29.870003,107.619995
99.064995,89.190002,29.870003,107.619995
99.064995,89.190002,29.870003,107.619995
99.064995,89.190002,29.870003,107.619995
99.064995,89.190002,29.870003,107.619995
99.064995,89.190002,29.870003,107.619995
99.064995,89.190002,29.870003,107.619995
99.064995,89.190002,29.870003,107.619995
99.064995,89.190002,29.870003,107.619995
99.064995,89.190002,29.870003,107.619995
99.064995,89.190002,29.870003,107.619995
99.064995,89.190002,29.870003,107.619995
99.064995,89.190002,29.870003,107.619995
99.064995,89.190002,29.870003,107.619995
99.064995,89.190002,29.870003,107.619995
99.064995,89.190002,29.870003,107.619995
99.064995,89.190002,29.870003,107.619995
99.064995,89.190002,29.870003,107.619995
99.064995,89.190002,29.870003,107.619995
99.064995,89.190002,29.870003,107.619995
99.064995,89.190002,29.870003,107.619995
99.064995,89.190002,29.870003,107.619995
99.064995,89.190002,29.870003,107.619995
99.064995,89.190002,29.870003,107.619995
99.064995,89.190002,29.870003,107.619995
99.064995,89.190002,29.870003,107.619995
99.064995,89.190002,29.870003,107.619995
99.064995,89.190002,29.870003,107.619995
99.064995,89.190002,29.870003,107.619995
99.064995,89.190002,29.870003,107.619995
99.064995,89.190002,29.870003,107.619995
99.064995,89.190002,29.870003,107.619995
99.064995,89.190002,29.870003,107.619995
99.064995,89.190002,29.870003,107.619995
99.064995,89.190002,29.870003,107.619995
99.064995,89.190002,29.870003,107.619995
99.064995,89.190002,29.870003,107.619995
99.064995,89.190002,29.870003,107.619995
99.064995,89.190002,29.870003,107.619995
99.064995,89.190002,29.870003,107.619995
99.064995,89.190002,29.870003,107.619995
99.064995,89.190002,29.870003,107.619995
99.064995,89.190002,29.870003,107.619995
99.064995,89.190002,29.870003,107.619995
99.064995,89.190002,29.870003,107.619995
99.064995,89.190002,29.870003,107.619995
99.064995,89.190002,29.870003,107.619995
99.064995,89.190002,29.870003,107.619995
99.064995,89.190002,29.870003,107.619995
99.064995,89.190002,29.870003,107.619995
99.064995,89.190002,29.870003,107.619995
99.064995,89.190002,29.870003,107.619995
99.064995,89.190002,29.870003,107.619995
99.064995,89.190002,29.870003,107.619995
99.064995,89.190002,29.870003,107.619995
99.064995,89.190002,29.870003,107.619995
99.064995,89.190002,29.870003,107.619995
99.064995,89.190002,29.870003,107.619995
99.064995,89.190002,29.870003,107.619995
99.064995,89.190002,29.870003,107.619995
99.064995,89.190002,29.870003,107.619995
2
0
0
0
0
1
123.010002,82.059998,29.919991,125.160004
123.010002,82.059998,29.919991,125.160004
123.010002,82.059998,29.919991,125.160004
123.010002,82.059998,29.919991,125.160004
123.010002,82.059998,29.919991,125.160004
123.010002,82.059998,29.919991,125.160004
123.010002,82.059998,29.919991,125.160004
123.010002,82.059998,29.919991,125.160004
123.010002,82.059998,29.919991,125.160004
123.010002,82.059998,29.919991,125.160004
123.010002,82.059998,29.919991,125.160004
123.010002,82.059998,29.919991,125.160004
2
0
0
0
0
1
122.660004,91.059998,37.889999,113.510010
122.660004,91.059998,37.889999,113.510010
122.660004,91.059998,37.889999,113.510010
122.660004,91.059998,37.889999,113.510010
122.660004,91.059998,37.889999,113.510010
122.660004,91.059998,37.889999,113.510010
108.055000,98.244995,37.889999,113.510010
121.055000,97.244995,37.889999,113.510010
121.055000,97.244995,37.889999,113.510010
107.055000,80.244995,37.889999,113.510010
107.055000,80.244995,37.889999,113.510010
107.055000,80.244995,37.889999,113.510010
107.055000,80.244995,37.889999,113.510010
124.055000,91.244995,37.889999,113.510010
124.055000,91.244995,37.889999,113.510010
124.055000,91.244995,37.889999,113.510010
98.055000,83.244995,37.889999,113.510010
98.055000,83.244995,37.889999,113.510010
98.055000,83.244995,37.889999,113.510010
98.055000,83.244995,37.889999,113.510010
98.055000,83.244995,37.889999,113.510010
83.055000,91.244995,37.889999,113.510010
95.055000,96.244995,37.889999,113.510010
82.055000,91.244995,37.889999,113.510010
82.055000,91.244995,37.889999,113.510010
96.055000,101.244995,37.889999,113.510010
96.055000,101.244995,37.889999,113.510010
96.055000,101.244995,37.889999,113.510010
96.055000,101.244995,37.889999,113.510010
96.055000,101.244995,37.889999,113.510010
111.055000,106.244995,37.889999,113.510010
111.055000,106.244995,37.889999,113.510010
111.055000,106.244995,37.889999,113.510010
111.055000,106.244995,37.889999,113.510010
111.055000,106.244995,37.889999,113.510010
111.055000,106.244995,37.889999,113.510010
111.055000,106.244995,37.889999,113.510010
111.055000,106.244995,37.889999,113.510010
111.055000,106.244995,37.889999,113.510010
123.055000,106.244995,37.889999,113.510010
123.055000,106.244995,37.889999,113.510010
123.055000,106.244995,37.889999,113.510010
123.055000,106.244995,37.889999,113.510010
123.055000,106.244995,37.889999,113.510010
123.055000,106.244995,37.889999,113.510010
123.055000,106.244995,37.889999,113.510010
103.055000,130.244995,37.889999,113.510010
103.055000,130.244995,37.889999,113.510010
103.055000,130.244995,37.889999,113.510010
113.055000,123.244995,37.889999,113.510010
113.055000,123.244995,37.889999,113.510010
130.055008,136.244995,37.889999,113.510010
130.055008,136.244995,37.889999,113.510010
130.055008,136.244995,37.889999,113.510010
130.055008,136.244995,37.889999,113.510010
130.055008,136.244995,37.889999,113.510010
130.055008,136.244995,37.889999,113.510010
130.055008,136.244995,37.889999,113.510010
130.055008,136.244995,37.889999,113.510010
130.055008,136.244995,37.889999,113.510010
130.055008,136.244995,37.889999,113.510010
115.055000,81.244995,37.889999,113.510010
128.055008,123.244995,37.889999,113.510010
128.055008,123.244995,37.889999,113.510010
128.055008,123.244995,37.889999,113.510010
112.055000,99.244995,37.889999,113.510010
112.055000,99.244995,37.889999,113.510010
125.055000,104.244995,37.889999,113.510010
125.055000,104.244995,37.889999,113.510010
125.055000,104.244995,37.889999,113.510010
125.055000,104.244995,37.889999,113.510010
125.055000,104.244995,37.889999,113.510010
125.055000,104.244995,37.889999,113.510010
125.055000,104.244995,37.889999,113.510010
136.055008,118.244995,37.889999,113.510010
136.055008,118.244995,37.889999,113.510010
136.055008,118.244995,37.889999,113.510010
136.055008,118.244995,37.889999,113.510010
136.055008,118.244995,37.889999,113.510010
136.055008,118.244995,37.889999,113.510010
115.055000,107.244995,37.889999,113.510010
115.055000,107.244995,37.889999,113.510010
115.055000,107.244995,37.889999,113.510010
115.055000,107.244995,37.889999,113.510010
115.055000,107.244995,37.889999,113.510010
115.055000,107.244995,37.889999,113.510010
115.055000,107.244995,37.889999,113.510010
115.055000,107.244995,37.889999,113.510010
115.055000,107.244995,37.889999,113.510010
130.055008,114.244995,37.889999,113.510010
130.055008,114.244995,37.889999,113.510010
101.055000,117.244995,37.889999,113.510010
101.055000,117.244995,37.889999,113.510010
101.055000,117.244995,37.889999,113.510010
101.055000,117.244995,37.889999,113.510010
101.055000,117.244995,37.889999,113.510010
113.055000,96.244995,37.889999,113.510010
113.055000,96.244995,37.889999,113.510010
113.055000,96.244995,37.889999,113.510010
113.055000,96.244995,37.889999,113.510010
113.055000,96.244995,37.889999,113.510010
113.055000,96.244995,37.889999,113.510010
113.055000,96.244995,37.889999,113.510010
113.055000,96.244995,37.889999,113.510010
113.055000,96.244995,37.889999,113.510010
113.055000,96.244995,37.889999,113.510010
113.055000,96.244995,37.889999,113.510010
113.055000,96.244995,37.889999,113.510010
134.055008,96.244995,37.889999,113.510010
134.055008,96.244995,37.889999,113.510010
149.055008,116.244995,37.889999,113.510010
149.055008,116.244995,37.889999,113.510010
149.055008,116.244995,37.889999,113.510010
127.055000,105.244995,37.889999,113.510010
127.055000,105.244995,37.889999,113.510010
127.055000,105.244995,37.889999,113.510010
127.055000,105.244995,37.889999,113.510010
127.055000,105.244995,37.889999,113.510010
127.055000,105.244995,37.889999,113.510010
127.055000,105.244995,37.889999,113.510010
127.055000,105.244995,37.889999,113.510010
141.055008,146.244995,37.889999,113.510010
141.055008,146.244995,37.889999,113.510010
141.055008,146.244995,37.889999,113.510010
120.055000,157.244995,37.889999,113.510010
120.055000,157.244995,37.889999,113.510010
120.055000,157.244995,37.889999,113.510010
120.055000,157.244995,37.889999,113.510010
120.055000,157.244995,37.889999,113.510010
120.055000,157.244995,37.889999,113.510010
120.055000,157.244995,37.889999,113.510010
120.055000,157.244995,37.889999,113.510010
120.055000,157.244995,37.889999,113.510010
120.055000,157.244995,37.889999,113.510010
120.055000,157.244995,37.889999,113.510010
120.055000,157.244995,37.889999,113.510010
120.055000,157.244995,37.889999,113.510010
120.055000,157.244995,37.889999,113.510010
120.055000,157.244995,37.889999,113.510010
118.055000,127.244995,37.889999,113.510010
102.055000,95.244995,37.889999,113.510010
102.055000,95.244995,37.889999,113.510010
102.055000,95.244995,37.889999,113.510010
83.055000,99.244995,37.889999,113.510010
83.055000,99.244995,37.889999,113.510010
83.055000,99.244995,37.889999,113.510010
98.055000,103.244995,37.889999,113.510010
98.055000,103.244995,37.889999,113.510010
98.055000,103.244995,37.889999,113.510010
98.055000,103.244995,37.889999,113.510010
98.055000,103.244995,37.889999,113.510010
98.055000,103.244995,37.889999,113.510010
98.055000,103.244995,37.889999,113.510010
98.055000,103.244995,37.889999,113.510010
118.055000,132.244995,37.889999,113.510010
118.055000,132.244995,37.889999,113.510010
118.055000,132.244995,37.889999,113.510010
118.055000,132.244995,37.889999,113.510010
118.055000,132.244995,37.889999,113.510010
118.055000,132.244995,37.889999,113.510010
118.055000,132.244995,37.889999,113.510010
118.055000,132.244995,37.889999,113.510010
118.055000,132.244995,37.889999,113.510010
118.055000,132.244995,37.889999,113.510010
118.055000,132.244995,37.889999,113.510010
118.055000,132.244995,37.889999,113.510010
140.055008,136.244995,37.889999,113.510010
140.055008,136.244995,37.889999,113.510010
126.055000,146.244995,37.889999,113.510010
126.055000,146.244995,37.889999,113.510010
126.055000,146.244995,37.889999,113.510010
109.055000,161.244995,37.889999,113.510010
109.055000,161.244995,37.889999,113.510010
109.055000,161.244995,37.889999,113.510010
109.055000,161.244995,37.889999,113.510010
109.055000,161.244995,37.889999,113.510010
109.055000,161.244995,37.889999,113.510010
109.055000,161.244995,37.889999,113.510010
109.055000,161.244995,37.889999,113.510010
109.055000,161.244995,37.889999,113.510010
109.055000,161.244995,37.889999,113.510010
109.055000,161.244995,37.889999,113.510010
109.055000,161.244995,37.889999,113.510010
109.055000,161.244995,37.889999,113.510010
109.055000,161.244995,37.889999,113.510010
109.055000,161.244995,37.889999,113.510010
109.055000,161.244995,37.889999,113.510010
109.055000,161.244995,37.889999,113.510010
109.055000,161.244995,37.889999,113.510010
109.055000,161.244995,37.889999,113.510010
109.055000,161.244995,37.889999,113.510010
109.055000,161.244995,37.889999,113.510010
109.055000,161.244995,37.889999,113.510010
109.055000,161.244995,37.889999,113.510010
109.055000,161.244995,37.889999,113.510010
109.055000,161.244995,37.889999,113.510010
109.055000,161.244995,37.889999,113.510010
109.055000,161.244995,37.889999,113.510010
109.055000,161.244995,37.889999,113.510010
109.055000,161.244995,37.889999,113.510010
109.055000,161.244995,37.889999,113.510010
109.055000,161.244995,37.889999,113.510010
109.055000,161.244995,37.889999,113.510010
109.055000,161.244995,37.889999,113.510010
109.055000,161.244995,37.889999,113.510010
109.055000,161.244995,37.889999,113.510010
109.055000,161.244995,37.889999,113.510010
109.055000,161.244995,37.889999,113.510010
109.055000,161.244995,37.889999,113.510010
109.055000,161.244995,37.889999,113.510010
109.055000,161.244995,37.889999,113.510010
109.055000,161.244995,37.889999,113.510010
