1
108.519997,89.470001,29.390007,105.899994
108.519997,89.470001,29.390007,105.899994
108.519997,89.470001,29.390007,105.899994
108.519997,89.470001,29.390007,105.899994
108.519997,89.470001,29.390007,105.899994
108.519997,89.470001,29.390007,105.899994
108.519997,89.470001,29.390007,105.899994
108.519997,89.470001,29.390007,105.899994
108.519997,89.470001,29.390007,105.899994
108.519997,89.470001,29.390007,105.899994
108.519997,89.470001,29.390007,105.899994
108.519997,89.470001,29.390007,105.899994
108.519997,89.470001,29.390007,105.899994
76.305000,112.050003,29.390007,105.899994
76.305000,112.050003,29.390007,105.899994
90.305000,103.050003,29.390007,105.899994
90.305000,103.050003,29.390007,105.899994
99.305000,119.050003,29.390007,105.899994
99.305000,119.050003,29.390007,105.899994
78.305000,105.050003,29.390007,105.899994
78.305000,105.050003,29.390007,105.899994
78.305000,105.050003,29.390007,105.899994
78.305000,105.050003,29.390007,105.899994
86.305000,107.050003,29.390007,105.899994
86.305000,107.050003,29.390007,105.899994
86.305000,107.050003,29.390007,105.899994
86.305000,107.050003,29.390007,105.899994
96.305000,117.050003,29.390007,105.899994
96.305000,117.050003,29.390007,105.899994
96.305000,117.050003,29.390007,105.899994
96.305000,117.050003,29.390007,105.899994
96.305000,117.050003,29.390007,105.899994
96.305000,117.050003,29.390007,105.899994
96.305000,117.050003,29.390007,105.899994
96.305000,117.050003,29.390007,105.899994
96.305000,117.050003,29.390007,105.899994
96.305000,117.050003,29.390007,105.899994
96.305000,117.050003,29.390007,105.899994
96.305000,117.050003,29.390007,105.899994
96.305000,117.050003,29.390007,105.899994
96.305000,117.050003,29.390007,105.899994
96.305000,117.050003,29.390007,105.899994
96.305000,117.050003,29.390007,105.899994
96.305000,117.050003,29.390007,105.899994
96.305000,117.050003,29.390007,105.899994
83.305000,112.050003,29.390007,105.899994
83.305000,112.050003,29.390007,105.899994
92.305000,122.050003,29.390007,105.899994
92.305000,122.050003,29.390007,105.899994
92.305000,122.050003,29.390007,105.899994
67.305000,109.050003,29.390007,105.899994
67.305000,109.050003,29.390007,105.899994
67.305000,109.050003,29.390007,105.899994
75.305000,105.050003,29.390007,105.899994
75.305000,105.050003,29.390007,105.899994
75.305000,105.050003,29.390007,105.899994
89.305000,126.050003,29.390007,105.899994
89.305000,126.050003,29.390007,105.899994
89.305000,126.050003,29.390007,105.899994
89.305000,126.050003,29.390007,105.899994
89.305000,126.050003,29.390007,105.899994
104.305000,91.050003,29.390007,105.899994
104.305000,91.050003,29.390007,105.899994
104.305000,91.050003,29.390007,105.899994
94.305000,116.050003,29.390007,105.899994
94.305000,116.050003,29.390007,105.899994
94.305000,116.050003,29.390007,105.899994
94.305000,116.050003,29.390007,105.899994
94.305000,116.050003,29.390007,105.899994
2
0
0
0
0
1
120.320000,94.959999,30.159996,85.209999
120.320000,94.959999,30.159996,85.209999
120.320000,94.959999,30.159996,85.209999
120.320000,94.959999,30.159996,85.209999
120.320000,94.959999,30.159996,85.209999
2
0
0
0
0
1
106.230003,80.989998,35.749992,103.540001
106.230003,80.989998,35.749992,103.540001
106.230003,80.989998,35.749992,103.540001
119.125008,87.229996,35.749992,103.540001
119.125008,87.229996,35.749992,103.540001
119.125008,87.229996,35.749992,103.540001
119.125008,87.229996,35.749992,103.540001
119.125008,87.229996,35.749992,103.540001
132.125000,93.229996,35.749992,103.540001
132.125000,93.229996,35.749992,103.540001
132.125000,93.229996,35.749992,103.540001
132.125000,93.229996,35.749992,103.540001
132.125000,93.229996,35.749992,103.540001
132.125000,93.229996,35.749992,103.540001
114.125008,87.229996,35.749992,103.540001
123.125008,71.229996,35.749992,103.540001
123.125008,71.229996,35.749992,103.540001
123.125008,71.229996,35.749992,103.540001
108.125008,86.229996,35.749992,103.540001
108.125008,86.229996,35.749992,103.540001
108.125008,86.229996,35.749992,103.540001
108.125008,86.229996,35.749992,103.540001
108.125008,86.229996,35.749992,103.540001
108.125008,86.229996,35.749992,103.540001
108.125008,86.229996,35.749992,103.540001
108.125008,86.229996,35.749992,103.540001
108.125008,86.229996,35.749992,103.540001
108.125008,86.229996,35.749992,103.540001
108.125008,86.229996,35.749992,103.540001
84.125008,75.229996,35.749992,103.540001
84.125008,75.229996,35.749992,103.540001
84.125008,75.229996,35.749992,103.540001
84.125008,75.229996,35.749992,103.540001
94.125008,91.229996,35.749992,103.540001
94.125008,91.229996,35.749992,103.540001
104.125008,89.229996,35.749992,103.540001
104.125008,89.229996,35.749992,103.540001
104.125008,89.229996,35.749992,103.540001
114.125008,91.229996,35.749992,103.540001
114.125008,91.229996,35.749992,103.540001
114.125008,91.229996,35.749992,103.540001
124.125008,98.229996,35.749992,103.540001
124.125008,98.229996,35.749992,103.540001
124.125008,98.229996,35.749992,103.540001
105.125008,81.229996,35.749992,103.540001
105.125008,81.229996,35.749992,103.540001
105.125008,81.229996,35.749992,103.540001
122.125008,104.229996,35.749992,103.540001
122.125008,104.229996,35.749992,103.540001
122.125008,104.229996,35.749992,103.540001
122.125008,104.229996,35.749992,103.540001
110.125008,105.229996,35.749992,103.540001
110.125008,105.229996,35.749992,103.540001
110.125008,105.229996,35.749992,103.540001
110.125008,105.229996,35.749992,103.540001
110.125008,105.229996,35.749992,103.540001
110.125008,105.229996,35.749992,103.540001
110.125008,105.229996,35.749992,103.540001
110.125008,105.229996,35.749992,103.540001
110.125008,105.229996,35.749992,103.540001
110.125008,105.229996,35.749992,103.540001
110.125008,105.229996,35.749992,103.540001
110.125008,105.229996,35.749992,103.540001
110.125008,105.229996,35.749992,103.540001
110.125008,105.229996,35.749992,103.540001
110.125008,105.229996,35.749992,103.540001
110.125008,105.229996,35.749992,103.540001
128.125000,87.229996,35.749992,103.540001
128.125000,87.229996,35.749992,103.540001
136.125000,97.229996,35.749992,103.540001
136.125000,97.229996,35.749992,103.540001
136.125000,97.229996,35.749992,103.540001
116.125008,77.229996,35.749992,103.540001
116.125008,77.229996,35.749992,103.540001
116.125008,77.229996,35.749992,103.540001
116.125008,77.229996,35.749992,103.540001
116.125008,77.229996,35.749992,103.540001
116.125008,77.229996,35.749992,103.540001
116.125008,77.229996,35.749992,103.540001
116.125008,77.229996,35.749992,103.540001
128.125000,82.229996,35.749992,103.540001
128.125000,82.229996,35.749992,103.540001
128.125000,82.229996,35.749992,103.540001
128.125000,82.229996,35.749992,103.540001
128.125000,82.229996,35.749992,103.540001
140.125000,112.229996,35.749992,103.540001
140.125000,112.229996,35.749992,103.540001
140.125000,112.229996,35.749992,103.540001
113.125008,107.229996,35.749992,103.540001
113.125008,107.229996,35.749992,103.540001
123.125008,99.229996,35.749992,103.540001
133.125000,105.229996,35.749992,103.540001
133.125000,105.229996,35.749992,103.540001
133.125000,105.229996,35.749992,103.540001
133.125000,105.229996,35.749992,103.540001
133.125000,105.229996,35.749992,103.540001
113.125008,100.229996,35.749992,103.540001
113.125008,100.229996,35.749992,103.540001
98.125008,107.229996,35.749992,103.540001
98.125008,107.229996,35.749992,103.540001
98.125008,107.229996,35.749992,103.540001
98.125008,107.229996,35.749992,103.540001
98.125008,107.229996,35.749992,103.540001
98.125008,107.229996,35.749992,103.540001
98.125008,107.229996,35.749992,103.540001
98.125008,107.229996,35.749992,103.540001
108.125008,90.229996,35.749992,103.540001
108.125008,90.229996,35.749992,103.540001
108.125008,90.229996,35.749992,103.540001
108.125008,90.229996,35.749992,103.540001
118.125008,94.229996,35.749992,103.540001
128.125000,100.229996,35.749992,103.540001
138.125000,91.229996,35.749992,103.540001
138.125000,91.229996,35.749992,103.540001
118.125008,83.229996,35.749992,103.540001
118.125008,83.229996,35.749992,103.540001
118.125008,83.229996,35.749992,103.540001
118.125008,83.229996,35.749992,103.540001
118.125008,83.229996,35.749992,103.540001
118.125008,83.229996,35.749992,103.540001
118.125008,83.229996,35.749992,103.540001
134.125000,85.229996,35.749992,103.540001
134.125000,85.229996,35.749992,103.540001
134.125000,85.229996,35.749992,103.540001
134.125000,85.229996,35.749992,103.540001
134.125000,85.229996,35.749992,103.540001
127.125008,121.229996,35.749992,103.540001
127.125008,121.229996,35.749992,103.540001
140.125000,117.229996,35.749992,103.540001
140.125000,117.229996,35.749992,103.540001
140.125000,117.229996,35.749992,103.540001
140.125000,117.229996,35.749992,103.540001
140.125000,117.229996,35.749992,103.540001
140.125000,117.229996,35.749992,103.540001
135.125000,146.229996,35.749992,103.540001
135.125000,146.229996,35.749992,103.540001
135.125000,146.229996,35.749992,103.540001
107.125008,113.229996,35.749992,103.540001
107.125008,113.229996,35.749992,103.540001
107.125008,113.229996,35.749992,103.540001
107.125008,113.229996,35.749992,103.540001
107.125008,113.229996,35.749992,103.540001
107.125008,113.229996,35.749992,103.540001
107.125008,113.229996,35.749992,103.540001
107.125008,113.229996,35.749992,103.540001
107.125008,113.229996,35.749992,103.540001
93.125008,114.229996,35.749992,103.540001
93.125008,114.229996,35.749992,103.540001
93.125008,114.229996,35.749992,103.540001
93.125008,114.229996,35.749992,103.540001
93.125008,114.229996,35.749992,103.540001
93.125008,114.229996,35.749992,103.540001
93.125008,114.229996,35.749992,103.540001
93.125008,114.229996,35.749992,103.540001
93.125008,114.229996,35.749992,103.540001
93.125008,114.229996,35.749992,103.540001
103.125008,94.229996,35.749992,103.540001
103.125008,94.229996,35.749992,103.540001
103.125008,94.229996,35.749992,103.540001
103.125008,94.229996,35.749992,103.540001
103.125008,94.229996,35.749992,103.540001
103.125008,94.229996,35.749992,103.540001
111.125008,111.229996,35.749992,103.540001
111.125008,111.229996,35.749992,103.540001
111.125008,111.229996,35.749992,103.540001
111.125008,111.229996,35.749992,103.540001
111.125008,111.229996,35.749992,103.540001
111.125008,111.229996,35.749992,103.540001
111.125008,111.229996,35.749992,103.540001
111.125008,111.229996,35.749992,103.540001
111.125008,111.229996,35.749992,103.540001
111.125008,111.229996,35.749992,103.540001
111.125008,111.229996,35.749992,103.540001
125.125008,112.229996,35.749992,103.540001
125.125008,112.229996,35.749992,103.540001
125.125008,112.229996,35.749992,103.540001
125.125008,143.229996,35.749992,103.540001
125.125008,143.229996,35.749992,103.540001
105.125008,127.229996,35.749992,103.540001
105.125008,127.229996,35.749992,103.540001
105.125008,127.229996,35.749992,103.540001
105.125008,127.229996,35.749992,103.540001
105.125008,127.229996,35.749992,103.540001
105.125008,127.229996,35.749992,103.540001
105.125008,127.229996,35.749992,103.540001
105.125008,127.229996,35.749992,103.540001
105.125008,127.229996,35.749992,103.540001
105.125008,127.229996,35.749992,103.540001
105.125008,127.229996,35.749992,103.540001
105.125008,127.229996,35.749992,103.540001
105.125008,127.229996,35.749992,103.540001
105.125008,127.229996,35.749992,103.540001
105.125008,127.229996,35.749992,103.540001
105.125008,127.229996,35.749992,103.540001
113.125008,100.229996,35.749992,103.540001
113.125008,100.229996,35.749992,103.540001
113.125008,100.229996,35.749992,103.540001
113.125008,100.229996,35.749992,103.540001
113.125008,100.229996,35.749992,103.540001
113.125008,100.229996,35.749992,103.540001
113.125008,100.229996,35.749992,103.540001
113.125008,100.229996,35.749992,103.540001
113.125008,100.229996,35.749992,103.540001
113.125008,100.229996,35.749992,103.540001
113.125008,100.229996,35.749992,103.540001
113.125008,100.229996,35.749992,103.540001
113.125008,100.229996,35.749992,103.540001
113.125008,100.229996,35.749992,103.540001
113.125008,100.229996,35.749992,103.540001
113.125008,100.229996,35.749992,103.540001
113.125008,100.229996,35.749992,103.540001
113.125008,100.229996,35.749992,103.540001
113.125008,100.229996,35.749992,103.540001
113.125008,100.229996,35.749992,103.540001
113.125008,100.229996,35.749992,103.540001
113.125008,100.229996,35.749992,103.540001
113.125008,100.229996,35.749992,103.540001
113.125008,100.229996,35.749992,103.540001
113.125008,100.229996,35.749992,103.540001
113.125008,100.229996,35.749992,103.540001
