1
6.000000,166.000000,43.000000,27.000000
6.000000,166.000000,43.000000,27.000000
6.000000,166.000000,43.000000,27.000000
6.000000,166.000000,43.000000,27.000000
6.000000,166.000000,43.000000,27.000000
6.000000,166.000000,43.000000,27.000000
6.000000,166.000000,43.000000,27.000000
6.000000,166.000000,43.000000,27.000000
6.000000,166.000000,43.000000,27.000000
6.000000,166.000000,43.000000,27.000000
6.000000,166.000000,43.000000,27.000000
6.000000,166.000000,43.000000,27.000000
33.500000,152.500000,43.000000,27.000000
33.500000,152.500000,43.000000,27.000000
33.500000,152.500000,43.000000,27.000000
33.500000,152.500000,43.000000,27.000000
33.500000,152.500000,43.000000,27.000000
33.500000,152.500000,43.000000,27.000000
33.500000,152.500000,43.000000,27.000000
33.500000,152.500000,43.000000,27.000000
33.500000,152.500000,43.000000,27.000000
33.500000,152.500000,43.000000,27.000000
33.500000,152.500000,43.000000,27.000000
33.500000,152.500000,43.000000,27.000000
33.500000,152.500000,43.000000,27.000000
33.500000,152.500000,43.000000,27.000000
33.500000,152.500000,43.000000,27.000000
33.500000,152.500000,43.000000,27.000000
33.500000,152.500000,43.000000,27.000000
33.500000,152.500000,43.000000,27.000000
33.500000,152.500000,43.000000,27.000000
33.500000,152.500000,43.000000,27.000000
53.500000,174.500000,43.000000,27.000000
53.500000,174.500000,43.000000,27.000000
53.500000,174.500000,43.000000,27.000000
53.500000,174.500000,43.000000,27.000000
53.500000,174.500000,43.000000,27.000000
36.500000,166.500000,43.000000,27.000000
36.500000,166.500000,43.000000,27.000000
36.500000,166.500000,43.000000,27.000000
36.500000,166.500000,43.000000,27.000000
36.500000,166.500000,43.000000,27.000000
57.500000,173.500000,43.000000,27.000000
45.500000,174.500000,43.000000,27.000000
45.500000,174.500000,43.000000,27.000000
59.500000,178.500000,43.000000,27.000000
59.500000,178.500000,43.000000,27.000000
59.500000,178.500000,43.000000,27.000000
59.500000,178.500000,43.000000,27.000000
59.500000,178.500000,43.000000,27.000000
59.500000,178.500000,43.000000,27.000000
59.500000,178.500000,43.000000,27.000000
59.500000,178.500000,43.000000,27.000000
59.500000,178.500000,43.000000,27.000000
59.500000,178.500000,43.000000,27.000000
59.500000,178.500000,43.000000,27.000000
59.500000,178.500000,43.000000,27.000000
59.500000,178.500000,43.000000,27.000000
59.500000,178.500000,43.000000,27.000000
76.500000,169.500000,43.000000,27.000000
76.500000,169.500000,43.000000,27.000000
89.500000,178.500000,43.000000,27.000000
89.500000,178.500000,43.000000,27.000000
89.500000,178.500000,43.000000,27.000000
89.500000,178.500000,43.000000,27.000000
89.500000,178.500000,43.000000,27.000000
69.500000,173.500000,43.000000,27.000000
69.500000,173.500000,43.000000,27.000000
69.500000,173.500000,43.000000,27.000000
69.500000,173.500000,43.000000,27.000000
69.500000,173.500000,43.000000,27.000000
69.500000,173.500000,43.000000,27.000000
88.500000,175.500000,43.000000,27.000000
88.500000,175.500000,43.000000,27.000000
88.500000,175.500000,43.000000,27.000000
88.500000,175.500000,43.000000,27.000000
67.500000,175.500000,43.000000,27.000000
67.500000,175.500000,43.000000,27.000000
67.500000,175.500000,43.000000,27.000000
82.500000,181.500000,43.000000,27.000000
82.500000,181.500000,43.000000,27.000000
82.500000,181.500000,43.000000,27.000000
82.500000,181.500000,43.000000,27.000000
82.500000,181.500000,43.000000,27.000000
82.500000,181.500000,43.000000,27.000000
82.500000,181.500000,43.000000,27.000000
82.500000,181.500000,43.000000,27.000000
82.500000,181.500000,43.000000,27.000000
82.500000,181.500000,43.000000,27.000000
82.500000,181.500000,43.000000,27.000000
82.500000,181.500000,43.000000,27.000000
82.500000,181.500000,43.000000,27.000000
97.500000,177.500000,43.000000,27.000000
97.500000,177.500000,43.000000,27.000000
97.500000,177.500000,43.000000,27.000000
74.500000,180.500000,43.000000,27.000000
74.500000,180.500000,43.000000,27.000000
74.500000,180.500000,43.000000,27.000000
91.500000,178.500000,43.000000,27.000000
91.500000,178.500000,43.000000,27.000000
80.500000,178.500000,43.000000,27.000000
67.500000,178.500000,43.000000,27.000000
81.500000,180.500000,43.000000,27.000000
81.500000,180.500000,43.000000,27.000000
81.500000,180.500000,43.000000,27.000000
101.500000,175.500000,43.000000,27.000000
101.500000,175.500000,43.000000,27.000000
101.500000,175.500000,43.000000,27.000000
101.500000,175.500000,43.000000,27.000000
101.500000,175.500000,43.000000,27.000000
101.500000,175.500000,43.000000,27.000000
101.500000,175.500000,43.000000,27.000000
101.500000,175.500000,43.000000,27.000000
72.500000,178.500000,43.000000,27.000000
89.500000,179.500000,43.000000,27.000000
89.500000,179.500000,43.000000,27.000000
76.500000,177.500000,43.000000,27.000000
91.500000,179.500000,43.000000,27.000000
71.500000,171.500000,43.000000,27.000000
71.500000,171.500000,43.000000,27.000000
71.500000,171.500000,43.000000,27.000000
71.500000,171.500000,43.000000,27.000000
71.500000,171.500000,43.000000,27.000000
96.500000,181.500000,43.000000,27.000000
111.500000,183.500000,43.000000,27.000000
111.500000,183.500000,43.000000,27.000000
111.500000,183.500000,43.000000,27.000000
111.500000,183.500000,43.000000,27.000000
111.500000,183.500000,43.000000,27.000000
123.500000,180.500000,43.000000,27.000000
123.500000,180.500000,43.000000,27.000000
123.500000,180.500000,43.000000,27.000000
123.500000,180.500000,43.000000,27.000000
90.500000,163.500000,43.000000,27.000000
90.500000,163.500000,43.000000,27.000000
90.500000,163.500000,43.000000,27.000000
95.500000,177.500000,43.000000,27.000000
80.500000,175.500000,43.000000,27.000000
80.500000,175.500000,43.000000,27.000000
105.500000,180.500000,43.000000,27.000000
105.500000,180.500000,43.000000,27.000000
105.500000,180.500000,43.000000,27.000000
105.500000,180.500000,43.000000,27.000000
91.500000,169.500000,43.000000,27.000000
101.500000,156.500000,43.000000,27.000000
88.500000,165.500000,43.000000,27.000000
88.500000,165.500000,43.000000,27.000000
88.500000,165.500000,43.000000,27.000000
88.500000,165.500000,43.000000,27.000000
88.500000,165.500000,43.000000,27.000000
88.500000,165.500000,43.000000,27.000000
112.500000,175.500000,43.000000,27.000000
112.500000,175.500000,43.000000,27.000000
112.500000,175.500000,43.000000,27.000000
124.500000,170.500000,43.000000,27.000000
141.500000,159.500000,43.000000,27.000000
141.500000,159.500000,43.000000,27.000000
141.500000,159.500000,43.000000,27.000000
141.500000,159.500000,43.000000,27.000000
128.500000,160.500000,43.000000,27.000000
128.500000,160.500000,43.000000,27.000000
128.500000,160.500000,43.000000,27.000000
128.500000,160.500000,43.000000,27.000000
128.500000,160.500000,43.000000,27.000000
128.500000,160.500000,43.000000,27.000000
182.500000,182.500000,43.000000,27.000000
161.500000,169.500000,43.000000,27.000000
180.500000,176.500000,43.000000,27.000000
180.500000,176.500000,43.000000,27.000000
159.500000,168.500000,43.000000,27.000000
159.500000,168.500000,43.000000,27.000000
158.500000,160.500000,43.000000,27.000000
140.500000,161.500000,43.000000,27.000000
140.500000,161.500000,43.000000,27.000000
174.500000,173.500000,43.000000,27.000000
151.500000,169.500000,43.000000,27.000000
173.500000,175.500000,43.000000,27.000000
173.500000,175.500000,43.000000,27.000000
147.500000,177.500000,43.000000,27.000000
147.500000,177.500000,43.000000,27.000000
166.500000,169.500000,43.000000,27.000000
188.500000,165.500000,43.000000,27.000000
188.500000,165.500000,43.000000,27.000000
172.500000,182.500000,43.000000,27.000000
172.500000,190.500000,43.000000,27.000000
172.500000,190.500000,43.000000,27.000000
174.500000,197.500000,43.000000,27.000000
174.500000,197.500000,43.000000,27.000000
189.500000,188.500000,43.000000,27.000000
189.500000,188.500000,43.000000,27.000000
189.500000,188.500000,43.000000,27.000000
189.500000,188.500000,43.000000,27.000000
189.500000,188.500000,43.000000,27.000000
189.500000,188.500000,43.000000,27.000000
215.500000,182.500000,43.000000,27.000000
234.500000,179.500000,43.000000,27.000000
253.500000,186.500000,43.000000,27.000000
253.500000,186.500000,43.000000,27.000000
253.500000,186.500000,43.000000,27.000000
253.500000,186.500000,43.000000,27.000000
269.500000,184.500000,43.000000,27.000000
269.500000,184.500000,43.000000,27.000000
272.500000,168.500000,43.000000,27.000000
272.500000,168.500000,43.000000,27.000000
272.500000,168.500000,43.000000,27.000000
254.500000,164.500000,43.000000,27.000000
254.500000,164.500000,43.000000,27.000000
254.500000,164.500000,43.000000,27.000000
236.500000,160.500000,43.000000,27.000000
236.500000,160.500000,43.000000,27.000000
236.500000,160.500000,43.000000,27.000000
236.500000,160.500000,43.000000,27.000000
236.500000,160.500000,43.000000,27.000000
276.500000,155.500000,43.000000,27.000000
276.500000,155.500000,43.000000,27.000000
276.500000,155.500000,43.000000,27.000000
276.500000,155.500000,43.000000,27.000000
307.500000,158.500000,43.000000,27.000000
307.500000,158.500000,43.000000,27.000000
307.500000,158.500000,43.000000,27.000000
324.500000,169.500000,43.000000,27.000000
324.500000,169.500000,43.000000,27.000000
342.500000,168.500000,43.000000,27.000000
342.500000,168.500000,43.000000,27.000000
342.500000,168.500000,43.000000,27.000000
342.500000,168.500000,43.000000,27.000000
368.500000,171.500000,43.000000,27.000000
368.500000,171.500000,43.000000,27.000000
368.500000,171.500000,43.000000,27.000000
370.500000,162.500000,43.000000,27.000000
389.500000,169.500000,43.000000,27.000000
389.500000,169.500000,43.000000,27.000000
402.500000,153.500000,43.000000,27.000000
402.500000,153.500000,43.000000,27.000000
402.500000,153.500000,43.000000,27.000000
402.500000,153.500000,43.000000,27.000000
402.500000,153.500000,43.000000,27.000000
362.500000,163.500000,43.000000,27.000000
362.500000,163.500000,43.000000,27.000000
362.500000,163.500000,43.000000,27.000000
362.500000,163.500000,43.000000,27.000000
378.500000,161.500000,43.000000,27.000000
378.500000,161.500000,43.000000,27.000000
378.500000,161.500000,43.000000,27.000000
395.500000,162.500000,43.000000,27.000000
395.500000,162.500000,43.000000,27.000000
418.500000,161.500000,43.000000,27.000000
437.500000,158.500000,43.000000,27.000000
437.500000,158.500000,43.000000,27.000000
437.500000,158.500000,43.000000,27.000000
437.500000,158.500000,43.000000,27.000000
