1
6.000000,166.000000,43.000000,27.000000
6.000000,166.000000,43.000000,27.000000
6.000000,166.000000,43.000000,27.000000
6.000000,166.000000,43.000000,27.000000
6.000000,166.000000,43.000000,27.000000
6.000000,166.000000,43.000000,27.000000
6.000000,166.000000,43.000000,27.000000
6.000000,166.000000,43.000000,27.000000
6.000000,166.000000,43.000000,27.000000
6.000000,166.000000,43.000000,27.000000
6.000000,166.000000,43.000000,27.000000
6.000000,166.000000,43.000000,27.000000
29.500000,153.500000,43.000000,27.000000
29.500000,153.500000,43.000000,27.000000
29.500000,153.500000,43.000000,27.000000
29.500000,153.500000,43.000000,27.000000
29.500000,153.500000,43.000000,27.000000
29.500000,153.500000,43.000000,27.000000
29.500000,153.500000,43.000000,27.000000
29.500000,153.500000,43.000000,27.000000
29.500000,153.500000,43.000000,27.000000
29.500000,153.500000,43.000000,27.000000
29.500000,153.500000,43.000000,27.000000
29.500000,153.500000,43.000000,27.000000
29.500000,153.500000,43.000000,27.000000
29.500000,153.500000,43.000000,27.000000
29.500000,153.500000,43.000000,27.000000
29.500000,153.500000,43.000000,27.000000
29.500000,153.500000,43.000000,27.000000
29.500000,153.500000,43.000000,27.000000
29.500000,153.500000,43.000000,27.000000
29.500000,153.500000,43.000000,27.000000
29.500000,153.500000,43.000000,27.000000
29.500000,153.500000,43.000000,27.000000
29.500000,153.500000,43.000000,27.000000
29.500000,153.500000,43.000000,27.000000
29.500000,153.500000,43.000000,27.000000
29.500000,153.500000,43.000000,27.000000
29.500000,153.500000,43.000000,27.000000
29.500000,153.500000,43.000000,27.000000
29.500000,153.500000,43.000000,27.000000
29.500000,153.500000,43.000000,27.000000
29.500000,153.500000,43.000000,27.000000
29.500000,153.500000,43.000000,27.000000
29.500000,153.500000,43.000000,27.000000
29.500000,153.500000,43.000000,27.000000
29.500000,153.500000,43.000000,27.000000
29.500000,153.500000,43.000000,27.000000
29.500000,153.500000,43.000000,27.000000
29.500000,153.500000,43.000000,27.000000
29.500000,153.500000,43.000000,27.000000
29.500000,153.500000,43.000000,27.000000
2
0
0
0
0
1
78.000000,170.000000,51.000000,27.000000
78.000000,170.000000,51.000000,27.000000
78.000000,170.000000,51.000000,27.000000
78.000000,170.000000,51.000000,27.000000
78.000000,170.000000,51.000000,27.000000
78.000000,170.000000,51.000000,27.000000
78.000000,170.000000,51.000000,27.000000
78.000000,170.000000,51.000000,27.000000
78.000000,170.000000,51.000000,27.000000
78.000000,170.000000,51.000000,27.000000
78.000000,170.000000,51.000000,27.000000
77.500000,161.500000,51.000000,27.000000
77.500000,161.500000,51.000000,27.000000
77.500000,161.500000,51.000000,27.000000
77.500000,161.500000,51.000000,27.000000
68.500000,170.500000,51.000000,27.000000
68.500000,170.500000,51.000000,27.000000
68.500000,170.500000,51.000000,27.000000
68.500000,170.500000,51.000000,27.000000
89.500000,174.500000,51.000000,27.000000
89.500000,174.500000,51.000000,27.000000
89.500000,174.500000,51.000000,27.000000
76.500000,172.500000,51.000000,27.000000
76.500000,172.500000,51.000000,27.000000
76.500000,172.500000,51.000000,27.000000
76.500000,172.500000,51.000000,27.000000
76.500000,172.500000,51.000000,27.000000
76.500000,172.500000,51.000000,27.000000
76.500000,172.500000,51.000000,27.000000
76.500000,172.500000,51.000000,27.000000
76.500000,172.500000,51.000000,27.000000
76.500000,172.500000,51.000000,27.000000
76.500000,172.500000,51.000000,27.000000
76.500000,172.500000,51.000000,27.000000
76.500000,172.500000,51.000000,27.000000
76.500000,172.500000,51.000000,27.000000
76.500000,172.500000,51.000000,27.000000
76.500000,172.500000,51.000000,27.000000
76.500000,172.500000,51.000000,27.000000
76.500000,172.500000,51.000000,27.000000
76.500000,172.500000,51.000000,27.000000
76.500000,172.500000,51.000000,27.000000
76.500000,172.500000,51.000000,27.000000
76.500000,172.500000,51.000000,27.000000
76.500000,172.500000,51.000000,27.000000
76.500000,172.500000,51.000000,27.000000
76.500000,172.500000,51.000000,27.000000
76.500000,172.500000,51.000000,27.000000
76.500000,172.500000,51.000000,27.000000
76.500000,172.500000,51.000000,27.000000
76.500000,172.500000,51.000000,27.000000
76.500000,172.500000,51.000000,27.000000
76.500000,172.500000,51.000000,27.000000
76.500000,172.500000,51.000000,27.000000
76.500000,172.500000,51.000000,27.000000
76.500000,172.500000,51.000000,27.000000
76.500000,172.500000,51.000000,27.000000
76.500000,172.500000,51.000000,27.000000
94.500000,168.500000,51.000000,27.000000
70.500000,165.500000,51.000000,27.000000
91.500000,162.500000,51.000000,27.000000
107.500000,174.500000,51.000000,27.000000
107.500000,174.500000,51.000000,27.000000
107.500000,174.500000,51.000000,27.000000
107.500000,174.500000,51.000000,27.000000
107.500000,174.500000,51.000000,27.000000
107.500000,184.500000,51.000000,27.000000
108.500000,171.500000,51.000000,27.000000
108.500000,171.500000,51.000000,27.000000
80.500000,175.500000,51.000000,27.000000
80.500000,175.500000,51.000000,27.000000
107.500000,169.500000,51.000000,27.000000
86.500000,165.500000,51.000000,27.000000
110.500000,166.500000,51.000000,27.000000
110.500000,166.500000,51.000000,27.000000
119.500000,177.500000,51.000000,27.000000
101.500000,180.500000,51.000000,27.000000
101.500000,180.500000,51.000000,27.000000
101.500000,180.500000,51.000000,27.000000
101.500000,180.500000,51.000000,27.000000
101.500000,180.500000,51.000000,27.000000
101.500000,180.500000,51.000000,27.000000
101.500000,180.500000,51.000000,27.000000
101.500000,180.500000,51.000000,27.000000
101.500000,180.500000,51.000000,27.000000
101.500000,180.500000,51.000000,27.000000
101.500000,180.500000,51.000000,27.000000
135.500000,172.500000,51.000000,27.000000
135.500000,172.500000,51.000000,27.000000
135.500000,172.500000,51.000000,27.000000
135.500000,172.500000,51.000000,27.000000
135.500000,172.500000,51.000000,27.000000
135.500000,172.500000,51.000000,27.000000
135.500000,172.500000,51.000000,27.000000
135.500000,172.500000,51.000000,27.000000
135.500000,172.500000,51.000000,27.000000
135.500000,172.500000,51.000000,27.000000
149.500000,161.500000,51.000000,27.000000
149.500000,161.500000,51.000000,27.000000
149.500000,161.500000,51.000000,27.000000
149.500000,161.500000,51.000000,27.000000
149.500000,161.500000,51.000000,27.000000
149.500000,161.500000,51.000000,27.000000
149.500000,161.500000,51.000000,27.000000
149.500000,161.500000,51.000000,27.000000
149.500000,161.500000,51.000000,27.000000
149.500000,161.500000,51.000000,27.000000
149.500000,161.500000,51.000000,27.000000
149.500000,161.500000,51.000000,27.000000
149.500000,161.500000,51.000000,27.000000
153.500000,176.500000,51.000000,27.000000
128.500000,174.500000,51.000000,27.000000
108.500000,167.500000,51.000000,27.000000
118.500000,175.500000,51.000000,27.000000
118.500000,175.500000,51.000000,27.000000
118.500000,175.500000,51.000000,27.000000
118.500000,175.500000,51.000000,27.000000
118.500000,175.500000,51.000000,27.000000
118.500000,175.500000,51.000000,27.000000
180.500000,164.500000,51.000000,27.000000
180.500000,164.500000,51.000000,27.000000
180.500000,164.500000,51.000000,27.000000
180.500000,164.500000,51.000000,27.000000
180.500000,164.500000,51.000000,27.000000
195.500000,164.500000,51.000000,27.000000
195.500000,164.500000,51.000000,27.000000
195.500000,164.500000,51.000000,27.000000
195.500000,164.500000,51.000000,27.000000
195.500000,164.500000,51.000000,27.000000
195.500000,164.500000,51.000000,27.000000
217.500000,163.500000,51.000000,27.000000
217.500000,163.500000,51.000000,27.000000
217.500000,163.500000,51.000000,27.000000
217.500000,163.500000,51.000000,27.000000
235.500000,164.500000,51.000000,27.000000
227.500000,153.500000,51.000000,27.000000
227.500000,153.500000,51.000000,27.000000
227.500000,153.500000,51.000000,27.000000
248.500000,160.500000,51.000000,27.000000
248.500000,160.500000,51.000000,27.000000
248.500000,160.500000,51.000000,27.000000
248.500000,160.500000,51.000000,27.000000
231.500000,156.500000,51.000000,27.000000
208.500000,145.500000,51.000000,27.000000
208.500000,145.500000,51.000000,27.000000
208.500000,145.500000,51.000000,27.000000
184.500000,142.500000,51.000000,27.000000
184.500000,142.500000,51.000000,27.000000
203.500000,145.500000,51.000000,27.000000
203.500000,145.500000,51.000000,27.000000
177.500000,138.500000,51.000000,27.000000
177.500000,138.500000,51.000000,27.000000
177.500000,138.500000,51.000000,27.000000
177.500000,138.500000,51.000000,27.000000
177.500000,138.500000,51.000000,27.000000
180.500000,124.500000,51.000000,27.000000
180.500000,124.500000,51.000000,27.000000
180.500000,124.500000,51.000000,27.000000
180.500000,124.500000,51.000000,27.000000
202.500000,129.500000,51.000000,27.000000
202.500000,129.500000,51.000000,27.000000
202.500000,129.500000,51.000000,27.000000
202.500000,129.500000,51.000000,27.000000
202.500000,129.500000,51.000000,27.000000
202.500000,129.500000,51.000000,27.000000
202.500000,129.500000,51.000000,27.000000
243.500000,124.500000,51.000000,27.000000
243.500000,124.500000,51.000000,27.000000
243.500000,124.500000,51.000000,27.000000
243.500000,124.500000,51.000000,27.000000
243.500000,124.500000,51.000000,27.000000
285.500000,117.500000,51.000000,27.000000
294.500000,108.500000,51.000000,27.000000
294.500000,108.500000,51.000000,27.000000
294.500000,108.500000,51.000000,27.000000
294.500000,108.500000,51.000000,27.000000
294.500000,108.500000,51.000000,27.000000
294.500000,108.500000,51.000000,27.000000
298.500000,99.500000,51.000000,27.000000
298.500000,99.500000,51.000000,27.000000
298.500000,99.500000,51.000000,27.000000
298.500000,99.500000,51.000000,27.000000
298.500000,99.500000,51.000000,27.000000
298.500000,99.500000,51.000000,27.000000
298.500000,99.500000,51.000000,27.000000
298.500000,99.500000,51.000000,27.000000
298.500000,99.500000,51.000000,27.000000
344.500000,93.500000,51.000000,27.000000
344.500000,93.500000,51.000000,27.000000
344.500000,93.500000,51.000000,27.000000
344.500000,93.500000,51.000000,27.000000
290.500000,107.500000,51.000000,27.000000
290.500000,107.500000,51.000000,27.000000
