1
6.000000,166.000000,43.000000,27.000000
6.000000,166.000000,43.000000,27.000000
6.000000,166.000000,43.000000,27.000000
6.000000,166.000000,43.000000,27.000000
6.000000,166.000000,43.000000,27.000000
6.000000,166.000000,43.000000,27.000000
6.000000,166.000000,43.000000,27.000000
6.000000,166.000000,43.000000,27.000000
6.000000,166.000000,43.000000,27.000000
6.000000,166.000000,43.000000,27.000000
6.000000,166.000000,43.000000,27.000000
6.000000,166.000000,43.000000,27.000000
6.000000,166.000000,43.000000,27.000000
6.000000,166.000000,43.000000,27.000000
6.000000,166.000000,43.000000,27.000000
6.000000,166.000000,43.000000,27.000000
6.000000,166.000000,43.000000,27.000000
6.000000,166.000000,43.000000,27.000000
6.000000,166.000000,43.000000,27.000000
6.000000,166.000000,43.000000,27.000000
6.000000,166.000000,43.000000,27.000000
6.000000,166.000000,43.000000,27.000000
6.000000,166.000000,43.000000,27.000000
6.000000,166.000000,43.000000,27.000000
6.000000,166.000000,43.000000,27.000000
6.000000,166.000000,43.000000,27.000000
6.000000,166.000000,43.000000,27.000000
6.000000,166.000000,43.000000,27.000000
6.000000,166.000000,43.000000,27.000000
6.000000,166.000000,43.000000,27.000000
6.000000,166.000000,43.000000,27.000000
2
0
0
0
0
1
54.000000,171.000000,47.000000,28.000000
54.000000,171.000000,47.000000,28.000000
54.000000,171.000000,47.000000,28.000000
54.000000,171.000000,47.000000,28.000000
54.000000,171.000000,47.000000,28.000000
54.000000,171.000000,47.000000,28.000000
54.000000,171.000000,47.000000,28.000000
54.000000,171.000000,47.000000,28.000000
54.000000,171.000000,47.000000,28.000000
54.000000,171.000000,47.000000,28.000000
54.000000,171.000000,47.000000,28.000000
54.000000,171.000000,47.000000,28.000000
54.000000,171.000000,47.000000,28.000000
54.000000,171.000000,47.000000,28.000000
54.000000,171.000000,47.000000,28.000000
54.000000,171.000000,47.000000,28.000000
54.000000,171.000000,47.000000,28.000000
54.000000,171.000000,47.000000,28.000000
54.000000,171.000000,47.000000,28.000000
82.500000,173.000000,47.000000,28.000000
82.500000,173.000000,47.000000,28.000000
82.500000,173.000000,47.000000,28.000000
82.500000,173.000000,47.000000,28.000000
82.500000,173.000000,47.000000,28.000000
82.500000,173.000000,47.000000,28.000000
82.500000,173.000000,47.000000,28.000000
66.500000,170.000000,47.000000,28.000000
66.500000,170.000000,47.000000,28.000000
66.500000,170.000000,47.000000,28.000000
66.500000,170.000000,47.000000,28.000000
66.500000,170.000000,47.000000,28.000000
66.500000,170.000000,47.000000,28.000000
66.500000,170.000000,47.000000,28.000000
85.500000,177.000000,47.000000,28.000000
85.500000,177.000000,47.000000,28.000000
85.500000,177.000000,47.000000,28.000000
85.500000,177.000000,47.000000,28.000000
85.500000,177.000000,47.000000,28.000000
85.500000,177.000000,47.000000,28.000000
85.500000,177.000000,47.000000,28.000000
64.500000,174.000000,47.000000,28.000000
81.500000,180.000000,47.000000,28.000000
81.500000,180.000000,47.000000,28.000000
81.500000,180.000000,47.000000,28.000000
81.500000,180.000000,47.000000,28.000000
81.500000,180.000000,47.000000,28.000000
81.500000,180.000000,47.000000,28.000000
81.500000,180.000000,47.000000,28.000000
81.500000,180.000000,47.000000,28.000000
81.500000,180.000000,47.000000,28.000000
81.500000,180.000000,47.000000,28.000000
81.500000,180.000000,47.000000,28.000000
81.500000,180.000000,47.000000,28.000000
81.500000,180.000000,47.000000,28.000000
81.500000,180.000000,47.000000,28.000000
81.500000,180.000000,47.000000,28.000000
81.500000,180.000000,47.000000,28.000000
81.500000,180.000000,47.000000,28.000000
81.500000,180.000000,47.000000,28.000000
81.500000,180.000000,47.000000,28.000000
81.500000,180.000000,47.000000,28.000000
97.500000,176.000000,47.000000,28.000000
83.500000,177.000000,47.000000,28.000000
69.500000,173.000000,47.000000,28.000000
69.500000,173.000000,47.000000,28.000000
69.500000,173.000000,47.000000,28.000000
69.500000,173.000000,47.000000,28.000000
83.500000,182.000000,47.000000,28.000000
83.500000,182.000000,47.000000,28.000000
83.500000,182.000000,47.000000,28.000000
83.500000,182.000000,47.000000,28.000000
83.500000,182.000000,47.000000,28.000000
83.500000,182.000000,47.000000,28.000000
83.500000,182.000000,47.000000,28.000000
83.500000,182.000000,47.000000,28.000000
83.500000,182.000000,47.000000,28.000000
83.500000,182.000000,47.000000,28.000000
83.500000,182.000000,47.000000,28.000000
83.500000,182.000000,47.000000,28.000000
83.500000,182.000000,47.000000,28.000000
83.500000,182.000000,47.000000,28.000000
83.500000,182.000000,47.000000,28.000000
83.500000,182.000000,47.000000,28.000000
83.500000,182.000000,47.000000,28.000000
83.500000,182.000000,47.000000,28.000000
83.500000,182.000000,47.000000,28.000000
83.500000,182.000000,47.000000,28.000000
83.500000,182.000000,47.000000,28.000000
83.500000,182.000000,47.000000,28.000000
83.500000,182.000000,47.000000,28.000000
83.500000,182.000000,47.000000,28.000000
83.500000,182.000000,47.000000,28.000000
83.500000,182.000000,47.000000,28.000000
83.500000,182.000000,47.000000,28.000000
83.500000,182.000000,47.000000,28.000000
83.500000,182.000000,47.000000,28.000000
83.500000,182.000000,47.000000,28.000000
83.500000,182.000000,47.000000,28.000000
83.500000,182.000000,47.000000,28.000000
83.500000,182.000000,47.000000,28.000000
83.500000,182.000000,47.000000,28.000000
83.500000,182.000000,47.000000,28.000000
115.500000,181.000000,47.000000,28.000000
115.500000,181.000000,47.000000,28.000000
115.500000,181.000000,47.000000,28.000000
115.500000,181.000000,47.000000,28.000000
115.500000,181.000000,47.000000,28.000000
115.500000,181.000000,47.000000,28.000000
115.500000,181.000000,47.000000,28.000000
115.500000,181.000000,47.000000,28.000000
115.500000,181.000000,47.000000,28.000000
115.500000,181.000000,47.000000,28.000000
115.500000,181.000000,47.000000,28.000000
115.500000,181.000000,47.000000,28.000000
115.500000,181.000000,47.000000,28.000000
139.500000,178.000000,47.000000,28.000000
139.500000,178.000000,47.000000,28.000000
139.500000,178.000000,47.000000,28.000000
139.500000,178.000000,47.000000,28.000000
139.500000,178.000000,47.000000,28.000000
139.500000,178.000000,47.000000,28.000000
114.500000,174.000000,47.000000,28.000000
114.500000,174.000000,47.000000,28.000000
114.500000,174.000000,47.000000,28.000000
114.500000,174.000000,47.000000,28.000000
114.500000,174.000000,47.000000,28.000000
114.500000,174.000000,47.000000,28.000000
114.500000,174.000000,47.000000,28.000000
114.500000,174.000000,47.000000,28.000000
114.500000,174.000000,47.000000,28.000000
114.500000,174.000000,47.000000,28.000000
114.500000,174.000000,47.000000,28.000000
163.500000,166.000000,47.000000,28.000000
163.500000,166.000000,47.000000,28.000000
163.500000,166.000000,47.000000,28.000000
163.500000,166.000000,47.000000,28.000000
163.500000,166.000000,47.000000,28.000000
163.500000,166.000000,47.000000,28.000000
163.500000,166.000000,47.000000,28.000000
188.500000,174.000000,47.000000,28.000000
169.500000,171.000000,47.000000,28.000000
169.500000,171.000000,47.000000,28.000000
186.500000,170.000000,47.000000,28.000000
167.500000,172.000000,47.000000,28.000000
188.500000,169.000000,47.000000,28.000000
188.500000,169.000000,47.000000,28.000000
188.500000,169.000000,47.000000,28.000000
188.500000,169.000000,47.000000,28.000000
188.500000,169.000000,47.000000,28.000000
188.500000,169.000000,47.000000,28.000000
188.500000,169.000000,47.000000,28.000000
188.500000,169.000000,47.000000,28.000000
234.500000,169.000000,47.000000,28.000000
234.500000,169.000000,47.000000,28.000000
234.500000,169.000000,47.000000,28.000000
234.500000,169.000000,47.000000,28.000000
234.500000,169.000000,47.000000,28.000000
234.500000,169.000000,47.000000,28.000000
258.500000,165.000000,47.000000,28.000000
258.500000,165.000000,47.000000,28.000000
258.500000,165.000000,47.000000,28.000000
258.500000,165.000000,47.000000,28.000000
258.500000,165.000000,47.000000,28.000000
258.500000,165.000000,47.000000,28.000000
258.500000,165.000000,47.000000,28.000000
258.500000,165.000000,47.000000,28.000000
258.500000,165.000000,47.000000,28.000000
258.500000,165.000000,47.000000,28.000000
258.500000,165.000000,47.000000,28.000000
258.500000,165.000000,47.000000,28.000000
258.500000,165.000000,47.000000,28.000000
258.500000,165.000000,47.000000,28.000000
258.500000,165.000000,47.000000,28.000000
258.500000,165.000000,47.000000,28.000000
258.500000,165.000000,47.000000,28.000000
258.500000,165.000000,47.000000,28.000000
258.500000,165.000000,47.000000,28.000000
274.500000,154.000000,47.000000,28.000000
274.500000,154.000000,47.000000,28.000000
274.500000,154.000000,47.000000,28.000000
274.500000,154.000000,47.000000,28.000000
295.500000,153.000000,47.000000,28.000000
295.500000,153.000000,47.000000,28.000000
295.500000,153.000000,47.000000,28.000000
295.500000,153.000000,47.000000,28.000000
295.500000,153.000000,47.000000,28.000000
295.500000,153.000000,47.000000,28.000000
295.500000,153.000000,47.000000,28.000000
295.500000,153.000000,47.000000,28.000000
295.500000,153.000000,47.000000,28.000000
295.500000,153.000000,47.000000,28.000000
295.500000,153.000000,47.000000,28.000000
295.500000,153.000000,47.000000,28.000000
295.500000,153.000000,47.000000,28.000000
295.500000,153.000000,47.000000,28.000000
295.500000,153.000000,47.000000,28.000000
295.500000,153.000000,47.000000,28.000000
295.500000,153.000000,47.000000,28.000000
295.500000,153.000000,47.000000,28.000000
295.500000,153.000000,47.000000,28.000000
295.500000,153.000000,47.000000,28.000000
295.500000,153.000000,47.000000,28.000000
295.500000,153.000000,47.000000,28.000000
295.500000,153.000000,47.000000,28.000000
295.500000,153.000000,47.000000,28.000000
295.500000,153.000000,47.000000,28.000000
295.500000,153.000000,47.000000,28.000000
295.500000,153.000000,47.000000,28.000000
295.500000,153.000000,47.000000,28.000000
295.500000,153.000000,47.000000,28.000000
295.500000,153.000000,47.000000,28.000000
270.500000,113.000000,47.000000,28.000000
270.500000,113.000000,47.000000,28.000000
2
