1
6.000000,166.000000,43.000000,27.000000
6.000000,166.000000,43.000000,27.000000
6.000000,166.000000,43.000000,27.000000
6.000000,166.000000,43.000000,27.000000
6.000000,166.000000,43.000000,27.000000
6.000000,166.000000,43.000000,27.000000
6.000000,166.000000,43.000000,27.000000
6.000000,166.000000,43.000000,27.000000
6.000000,166.000000,43.000000,27.000000
6.000000,166.000000,43.000000,27.000000
6.000000,166.000000,43.000000,27.000000
6.000000,166.000000,43.000000,27.000000
6.000000,166.000000,43.000000,27.000000
6.000000,166.000000,43.000000,27.000000
6.000000,166.000000,43.000000,27.000000
6.000000,166.000000,43.000000,27.000000
6.000000,166.000000,43.000000,27.000000
6.000000,166.000000,43.000000,27.000000
6.000000,166.000000,43.000000,27.000000
6.000000,166.000000,43.000000,27.000000
6.000000,166.000000,43.000000,27.000000
6.000000,166.000000,43.000000,27.000000
6.000000,166.000000,43.000000,27.000000
6.000000,166.000000,43.000000,27.000000
6.000000,166.000000,43.000000,27.000000
6.000000,166.000000,43.000000,27.000000
6.000000,166.000000,43.000000,27.000000
45.500000,169.500000,43.000000,27.000000
45.500000,169.500000,43.000000,27.000000
45.500000,169.500000,43.000000,27.000000
45.500000,169.500000,43.000000,27.000000
45.500000,169.500000,43.000000,27.000000
45.500000,169.500000,43.000000,27.000000
45.500000,169.500000,43.000000,27.000000
45.500000,169.500000,43.000000,27.000000
45.500000,169.500000,43.000000,27.000000
45.500000,169.500000,43.000000,27.000000
45.500000,179.500000,43.000000,27.000000
42.500000,170.500000,43.000000,27.000000
42.500000,170.500000,43.000000,27.000000
42.500000,170.500000,43.000000,27.000000
42.500000,170.500000,43.000000,27.000000
42.500000,170.500000,43.000000,27.000000
42.500000,170.500000,43.000000,27.000000
42.500000,170.500000,43.000000,27.000000
58.500000,177.500000,43.000000,27.000000
58.500000,177.500000,43.000000,27.000000
58.500000,177.500000,43.000000,27.000000
58.500000,177.500000,43.000000,27.000000
80.500000,176.500000,43.000000,27.000000
80.500000,176.500000,43.000000,27.000000
80.500000,176.500000,43.000000,27.000000
80.500000,176.500000,43.000000,27.000000
80.500000,176.500000,43.000000,27.000000
80.500000,176.500000,43.000000,27.000000
80.500000,176.500000,43.000000,27.000000
80.500000,176.500000,43.000000,27.000000
80.500000,176.500000,43.000000,27.000000
80.500000,176.500000,43.000000,27.000000
80.500000,176.500000,43.000000,27.000000
80.500000,176.500000,43.000000,27.000000
80.500000,176.500000,43.000000,27.000000
80.500000,176.500000,43.000000,27.000000
80.500000,176.500000,43.000000,27.000000
80.500000,176.500000,43.000000,27.000000
80.500000,176.500000,43.000000,27.000000
80.500000,176.500000,43.000000,27.000000
80.500000,176.500000,43.000000,27.000000
80.500000,176.500000,43.000000,27.000000
80.500000,176.500000,43.000000,27.000000
80.500000,176.500000,43.000000,27.000000
80.500000,176.500000,43.000000,27.000000
80.500000,176.500000,43.000000,27.000000
80.500000,176.500000,43.000000,27.000000
80.500000,176.500000,43.000000,27.000000
80.500000,176.500000,43.000000,27.000000
80.500000,176.500000,43.000000,27.000000
80.500000,176.500000,43.000000,27.000000
80.500000,176.500000,43.000000,27.000000
80.500000,176.500000,43.000000,27.000000
80.500000,176.500000,43.000000,27.000000
80.500000,176.500000,43.000000,27.000000
80.500000,176.500000,43.000000,27.000000
80.500000,176.500000,43.000000,27.000000
80.500000,176.500000,43.000000,27.000000
80.500000,176.500000,43.000000,27.000000
98.500000,180.500000,43.000000,27.000000
98.500000,180.500000,43.000000,27.000000
98.500000,180.500000,43.000000,27.000000
77.500000,178.500000,43.000000,27.000000
77.500000,178.500000,43.000000,27.000000
77.500000,178.500000,43.000000,27.000000
77.500000,178.500000,43.000000,27.000000
77.500000,178.500000,43.000000,27.000000
77.500000,178.500000,43.000000,27.000000
77.500000,178.500000,43.000000,27.000000
77.500000,178.500000,43.000000,27.000000
77.500000,178.500000,43.000000,27.000000
94.500000,179.500000,43.000000,27.000000
94.500000,179.500000,43.000000,27.000000
72.500000,178.500000,43.000000,27.000000
72.500000,178.500000,43.000000,27.000000
72.500000,178.500000,43.000000,27.000000
72.500000,178.500000,43.000000,27.000000
72.500000,178.500000,43.000000,27.000000
72.500000,178.500000,43.000000,27.000000
72.500000,178.500000,43.000000,27.000000
72.500000,178.500000,43.000000,27.000000
72.500000,178.500000,43.000000,27.000000
72.500000,178.500000,43.000000,27.000000
72.500000,178.500000,43.000000,27.000000
72.500000,178.500000,43.000000,27.000000
72.500000,178.500000,43.000000,27.000000
72.500000,178.500000,43.000000,27.000000
72.500000,178.500000,43.000000,27.000000
93.500000,176.500000,43.000000,27.000000
93.500000,176.500000,43.000000,27.000000
93.500000,176.500000,43.000000,27.000000
109.500000,169.500000,43.000000,27.000000
109.500000,169.500000,43.000000,27.000000
109.500000,169.500000,43.000000,27.000000
105.500000,182.500000,43.000000,27.000000
105.500000,182.500000,43.000000,27.000000
105.500000,182.500000,43.000000,27.000000
105.500000,182.500000,43.000000,27.000000
88.500000,176.500000,43.000000,27.000000
88.500000,176.500000,43.000000,27.000000
107.500000,183.500000,43.000000,27.000000
84.500000,169.500000,43.000000,27.000000
84.500000,169.500000,43.000000,27.000000
84.500000,169.500000,43.000000,27.000000
84.500000,169.500000,43.000000,27.000000
84.500000,169.500000,43.000000,27.000000
109.500000,179.500000,43.000000,27.000000
131.500000,175.500000,43.000000,27.000000
128.500000,166.500000,43.000000,27.000000
128.500000,166.500000,43.000000,27.000000
128.500000,166.500000,43.000000,27.000000
128.500000,166.500000,43.000000,27.000000
121.500000,180.500000,43.000000,27.000000
128.500000,166.500000,43.000000,27.000000
128.500000,166.500000,43.000000,27.000000
127.500000,158.500000,43.000000,27.000000
109.500000,159.500000,43.000000,27.000000
109.500000,159.500000,43.000000,27.000000
98.500000,156.500000,43.000000,27.000000
95.500000,167.500000,43.000000,27.000000
95.500000,167.500000,43.000000,27.000000
95.500000,167.500000,43.000000,27.000000
95.500000,167.500000,43.000000,27.000000
95.500000,167.500000,43.000000,27.000000
118.500000,176.500000,43.000000,27.000000
118.500000,176.500000,43.000000,27.000000
118.500000,176.500000,43.000000,27.000000
138.500000,171.500000,43.000000,27.000000
126.500000,170.500000,43.000000,27.000000
124.500000,159.500000,43.000000,27.000000
124.500000,159.500000,43.000000,27.000000
124.500000,159.500000,43.000000,27.000000
124.500000,159.500000,43.000000,27.000000
124.500000,159.500000,43.000000,27.000000
124.500000,159.500000,43.000000,27.000000
124.500000,159.500000,43.000000,27.000000
124.500000,159.500000,43.000000,27.000000
124.500000,159.500000,43.000000,27.000000
183.500000,173.500000,43.000000,27.000000
183.500000,173.500000,43.000000,27.000000
156.500000,164.500000,43.000000,27.000000
156.500000,164.500000,43.000000,27.000000
156.500000,164.500000,43.000000,27.000000
156.500000,164.500000,43.000000,27.000000
143.500000,159.500000,43.000000,27.000000
165.500000,166.500000,43.000000,27.000000
182.500000,173.500000,43.000000,27.000000
159.500000,160.500000,43.000000,27.000000
159.500000,160.500000,43.000000,27.000000
159.500000,160.500000,43.000000,27.000000
176.500000,174.500000,43.000000,27.000000
186.500000,165.500000,43.000000,27.000000
186.500000,156.500000,43.000000,27.000000
203.500000,163.500000,43.000000,27.000000
203.500000,163.500000,43.000000,27.000000
203.500000,163.500000,43.000000,27.000000
203.500000,163.500000,43.000000,27.000000
197.500000,179.500000,43.000000,27.000000
197.500000,165.500000,43.000000,27.000000
197.500000,165.500000,43.000000,27.000000
197.500000,165.500000,43.000000,27.000000
230.500000,177.500000,43.000000,27.000000
230.500000,177.500000,43.000000,27.000000
236.500000,167.500000,43.000000,27.000000
236.500000,167.500000,43.000000,27.000000
236.500000,167.500000,43.000000,27.000000
236.500000,167.500000,43.000000,27.000000
236.500000,167.500000,43.000000,27.000000
256.500000,167.500000,43.000000,27.000000
256.500000,167.500000,43.000000,27.000000
256.500000,167.500000,43.000000,27.000000
256.500000,167.500000,43.000000,27.000000
256.500000,167.500000,43.000000,27.000000
256.500000,167.500000,43.000000,27.000000
256.500000,167.500000,43.000000,27.000000
256.500000,167.500000,43.000000,27.000000
240.500000,162.500000,43.000000,27.000000
240.500000,162.500000,43.000000,27.000000
240.500000,162.500000,43.000000,27.000000
224.500000,157.500000,43.000000,27.000000
224.500000,157.500000,43.000000,27.000000
224.500000,157.500000,43.000000,27.000000
224.500000,157.500000,43.000000,27.000000
251.500000,157.500000,43.000000,27.000000
251.500000,157.500000,43.000000,27.000000
237.500000,142.500000,43.000000,27.000000
250.500000,152.500000,43.000000,27.000000
250.500000,152.500000,43.000000,27.000000
271.500000,157.500000,43.000000,27.000000
294.500000,157.500000,43.000000,27.000000
294.500000,157.500000,43.000000,27.000000
294.500000,157.500000,43.000000,27.000000
294.500000,157.500000,43.000000,27.000000
286.500000,137.500000,43.000000,27.000000
264.500000,132.500000,43.000000,27.000000
287.500000,137.500000,43.000000,27.000000
287.500000,137.500000,43.000000,27.000000
313.500000,137.500000,43.000000,27.000000
336.500000,142.500000,43.000000,27.000000
336.500000,142.500000,43.000000,27.000000
377.500000,152.500000,43.000000,27.000000
370.500000,152.500000,43.000000,27.000000
388.500000,142.500000,43.000000,27.000000
371.500000,142.500000,43.000000,27.000000
371.500000,142.500000,43.000000,27.000000
371.500000,142.500000,43.000000,27.000000
371.500000,142.500000,43.000000,27.000000
371.500000,142.500000,43.000000,27.000000
400.500000,160.500000,43.000000,27.000000
400.500000,160.500000,43.000000,27.000000
400.500000,160.500000,43.000000,27.000000
400.500000,160.500000,43.000000,27.000000
400.500000,160.500000,43.000000,27.000000
400.500000,160.500000,43.000000,27.000000
400.500000,160.500000,43.000000,27.000000
400.500000,160.500000,43.000000,27.000000
400.500000,160.500000,43.000000,27.000000
400.500000,160.500000,43.000000,27.000000
400.500000,160.500000,43.000000,27.000000
400.500000,160.500000,43.000000,27.000000
400.500000,160.500000,43.000000,27.000000
400.500000,160.500000,43.000000,27.000000
400.500000,160.500000,43.000000,27.000000
400.500000,160.500000,43.000000,27.000000
