1
6.000000,166.000000,43.000000,27.000000
6.000000,166.000000,43.000000,27.000000
6.000000,166.000000,43.000000,27.000000
6.000000,166.000000,43.000000,27.000000
6.000000,166.000000,43.000000,27.000000
6.000000,166.000000,43.000000,27.000000
23.500000,168.500000,43.000000,27.000000
7.500000,160.500000,43.000000,27.000000
7.500000,160.500000,43.000000,27.000000
7.500000,160.500000,43.000000,27.000000
7.500000,160.500000,43.000000,27.000000
7.500000,160.500000,43.000000,27.000000
41.500000,170.500000,43.000000,27.000000
20.500000,167.500000,43.000000,27.000000
20.500000,167.500000,43.000000,27.000000
20.500000,167.500000,43.000000,27.000000
20.500000,167.500000,43.000000,27.000000
20.500000,167.500000,43.000000,27.000000
20.500000,167.500000,43.000000,27.000000
20.500000,167.500000,43.000000,27.000000
53.500000,171.500000,43.000000,27.000000
53.500000,171.500000,43.000000,27.000000
53.500000,171.500000,43.000000,27.000000
53.500000,171.500000,43.000000,27.000000
53.500000,171.500000,43.000000,27.000000
53.500000,171.500000,43.000000,27.000000
60.500000,179.500000,43.000000,27.000000
60.500000,179.500000,43.000000,27.000000
60.500000,179.500000,43.000000,27.000000
60.500000,179.500000,43.000000,27.000000
60.500000,179.500000,43.000000,27.000000
60.500000,179.500000,43.000000,27.000000
60.500000,179.500000,43.000000,27.000000
60.500000,179.500000,43.000000,27.000000
60.500000,179.500000,43.000000,27.000000
60.500000,179.500000,43.000000,27.000000
60.500000,179.500000,43.000000,27.000000
60.500000,179.500000,43.000000,27.000000
60.500000,179.500000,43.000000,27.000000
60.500000,179.500000,43.000000,27.000000
47.500000,186.500000,43.000000,27.000000
47.500000,186.500000,43.000000,27.000000
47.500000,186.500000,43.000000,27.000000
47.500000,186.500000,43.000000,27.000000
47.500000,186.500000,43.000000,27.000000
47.500000,186.500000,43.000000,27.000000
47.500000,186.500000,43.000000,27.000000
47.500000,186.500000,43.000000,27.000000
47.500000,186.500000,43.000000,27.000000
47.500000,186.500000,43.000000,27.000000
47.500000,186.500000,43.000000,27.000000
47.500000,186.500000,43.000000,27.000000
47.500000,186.500000,43.000000,27.000000
47.500000,186.500000,43.000000,27.000000
47.500000,186.500000,43.000000,27.000000
47.500000,186.500000,43.000000,27.000000
47.500000,186.500000,43.000000,27.000000
47.500000,186.500000,43.000000,27.000000
47.500000,186.500000,43.000000,27.000000
47.500000,186.500000,43.000000,27.000000
47.500000,186.500000,43.000000,27.000000
47.500000,186.500000,43.000000,27.000000
47.500000,186.500000,43.000000,27.000000
47.500000,186.500000,43.000000,27.000000
47.500000,186.500000,43.000000,27.000000
47.500000,186.500000,43.000000,27.000000
47.500000,186.500000,43.000000,27.000000
47.500000,186.500000,43.000000,27.000000
47.500000,186.500000,43.000000,27.000000
47.500000,186.500000,43.000000,27.000000
47.500000,186.500000,43.000000,27.000000
47.500000,186.500000,43.000000,27.000000
47.500000,186.500000,43.000000,27.000000
47.500000,186.500000,43.000000,27.000000
47.500000,186.500000,43.000000,27.000000
47.500000,186.500000,43.000000,27.000000
47.500000,186.500000,43.000000,27.000000
69.500000,178.500000,43.000000,27.000000
69.500000,178.500000,43.000000,27.000000
69.500000,178.500000,43.000000,27.000000
69.500000,178.500000,43.000000,27.000000
69.500000,178.500000,43.000000,27.000000
69.500000,178.500000,43.000000,27.000000
69.500000,178.500000,43.000000,27.000000
69.500000,178.500000,43.000000,27.000000
69.500000,178.500000,43.000000,27.000000
69.500000,178.500000,43.000000,27.000000
101.500000,181.500000,43.000000,27.000000
101.500000,181.500000,43.000000,27.000000
79.500000,180.500000,43.000000,27.000000
79.500000,180.500000,43.000000,27.000000
98.500000,182.500000,43.000000,27.000000
98.500000,182.500000,43.000000,27.000000
98.500000,182.500000,43.000000,27.000000
98.500000,182.500000,43.000000,27.000000
98.500000,182.500000,43.000000,27.000000
98.500000,182.500000,43.000000,27.000000
98.500000,182.500000,43.000000,27.000000
98.500000,182.500000,43.000000,27.000000
98.500000,182.500000,43.000000,27.000000
98.500000,182.500000,43.000000,27.000000
74.500000,180.500000,43.000000,27.000000
74.500000,180.500000,43.000000,27.000000
74.500000,180.500000,43.000000,27.000000
74.500000,180.500000,43.000000,27.000000
74.500000,180.500000,43.000000,27.000000
74.500000,180.500000,43.000000,27.000000
74.500000,180.500000,43.000000,27.000000
74.500000,180.500000,43.000000,27.000000
74.500000,180.500000,43.000000,27.000000
74.500000,180.500000,43.000000,27.000000
74.500000,180.500000,43.000000,27.000000
74.500000,180.500000,43.000000,27.000000
74.500000,180.500000,43.000000,27.000000
74.500000,180.500000,43.000000,27.000000
74.500000,180.500000,43.000000,27.000000
74.500000,170.500000,43.000000,27.000000
74.500000,170.500000,43.000000,27.000000
74.500000,180.500000,43.000000,27.000000
74.500000,180.500000,43.000000,27.000000
74.500000,180.500000,43.000000,27.000000
109.500000,180.500000,43.000000,27.000000
109.500000,180.500000,43.000000,27.000000
109.500000,180.500000,43.000000,27.000000
109.500000,180.500000,43.000000,27.000000
94.500000,180.500000,43.000000,27.000000
94.500000,180.500000,43.000000,27.000000
94.500000,180.500000,43.000000,27.000000
94.500000,180.500000,43.000000,27.000000
94.500000,180.500000,43.000000,27.000000
89.500000,170.500000,43.000000,27.000000
89.500000,170.500000,43.000000,27.000000
76.500000,167.500000,43.000000,27.000000
76.500000,167.500000,43.000000,27.000000
80.500000,176.500000,43.000000,27.000000
82.500000,168.500000,43.000000,27.000000
82.500000,168.500000,43.000000,27.000000
82.500000,168.500000,43.000000,27.000000
82.500000,168.500000,43.000000,27.000000
82.500000,168.500000,43.000000,27.000000
82.500000,168.500000,43.000000,27.000000
82.500000,168.500000,43.000000,27.000000
82.500000,168.500000,43.000000,27.000000
93.500000,179.500000,43.000000,27.000000
93.500000,179.500000,43.000000,27.000000
93.500000,179.500000,43.000000,27.000000
93.500000,179.500000,43.000000,27.000000
93.500000,179.500000,43.000000,27.000000
93.500000,179.500000,43.000000,27.000000
99.500000,170.500000,43.000000,27.000000
99.500000,170.500000,43.000000,27.000000
115.500000,184.500000,43.000000,27.000000
115.500000,184.500000,43.000000,27.000000
115.500000,184.500000,43.000000,27.000000
115.500000,184.500000,43.000000,27.000000
115.500000,184.500000,43.000000,27.000000
115.500000,184.500000,43.000000,27.000000
115.500000,184.500000,43.000000,27.000000
115.500000,184.500000,43.000000,27.000000
104.500000,165.500000,43.000000,27.000000
104.500000,165.500000,43.000000,27.000000
104.500000,165.500000,43.000000,27.000000
104.500000,165.500000,43.000000,27.000000
104.500000,165.500000,43.000000,27.000000
104.500000,165.500000,43.000000,27.000000
104.500000,165.500000,43.000000,27.000000
104.500000,165.500000,43.000000,27.000000
104.500000,165.500000,43.000000,27.000000
104.500000,165.500000,43.000000,27.000000
104.500000,165.500000,43.000000,27.000000
104.500000,165.500000,43.000000,27.000000
104.500000,165.500000,43.000000,27.000000
104.500000,165.500000,43.000000,27.000000
104.500000,165.500000,43.000000,27.000000
104.500000,165.500000,43.000000,27.000000
104.500000,165.500000,43.000000,27.000000
104.500000,165.500000,43.000000,27.000000
104.500000,165.500000,43.000000,27.000000
104.500000,165.500000,43.000000,27.000000
104.500000,165.500000,43.000000,27.000000
104.500000,165.500000,43.000000,27.000000
104.500000,165.500000,43.000000,27.000000
104.500000,165.500000,43.000000,27.000000
104.500000,165.500000,43.000000,27.000000
104.500000,165.500000,43.000000,27.000000
104.500000,165.500000,43.000000,27.000000
104.500000,165.500000,43.000000,27.000000
104.500000,165.500000,43.000000,27.000000
104.500000,165.500000,43.000000,27.000000
104.500000,165.500000,43.000000,27.000000
104.500000,165.500000,43.000000,27.000000
104.500000,165.500000,43.000000,27.000000
104.500000,165.500000,43.000000,27.000000
153.500000,188.500000,43.000000,27.000000
153.500000,188.500000,43.000000,27.000000
136.500000,192.500000,43.000000,27.000000
136.500000,192.500000,43.000000,27.000000
136.500000,192.500000,43.000000,27.000000
136.500000,192.500000,43.000000,27.000000
136.500000,192.500000,43.000000,27.000000
136.500000,192.500000,43.000000,27.000000
144.500000,183.500000,43.000000,27.000000
144.500000,183.500000,43.000000,27.000000
110.500000,185.500000,43.000000,27.000000
110.500000,185.500000,43.000000,27.000000
110.500000,185.500000,43.000000,27.000000
110.500000,185.500000,43.000000,27.000000
110.500000,185.500000,43.000000,27.000000
110.500000,185.500000,43.000000,27.000000
110.500000,185.500000,43.000000,27.000000
110.500000,185.500000,43.000000,27.000000
110.500000,185.500000,43.000000,27.000000
110.500000,185.500000,43.000000,27.000000
110.500000,185.500000,43.000000,27.000000
110.500000,185.500000,43.000000,27.000000
110.500000,185.500000,43.000000,27.000000
110.500000,185.500000,43.000000,27.000000
110.500000,185.500000,43.000000,27.000000
110.500000,185.500000,43.000000,27.000000
110.500000,185.500000,43.000000,27.000000
110.500000,185.500000,43.000000,27.000000
110.500000,185.500000,43.000000,27.000000
110.500000,185.500000,43.000000,27.000000
110.500000,185.500000,43.000000,27.000000
110.500000,185.500000,43.000000,27.000000
110.500000,185.500000,43.000000,27.000000
110.500000,185.500000,43.000000,27.000000
110.500000,185.500000,43.000000,27.000000
110.500000,185.500000,43.000000,27.000000
110.500000,185.500000,43.000000,27.000000
110.500000,185.500000,43.000000,27.000000
246.500000,116.500000,43.000000,27.000000
246.500000,116.500000,43.000000,27.000000
246.500000,116.500000,43.000000,27.000000
246.500000,116.500000,43.000000,27.000000
246.500000,116.500000,43.000000,27.000000
246.500000,116.500000,43.000000,27.000000
246.500000,116.500000,43.000000,27.000000
246.500000,116.500000,43.000000,27.000000
246.500000,116.500000,43.000000,27.000000
246.500000,116.500000,43.000000,27.000000
246.500000,116.500000,43.000000,27.000000
246.500000,116.500000,43.000000,27.000000
246.500000,116.500000,43.000000,27.000000
246.500000,116.500000,43.000000,27.000000
246.500000,116.500000,43.000000,27.000000
246.500000,116.500000,43.000000,27.000000
246.500000,116.500000,43.000000,27.000000
246.500000,116.500000,43.000000,27.000000
2
0
