1
6.000000,166.000000,43.000000,27.000000
6.000000,166.000000,43.000000,27.000000
6.000000,166.000000,43.000000,27.000000
6.000000,166.000000,43.000000,27.000000
6.000000,166.000000,43.000000,27.000000
6.000000,166.000000,43.000000,27.000000
6.000000,166.000000,43.000000,27.000000
6.000000,166.000000,43.000000,27.000000
28.500000,162.500000,43.000000,27.000000
28.500000,162.500000,43.000000,27.000000
6.500000,161.500000,43.000000,27.000000
6.500000,161.500000,43.000000,27.000000
28.500000,160.500000,43.000000,27.000000
28.500000,160.500000,43.000000,27.000000
28.500000,160.500000,43.000000,27.000000
28.500000,160.500000,43.000000,27.000000
28.500000,160.500000,43.000000,27.000000
28.500000,160.500000,43.000000,27.000000
28.500000,160.500000,43.000000,27.000000
28.500000,160.500000,43.000000,27.000000
28.500000,160.500000,43.000000,27.000000
28.500000,160.500000,43.000000,27.000000
28.500000,160.500000,43.000000,27.000000
28.500000,160.500000,43.000000,27.000000
28.500000,160.500000,43.000000,27.000000
28.500000,160.500000,43.000000,27.000000
28.500000,160.500000,43.000000,27.000000
28.500000,160.500000,43.000000,27.000000
28.500000,160.500000,43.000000,27.000000
28.500000,160.500000,43.000000,27.000000
28.500000,160.500000,43.000000,27.000000
28.500000,160.500000,43.000000,27.000000
28.500000,160.500000,43.000000,27.000000
28.500000,160.500000,43.000000,27.000000
28.500000,160.500000,43.000000,27.000000
28.500000,160.500000,43.000000,27.000000
28.500000,160.500000,43.000000,27.000000
28.500000,160.500000,43.000000,27.000000
28.500000,160.500000,43.000000,27.000000
28.500000,160.500000,43.000000,27.000000
28.500000,160.500000,43.000000,27.000000
28.500000,160.500000,43.000000,27.000000
28.500000,160.500000,43.000000,27.000000
28.500000,160.500000,43.000000,27.000000
28.500000,160.500000,43.000000,27.000000
28.500000,160.500000,43.000000,27.000000
28.500000,160.500000,43.000000,27.000000
28.500000,160.500000,43.000000,27.000000
28.500000,160.500000,43.000000,27.000000
28.500000,160.500000,43.000000,27.000000
28.500000,160.500000,43.000000,27.000000
2
0
0
0
0
1
76.000000,171.000000,49.000000,27.000000
76.000000,171.000000,49.000000,27.000000
76.000000,171.000000,49.000000,27.000000
76.000000,171.000000,49.000000,27.000000
76.000000,171.000000,49.000000,27.000000
76.000000,171.000000,49.000000,27.000000
76.000000,171.000000,49.000000,27.000000
76.000000,171.000000,49.000000,27.000000
76.000000,171.000000,49.000000,27.000000
76.000000,171.000000,49.000000,27.000000
76.000000,171.000000,49.000000,27.000000
76.000000,171.000000,49.000000,27.000000
76.000000,171.000000,49.000000,27.000000
76.000000,171.000000,49.000000,27.000000
76.000000,171.000000,49.000000,27.000000
76.000000,171.000000,49.000000,27.000000
76.000000,171.000000,49.000000,27.000000
76.000000,171.000000,49.000000,27.000000
76.000000,171.000000,49.000000,27.000000
76.000000,171.000000,49.000000,27.000000
76.000000,171.000000,49.000000,27.000000
92.500000,174.500000,49.000000,27.000000
69.500000,171.500000,49.000000,27.000000
86.500000,173.500000,49.000000,27.000000
86.500000,173.500000,49.000000,27.000000
70.500000,172.500000,49.000000,27.000000
70.500000,172.500000,49.000000,27.000000
70.500000,172.500000,49.000000,27.000000
70.500000,172.500000,49.000000,27.000000
70.500000,172.500000,49.000000,27.000000
94.500000,176.500000,49.000000,27.000000
94.500000,176.500000,49.000000,27.000000
94.500000,176.500000,49.000000,27.000000
94.500000,176.500000,49.000000,27.000000
94.500000,176.500000,49.000000,27.000000
94.500000,176.500000,49.000000,27.000000
94.500000,176.500000,49.000000,27.000000
94.500000,176.500000,49.000000,27.000000
78.500000,169.500000,49.000000,27.000000
78.500000,169.500000,49.000000,27.000000
78.500000,169.500000,49.000000,27.000000
78.500000,169.500000,49.000000,27.000000
78.500000,169.500000,49.000000,27.000000
78.500000,169.500000,49.000000,27.000000
78.500000,169.500000,49.000000,27.000000
73.500000,178.500000,49.000000,27.000000
73.500000,178.500000,49.000000,27.000000
73.500000,178.500000,49.000000,27.000000
73.500000,178.500000,49.000000,27.000000
73.500000,178.500000,49.000000,27.000000
77.500000,166.500000,49.000000,27.000000
77.500000,166.500000,49.000000,27.000000
77.500000,166.500000,49.000000,27.000000
77.500000,166.500000,49.000000,27.000000
79.500000,173.500000,49.000000,27.000000
79.500000,173.500000,49.000000,27.000000
79.500000,173.500000,49.000000,27.000000
79.500000,173.500000,49.000000,27.000000
79.500000,173.500000,49.000000,27.000000
79.500000,173.500000,49.000000,27.000000
79.500000,173.500000,49.000000,27.000000
79.500000,173.500000,49.000000,27.000000
79.500000,173.500000,49.000000,27.000000
79.500000,173.500000,49.000000,27.000000
89.500000,181.500000,49.000000,27.000000
89.500000,181.500000,49.000000,27.000000
89.500000,181.500000,49.000000,27.000000
89.500000,181.500000,49.000000,27.000000
89.500000,181.500000,49.000000,27.000000
114.500000,176.500000,49.000000,27.000000
114.500000,176.500000,49.000000,27.000000
114.500000,176.500000,49.000000,27.000000
114.500000,176.500000,49.000000,27.000000
114.500000,176.500000,49.000000,27.000000
114.500000,176.500000,49.000000,27.000000
114.500000,176.500000,49.000000,27.000000
98.500000,176.500000,49.000000,27.000000
98.500000,176.500000,49.000000,27.000000
114.500000,177.500000,49.000000,27.000000
114.500000,177.500000,49.000000,27.000000
114.500000,177.500000,49.000000,27.000000
114.500000,177.500000,49.000000,27.000000
114.500000,177.500000,49.000000,27.000000
114.500000,177.500000,49.000000,27.000000
114.500000,177.500000,49.000000,27.000000
114.500000,177.500000,49.000000,27.000000
114.500000,177.500000,49.000000,27.000000
114.500000,177.500000,49.000000,27.000000
96.500000,170.500000,49.000000,27.000000
96.500000,170.500000,49.000000,27.000000
96.500000,170.500000,49.000000,27.000000
96.500000,170.500000,49.000000,27.000000
96.500000,170.500000,49.000000,27.000000
96.500000,170.500000,49.000000,27.000000
96.500000,170.500000,49.000000,27.000000
124.500000,171.500000,49.000000,27.000000
124.500000,171.500000,49.000000,27.000000
124.500000,171.500000,49.000000,27.000000
124.500000,171.500000,49.000000,27.000000
124.500000,171.500000,49.000000,27.000000
124.500000,171.500000,49.000000,27.000000
124.500000,171.500000,49.000000,27.000000
124.500000,171.500000,49.000000,27.000000
124.500000,171.500000,49.000000,27.000000
124.500000,171.500000,49.000000,27.000000
124.500000,171.500000,49.000000,27.000000
124.500000,171.500000,49.000000,27.000000
124.500000,171.500000,49.000000,27.000000
124.500000,171.500000,49.000000,27.000000
124.500000,171.500000,49.000000,27.000000
166.500000,173.500000,49.000000,27.000000
166.500000,173.500000,49.000000,27.000000
166.500000,173.500000,49.000000,27.000000
166.500000,173.500000,49.000000,27.000000
186.500000,176.500000,49.000000,27.000000
186.500000,176.500000,49.000000,27.000000
186.500000,176.500000,49.000000,27.000000
184.500000,165.500000,49.000000,27.000000
184.500000,165.500000,49.000000,27.000000
185.500000,173.500000,49.000000,27.000000
168.500000,167.500000,49.000000,27.000000
168.500000,167.500000,49.000000,27.000000
184.500000,160.500000,49.000000,27.000000
184.500000,160.500000,49.000000,27.000000
184.500000,160.500000,49.000000,27.000000
184.500000,160.500000,49.000000,27.000000
184.500000,160.500000,49.000000,27.000000
184.500000,160.500000,49.000000,27.000000
155.500000,153.500000,49.000000,27.000000
155.500000,153.500000,49.000000,27.000000
155.500000,153.500000,49.000000,27.000000
155.500000,153.500000,49.000000,27.000000
155.500000,153.500000,49.000000,27.000000
155.500000,153.500000,49.000000,27.000000
155.500000,153.500000,49.000000,27.000000
189.500000,145.500000,49.000000,27.000000
189.500000,145.500000,49.000000,27.000000
189.500000,145.500000,49.000000,27.000000
189.500000,145.500000,49.000000,27.000000
189.500000,145.500000,49.000000,27.000000
189.500000,145.500000,49.000000,27.000000
189.500000,145.500000,49.000000,27.000000
189.500000,145.500000,49.000000,27.000000
189.500000,145.500000,49.000000,27.000000
189.500000,145.500000,49.000000,27.000000
189.500000,145.500000,49.000000,27.000000
189.500000,145.500000,49.000000,27.000000
189.500000,145.500000,49.000000,27.000000
189.500000,145.500000,49.000000,27.000000
189.500000,145.500000,49.000000,27.000000
189.500000,145.500000,49.000000,27.000000
189.500000,145.500000,49.000000,27.000000
189.500000,145.500000,49.000000,27.000000
164.500000,136.500000,49.000000,27.000000
164.500000,136.500000,49.000000,27.000000
180.500000,137.500000,49.000000,27.000000
195.500000,136.500000,49.000000,27.000000
195.500000,136.500000,49.000000,27.000000
164.500000,133.500000,49.000000,27.000000
164.500000,133.500000,49.000000,27.000000
164.500000,133.500000,49.000000,27.000000
184.500000,134.500000,49.000000,27.000000
184.500000,134.500000,49.000000,27.000000
196.500000,129.500000,49.000000,27.000000
211.500000,124.500000,49.000000,27.000000
211.500000,124.500000,49.000000,27.000000
211.500000,124.500000,49.000000,27.000000
211.500000,124.500000,49.000000,27.000000
236.500000,129.500000,49.000000,27.000000
236.500000,129.500000,49.000000,27.000000
236.500000,129.500000,49.000000,27.000000
236.500000,129.500000,49.000000,27.000000
236.500000,129.500000,49.000000,27.000000
236.500000,129.500000,49.000000,27.000000
236.500000,129.500000,49.000000,27.000000
236.500000,129.500000,49.000000,27.000000
266.500000,124.500000,49.000000,27.000000
266.500000,124.500000,49.000000,27.000000
266.500000,124.500000,49.000000,27.000000
266.500000,124.500000,49.000000,27.000000
266.500000,124.500000,49.000000,27.000000
266.500000,124.500000,49.000000,27.000000
266.500000,124.500000,49.000000,27.000000
266.500000,124.500000,49.000000,27.000000
281.500000,99.500000,49.000000,27.000000
281.500000,99.500000,49.000000,27.000000
281.500000,99.500000,49.000000,27.000000
301.500000,94.500000,49.000000,27.000000
316.500000,94.500000,49.000000,27.000000
316.500000,94.500000,49.000000,27.000000
316.500000,94.500000,49.000000,27.000000
281.500000,104.500000,49.000000,27.000000
281.500000,104.500000,49.000000,27.000000
281.500000,104.500000,49.000000,27.000000
