1
161.500000,174.000000,35.000000,88.000000
161.500000,174.000000,35.000000,88.000000
161.500000,174.000000,35.000000,88.000000
147.500000,192.000000,35.000000,88.000000
147.500000,192.000000,35.000000,88.000000
147.500000,192.000000,35.000000,88.000000
147.500000,192.000000,35.000000,88.000000
147.500000,192.000000,35.000000,88.000000
147.500000,192.000000,35.000000,88.000000
147.500000,192.000000,35.000000,88.000000
147.500000,192.000000,35.000000,88.000000
147.500000,192.000000,35.000000,88.000000
147.500000,192.000000,35.000000,88.000000
147.500000,192.000000,35.000000,88.000000
147.500000,192.000000,35.000000,88.000000
147.500000,192.000000,35.000000,88.000000
147.500000,192.000000,35.000000,88.000000
147.500000,192.000000,35.000000,88.000000
147.500000,192.000000,35.000000,88.000000
147.500000,192.000000,35.000000,88.000000
147.500000,192.000000,35.000000,88.000000
147.500000,192.000000,35.000000,88.000000
147.500000,192.000000,35.000000,88.000000
147.500000,192.000000,35.000000,88.000000
147.500000,192.000000,35.000000,88.000000
147.500000,192.000000,35.000000,88.000000
147.500000,192.000000,35.000000,88.000000
147.500000,192.000000,35.000000,88.000000
147.500000,192.000000,35.000000,88.000000
147.500000,192.000000,35.000000,88.000000
147.500000,192.000000,35.000000,88.000000
147.500000,192.000000,35.000000,88.000000
147.500000,192.000000,35.000000,88.000000
147.500000,192.000000,35.000000,88.000000
147.500000,192.000000,35.000000,88.000000
147.500000,192.000000,35.000000,88.000000
147.500000,192.000000,35.000000,88.000000
147.500000,192.000000,35.000000,88.000000
147.500000,192.000000,35.000000,88.000000
147.500000,192.000000,35.000000,88.000000
147.500000,192.000000,35.000000,88.000000
147.500000,192.000000,35.000000,88.000000
147.500000,192.000000,35.000000,88.000000
147.500000,192.000000,35.000000,88.000000
147.500000,192.000000,35.000000,88.000000
147.500000,192.000000,35.000000,88.000000
147.500000,192.000000,35.000000,88.000000
147.500000,192.000000,35.000000,88.000000
147.500000,192.000000,35.000000,88.000000
147.500000,192.000000,35.000000,88.000000
147.500000,192.000000,35.000000,88.000000
147.500000,192.000000,35.000000,88.000000
147.500000,192.000000,35.000000,88.000000
147.500000,192.000000,35.000000,88.000000
147.500000,192.000000,35.000000,88.000000
147.500000,192.000000,35.000000,88.000000
147.500000,192.000000,35.000000,88.000000
147.500000,192.000000,35.000000,88.000000
147.500000,192.000000,35.000000,88.000000
147.500000,192.000000,35.000000,88.000000
147.500000,192.000000,35.000000,88.000000
147.500000,192.000000,35.000000,88.000000
147.500000,192.000000,35.000000,88.000000
147.500000,192.000000,35.000000,88.000000
147.500000,192.000000,35.000000,88.000000
147.500000,192.000000,35.000000,88.000000
147.500000,192.000000,35.000000,88.000000
147.500000,192.000000,35.000000,88.000000
147.500000,192.000000,35.000000,88.000000
147.500000,192.000000,35.000000,88.000000
147.500000,192.000000,35.000000,88.000000
147.500000,192.000000,35.000000,88.000000
147.500000,192.000000,35.000000,88.000000
147.500000,192.000000,35.000000,88.000000
147.500000,192.000000,35.000000,88.000000
147.500000,192.000000,35.000000,88.000000
147.500000,192.000000,35.000000,88.000000
147.500000,192.000000,35.000000,88.000000
147.500000,192.000000,35.000000,88.000000
147.500000,192.000000,35.000000,88.000000
147.500000,192.000000,35.000000,88.000000
147.500000,192.000000,35.000000,88.000000
147.500000,192.000000,35.000000,88.000000
147.500000,192.000000,35.000000,88.000000
147.500000,192.000000,35.000000,88.000000
147.500000,192.000000,35.000000,88.000000
147.500000,192.000000,35.000000,88.000000
2
0
0
0
0
1
188.339996,173.479996,49.750000,113.830002
188.339996,173.479996,49.750000,113.830002
188.339996,173.479996,49.750000,113.830002
188.339996,173.479996,49.750000,113.830002
188.339996,173.479996,49.750000,113.830002
188.339996,173.479996,49.750000,113.830002
188.339996,173.479996,49.750000,113.830002
188.339996,173.479996,49.750000,113.830002
188.125000,173.084991,49.750000,113.830002
188.125000,173.084991,49.750000,113.830002
188.125000,173.084991,49.750000,113.830002
188.125000,173.084991,49.750000,113.830002
188.125000,173.084991,49.750000,113.830002
188.125000,173.084991,49.750000,113.830002
188.125000,173.084991,49.750000,113.830002
188.125000,173.084991,49.750000,113.830002
188.125000,173.084991,49.750000,113.830002
188.125000,173.084991,49.750000,113.830002
188.125000,173.084991,49.750000,113.830002
188.125000,173.084991,49.750000,113.830002
188.125000,173.084991,49.750000,113.830002
188.125000,173.084991,49.750000,113.830002
188.125000,173.084991,49.750000,113.830002
188.125000,173.084991,49.750000,113.830002
188.125000,173.084991,49.750000,113.830002
188.125000,173.084991,49.750000,113.830002
188.125000,173.084991,49.750000,113.830002
188.125000,173.084991,49.750000,113.830002
188.125000,173.084991,49.750000,113.830002
188.125000,173.084991,49.750000,113.830002
188.125000,173.084991,49.750000,113.830002
188.125000,173.084991,49.750000,113.830002
188.125000,173.084991,49.750000,113.830002
188.125000,173.084991,49.750000,113.830002
188.125000,173.084991,49.750000,113.830002
188.125000,173.084991,49.750000,113.830002
188.125000,173.084991,49.750000,113.830002
188.125000,173.084991,49.750000,113.830002
188.125000,173.084991,49.750000,113.830002
188.125000,173.084991,49.750000,113.830002
188.125000,173.084991,49.750000,113.830002
188.125000,173.084991,49.750000,113.830002
188.125000,173.084991,49.750000,113.830002
188.125000,173.084991,49.750000,113.830002
188.125000,173.084991,49.750000,113.830002
188.125000,173.084991,49.750000,113.830002
188.125000,173.084991,49.750000,113.830002
188.125000,173.084991,49.750000,113.830002
188.125000,173.084991,49.750000,113.830002
188.125000,173.084991,49.750000,113.830002
188.125000,173.084991,49.750000,113.830002
188.125000,173.084991,49.750000,113.830002
188.125000,173.084991,49.750000,113.830002
188.125000,173.084991,49.750000,113.830002
188.125000,173.084991,49.750000,113.830002
188.125000,173.084991,49.750000,113.830002
188.125000,173.084991,49.750000,113.830002
188.125000,173.084991,49.750000,113.830002
188.125000,173.084991,49.750000,113.830002
188.125000,173.084991,49.750000,113.830002
188.125000,173.084991,49.750000,113.830002
188.125000,173.084991,49.750000,113.830002
188.125000,173.084991,49.750000,113.830002
188.125000,173.084991,49.750000,113.830002
188.125000,173.084991,49.750000,113.830002
188.125000,173.084991,49.750000,113.830002
188.125000,173.084991,49.750000,113.830002
188.125000,173.084991,49.750000,113.830002
188.125000,173.084991,49.750000,113.830002
188.125000,173.084991,49.750000,113.830002
188.125000,173.084991,49.750000,113.830002
188.125000,173.084991,49.750000,113.830002
188.125000,173.084991,49.750000,113.830002
188.125000,173.084991,49.750000,113.830002
188.125000,173.084991,49.750000,113.830002
188.125000,173.084991,49.750000,113.830002
188.125000,173.084991,49.750000,113.830002
188.125000,173.084991,49.750000,113.830002
188.125000,173.084991,49.750000,113.830002
188.125000,173.084991,49.750000,113.830002
188.125000,173.084991,49.750000,113.830002
188.125000,173.084991,49.750000,113.830002
188.125000,173.084991,49.750000,113.830002
188.125000,173.084991,49.750000,113.830002
188.125000,173.084991,49.750000,113.830002
188.125000,173.084991,49.750000,113.830002
188.125000,173.084991,49.750000,113.830002
188.125000,173.084991,49.750000,113.830002
188.125000,173.084991,49.750000,113.830002
188.125000,173.084991,49.750000,113.830002
188.125000,173.084991,49.750000,113.830002
188.125000,173.084991,49.750000,113.830002
188.125000,173.084991,49.750000,113.830002
188.125000,173.084991,49.750000,113.830002
188.125000,173.084991,49.750000,113.830002
188.125000,173.084991,49.750000,113.830002
188.125000,173.084991,49.750000,113.830002
188.125000,173.084991,49.750000,113.830002
188.125000,173.084991,49.750000,113.830002
188.125000,173.084991,49.750000,113.830002
188.125000,173.084991,49.750000,113.830002
188.125000,173.084991,49.750000,113.830002
188.125000,173.084991,49.750000,113.830002
188.125000,173.084991,49.750000,113.830002
188.125000,173.084991,49.750000,113.830002
188.125000,173.084991,49.750000,113.830002
188.125000,173.084991,49.750000,113.830002
188.125000,173.084991,49.750000,113.830002
188.125000,173.084991,49.750000,113.830002
188.125000,173.084991,49.750000,113.830002
188.125000,173.084991,49.750000,113.830002
188.125000,173.084991,49.750000,113.830002
188.125000,173.084991,49.750000,113.830002
188.125000,173.084991,49.750000,113.830002
188.125000,173.084991,49.750000,113.830002
188.125000,173.084991,49.750000,113.830002
188.125000,173.084991,49.750000,113.830002
188.125000,173.084991,49.750000,113.830002
188.125000,173.084991,49.750000,113.830002
188.125000,173.084991,49.750000,113.830002
188.125000,173.084991,49.750000,113.830002
188.125000,173.084991,49.750000,113.830002
188.125000,173.084991,49.750000,113.830002
188.125000,173.084991,49.750000,113.830002
188.125000,173.084991,49.750000,113.830002
188.125000,173.084991,49.750000,113.830002
188.125000,173.084991,49.750000,113.830002
188.125000,173.084991,49.750000,113.830002
188.125000,173.084991,49.750000,113.830002
188.125000,173.084991,49.750000,113.830002
188.125000,173.084991,49.750000,113.830002
188.125000,173.084991,49.750000,113.830002
188.125000,173.084991,49.750000,113.830002
188.125000,173.084991,49.750000,113.830002
188.125000,173.084991,49.750000,113.830002
188.125000,173.084991,49.750000,113.830002
188.125000,173.084991,49.750000,113.830002
188.125000,173.084991,49.750000,113.830002
188.125000,173.084991,49.750000,113.830002
188.125000,173.084991,49.750000,113.830002
188.125000,173.084991,49.750000,113.830002
188.125000,173.084991,49.750000,113.830002
188.125000,173.084991,49.750000,113.830002
188.125000,173.084991,49.750000,113.830002
188.125000,173.084991,49.750000,113.830002
188.125000,173.084991,49.750000,113.830002
188.125000,173.084991,49.750000,113.830002
188.125000,173.084991,49.750000,113.830002
188.125000,173.084991,49.750000,113.830002
188.125000,173.084991,49.750000,113.830002
188.125000,173.084991,49.750000,113.830002
188.125000,173.084991,49.750000,113.830002
188.125000,173.084991,49.750000,113.830002
188.125000,173.084991,49.750000,113.830002
188.125000,173.084991,49.750000,113.830002
188.125000,173.084991,49.750000,113.830002
188.125000,173.084991,49.750000,113.830002
188.125000,173.084991,49.750000,113.830002
188.125000,173.084991,49.750000,113.830002
188.125000,173.084991,49.750000,113.830002
188.125000,173.084991,49.750000,113.830002
188.125000,173.084991,49.750000,113.830002
188.125000,173.084991,49.750000,113.830002
188.125000,173.084991,49.750000,113.830002
188.125000,173.084991,49.750000,113.830002
188.125000,173.084991,49.750000,113.830002
188.125000,173.084991,49.750000,113.830002
188.125000,173.084991,49.750000,113.830002
188.125000,173.084991,49.750000,113.830002
188.125000,173.084991,49.750000,113.830002
188.125000,173.084991,49.750000,113.830002
188.125000,173.084991,49.750000,113.830002
188.125000,173.084991,49.750000,113.830002
188.125000,173.084991,49.750000,113.830002
188.125000,173.084991,49.750000,113.830002
188.125000,173.084991,49.750000,113.830002
188.125000,173.084991,49.750000,113.830002
188.125000,173.084991,49.750000,113.830002
188.125000,173.084991,49.750000,113.830002
188.125000,173.084991,49.750000,113.830002
188.125000,173.084991,49.750000,113.830002
188.125000,173.084991,49.750000,113.830002
188.125000,173.084991,49.750000,113.830002
188.125000,173.084991,49.750000,113.830002
188.125000,173.084991,49.750000,113.830002
188.125000,173.084991,49.750000,113.830002
188.125000,173.084991,49.750000,113.830002
188.125000,173.084991,49.750000,113.830002
188.125000,173.084991,49.750000,113.830002
188.125000,173.084991,49.750000,113.830002
188.125000,173.084991,49.750000,113.830002
188.125000,173.084991,49.750000,113.830002
188.125000,173.084991,49.750000,113.830002
188.125000,173.084991,49.750000,113.830002
188.125000,173.084991,49.750000,113.830002
188.125000,173.084991,49.750000,113.830002
188.125000,173.084991,49.750000,113.830002
188.125000,173.084991,49.750000,113.830002
188.125000,173.084991,49.750000,113.830002
188.125000,173.084991,49.750000,113.830002
188.125000,173.084991,49.750000,113.830002
188.125000,173.084991,49.750000,113.830002
188.125000,173.084991,49.750000,113.830002
188.125000,173.084991,49.750000,113.830002
188.125000,173.084991,49.750000,113.830002
188.125000,173.084991,49.750000,113.830002
188.125000,173.084991,49.750000,113.830002
188.125000,173.084991,49.750000,113.830002
188.125000,173.084991,49.750000,113.830002
188.125000,173.084991,49.750000,113.830002
188.125000,173.084991,49.750000,113.830002
188.125000,173.084991,49.750000,113.830002
2
0
0
0
0
1
235.130005,143.059998,46.059998,150.049988
235.130005,143.059998,46.059998,150.049988
235.130005,143.059998,46.059998,150.049988
235.130005,143.059998,46.059998,150.049988
235.130005,143.059998,46.059998,150.049988
235.130005,143.059998,46.059998,150.049988
235.130005,143.059998,46.059998,150.049988
235.130005,143.059998,46.059998,150.049988
220.970001,182.975006,46.059998,150.049988
220.970001,182.975006,46.059998,150.049988
220.970001,182.975006,46.059998,150.049988
220.970001,182.975006,46.059998,150.049988
220.970001,182.975006,46.059998,150.049988
220.970001,182.975006,46.059998,150.049988
220.970001,182.975006,46.059998,150.049988
220.970001,182.975006,46.059998,150.049988
220.970001,182.975006,46.059998,150.049988
220.970001,182.975006,46.059998,150.049988
220.970001,182.975006,46.059998,150.049988
220.970001,182.975006,46.059998,150.049988
220.970001,182.975006,46.059998,150.049988
220.970001,182.975006,46.059998,150.049988
220.970001,182.975006,46.059998,150.049988
220.970001,182.975006,46.059998,150.049988
220.970001,182.975006,46.059998,150.049988
220.970001,182.975006,46.059998,150.049988
220.970001,182.975006,46.059998,150.049988
220.970001,182.975006,46.059998,150.049988
220.970001,182.975006,46.059998,150.049988
220.970001,182.975006,46.059998,150.049988
220.970001,182.975006,46.059998,150.049988
220.970001,182.975006,46.059998,150.049988
220.970001,182.975006,46.059998,150.049988
220.970001,182.975006,46.059998,150.049988
220.970001,182.975006,46.059998,150.049988
220.970001,182.975006,46.059998,150.049988
220.970001,182.975006,46.059998,150.049988
220.970001,182.975006,46.059998,150.049988
220.970001,182.975006,46.059998,150.049988
220.970001,182.975006,46.059998,150.049988
220.970001,182.975006,46.059998,150.049988
2
0
0
0
0
1
274.769989,141.130005,51.140015,153.519989
274.769989,141.130005,51.140015,153.519989
274.769989,141.130005,51.140015,153.519989
274.769989,141.130005,51.140015,153.519989
274.769989,141.130005,51.140015,153.519989
274.769989,141.130005,51.140015,153.519989
274.769989,141.130005,51.140015,153.519989
274.769989,141.130005,51.140015,153.519989
274.769989,141.130005,51.140015,153.519989
274.769989,141.130005,51.140015,153.519989
274.769989,141.130005,51.140015,153.519989
274.769989,141.130005,51.140015,153.519989
274.769989,141.130005,51.140015,153.519989
274.769989,141.130005,51.140015,153.519989
274.769989,141.130005,51.140015,153.519989
274.769989,141.130005,51.140015,153.519989
274.769989,141.130005,51.140015,153.519989
274.769989,141.130005,51.140015,153.519989
274.769989,141.130005,51.140015,153.519989
274.769989,141.130005,51.140015,153.519989
274.769989,141.130005,51.140015,153.519989
274.769989,141.130005,51.140015,153.519989
274.769989,141.130005,51.140015,153.519989
274.769989,141.130005,51.140015,153.519989
274.769989,141.130005,51.140015,153.519989
274.769989,141.130005,51.140015,153.519989
274.769989,141.130005,51.140015,153.519989
274.769989,141.130005,51.140015,153.519989
274.769989,141.130005,51.140015,153.519989
274.769989,141.130005,51.140015,153.519989
2
0
0
0
0
1
327.929993,130.070007,60.480011,186.859985
327.929993,130.070007,60.480011,186.859985
327.929993,130.070007,60.480011,186.859985
327.929993,130.070007,60.480011,186.859985
327.929993,130.070007,60.480011,186.859985
