1
161.500000,174.000000,35.000000,88.000000
161.500000,174.000000,35.000000,88.000000
161.500000,174.000000,35.000000,88.000000
161.500000,174.000000,35.000000,88.000000
161.500000,174.000000,35.000000,88.000000
161.500000,174.000000,35.000000,88.000000
161.500000,174.000000,35.000000,88.000000
161.500000,174.000000,35.000000,88.000000
161.500000,174.000000,35.000000,88.000000
161.500000,174.000000,35.000000,88.000000
161.500000,174.000000,35.000000,88.000000
161.500000,174.000000,35.000000,88.000000
161.500000,174.000000,35.000000,88.000000
161.500000,174.000000,35.000000,88.000000
161.500000,174.000000,35.000000,88.000000
161.500000,174.000000,35.000000,88.000000
161.500000,174.000000,35.000000,88.000000
161.500000,174.000000,35.000000,88.000000
161.500000,174.000000,35.000000,88.000000
161.500000,174.000000,35.000000,88.000000
161.500000,174.000000,35.000000,88.000000
161.500000,174.000000,35.000000,88.000000
161.500000,174.000000,35.000000,88.000000
161.500000,174.000000,35.000000,88.000000
161.500000,174.000000,35.000000,88.000000
161.500000,174.000000,35.000000,88.000000
161.500000,174.000000,35.000000,88.000000
161.500000,174.000000,35.000000,88.000000
161.500000,174.000000,35.000000,88.000000
161.500000,174.000000,35.000000,88.000000
161.500000,174.000000,35.000000,88.000000
161.500000,174.000000,35.000000,88.000000
161.500000,174.000000,35.000000,88.000000
161.500000,174.000000,35.000000,88.000000
161.500000,174.000000,35.000000,88.000000
161.500000,174.000000,35.000000,88.000000
161.500000,174.000000,35.000000,88.000000
161.500000,174.000000,35.000000,88.000000
161.500000,174.000000,35.000000,88.000000
161.500000,174.000000,35.000000,88.000000
161.500000,174.000000,35.000000,88.000000
161.500000,174.000000,35.000000,88.000000
161.500000,174.000000,35.000000,88.000000
161.500000,174.000000,35.000000,88.000000
161.500000,174.000000,35.000000,88.000000
161.500000,174.000000,35.000000,88.000000
161.500000,174.000000,35.000000,88.000000
161.500000,174.000000,35.000000,88.000000
161.500000,174.000000,35.000000,88.000000
161.500000,174.000000,35.000000,88.000000
161.500000,174.000000,35.000000,88.000000
161.500000,174.000000,35.000000,88.000000
161.500000,174.000000,35.000000,88.000000
161.500000,174.000000,35.000000,88.000000
161.500000,174.000000,35.000000,88.000000
161.500000,174.000000,35.000000,88.000000
161.500000,174.000000,35.000000,88.000000
161.500000,174.000000,35.000000,88.000000
161.500000,174.000000,35.000000,88.000000
161.500000,174.000000,35.000000,88.000000
161.500000,174.000000,35.000000,88.000000
161.500000,174.000000,35.000000,88.000000
161.500000,174.000000,35.000000,88.000000
161.500000,174.000000,35.000000,88.000000
161.500000,174.000000,35.000000,88.000000
161.500000,174.000000,35.000000,88.000000
161.500000,174.000000,35.000000,88.000000
161.500000,174.000000,35.000000,88.000000
161.500000,174.000000,35.000000,88.000000
161.500000,174.000000,35.000000,88.000000
161.500000,174.000000,35.000000,88.000000
161.500000,174.000000,35.000000,88.000000
161.500000,174.000000,35.000000,88.000000
161.500000,174.000000,35.000000,88.000000
161.500000,174.000000,35.000000,88.000000
161.500000,174.000000,35.000000,88.000000
161.500000,174.000000,35.000000,88.000000
161.500000,174.000000,35.000000,88.000000
161.500000,174.000000,35.000000,88.000000
161.500000,174.000000,35.000000,88.000000
161.500000,174.000000,35.000000,88.000000
161.500000,174.000000,35.000000,88.000000
161.500000,174.000000,35.000000,88.000000
161.500000,174.000000,35.000000,88.000000
161.500000,174.000000,35.000000,88.000000
161.500000,174.000000,35.000000,88.000000
161.500000,174.000000,35.000000,88.000000
161.500000,174.000000,35.000000,88.000000
161.500000,174.000000,35.000000,88.000000
161.500000,174.000000,35.000000,88.000000
161.500000,174.000000,35.000000,88.000000
161.500000,174.000000,35.000000,88.000000
161.500000,174.000000,35.000000,88.000000
161.500000,174.000000,35.000000,88.000000
161.500000,174.000000,35.000000,88.000000
161.500000,174.000000,35.000000,88.000000
161.500000,174.000000,35.000000,88.000000
161.500000,174.000000,35.000000,88.000000
161.500000,174.000000,35.000000,88.000000
161.500000,174.000000,35.000000,88.000000
161.500000,174.000000,35.000000,88.000000
2
0
0
0
0
1
196.699997,169.139999,52.479996,118.919998
196.699997,169.139999,52.479996,118.919998
196.699997,169.139999,52.479996,118.919998
232.759995,199.540009,52.479996,118.919998
232.759995,199.540009,52.479996,118.919998
232.759995,199.540009,52.479996,118.919998
232.759995,199.540009,52.479996,118.919998
232.759995,199.540009,52.479996,118.919998
232.759995,199.540009,52.479996,118.919998
232.759995,199.540009,52.479996,118.919998
232.759995,199.540009,52.479996,118.919998
232.759995,199.540009,52.479996,118.919998
232.759995,199.540009,52.479996,118.919998
232.759995,199.540009,52.479996,118.919998
232.759995,199.540009,52.479996,118.919998
232.759995,199.540009,52.479996,118.919998
232.759995,199.540009,52.479996,118.919998
232.759995,199.540009,52.479996,118.919998
232.759995,199.540009,52.479996,118.919998
232.759995,199.540009,52.479996,118.919998
232.759995,199.540009,52.479996,118.919998
232.759995,199.540009,52.479996,118.919998
232.759995,199.540009,52.479996,118.919998
232.759995,199.540009,52.479996,118.919998
232.759995,199.540009,52.479996,118.919998
232.759995,199.540009,52.479996,118.919998
232.759995,199.540009,52.479996,118.919998
232.759995,199.540009,52.479996,118.919998
232.759995,199.540009,52.479996,118.919998
232.759995,199.540009,52.479996,118.919998
232.759995,199.540009,52.479996,118.919998
232.759995,199.540009,52.479996,118.919998
232.759995,199.540009,52.479996,118.919998
232.759995,199.540009,52.479996,118.919998
232.759995,199.540009,52.479996,118.919998
232.759995,199.540009,52.479996,118.919998
232.759995,199.540009,52.479996,118.919998
232.759995,199.540009,52.479996,118.919998
232.759995,199.540009,52.479996,118.919998
232.759995,199.540009,52.479996,118.919998
232.759995,199.540009,52.479996,118.919998
232.759995,199.540009,52.479996,118.919998
232.759995,199.540009,52.479996,118.919998
232.759995,199.540009,52.479996,118.919998
232.759995,199.540009,52.479996,118.919998
232.759995,199.540009,52.479996,118.919998
232.759995,199.540009,52.479996,118.919998
232.759995,199.540009,52.479996,118.919998
232.759995,199.540009,52.479996,118.919998
232.759995,199.540009,52.479996,118.919998
232.759995,199.540009,52.479996,118.919998
232.759995,199.540009,52.479996,118.919998
232.759995,199.540009,52.479996,118.919998
232.759995,199.540009,52.479996,118.919998
232.759995,199.540009,52.479996,118.919998
232.759995,199.540009,52.479996,118.919998
232.759995,199.540009,52.479996,118.919998
232.759995,199.540009,52.479996,118.919998
232.759995,199.540009,52.479996,118.919998
232.759995,199.540009,52.479996,118.919998
232.759995,199.540009,52.479996,118.919998
232.759995,199.540009,52.479996,118.919998
232.759995,199.540009,52.479996,118.919998
232.759995,199.540009,52.479996,118.919998
232.759995,199.540009,52.479996,118.919998
232.759995,199.540009,52.479996,118.919998
232.759995,199.540009,52.479996,118.919998
232.759995,199.540009,52.479996,118.919998
232.759995,199.540009,52.479996,118.919998
232.759995,199.540009,52.479996,118.919998
232.759995,199.540009,52.479996,118.919998
232.759995,199.540009,52.479996,118.919998
232.759995,199.540009,52.479996,118.919998
232.759995,199.540009,52.479996,118.919998
232.759995,199.540009,52.479996,118.919998
232.759995,199.540009,52.479996,118.919998
232.759995,199.540009,52.479996,118.919998
232.759995,199.540009,52.479996,118.919998
232.759995,199.540009,52.479996,118.919998
232.759995,199.540009,52.479996,118.919998
232.759995,199.540009,52.479996,118.919998
232.759995,199.540009,52.479996,118.919998
232.759995,199.540009,52.479996,118.919998
232.759995,199.540009,52.479996,118.919998
232.759995,199.540009,52.479996,118.919998
232.759995,199.540009,52.479996,118.919998
2
0
0
0
0
1
185.690002,148.580002,66.220001,129.379990
167.889999,143.309998,66.220001,129.379990
167.889999,143.309998,66.220001,129.379990
167.889999,143.309998,66.220001,129.379990
167.889999,143.309998,66.220001,129.379990
167.889999,143.309998,66.220001,129.379990
167.889999,143.309998,66.220001,129.379990
167.889999,143.309998,66.220001,129.379990
167.889999,143.309998,66.220001,129.379990
167.889999,143.309998,66.220001,129.379990
167.889999,143.309998,66.220001,129.379990
167.889999,143.309998,66.220001,129.379990
167.889999,143.309998,66.220001,129.379990
167.889999,143.309998,66.220001,129.379990
167.889999,143.309998,66.220001,129.379990
167.889999,143.309998,66.220001,129.379990
167.889999,143.309998,66.220001,129.379990
2
0
0
0
0
1
160.259995,147.589996,78.310013,137.640015
160.259995,147.589996,78.310013,137.640015
160.259995,147.589996,78.310013,137.640015
160.259995,147.589996,78.310013,137.640015
160.259995,147.589996,78.310013,137.640015
160.259995,147.589996,78.310013,137.640015
160.259995,147.589996,78.310013,137.640015
160.259995,147.589996,78.310013,137.640015
160.259995,147.589996,78.310013,137.640015
160.259995,147.589996,78.310013,137.640015
160.259995,147.589996,78.310013,137.640015
160.259995,147.589996,78.310013,137.640015
160.259995,147.589996,78.310013,137.640015
160.259995,147.589996,78.310013,137.640015
160.259995,147.589996,78.310013,137.640015
160.259995,147.589996,78.310013,137.640015
160.259995,147.589996,78.310013,137.640015
160.259995,147.589996,78.310013,137.640015
160.259995,147.589996,78.310013,137.640015
160.259995,147.589996,78.310013,137.640015
160.259995,147.589996,78.310013,137.640015
160.259995,147.589996,78.310013,137.640015
160.259995,147.589996,78.310013,137.640015
160.259995,147.589996,78.310013,137.640015
160.259995,147.589996,78.310013,137.640015
160.259995,147.589996,78.310013,137.640015
160.259995,147.589996,78.310013,137.640015
160.259995,147.589996,78.310013,137.640015
160.259995,147.589996,78.310013,137.640015
160.259995,147.589996,78.310013,137.640015
160.259995,147.589996,78.310013,137.640015
160.259995,147.589996,78.310013,137.640015
160.259995,147.589996,78.310013,137.640015
160.259995,147.589996,78.310013,137.640015
160.259995,147.589996,78.310013,137.640015
217.844986,128.179993,78.310013,137.640015
217.844986,128.179993,78.310013,137.640015
217.844986,128.179993,78.310013,137.640015
217.844986,128.179993,78.310013,137.640015
217.844986,128.179993,78.310013,137.640015
217.844986,128.179993,78.310013,137.640015
217.844986,128.179993,78.310013,137.640015
217.844986,128.179993,78.310013,137.640015
217.844986,128.179993,78.310013,137.640015
217.844986,128.179993,78.310013,137.640015
217.844986,128.179993,78.310013,137.640015
217.844986,128.179993,78.310013,137.640015
217.844986,128.179993,78.310013,137.640015
217.844986,128.179993,78.310013,137.640015
217.844986,128.179993,78.310013,137.640015
217.844986,128.179993,78.310013,137.640015
217.844986,128.179993,78.310013,137.640015
217.844986,128.179993,78.310013,137.640015
217.844986,128.179993,78.310013,137.640015
217.844986,128.179993,78.310013,137.640015
217.844986,128.179993,78.310013,137.640015
217.844986,128.179993,78.310013,137.640015
217.844986,128.179993,78.310013,137.640015
217.844986,128.179993,78.310013,137.640015
217.844986,128.179993,78.310013,137.640015
217.844986,128.179993,78.310013,137.640015
217.844986,128.179993,78.310013,137.640015
217.844986,128.179993,78.310013,137.640015
217.844986,128.179993,78.310013,137.640015
217.844986,128.179993,78.310013,137.640015
217.844986,128.179993,78.310013,137.640015
217.844986,128.179993,78.310013,137.640015
217.844986,128.179993,78.310013,137.640015
217.844986,128.179993,78.310013,137.640015
217.844986,128.179993,78.310013,137.640015
217.844986,128.179993,78.310013,137.640015
217.844986,128.179993,78.310013,137.640015
217.844986,128.179993,78.310013,137.640015
217.844986,128.179993,78.310013,137.640015
217.844986,128.179993,78.310013,137.640015
217.844986,128.179993,78.310013,137.640015
217.844986,128.179993,78.310013,137.640015
217.844986,128.179993,78.310013,137.640015
217.844986,128.179993,78.310013,137.640015
217.844986,128.179993,78.310013,137.640015
217.844986,128.179993,78.310013,137.640015
217.844986,128.179993,78.310013,137.640015
217.844986,128.179993,78.310013,137.640015
217.844986,128.179993,78.310013,137.640015
217.844986,128.179993,78.310013,137.640015
217.844986,128.179993,78.310013,137.640015
217.844986,128.179993,78.310013,137.640015
217.844986,128.179993,78.310013,137.640015
217.844986,128.179993,78.310013,137.640015
217.844986,128.179993,78.310013,137.640015
217.844986,128.179993,78.310013,137.640015
217.844986,128.179993,78.310013,137.640015
217.844986,128.179993,78.310013,137.640015
217.844986,128.179993,78.310013,137.640015
217.844986,128.179993,78.310013,137.640015
217.844986,128.179993,78.310013,137.640015
217.844986,128.179993,78.310013,137.640015
217.844986,128.179993,78.310013,137.640015
217.844986,128.179993,78.310013,137.640015
217.844986,128.179993,78.310013,137.640015
217.844986,128.179993,78.310013,137.640015
217.844986,128.179993,78.310013,137.640015
217.844986,128.179993,78.310013,137.640015
217.844986,128.179993,78.310013,137.640015
217.844986,128.179993,78.310013,137.640015
217.844986,128.179993,78.310013,137.640015
217.844986,128.179993,78.310013,137.640015
217.844986,128.179993,78.310013,137.640015
217.844986,128.179993,78.310013,137.640015
217.844986,128.179993,78.310013,137.640015
217.844986,128.179993,78.310013,137.640015
217.844986,128.179993,78.310013,137.640015
217.844986,128.179993,78.310013,137.640015
217.844986,128.179993,78.310013,137.640015
217.844986,128.179993,78.310013,137.640015
217.844986,128.179993,78.310013,137.640015
217.844986,128.179993,78.310013,137.640015
217.844986,128.179993,78.310013,137.640015
217.844986,128.179993,78.310013,137.640015
217.844986,128.179993,78.310013,137.640015
217.844986,128.179993,78.310013,137.640015
217.844986,128.179993,78.310013,137.640015
217.844986,128.179993,78.310013,137.640015
217.844986,128.179993,78.310013,137.640015
217.844986,128.179993,78.310013,137.640015
217.844986,128.179993,78.310013,137.640015
217.844986,128.179993,78.310013,137.640015
217.844986,128.179993,78.310013,137.640015
217.844986,128.179993,78.310013,137.640015
217.844986,128.179993,78.310013,137.640015
217.844986,128.179993,78.310013,137.640015
217.844986,128.179993,78.310013,137.640015
217.844986,128.179993,78.310013,137.640015
217.844986,128.179993,78.310013,137.640015
217.844986,128.179993,78.310013,137.640015
217.844986,128.179993,78.310013,137.640015
217.844986,128.179993,78.310013,137.640015
217.844986,128.179993,78.310013,137.640015
217.844986,128.179993,78.310013,137.640015
217.844986,128.179993,78.310013,137.640015
217.844986,128.179993,78.310013,137.640015
217.844986,128.179993,78.310013,137.640015
217.844986,128.179993,78.310013,137.640015
217.844986,128.179993,78.310013,137.640015
217.844986,128.179993,78.310013,137.640015
217.844986,128.179993,78.310013,137.640015
217.844986,128.179993,78.310013,137.640015
217.844986,128.179993,78.310013,137.640015
2
0
0
0
0
1
304.750000,138.580002,53.390015,167.770004
304.750000,138.580002,53.390015,167.770004
304.750000,138.580002,53.390015,167.770004
304.750000,138.580002,53.390015,167.770004
304.750000,138.580002,53.390015,167.770004
304.750000,138.580002,53.390015,167.770004
304.750000,138.580002,53.390015,167.770004
304.750000,138.580002,53.390015,167.770004
304.750000,138.580002,53.390015,167.770004
304.750000,138.580002,53.390015,167.770004
304.750000,138.580002,53.390015,167.770004
304.750000,138.580002,53.390015,167.770004
304.750000,138.580002,53.390015,167.770004
304.750000,138.580002,53.390015,167.770004
304.750000,138.580002,53.390015,167.770004
304.750000,138.580002,53.390015,167.770004
304.750000,138.580002,53.390015,167.770004
304.750000,138.580002,53.390015,167.770004
304.750000,138.580002,53.390015,167.770004
304.750000,138.580002,53.390015,167.770004
304.750000,138.580002,53.390015,167.770004
304.750000,138.580002,53.390015,167.770004
304.750000,138.580002,53.390015,167.770004
