1
161.500000,174.000000,35.000000,88.000000
161.500000,174.000000,35.000000,88.000000
150.500000,186.000000,35.000000,88.000000
150.500000,186.000000,35.000000,88.000000
150.500000,186.000000,35.000000,88.000000
150.500000,186.000000,35.000000,88.000000
150.500000,186.000000,35.000000,88.000000
150.500000,186.000000,35.000000,88.000000
150.500000,186.000000,35.000000,88.000000
150.500000,186.000000,35.000000,88.000000
150.500000,186.000000,35.000000,88.000000
150.500000,186.000000,35.000000,88.000000
150.500000,186.000000,35.000000,88.000000
150.500000,186.000000,35.000000,88.000000
150.500000,186.000000,35.000000,88.000000
150.500000,186.000000,35.000000,88.000000
150.500000,186.000000,35.000000,88.000000
2
0
0
0
0
1
154.380005,191.929993,41.190002,83.559998
154.380005,191.929993,41.190002,83.559998
142.404999,196.220001,41.190002,83.559998
142.404999,196.220001,41.190002,83.559998
142.404999,196.220001,41.190002,83.559998
142.404999,196.220001,41.190002,83.559998
142.404999,196.220001,41.190002,83.559998
142.404999,196.220001,41.190002,83.559998
142.404999,196.220001,41.190002,83.559998
142.404999,196.220001,41.190002,83.559998
142.404999,196.220001,41.190002,83.559998
142.404999,196.220001,41.190002,83.559998
142.404999,196.220001,41.190002,83.559998
142.404999,196.220001,41.190002,83.559998
142.404999,196.220001,41.190002,83.559998
142.404999,196.220001,41.190002,83.559998
142.404999,196.220001,41.190002,83.559998
142.404999,196.220001,41.190002,83.559998
142.404999,196.220001,41.190002,83.559998
142.404999,196.220001,41.190002,83.559998
142.404999,196.220001,41.190002,83.559998
142.404999,196.220001,41.190002,83.559998
142.404999,196.220001,41.190002,83.559998
142.404999,196.220001,41.190002,83.559998
142.404999,196.220001,41.190002,83.559998
142.404999,196.220001,41.190002,83.559998
142.404999,196.220001,41.190002,83.559998
142.404999,196.220001,41.190002,83.559998
142.404999,196.220001,41.190002,83.559998
142.404999,196.220001,41.190002,83.559998
142.404999,196.220001,41.190002,83.559998
142.404999,196.220001,41.190002,83.559998
142.404999,196.220001,41.190002,83.559998
142.404999,196.220001,41.190002,83.559998
142.404999,196.220001,41.190002,83.559998
142.404999,196.220001,41.190002,83.559998
142.404999,196.220001,41.190002,83.559998
142.404999,196.220001,41.190002,83.559998
142.404999,196.220001,41.190002,83.559998
142.404999,196.220001,41.190002,83.559998
142.404999,196.220001,41.190002,83.559998
142.404999,196.220001,41.190002,83.559998
142.404999,196.220001,41.190002,83.559998
142.404999,196.220001,41.190002,83.559998
142.404999,196.220001,41.190002,83.559998
142.404999,196.220001,41.190002,83.559998
142.404999,196.220001,41.190002,83.559998
142.404999,196.220001,41.190002,83.559998
142.404999,196.220001,41.190002,83.559998
142.404999,196.220001,41.190002,83.559998
142.404999,196.220001,41.190002,83.559998
142.404999,196.220001,41.190002,83.559998
142.404999,196.220001,41.190002,83.559998
142.404999,196.220001,41.190002,83.559998
142.404999,196.220001,41.190002,83.559998
142.404999,196.220001,41.190002,83.559998
142.404999,196.220001,41.190002,83.559998
142.404999,196.220001,41.190002,83.559998
142.404999,196.220001,41.190002,83.559998
142.404999,196.220001,41.190002,83.559998
142.404999,196.220001,41.190002,83.559998
142.404999,196.220001,41.190002,83.559998
142.404999,196.220001,41.190002,83.559998
142.404999,196.220001,41.190002,83.559998
2
0
0
0
0
1
188.339996,173.479996,49.750000,113.830002
188.339996,173.479996,49.750000,113.830002
188.339996,173.479996,49.750000,113.830002
188.339996,173.479996,49.750000,113.830002
188.339996,173.479996,49.750000,113.830002
188.339996,173.479996,49.750000,113.830002
188.339996,173.479996,49.750000,113.830002
188.339996,173.479996,49.750000,113.830002
188.125000,173.084991,49.750000,113.830002
188.125000,173.084991,49.750000,113.830002
188.125000,173.084991,49.750000,113.830002
188.125000,173.084991,49.750000,113.830002
188.125000,173.084991,49.750000,113.830002
188.125000,173.084991,49.750000,113.830002
188.125000,173.084991,49.750000,113.830002
188.125000,173.084991,49.750000,113.830002
188.125000,173.084991,49.750000,113.830002
188.125000,173.084991,49.750000,113.830002
188.125000,173.084991,49.750000,113.830002
188.125000,173.084991,49.750000,113.830002
188.125000,173.084991,49.750000,113.830002
188.125000,173.084991,49.750000,113.830002
188.125000,173.084991,49.750000,113.830002
188.125000,173.084991,49.750000,113.830002
188.125000,173.084991,49.750000,113.830002
188.125000,173.084991,49.750000,113.830002
188.125000,173.084991,49.750000,113.830002
188.125000,173.084991,49.750000,113.830002
188.125000,173.084991,49.750000,113.830002
188.125000,173.084991,49.750000,113.830002
188.125000,173.084991,49.750000,113.830002
188.125000,173.084991,49.750000,113.830002
188.125000,173.084991,49.750000,113.830002
188.125000,173.084991,49.750000,113.830002
188.125000,173.084991,49.750000,113.830002
188.125000,173.084991,49.750000,113.830002
188.125000,173.084991,49.750000,113.830002
188.125000,173.084991,49.750000,113.830002
188.125000,173.084991,49.750000,113.830002
188.125000,173.084991,49.750000,113.830002
188.125000,173.084991,49.750000,113.830002
188.125000,173.084991,49.750000,113.830002
188.125000,173.084991,49.750000,113.830002
188.125000,173.084991,49.750000,113.830002
188.125000,173.084991,49.750000,113.830002
188.125000,173.084991,49.750000,113.830002
188.125000,173.084991,49.750000,113.830002
188.125000,173.084991,49.750000,113.830002
188.125000,173.084991,49.750000,113.830002
188.125000,173.084991,49.750000,113.830002
188.125000,173.084991,49.750000,113.830002
188.125000,173.084991,49.750000,113.830002
188.125000,173.084991,49.750000,113.830002
188.125000,173.084991,49.750000,113.830002
188.125000,173.084991,49.750000,113.830002
188.125000,173.084991,49.750000,113.830002
188.125000,173.084991,49.750000,113.830002
188.125000,173.084991,49.750000,113.830002
188.125000,173.084991,49.750000,113.830002
188.125000,173.084991,49.750000,113.830002
188.125000,173.084991,49.750000,113.830002
188.125000,173.084991,49.750000,113.830002
188.125000,173.084991,49.750000,113.830002
188.125000,173.084991,49.750000,113.830002
188.125000,173.084991,49.750000,113.830002
188.125000,173.084991,49.750000,113.830002
188.125000,173.084991,49.750000,113.830002
188.125000,173.084991,49.750000,113.830002
188.125000,173.084991,49.750000,113.830002
188.125000,173.084991,49.750000,113.830002
188.125000,173.084991,49.750000,113.830002
188.125000,173.084991,49.750000,113.830002
188.125000,173.084991,49.750000,113.830002
188.125000,173.084991,49.750000,113.830002
188.125000,173.084991,49.750000,113.830002
188.125000,173.084991,49.750000,113.830002
188.125000,173.084991,49.750000,113.830002
188.125000,173.084991,49.750000,113.830002
188.125000,173.084991,49.750000,113.830002
188.125000,173.084991,49.750000,113.830002
188.125000,173.084991,49.750000,113.830002
188.125000,173.084991,49.750000,113.830002
188.125000,173.084991,49.750000,113.830002
188.125000,173.084991,49.750000,113.830002
188.125000,173.084991,49.750000,113.830002
188.125000,173.084991,49.750000,113.830002
188.125000,173.084991,49.750000,113.830002
188.125000,173.084991,49.750000,113.830002
188.125000,173.084991,49.750000,113.830002
188.125000,173.084991,49.750000,113.830002
188.125000,173.084991,49.750000,113.830002
188.125000,173.084991,49.750000,113.830002
188.125000,173.084991,49.750000,113.830002
188.125000,173.084991,49.750000,113.830002
188.125000,173.084991,49.750000,113.830002
188.125000,173.084991,49.750000,113.830002
188.125000,173.084991,49.750000,113.830002
188.125000,173.084991,49.750000,113.830002
188.125000,173.084991,49.750000,113.830002
188.125000,173.084991,49.750000,113.830002
188.125000,173.084991,49.750000,113.830002
188.125000,173.084991,49.750000,113.830002
188.125000,173.084991,49.750000,113.830002
188.125000,173.084991,49.750000,113.830002
188.125000,173.084991,49.750000,113.830002
188.125000,173.084991,49.750000,113.830002
188.125000,173.084991,49.750000,113.830002
188.125000,173.084991,49.750000,113.830002
188.125000,173.084991,49.750000,113.830002
188.125000,173.084991,49.750000,113.830002
188.125000,173.084991,49.750000,113.830002
188.125000,173.084991,49.750000,113.830002
188.125000,173.084991,49.750000,113.830002
188.125000,173.084991,49.750000,113.830002
188.125000,173.084991,49.750000,113.830002
188.125000,173.084991,49.750000,113.830002
188.125000,173.084991,49.750000,113.830002
188.125000,173.084991,49.750000,113.830002
188.125000,173.084991,49.750000,113.830002
188.125000,173.084991,49.750000,113.830002
188.125000,173.084991,49.750000,113.830002
188.125000,173.084991,49.750000,113.830002
188.125000,173.084991,49.750000,113.830002
188.125000,173.084991,49.750000,113.830002
188.125000,173.084991,49.750000,113.830002
188.125000,173.084991,49.750000,113.830002
188.125000,173.084991,49.750000,113.830002
188.125000,173.084991,49.750000,113.830002
188.125000,173.084991,49.750000,113.830002
188.125000,173.084991,49.750000,113.830002
188.125000,173.084991,49.750000,113.830002
188.125000,173.084991,49.750000,113.830002
188.125000,173.084991,49.750000,113.830002
188.125000,173.084991,49.750000,113.830002
188.125000,173.084991,49.750000,113.830002
188.125000,173.084991,49.750000,113.830002
188.125000,173.084991,49.750000,113.830002
188.125000,173.084991,49.750000,113.830002
188.125000,173.084991,49.750000,113.830002
188.125000,173.084991,49.750000,113.830002
188.125000,173.084991,49.750000,113.830002
188.125000,173.084991,49.750000,113.830002
188.125000,173.084991,49.750000,113.830002
188.125000,173.084991,49.750000,113.830002
188.125000,173.084991,49.750000,113.830002
188.125000,173.084991,49.750000,113.830002
188.125000,173.084991,49.750000,113.830002
188.125000,173.084991,49.750000,113.830002
188.125000,173.084991,49.750000,113.830002
188.125000,173.084991,49.750000,113.830002
188.125000,173.084991,49.750000,113.830002
188.125000,173.084991,49.750000,113.830002
188.125000,173.084991,49.750000,113.830002
188.125000,173.084991,49.750000,113.830002
188.125000,173.084991,49.750000,113.830002
188.125000,173.084991,49.750000,113.830002
188.125000,173.084991,49.750000,113.830002
188.125000,173.084991,49.750000,113.830002
188.125000,173.084991,49.750000,113.830002
188.125000,173.084991,49.750000,113.830002
188.125000,173.084991,49.750000,113.830002
188.125000,173.084991,49.750000,113.830002
188.125000,173.084991,49.750000,113.830002
188.125000,173.084991,49.750000,113.830002
188.125000,173.084991,49.750000,113.830002
188.125000,173.084991,49.750000,113.830002
188.125000,173.084991,49.750000,113.830002
188.125000,173.084991,49.750000,113.830002
188.125000,173.084991,49.750000,113.830002
188.125000,173.084991,49.750000,113.830002
188.125000,173.084991,49.750000,113.830002
188.125000,173.084991,49.750000,113.830002
188.125000,173.084991,49.750000,113.830002
188.125000,173.084991,49.750000,113.830002
188.125000,173.084991,49.750000,113.830002
188.125000,173.084991,49.750000,113.830002
188.125000,173.084991,49.750000,113.830002
188.125000,173.084991,49.750000,113.830002
188.125000,173.084991,49.750000,113.830002
188.125000,173.084991,49.750000,113.830002
188.125000,173.084991,49.750000,113.830002
188.125000,173.084991,49.750000,113.830002
188.125000,173.084991,49.750000,113.830002
188.125000,173.084991,49.750000,113.830002
188.125000,173.084991,49.750000,113.830002
188.125000,173.084991,49.750000,113.830002
188.125000,173.084991,49.750000,113.830002
188.125000,173.084991,49.750000,113.830002
188.125000,173.084991,49.750000,113.830002
188.125000,173.084991,49.750000,113.830002
188.125000,173.084991,49.750000,113.830002
188.125000,173.084991,49.750000,113.830002
188.125000,173.084991,49.750000,113.830002
188.125000,173.084991,49.750000,113.830002
188.125000,173.084991,49.750000,113.830002
188.125000,173.084991,49.750000,113.830002
188.125000,173.084991,49.750000,113.830002
188.125000,173.084991,49.750000,113.830002
188.125000,173.084991,49.750000,113.830002
188.125000,173.084991,49.750000,113.830002
188.125000,173.084991,49.750000,113.830002
188.125000,173.084991,49.750000,113.830002
188.125000,173.084991,49.750000,113.830002
188.125000,173.084991,49.750000,113.830002
188.125000,173.084991,49.750000,113.830002
188.125000,173.084991,49.750000,113.830002
188.125000,173.084991,49.750000,113.830002
188.125000,173.084991,49.750000,113.830002
188.125000,173.084991,49.750000,113.830002
188.125000,173.084991,49.750000,113.830002
188.125000,173.084991,49.750000,113.830002
188.125000,173.084991,49.750000,113.830002
2
0
0
0
0
1
235.130005,143.059998,46.059998,150.049988
235.130005,143.059998,46.059998,150.049988
235.130005,143.059998,46.059998,150.049988
235.130005,143.059998,46.059998,150.049988
235.130005,143.059998,46.059998,150.049988
235.130005,143.059998,46.059998,150.049988
216.970001,162.975006,46.059998,150.049988
216.970001,162.975006,46.059998,150.049988
216.970001,162.975006,46.059998,150.049988
216.970001,162.975006,46.059998,150.049988
216.970001,162.975006,46.059998,150.049988
216.970001,162.975006,46.059998,150.049988
216.970001,162.975006,46.059998,150.049988
216.970001,162.975006,46.059998,150.049988
216.970001,162.975006,46.059998,150.049988
216.970001,162.975006,46.059998,150.049988
216.970001,162.975006,46.059998,150.049988
216.970001,162.975006,46.059998,150.049988
216.970001,162.975006,46.059998,150.049988
216.970001,162.975006,46.059998,150.049988
216.970001,162.975006,46.059998,150.049988
216.970001,162.975006,46.059998,150.049988
216.970001,162.975006,46.059998,150.049988
216.970001,162.975006,46.059998,150.049988
216.970001,162.975006,46.059998,150.049988
216.970001,162.975006,46.059998,150.049988
216.970001,162.975006,46.059998,150.049988
216.970001,162.975006,46.059998,150.049988
216.970001,162.975006,46.059998,150.049988
216.970001,162.975006,46.059998,150.049988
216.970001,162.975006,46.059998,150.049988
216.970001,162.975006,46.059998,150.049988
216.970001,162.975006,46.059998,150.049988
216.970001,162.975006,46.059998,150.049988
216.970001,162.975006,46.059998,150.049988
216.970001,162.975006,46.059998,150.049988
216.970001,162.975006,46.059998,150.049988
216.970001,162.975006,46.059998,150.049988
216.970001,162.975006,46.059998,150.049988
2
0
0
0
0
1
271.750000,140.589996,51.640015,153.190002
271.750000,140.589996,51.640015,153.190002
271.750000,140.589996,51.640015,153.190002
271.750000,140.589996,51.640015,153.190002
271.750000,140.589996,51.640015,153.190002
271.750000,140.589996,51.640015,153.190002
271.750000,140.589996,51.640015,153.190002
271.750000,140.589996,51.640015,153.190002
271.750000,140.589996,51.640015,153.190002
271.750000,140.589996,51.640015,153.190002
271.750000,140.589996,51.640015,153.190002
271.750000,140.589996,51.640015,153.190002
271.750000,140.589996,51.640015,153.190002
271.750000,140.589996,51.640015,153.190002
271.750000,140.589996,51.640015,153.190002
271.750000,140.589996,51.640015,153.190002
271.750000,140.589996,51.640015,153.190002
271.750000,140.589996,51.640015,153.190002
271.750000,140.589996,51.640015,153.190002
271.750000,140.589996,51.640015,153.190002
271.750000,140.589996,51.640015,153.190002
271.750000,140.589996,51.640015,153.190002
271.750000,140.589996,51.640015,153.190002
271.750000,140.589996,51.640015,153.190002
271.750000,140.589996,51.640015,153.190002
271.750000,140.589996,51.640015,153.190002
271.750000,140.589996,51.640015,153.190002
271.750000,140.589996,51.640015,153.190002
271.750000,140.589996,51.640015,153.190002
271.750000,140.589996,51.640015,153.190002
2
0
0
0
0
1
328.359985,132.190002,58.950012,184.619995
328.359985,132.190002,58.950012,184.619995
328.359985,132.190002,58.950012,184.619995
328.359985,132.190002,58.950012,184.619995
328.359985,132.190002,58.950012,184.619995
328.359985,132.190002,58.950012,184.619995
328.359985,132.190002,58.950012,184.619995
