1
161.500000,174.000000,35.000000,88.000000
161.500000,174.000000,35.000000,88.000000
145.500000,191.000000,35.000000,88.000000
145.500000,191.000000,35.000000,88.000000
145.500000,191.000000,35.000000,88.000000
145.500000,191.000000,35.000000,88.000000
145.500000,191.000000,35.000000,88.000000
145.500000,191.000000,35.000000,88.000000
145.500000,191.000000,35.000000,88.000000
145.500000,191.000000,35.000000,88.000000
145.500000,191.000000,35.000000,88.000000
145.500000,191.000000,35.000000,88.000000
145.500000,191.000000,35.000000,88.000000
145.500000,191.000000,35.000000,88.000000
145.500000,191.000000,35.000000,88.000000
145.500000,191.000000,35.000000,88.000000
145.500000,191.000000,35.000000,88.000000
145.500000,191.000000,35.000000,88.000000
2
0
0
0
0
1
156.119995,191.990005,39.430008,82.659988
145.284988,200.670013,39.430008,82.659988
145.284988,200.670013,39.430008,82.659988
145.284988,200.670013,39.430008,82.659988
145.284988,200.670013,39.430008,82.659988
145.284988,200.670013,39.430008,82.659988
145.284988,200.670013,39.430008,82.659988
145.284988,200.670013,39.430008,82.659988
145.284988,200.670013,39.430008,82.659988
145.284988,200.670013,39.430008,82.659988
145.284988,200.670013,39.430008,82.659988
145.284988,200.670013,39.430008,82.659988
145.284988,200.670013,39.430008,82.659988
145.284988,200.670013,39.430008,82.659988
145.284988,200.670013,39.430008,82.659988
145.284988,200.670013,39.430008,82.659988
145.284988,200.670013,39.430008,82.659988
145.284988,200.670013,39.430008,82.659988
145.284988,200.670013,39.430008,82.659988
145.284988,200.670013,39.430008,82.659988
145.284988,200.670013,39.430008,82.659988
145.284988,200.670013,39.430008,82.659988
145.284988,200.670013,39.430008,82.659988
145.284988,200.670013,39.430008,82.659988
145.284988,200.670013,39.430008,82.659988
145.284988,200.670013,39.430008,82.659988
145.284988,200.670013,39.430008,82.659988
145.284988,200.670013,39.430008,82.659988
145.284988,200.670013,39.430008,82.659988
145.284988,200.670013,39.430008,82.659988
145.284988,200.670013,39.430008,82.659988
145.284988,200.670013,39.430008,82.659988
145.284988,200.670013,39.430008,82.659988
145.284988,200.670013,39.430008,82.659988
145.284988,200.670013,39.430008,82.659988
145.284988,200.670013,39.430008,82.659988
145.284988,200.670013,39.430008,82.659988
145.284988,200.670013,39.430008,82.659988
145.284988,200.670013,39.430008,82.659988
145.284988,200.670013,39.430008,82.659988
145.284988,200.670013,39.430008,82.659988
145.284988,200.670013,39.430008,82.659988
145.284988,200.670013,39.430008,82.659988
145.284988,200.670013,39.430008,82.659988
145.284988,200.670013,39.430008,82.659988
145.284988,200.670013,39.430008,82.659988
145.284988,200.670013,39.430008,82.659988
145.284988,200.670013,39.430008,82.659988
145.284988,200.670013,39.430008,82.659988
145.284988,200.670013,39.430008,82.659988
145.284988,200.670013,39.430008,82.659988
145.284988,200.670013,39.430008,82.659988
145.284988,200.670013,39.430008,82.659988
145.284988,200.670013,39.430008,82.659988
145.284988,200.670013,39.430008,82.659988
145.284988,200.670013,39.430008,82.659988
145.284988,200.670013,39.430008,82.659988
145.284988,200.670013,39.430008,82.659988
145.284988,200.670013,39.430008,82.659988
145.284988,200.670013,39.430008,82.659988
145.284988,200.670013,39.430008,82.659988
145.284988,200.670013,39.430008,82.659988
145.284988,200.670013,39.430008,82.659988
145.284988,200.670013,39.430008,82.659988
2
0
0
0
0
1
189.309998,173.529999,49.869995,114.049988
189.309998,173.529999,49.869995,114.049988
189.309998,173.529999,49.869995,114.049988
189.309998,173.529999,49.869995,114.049988
189.309998,173.529999,49.869995,114.049988
189.309998,173.529999,49.869995,114.049988
189.309998,173.529999,49.869995,114.049988
189.309998,173.529999,49.869995,114.049988
189.309998,173.529999,49.869995,114.049988
189.309998,173.529999,49.869995,114.049988
189.309998,173.529999,49.869995,114.049988
189.309998,173.529999,49.869995,114.049988
189.309998,173.529999,49.869995,114.049988
189.309998,173.529999,49.869995,114.049988
189.309998,173.529999,49.869995,114.049988
189.309998,173.529999,49.869995,114.049988
189.309998,173.529999,49.869995,114.049988
189.309998,173.529999,49.869995,114.049988
189.309998,173.529999,49.869995,114.049988
189.309998,173.529999,49.869995,114.049988
189.309998,173.529999,49.869995,114.049988
189.309998,173.529999,49.869995,114.049988
189.309998,173.529999,49.869995,114.049988
189.309998,173.529999,49.869995,114.049988
189.309998,173.529999,49.869995,114.049988
189.309998,173.529999,49.869995,114.049988
189.309998,173.529999,49.869995,114.049988
189.309998,173.529999,49.869995,114.049988
189.309998,173.529999,49.869995,114.049988
189.309998,173.529999,49.869995,114.049988
189.309998,173.529999,49.869995,114.049988
189.309998,173.529999,49.869995,114.049988
189.309998,173.529999,49.869995,114.049988
189.309998,173.529999,49.869995,114.049988
189.309998,173.529999,49.869995,114.049988
189.309998,173.529999,49.869995,114.049988
189.309998,173.529999,49.869995,114.049988
189.309998,173.529999,49.869995,114.049988
189.309998,173.529999,49.869995,114.049988
189.309998,173.529999,49.869995,114.049988
189.309998,173.529999,49.869995,114.049988
189.309998,173.529999,49.869995,114.049988
189.309998,173.529999,49.869995,114.049988
189.309998,173.529999,49.869995,114.049988
189.309998,173.529999,49.869995,114.049988
189.309998,173.529999,49.869995,114.049988
189.309998,173.529999,49.869995,114.049988
189.309998,173.529999,49.869995,114.049988
189.309998,173.529999,49.869995,114.049988
189.309998,173.529999,49.869995,114.049988
189.309998,173.529999,49.869995,114.049988
189.309998,173.529999,49.869995,114.049988
189.309998,173.529999,49.869995,114.049988
189.309998,173.529999,49.869995,114.049988
189.309998,173.529999,49.869995,114.049988
189.309998,173.529999,49.869995,114.049988
189.309998,173.529999,49.869995,114.049988
189.309998,173.529999,49.869995,114.049988
189.309998,173.529999,49.869995,114.049988
189.309998,173.529999,49.869995,114.049988
189.309998,173.529999,49.869995,114.049988
189.309998,173.529999,49.869995,114.049988
189.309998,173.529999,49.869995,114.049988
189.309998,173.529999,49.869995,114.049988
189.309998,173.529999,49.869995,114.049988
189.309998,173.529999,49.869995,114.049988
189.309998,173.529999,49.869995,114.049988
189.309998,173.529999,49.869995,114.049988
189.309998,173.529999,49.869995,114.049988
189.309998,173.529999,49.869995,114.049988
189.309998,173.529999,49.869995,114.049988
189.309998,173.529999,49.869995,114.049988
189.309998,173.529999,49.869995,114.049988
189.309998,173.529999,49.869995,114.049988
189.309998,173.529999,49.869995,114.049988
189.309998,173.529999,49.869995,114.049988
189.309998,173.529999,49.869995,114.049988
189.309998,173.529999,49.869995,114.049988
189.309998,173.529999,49.869995,114.049988
189.309998,173.529999,49.869995,114.049988
189.309998,173.529999,49.869995,114.049988
189.309998,173.529999,49.869995,114.049988
189.309998,173.529999,49.869995,114.049988
189.309998,173.529999,49.869995,114.049988
189.309998,173.529999,49.869995,114.049988
189.309998,173.529999,49.869995,114.049988
189.309998,173.529999,49.869995,114.049988
189.309998,173.529999,49.869995,114.049988
189.309998,173.529999,49.869995,114.049988
189.309998,173.529999,49.869995,114.049988
189.309998,173.529999,49.869995,114.049988
189.309998,173.529999,49.869995,114.049988
189.309998,173.529999,49.869995,114.049988
189.309998,173.529999,49.869995,114.049988
189.309998,173.529999,49.869995,114.049988
189.309998,173.529999,49.869995,114.049988
189.309998,173.529999,49.869995,114.049988
189.309998,173.529999,49.869995,114.049988
189.309998,173.529999,49.869995,114.049988
189.309998,173.529999,49.869995,114.049988
189.309998,173.529999,49.869995,114.049988
189.309998,173.529999,49.869995,114.049988
189.309998,173.529999,49.869995,114.049988
189.309998,173.529999,49.869995,114.049988
189.309998,173.529999,49.869995,114.049988
189.309998,173.529999,49.869995,114.049988
189.309998,173.529999,49.869995,114.049988
189.309998,173.529999,49.869995,114.049988
189.309998,173.529999,49.869995,114.049988
189.309998,173.529999,49.869995,114.049988
189.309998,173.529999,49.869995,114.049988
189.309998,173.529999,49.869995,114.049988
189.309998,173.529999,49.869995,114.049988
189.309998,173.529999,49.869995,114.049988
189.309998,173.529999,49.869995,114.049988
189.309998,173.529999,49.869995,114.049988
189.309998,173.529999,49.869995,114.049988
189.309998,173.529999,49.869995,114.049988
189.309998,173.529999,49.869995,114.049988
189.309998,173.529999,49.869995,114.049988
189.309998,173.529999,49.869995,114.049988
189.309998,173.529999,49.869995,114.049988
189.309998,173.529999,49.869995,114.049988
189.309998,173.529999,49.869995,114.049988
189.309998,173.529999,49.869995,114.049988
189.309998,173.529999,49.869995,114.049988
189.309998,173.529999,49.869995,114.049988
189.309998,173.529999,49.869995,114.049988
189.309998,173.529999,49.869995,114.049988
189.309998,173.529999,49.869995,114.049988
189.309998,173.529999,49.869995,114.049988
189.309998,173.529999,49.869995,114.049988
189.309998,173.529999,49.869995,114.049988
189.309998,173.529999,49.869995,114.049988
189.309998,173.529999,49.869995,114.049988
189.309998,173.529999,49.869995,114.049988
189.309998,173.529999,49.869995,114.049988
189.309998,173.529999,49.869995,114.049988
189.309998,173.529999,49.869995,114.049988
189.309998,173.529999,49.869995,114.049988
189.309998,173.529999,49.869995,114.049988
189.309998,173.529999,49.869995,114.049988
189.309998,173.529999,49.869995,114.049988
189.309998,173.529999,49.869995,114.049988
189.309998,173.529999,49.869995,114.049988
189.309998,173.529999,49.869995,114.049988
189.309998,173.529999,49.869995,114.049988
189.309998,173.529999,49.869995,114.049988
189.309998,173.529999,49.869995,114.049988
189.309998,173.529999,49.869995,114.049988
189.309998,173.529999,49.869995,114.049988
189.309998,173.529999,49.869995,114.049988
189.309998,173.529999,49.869995,114.049988
189.309998,173.529999,49.869995,114.049988
189.309998,173.529999,49.869995,114.049988
189.309998,173.529999,49.869995,114.049988
189.309998,173.529999,49.869995,114.049988
189.309998,173.529999,49.869995,114.049988
189.309998,173.529999,49.869995,114.049988
189.309998,173.529999,49.869995,114.049988
189.309998,173.529999,49.869995,114.049988
189.309998,173.529999,49.869995,114.049988
189.309998,173.529999,49.869995,114.049988
189.309998,173.529999,49.869995,114.049988
189.309998,173.529999,49.869995,114.049988
189.309998,173.529999,49.869995,114.049988
189.309998,173.529999,49.869995,114.049988
189.309998,173.529999,49.869995,114.049988
189.309998,173.529999,49.869995,114.049988
189.309998,173.529999,49.869995,114.049988
189.309998,173.529999,49.869995,114.049988
189.309998,173.529999,49.869995,114.049988
189.309998,173.529999,49.869995,114.049988
189.309998,173.529999,49.869995,114.049988
189.309998,173.529999,49.869995,114.049988
189.309998,173.529999,49.869995,114.049988
189.309998,173.529999,49.869995,114.049988
189.309998,173.529999,49.869995,114.049988
189.309998,173.529999,49.869995,114.049988
189.309998,173.529999,49.869995,114.049988
189.309998,173.529999,49.869995,114.049988
189.309998,173.529999,49.869995,114.049988
189.309998,173.529999,49.869995,114.049988
189.309998,173.529999,49.869995,114.049988
189.309998,173.529999,49.869995,114.049988
189.309998,173.529999,49.869995,114.049988
189.309998,173.529999,49.869995,114.049988
189.309998,173.529999,49.869995,114.049988
189.309998,173.529999,49.869995,114.049988
189.309998,173.529999,49.869995,114.049988
189.309998,173.529999,49.869995,114.049988
189.309998,173.529999,49.869995,114.049988
189.309998,173.529999,49.869995,114.049988
189.309998,173.529999,49.869995,114.049988
189.309998,173.529999,49.869995,114.049988
189.309998,173.529999,49.869995,114.049988
189.309998,173.529999,49.869995,114.049988
189.309998,173.529999,49.869995,114.049988
189.309998,173.529999,49.869995,114.049988
189.309998,173.529999,49.869995,114.049988
189.309998,173.529999,49.869995,114.049988
189.309998,173.529999,49.869995,114.049988
189.309998,173.529999,49.869995,114.049988
189.309998,173.529999,49.869995,114.049988
189.309998,173.529999,49.869995,114.049988
189.309998,173.529999,49.869995,114.049988
189.309998,173.529999,49.869995,114.049988
189.309998,173.529999,49.869995,114.049988
189.309998,173.529999,49.869995,114.049988
189.309998,173.529999,49.869995,114.049988
189.309998,173.529999,49.869995,114.049988
189.309998,173.529999,49.869995,114.049988
2
0
0
0
0
1
234.250000,143.130005,46.000000,149.779999
234.250000,143.130005,46.000000,149.779999
234.250000,143.130005,46.000000,149.779999
234.250000,143.130005,46.000000,149.779999
234.250000,143.130005,46.000000,149.779999
234.250000,143.130005,46.000000,149.779999
234.250000,143.130005,46.000000,149.779999
234.250000,143.130005,46.000000,149.779999
234.250000,143.130005,46.000000,149.779999
234.250000,143.130005,46.000000,149.779999
234.250000,143.130005,46.000000,149.779999
234.250000,143.130005,46.000000,149.779999
234.250000,143.130005,46.000000,149.779999
234.250000,143.130005,46.000000,149.779999
234.250000,143.130005,46.000000,149.779999
234.250000,143.130005,46.000000,149.779999
234.250000,143.130005,46.000000,149.779999
234.250000,143.130005,46.000000,149.779999
234.250000,143.130005,46.000000,149.779999
234.250000,143.130005,46.000000,149.779999
234.250000,143.130005,46.000000,149.779999
234.250000,143.130005,46.000000,149.779999
234.250000,143.130005,46.000000,149.779999
234.250000,143.130005,46.000000,149.779999
234.250000,143.130005,46.000000,149.779999
234.250000,143.130005,46.000000,149.779999
234.250000,143.130005,46.000000,149.779999
234.250000,143.130005,46.000000,149.779999
234.250000,143.130005,46.000000,149.779999
234.250000,143.130005,46.000000,149.779999
234.250000,143.130005,46.000000,149.779999
234.250000,143.130005,46.000000,149.779999
234.250000,143.130005,46.000000,149.779999
234.250000,143.130005,46.000000,149.779999
234.250000,143.130005,46.000000,149.779999
234.250000,143.130005,46.000000,149.779999
234.250000,143.130005,46.000000,149.779999
234.250000,143.130005,46.000000,149.779999
234.250000,143.130005,46.000000,149.779999
234.250000,143.130005,46.000000,149.779999
234.250000,143.130005,46.000000,149.779999
234.250000,143.130005,46.000000,149.779999
234.250000,143.130005,46.000000,149.779999
234.250000,143.130005,46.000000,149.779999
234.250000,143.130005,46.000000,149.779999
234.250000,143.130005,46.000000,149.779999
234.250000,143.130005,46.000000,149.779999
234.250000,143.130005,46.000000,149.779999
234.250000,143.130005,46.000000,149.779999
2
0
0
0
0
1
289.230011,141.289993,50.929993,158.449997
289.230011,141.289993,50.929993,158.449997
289.230011,141.289993,50.929993,158.449997
289.230011,141.289993,50.929993,158.449997
289.230011,141.289993,50.929993,158.449997
289.230011,141.289993,50.929993,158.449997
289.230011,141.289993,50.929993,158.449997
289.230011,141.289993,50.929993,158.449997
289.230011,141.289993,50.929993,158.449997
289.230011,141.289993,50.929993,158.449997
289.230011,141.289993,50.929993,158.449997
289.230011,141.289993,50.929993,158.449997
289.230011,141.289993,50.929993,158.449997
289.230011,141.289993,50.929993,158.449997
289.230011,141.289993,50.929993,158.449997
289.230011,141.289993,50.929993,158.449997
289.230011,141.289993,50.929993,158.449997
289.230011,141.289993,50.929993,158.449997
289.230011,141.289993,50.929993,158.449997
289.230011,141.289993,50.929993,158.449997
289.230011,141.289993,50.929993,158.449997
289.230011,141.289993,50.929993,158.449997
289.230011,141.289993,50.929993,158.449997
289.230011,141.289993,50.929993,158.449997
289.230011,141.289993,50.929993,158.449997
289.230011,141.289993,50.929993,158.449997
289.230011,141.289993,50.929993,158.449997
289.230011,141.289993,50.929993,158.449997
289.230011,141.289993,50.929993,158.449997
289.230011,141.289993,50.929993,158.449997
289.230011,141.289993,50.929993,158.449997
289.230011,141.289993,50.929993,158.449997
