1
188.619995,210.610001,42.760010,112.780014
188.619995,210.610001,42.760010,112.780014
188.619995,210.610001,42.760010,112.780014
188.619995,210.610001,42.760010,112.780014
188.619995,210.610001,42.760010,112.780014
188.619995,210.610001,42.760010,112.780014
188.619995,210.610001,42.760010,112.780014
188.619995,210.610001,42.760010,112.780014
188.619995,210.610001,42.760010,112.780014
188.619995,210.610001,42.760010,112.780014
188.619995,210.610001,42.760010,112.780014
188.619995,210.610001,42.760010,112.780014
188.619995,210.610001,42.760010,112.780014
188.619995,210.610001,42.760010,112.780014
188.619995,210.610001,42.760010,112.780014
188.619995,210.610001,42.760010,112.780014
188.619995,210.610001,42.760010,112.780014
188.619995,210.610001,42.760010,112.780014
188.619995,210.610001,42.760010,112.780014
188.619995,210.610001,42.760010,112.780014
188.619995,210.610001,42.760010,112.780014
188.619995,210.610001,42.760010,112.780014
188.619995,210.610001,42.760010,112.780014
188.619995,210.610001,42.760010,112.780014
188.619995,210.610001,42.760010,112.780014
188.619995,210.610001,42.760010,112.780014
188.619995,210.610001,42.760010,112.780014
2
0
0
0
0
1
249.860001,224.979996,51.129990,110.270004
249.860001,224.979996,51.129990,110.270004
249.860001,224.979996,51.129990,110.270004
249.860001,224.979996,51.129990,110.270004
249.860001,224.979996,51.129990,110.270004
274.434998,229.865005,51.129990,110.270004
274.434998,229.865005,51.129990,110.270004
274.434998,229.865005,51.129990,110.270004
274.434998,229.865005,51.129990,110.270004
274.434998,229.865005,51.129990,110.270004
274.434998,229.865005,51.129990,110.270004
274.434998,229.865005,51.129990,110.270004
274.434998,229.865005,51.129990,110.270004
274.434998,229.865005,51.129990,110.270004
274.434998,229.865005,51.129990,110.270004
274.434998,229.865005,51.129990,110.270004
274.434998,229.865005,51.129990,110.270004
274.434998,229.865005,51.129990,110.270004
274.434998,229.865005,51.129990,110.270004
274.434998,229.865005,51.129990,110.270004
274.434998,229.865005,51.129990,110.270004
254.434998,216.865005,51.129990,110.270004
254.434998,216.865005,51.129990,110.270004
254.434998,216.865005,51.129990,110.270004
254.434998,216.865005,51.129990,110.270004
254.434998,216.865005,51.129990,110.270004
254.434998,216.865005,51.129990,110.270004
254.434998,216.865005,51.129990,110.270004
254.434998,216.865005,51.129990,110.270004
254.434998,216.865005,51.129990,110.270004
238.434998,211.865005,51.129990,110.270004
238.434998,211.865005,51.129990,110.270004
238.434998,211.865005,51.129990,110.270004
238.434998,211.865005,51.129990,110.270004
238.434998,211.865005,51.129990,110.270004
238.434998,211.865005,51.129990,110.270004
238.434998,211.865005,51.129990,110.270004
238.434998,211.865005,51.129990,110.270004
210.434998,211.865005,51.129990,110.270004
194.434998,211.865005,51.129990,110.270004
194.434998,211.865005,51.129990,110.270004
177.434998,216.865005,51.129990,110.270004
177.434998,216.865005,51.129990,110.270004
177.434998,216.865005,51.129990,110.270004
177.434998,216.865005,51.129990,110.270004
153.434998,216.865005,51.129990,110.270004
153.434998,216.865005,51.129990,110.270004
153.434998,216.865005,51.129990,110.270004
153.434998,216.865005,51.129990,110.270004
153.434998,216.865005,51.129990,110.270004
153.434998,216.865005,51.129990,110.270004
133.434998,230.865005,51.129990,110.270004
133.434998,230.865005,51.129990,110.270004
133.434998,230.865005,51.129990,110.270004
112.435005,218.865005,51.129990,110.270004
112.435005,218.865005,51.129990,110.270004
112.435005,218.865005,51.129990,110.270004
112.435005,218.865005,51.129990,110.270004
112.435005,218.865005,51.129990,110.270004
112.435005,218.865005,51.129990,110.270004
112.435005,218.865005,51.129990,110.270004
112.435005,218.865005,51.129990,110.270004
112.435005,218.865005,51.129990,110.270004
112.435005,218.865005,51.129990,110.270004
112.435005,218.865005,51.129990,110.270004
112.435005,218.865005,51.129990,110.270004
112.435005,218.865005,51.129990,110.270004
112.435005,218.865005,51.129990,110.270004
112.435005,218.865005,51.129990,110.270004
112.435005,218.865005,51.129990,110.270004
112.435005,218.865005,51.129990,110.270004
112.435005,218.865005,51.129990,110.270004
112.435005,218.865005,51.129990,110.270004
112.435005,218.865005,51.129990,110.270004
112.435005,218.865005,51.129990,110.270004
112.435005,218.865005,51.129990,110.270004
112.435005,218.865005,51.129990,110.270004
112.435005,218.865005,51.129990,110.270004
112.435005,218.865005,51.129990,110.270004
140.434998,203.865005,51.129990,110.270004
140.434998,203.865005,51.129990,110.270004
140.434998,203.865005,51.129990,110.270004
140.434998,203.865005,51.129990,110.270004
140.434998,203.865005,51.129990,110.270004
140.434998,203.865005,51.129990,110.270004
140.434998,203.865005,51.129990,110.270004
140.434998,203.865005,51.129990,110.270004
140.434998,203.865005,51.129990,110.270004
140.434998,203.865005,51.129990,110.270004
140.434998,203.865005,51.129990,110.270004
140.434998,203.865005,51.129990,110.270004
173.434998,188.865005,51.129990,110.270004
173.434998,188.865005,51.129990,110.270004
173.434998,188.865005,51.129990,110.270004
173.434998,188.865005,51.129990,110.270004
191.434998,188.865005,51.129990,110.270004
191.434998,188.865005,51.129990,110.270004
191.434998,188.865005,51.129990,110.270004
191.434998,188.865005,51.129990,110.270004
191.434998,188.865005,51.129990,110.270004
191.434998,188.865005,51.129990,110.270004
191.434998,188.865005,51.129990,110.270004
191.434998,188.865005,51.129990,110.270004
191.434998,188.865005,51.129990,110.270004
191.434998,188.865005,51.129990,110.270004
191.434998,188.865005,51.129990,110.270004
191.434998,188.865005,51.129990,110.270004
191.434998,188.865005,51.129990,110.270004
191.434998,188.865005,51.129990,110.270004
191.434998,188.865005,51.129990,110.270004
218.434998,183.865005,51.129990,110.270004
218.434998,183.865005,51.129990,110.270004
218.434998,183.865005,51.129990,110.270004
218.434998,183.865005,51.129990,110.270004
218.434998,183.865005,51.129990,110.270004
218.434998,183.865005,51.129990,110.270004
218.434998,183.865005,51.129990,110.270004
218.434998,183.865005,51.129990,110.270004
218.434998,183.865005,51.129990,110.270004
218.434998,183.865005,51.129990,110.270004
218.434998,183.865005,51.129990,110.270004
218.434998,183.865005,51.129990,110.270004
218.434998,183.865005,51.129990,110.270004
218.434998,183.865005,51.129990,110.270004
218.434998,183.865005,51.129990,110.270004
218.434998,183.865005,51.129990,110.270004
218.434998,183.865005,51.129990,110.270004
218.434998,183.865005,51.129990,110.270004
218.434998,183.865005,51.129990,110.270004
218.434998,183.865005,51.129990,110.270004
218.434998,183.865005,51.129990,110.270004
218.434998,183.865005,51.129990,110.270004
218.434998,183.865005,51.129990,110.270004
260.434998,154.865005,51.129990,110.270004
260.434998,154.865005,51.129990,110.270004
260.434998,154.865005,51.129990,110.270004
260.434998,154.865005,51.129990,110.270004
260.434998,154.865005,51.129990,110.270004
260.434998,154.865005,51.129990,110.270004
281.434998,148.865005,51.129990,110.270004
266.434998,155.865005,51.129990,110.270004
266.434998,155.865005,51.129990,110.270004
266.434998,155.865005,51.129990,110.270004
285.434998,166.865005,51.129990,110.270004
285.434998,166.865005,51.129990,110.270004
285.434998,166.865005,51.129990,110.270004
285.434998,166.865005,51.129990,110.270004
285.434998,166.865005,51.129990,110.270004
285.434998,166.865005,51.129990,110.270004
280.434998,131.865005,51.129990,110.270004
280.434998,131.865005,51.129990,110.270004
280.434998,131.865005,51.129990,110.270004
280.434998,131.865005,51.129990,110.270004
280.434998,131.865005,51.129990,110.270004
280.434998,131.865005,51.129990,110.270004
280.434998,131.865005,51.129990,110.270004
280.434998,131.865005,51.129990,110.270004
280.434998,131.865005,51.129990,110.270004
280.434998,131.865005,51.129990,110.270004
280.434998,131.865005,51.129990,110.270004
280.434998,131.865005,51.129990,110.270004
280.434998,131.865005,51.129990,110.270004
280.434998,131.865005,51.129990,110.270004
280.434998,131.865005,51.129990,110.270004
280.434998,131.865005,51.129990,110.270004
280.434998,131.865005,51.129990,110.270004
280.434998,131.865005,51.129990,110.270004
280.434998,131.865005,51.129990,110.270004
280.434998,131.865005,51.129990,110.270004
280.434998,131.865005,51.129990,110.270004
280.434998,131.865005,51.129990,110.270004
280.434998,131.865005,51.129990,110.270004
280.434998,131.865005,51.129990,110.270004
280.434998,131.865005,51.129990,110.270004
280.434998,131.865005,51.129990,110.270004
280.434998,131.865005,51.129990,110.270004
280.434998,131.865005,51.129990,110.270004
280.434998,131.865005,51.129990,110.270004
280.434998,131.865005,51.129990,110.270004
280.434998,131.865005,51.129990,110.270004
280.434998,131.865005,51.129990,110.270004
280.434998,131.865005,51.129990,110.270004
280.434998,131.865005,51.129990,110.270004
280.434998,131.865005,51.129990,110.270004
280.434998,131.865005,51.129990,110.270004
280.434998,131.865005,51.129990,110.270004
280.434998,131.865005,51.129990,110.270004
280.434998,131.865005,51.129990,110.270004
280.434998,131.865005,51.129990,110.270004
280.434998,131.865005,51.129990,110.270004
280.434998,131.865005,51.129990,110.270004
280.434998,131.865005,51.129990,110.270004
280.434998,131.865005,51.129990,110.270004
280.434998,131.865005,51.129990,110.270004
256.434998,176.865005,51.129990,110.270004
256.434998,176.865005,51.129990,110.270004
256.434998,176.865005,51.129990,110.270004
256.434998,176.865005,51.129990,110.270004
256.434998,176.865005,51.129990,110.270004
256.434998,176.865005,51.129990,110.270004
256.434998,176.865005,51.129990,110.270004
256.434998,176.865005,51.129990,110.270004
256.434998,176.865005,51.129990,110.270004
256.434998,176.865005,51.129990,110.270004
256.434998,176.865005,51.129990,110.270004
223.434998,216.865005,51.129990,110.270004
223.434998,216.865005,51.129990,110.270004
223.434998,216.865005,51.129990,110.270004
223.434998,216.865005,51.129990,110.270004
223.434998,216.865005,51.129990,110.270004
223.434998,216.865005,51.129990,110.270004
223.434998,216.865005,51.129990,110.270004
223.434998,216.865005,51.129990,110.270004
223.434998,216.865005,51.129990,110.270004
223.434998,216.865005,51.129990,110.270004
223.434998,216.865005,51.129990,110.270004
223.434998,216.865005,51.129990,110.270004
223.434998,216.865005,51.129990,110.270004
223.434998,216.865005,51.129990,110.270004
223.434998,216.865005,51.129990,110.270004
223.434998,216.865005,51.129990,110.270004
223.434998,216.865005,51.129990,110.270004
223.434998,216.865005,51.129990,110.270004
223.434998,216.865005,51.129990,110.270004
223.434998,216.865005,51.129990,110.270004
223.434998,216.865005,51.129990,110.270004
201.434998,231.865005,51.129990,110.270004
201.434998,231.865005,51.129990,110.270004
201.434998,231.865005,51.129990,110.270004
201.434998,231.865005,51.129990,110.270004
201.434998,231.865005,51.129990,110.270004
201.434998,231.865005,51.129990,110.270004
201.434998,231.865005,51.129990,110.270004
201.434998,231.865005,51.129990,110.270004
201.434998,231.865005,51.129990,110.270004
201.434998,231.865005,51.129990,110.270004
201.434998,231.865005,51.129990,110.270004
201.434998,231.865005,51.129990,110.270004
201.434998,231.865005,51.129990,110.270004
201.434998,231.865005,51.129990,110.270004
201.434998,231.865005,51.129990,110.270004
201.434998,231.865005,51.129990,110.270004
201.434998,231.865005,51.129990,110.270004
201.434998,231.865005,51.129990,110.270004
201.434998,231.865005,51.129990,110.270004
201.434998,231.865005,51.129990,110.270004
201.434998,231.865005,51.129990,110.270004
201.434998,231.865005,51.129990,110.270004
201.434998,231.865005,51.129990,110.270004
201.434998,231.865005,51.129990,110.270004
201.434998,231.865005,51.129990,110.270004
201.434998,231.865005,51.129990,110.270004
202.434998,197.865005,51.129990,110.270004
202.434998,197.865005,51.129990,110.270004
202.434998,197.865005,51.129990,110.270004
202.434998,197.865005,51.129990,110.270004
202.434998,197.865005,51.129990,110.270004
202.434998,197.865005,51.129990,110.270004
202.434998,197.865005,51.129990,110.270004
184.434998,239.865005,51.129990,110.270004
184.434998,239.865005,51.129990,110.270004
169.434998,243.865005,51.129990,110.270004
169.434998,243.865005,51.129990,110.270004
169.434998,243.865005,51.129990,110.270004
169.434998,243.865005,51.129990,110.270004
169.434998,243.865005,51.129990,110.270004
169.434998,243.865005,51.129990,110.270004
169.434998,243.865005,51.129990,110.270004
154.434998,247.865005,51.129990,110.270004
154.434998,247.865005,51.129990,110.270004
154.434998,247.865005,51.129990,110.270004
154.434998,247.865005,51.129990,110.270004
154.434998,247.865005,51.129990,110.270004
154.434998,247.865005,51.129990,110.270004
154.434998,247.865005,51.129990,110.270004
154.434998,247.865005,51.129990,110.270004
154.434998,247.865005,51.129990,110.270004
154.434998,247.865005,51.129990,110.270004
154.434998,247.865005,51.129990,110.270004
154.434998,247.865005,51.129990,110.270004
152.434998,186.865005,51.129990,110.270004
152.434998,186.865005,51.129990,110.270004
141.434998,266.864990,51.129990,110.270004
141.434998,266.864990,51.129990,110.270004
141.434998,266.864990,51.129990,110.270004
141.434998,266.864990,51.129990,110.270004
141.434998,266.864990,51.129990,110.270004
141.434998,266.864990,51.129990,110.270004
141.434998,266.864990,51.129990,110.270004
125.435005,271.864990,51.129990,110.270004
125.435005,271.864990,51.129990,110.270004
125.435005,271.864990,51.129990,110.270004
125.435005,271.864990,51.129990,110.270004
125.435005,271.864990,51.129990,110.270004
125.435005,271.864990,51.129990,110.270004
144.434998,216.865005,51.129990,110.270004
144.434998,216.865005,51.129990,110.270004
144.434998,216.865005,51.129990,110.270004
144.434998,216.865005,51.129990,110.270004
144.434998,216.865005,51.129990,110.270004
144.434998,216.865005,51.129990,110.270004
144.434998,216.865005,51.129990,110.270004
144.434998,216.865005,51.129990,110.270004
144.434998,216.865005,51.129990,110.270004
140.434998,277.864990,51.129990,110.270004
140.434998,277.864990,51.129990,110.270004
140.434998,277.864990,51.129990,110.270004
140.434998,277.864990,51.129990,110.270004
140.434998,277.864990,51.129990,110.270004
140.434998,277.864990,51.129990,110.270004
140.434998,277.864990,51.129990,110.270004
140.434998,277.864990,51.129990,110.270004
140.434998,277.864990,51.129990,110.270004
140.434998,277.864990,51.129990,110.270004
140.434998,277.864990,51.129990,110.270004
140.434998,277.864990,51.129990,110.270004
140.434998,277.864990,51.129990,110.270004
160.434998,225.865005,51.129990,110.270004
160.434998,225.865005,51.129990,110.270004
130.434998,232.865005,51.129990,110.270004
130.434998,232.865005,51.129990,110.270004
130.434998,232.865005,51.129990,110.270004
130.434998,232.865005,51.129990,110.270004
130.434998,232.865005,51.129990,110.270004
141.434998,202.865005,51.129990,110.270004
125.435005,227.865005,51.129990,110.270004
125.435005,227.865005,51.129990,110.270004
125.435005,227.865005,51.129990,110.270004
125.435005,227.865005,51.129990,110.270004
125.435005,227.865005,51.129990,110.270004
125.435005,227.865005,51.129990,110.270004
154.434998,217.865005,51.129990,110.270004
154.434998,217.865005,51.129990,110.270004
154.434998,217.865005,51.129990,110.270004
141.434998,222.865005,51.129990,110.270004
141.434998,222.865005,51.129990,110.270004
141.434998,222.865005,51.129990,110.270004
141.434998,222.865005,51.129990,110.270004
141.434998,222.865005,51.129990,110.270004
141.434998,222.865005,51.129990,110.270004
141.434998,222.865005,51.129990,110.270004
141.434998,222.865005,51.129990,110.270004
141.434998,222.865005,51.129990,110.270004
122.435005,232.865005,51.129990,110.270004
122.435005,232.865005,51.129990,110.270004
122.435005,232.865005,51.129990,110.270004
122.435005,232.865005,51.129990,110.270004
122.435005,232.865005,51.129990,110.270004
122.435005,232.865005,51.129990,110.270004
122.435005,232.865005,51.129990,110.270004
155.434998,232.865005,51.129990,110.270004
129.434998,247.865005,51.129990,110.270004
148.434998,247.865005,51.129990,110.270004
148.434998,247.865005,51.129990,110.270004
148.434998,247.865005,51.129990,110.270004
148.434998,247.865005,51.129990,110.270004
148.434998,247.865005,51.129990,110.270004
148.434998,247.865005,51.129990,110.270004
148.434998,247.865005,51.129990,110.270004
148.434998,247.865005,51.129990,110.270004
148.434998,247.865005,51.129990,110.270004
148.434998,247.865005,51.129990,110.270004
133.434998,232.865005,51.129990,110.270004
133.434998,232.865005,51.129990,110.270004
156.434998,252.865005,51.129990,110.270004
156.434998,252.865005,51.129990,110.270004
156.434998,252.865005,51.129990,110.270004
133.434998,237.865005,51.129990,110.270004
133.434998,237.865005,51.129990,110.270004
133.434998,237.865005,51.129990,110.270004
133.434998,237.865005,51.129990,110.270004
134.434998,172.865005,51.129990,110.270004
134.434998,172.865005,51.129990,110.270004
134.434998,172.865005,51.129990,110.270004
134.434998,172.865005,51.129990,110.270004
135.434998,212.865005,51.129990,110.270004
124.435005,182.865005,51.129990,110.270004
124.435005,182.865005,51.129990,110.270004
147.434998,227.865005,51.129990,110.270004
171.434998,242.865005,51.129990,110.270004
171.434998,242.865005,51.129990,110.270004
171.434998,242.865005,51.129990,110.270004
171.434998,242.865005,51.129990,110.270004
171.434998,242.865005,51.129990,110.270004
171.434998,242.865005,51.129990,110.270004
171.434998,242.865005,51.129990,110.270004
171.434998,242.865005,51.129990,110.270004
177.434998,193.865005,51.129990,110.270004
177.434998,193.865005,51.129990,110.270004
177.434998,193.865005,51.129990,110.270004
177.434998,193.865005,51.129990,110.270004
157.434998,192.865005,51.129990,110.270004
157.434998,192.865005,51.129990,110.270004
157.434998,192.865005,51.129990,110.270004
157.434998,192.865005,51.129990,110.270004
157.434998,192.865005,51.129990,110.270004
157.434998,192.865005,51.129990,110.270004
157.434998,192.865005,51.129990,110.270004
157.434998,192.865005,51.129990,110.270004
167.434998,230.865005,51.129990,110.270004
167.434998,230.865005,51.129990,110.270004
167.434998,182.865005,51.129990,110.270004
172.434998,228.865005,51.129990,110.270004
192.434998,194.865005,51.129990,110.270004
192.434998,194.865005,51.129990,110.270004
192.434998,194.865005,51.129990,110.270004
192.434998,194.865005,51.129990,110.270004
192.434998,194.865005,51.129990,110.270004
182.434998,234.865005,51.129990,110.270004
182.434998,234.865005,51.129990,110.270004
182.434998,234.865005,51.129990,110.270004
182.434998,234.865005,51.129990,110.270004
182.434998,234.865005,51.129990,110.270004
207.434998,199.865005,51.129990,110.270004
207.434998,245.865005,51.129990,110.270004
212.434998,191.865005,51.129990,110.270004
187.434998,192.865005,51.129990,110.270004
187.434998,192.865005,51.129990,110.270004
187.434998,192.865005,51.129990,110.270004
187.434998,192.865005,51.129990,110.270004
187.434998,192.865005,51.129990,110.270004
187.434998,192.865005,51.129990,110.270004
187.434998,192.865005,51.129990,110.270004
207.434998,204.865005,51.129990,110.270004
207.434998,204.865005,51.129990,110.270004
207.434998,204.865005,51.129990,110.270004
207.434998,204.865005,51.129990,110.270004
207.434998,204.865005,51.129990,110.270004
207.434998,204.865005,51.129990,110.270004
222.434998,250.865005,51.129990,110.270004
222.434998,250.865005,51.129990,110.270004
242.434998,232.865005,51.129990,110.270004
247.434998,183.865005,51.129990,110.270004
247.434998,183.865005,51.129990,110.270004
247.434998,183.865005,51.129990,110.270004
247.434998,183.865005,51.129990,110.270004
247.434998,183.865005,51.129990,110.270004
2
0
0
0
0
1
331.950012,224.050003,41.979980,113.439987
331.950012,224.050003,41.979980,113.439987
331.950012,224.050003,41.979980,113.439987
331.950012,224.050003,41.979980,113.439987
2
0
0
0
0
1
406.619995,227.509995,43.040009,109.800003
406.619995,227.509995,43.040009,109.800003
406.619995,227.509995,43.040009,109.800003
406.619995,227.509995,43.040009,109.800003
406.619995,227.509995,43.040009,109.800003
406.619995,227.509995,43.040009,109.800003
406.619995,227.509995,43.040009,109.800003
406.619995,227.509995,43.040009,109.800003
406.619995,227.509995,43.040009,109.800003
406.619995,227.509995,43.040009,109.800003
406.619995,227.509995,43.040009,109.800003
406.619995,227.509995,43.040009,109.800003
406.619995,227.509995,43.040009,109.800003
406.619995,227.509995,43.040009,109.800003
406.619995,227.509995,43.040009,109.800003
406.619995,227.509995,43.040009,109.800003
406.479980,227.100006,43.040009,109.800003
406.479980,227.100006,43.040009,109.800003
406.479980,227.100006,43.040009,109.800003
406.479980,227.100006,43.040009,109.800003
406.479980,227.100006,43.040009,109.800003
406.479980,227.100006,43.040009,109.800003
406.479980,227.100006,43.040009,109.800003
2
0
0
0
0
1
352.359985,182.770004,44.530029,113.189987
352.359985,182.770004,44.530029,113.189987
352.359985,182.770004,44.530029,113.189987
352.359985,182.770004,44.530029,113.189987
352.359985,182.770004,44.530029,113.189987
352.359985,182.770004,44.530029,113.189987
352.359985,182.770004,44.530029,113.189987
352.359985,182.770004,44.530029,113.189987
338.734985,196.405014,44.530029,113.189987
338.734985,196.405014,44.530029,113.189987
338.734985,196.405014,44.530029,113.189987
338.734985,196.405014,44.530029,113.189987
338.734985,196.405014,44.530029,113.189987
338.734985,196.405014,44.530029,113.189987
325.734985,194.405014,44.530029,113.189987
325.734985,194.405014,44.530029,113.189987
325.734985,194.405014,44.530029,113.189987
325.734985,194.405014,44.530029,113.189987
343.734985,166.405014,44.530029,113.189987
325.734985,189.405014,44.530029,113.189987
342.734985,162.405014,44.530029,113.189987
342.734985,162.405014,44.530029,113.189987
342.734985,162.405014,44.530029,113.189987
342.734985,162.405014,44.530029,113.189987
320.734985,159.405014,44.530029,113.189987
320.734985,159.405014,44.530029,113.189987
314.734985,205.405014,44.530029,113.189987
314.734985,205.405014,44.530029,113.189987
314.734985,205.405014,44.530029,113.189987
314.734985,205.405014,44.530029,113.189987
314.734985,205.405014,44.530029,113.189987
314.734985,205.405014,44.530029,113.189987
324.734985,154.405014,44.530029,113.189987
307.734985,208.405014,44.530029,113.189987
307.734985,208.405014,44.530029,113.189987
318.734985,156.405014,44.530029,113.189987
318.734985,156.405014,44.530029,113.189987
318.734985,156.405014,44.530029,113.189987
302.734985,168.405014,44.530029,113.189987
302.734985,168.405014,44.530029,113.189987
302.734985,168.405014,44.530029,113.189987
301.734985,220.405014,44.530029,113.189987
309.734985,164.405014,44.530029,113.189987
302.734985,218.405014,44.530029,113.189987
302.734985,218.405014,44.530029,113.189987
302.734985,218.405014,44.530029,113.189987
302.734985,218.405014,44.530029,113.189987
302.734985,218.405014,44.530029,113.189987
302.734985,218.405014,44.530029,113.189987
302.734985,218.405014,44.530029,113.189987
316.734985,146.405014,44.530029,113.189987
316.734985,146.405014,44.530029,113.189987
316.734985,146.405014,44.530029,113.189987
294.734985,213.405014,44.530029,113.189987
294.734985,213.405014,44.530029,113.189987
294.734985,213.405014,44.530029,113.189987
294.734985,213.405014,44.530029,113.189987
294.734985,213.405014,44.530029,113.189987
294.734985,213.405014,44.530029,113.189987
294.734985,213.405014,44.530029,113.189987
308.734985,177.405014,44.530029,113.189987
308.734985,177.405014,44.530029,113.189987
294.734985,222.405014,44.530029,113.189987
294.734985,222.405014,44.530029,113.189987
315.734985,182.405014,44.530029,113.189987
315.734985,182.405014,44.530029,113.189987
315.734985,182.405014,44.530029,113.189987
315.734985,182.405014,44.530029,113.189987
315.734985,182.405014,44.530029,113.189987
315.734985,182.405014,44.530029,113.189987
315.734985,182.405014,44.530029,113.189987
315.734985,182.405014,44.530029,113.189987
315.734985,182.405014,44.530029,113.189987
312.734985,142.405014,44.530029,113.189987
312.734985,142.405014,44.530029,113.189987
312.734985,142.405014,44.530029,113.189987
312.734985,142.405014,44.530029,113.189987
312.734985,142.405014,44.530029,113.189987
312.734985,142.405014,44.530029,113.189987
312.734985,142.405014,44.530029,113.189987
312.734985,142.405014,44.530029,113.189987
312.734985,142.405014,44.530029,113.189987
312.734985,142.405014,44.530029,113.189987
312.734985,142.405014,44.530029,113.189987
312.734985,142.405014,44.530029,113.189987
312.734985,142.405014,44.530029,113.189987
312.734985,142.405014,44.530029,113.189987
312.734985,142.405014,44.530029,113.189987
312.734985,142.405014,44.530029,113.189987
312.734985,142.405014,44.530029,113.189987
312.734985,142.405014,44.530029,113.189987
312.734985,142.405014,44.530029,113.189987
312.734985,142.405014,44.530029,113.189987
312.734985,142.405014,44.530029,113.189987
312.734985,142.405014,44.530029,113.189987
312.734985,142.405014,44.530029,113.189987
312.734985,142.405014,44.530029,113.189987
312.734985,142.405014,44.530029,113.189987
312.734985,142.405014,44.530029,113.189987
312.734985,142.405014,44.530029,113.189987
312.734985,142.405014,44.530029,113.189987
312.734985,142.405014,44.530029,113.189987
312.734985,142.405014,44.530029,113.189987
312.734985,142.405014,44.530029,113.189987
312.734985,142.405014,44.530029,113.189987
312.734985,142.405014,44.530029,113.189987
312.734985,142.405014,44.530029,113.189987
312.734985,142.405014,44.530029,113.189987
312.734985,142.405014,44.530029,113.189987
312.734985,142.405014,44.530029,113.189987
312.734985,142.405014,44.530029,113.189987
312.734985,142.405014,44.530029,113.189987
312.734985,142.405014,44.530029,113.189987
312.734985,142.405014,44.530029,113.189987
312.734985,142.405014,44.530029,113.189987
312.734985,142.405014,44.530029,113.189987
326.734985,181.405014,44.530029,113.189987
326.734985,181.405014,44.530029,113.189987
326.734985,181.405014,44.530029,113.189987
326.734985,181.405014,44.530029,113.189987
326.734985,181.405014,44.530029,113.189987
326.734985,181.405014,44.530029,113.189987
326.734985,181.405014,44.530029,113.189987
326.734985,181.405014,44.530029,113.189987
326.734985,181.405014,44.530029,113.189987
326.734985,181.405014,44.530029,113.189987
326.734985,181.405014,44.530029,113.189987
326.734985,181.405014,44.530029,113.189987
326.734985,181.405014,44.530029,113.189987
326.734985,181.405014,44.530029,113.189987
326.734985,181.405014,44.530029,113.189987
326.734985,181.405014,44.530029,113.189987
326.734985,181.405014,44.530029,113.189987
326.734985,181.405014,44.530029,113.189987
326.734985,181.405014,44.530029,113.189987
309.734985,192.405014,44.530029,113.189987
309.734985,192.405014,44.530029,113.189987
309.734985,192.405014,44.530029,113.189987
309.734985,192.405014,44.530029,113.189987
309.734985,192.405014,44.530029,113.189987
309.734985,192.405014,44.530029,113.189987
309.734985,192.405014,44.530029,113.189987
309.734985,192.405014,44.530029,113.189987
309.734985,192.405014,44.530029,113.189987
309.734985,192.405014,44.530029,113.189987
309.734985,192.405014,44.530029,113.189987
309.734985,192.405014,44.530029,113.189987
309.734985,192.405014,44.530029,113.189987
309.734985,192.405014,44.530029,113.189987
309.734985,192.405014,44.530029,113.189987
309.734985,192.405014,44.530029,113.189987
309.734985,192.405014,44.530029,113.189987
309.734985,192.405014,44.530029,113.189987
309.734985,192.405014,44.530029,113.189987
309.734985,192.405014,44.530029,113.189987
309.734985,192.405014,44.530029,113.189987
309.734985,192.405014,44.530029,113.189987
309.734985,192.405014,44.530029,113.189987
309.734985,192.405014,44.530029,113.189987
309.734985,192.405014,44.530029,113.189987
309.734985,192.405014,44.530029,113.189987
309.734985,192.405014,44.530029,113.189987
309.734985,192.405014,44.530029,113.189987
309.734985,192.405014,44.530029,113.189987
309.734985,192.405014,44.530029,113.189987
309.734985,192.405014,44.530029,113.189987
309.734985,192.405014,44.530029,113.189987
309.734985,192.405014,44.530029,113.189987
309.734985,192.405014,44.530029,113.189987
309.734985,192.405014,44.530029,113.189987
309.734985,192.405014,44.530029,113.189987
309.734985,192.405014,44.530029,113.189987
309.734985,192.405014,44.530029,113.189987
309.734985,192.405014,44.530029,113.189987
309.734985,192.405014,44.530029,113.189987
309.734985,192.405014,44.530029,113.189987
309.734985,192.405014,44.530029,113.189987
309.734985,192.405014,44.530029,113.189987
309.734985,192.405014,44.530029,113.189987
309.734985,192.405014,44.530029,113.189987
309.734985,192.405014,44.530029,113.189987
309.734985,192.405014,44.530029,113.189987
309.734985,192.405014,44.530029,113.189987
309.734985,192.405014,44.530029,113.189987
309.734985,192.405014,44.530029,113.189987
309.734985,192.405014,44.530029,113.189987
309.734985,192.405014,44.530029,113.189987
309.734985,192.405014,44.530029,113.189987
309.734985,192.405014,44.530029,113.189987
309.734985,192.405014,44.530029,113.189987
309.734985,192.405014,44.530029,113.189987
309.734985,192.405014,44.530029,113.189987
309.734985,192.405014,44.530029,113.189987
309.734985,192.405014,44.530029,113.189987
309.734985,192.405014,44.530029,113.189987
309.734985,192.405014,44.530029,113.189987
309.734985,192.405014,44.530029,113.189987
309.734985,192.405014,44.530029,113.189987
309.734985,192.405014,44.530029,113.189987
309.734985,192.405014,44.530029,113.189987
309.734985,192.405014,44.530029,113.189987
309.734985,192.405014,44.530029,113.189987
309.734985,192.405014,44.530029,113.189987
309.734985,192.405014,44.530029,113.189987
309.734985,192.405014,44.530029,113.189987
309.734985,192.405014,44.530029,113.189987
309.734985,192.405014,44.530029,113.189987
309.734985,192.405014,44.530029,113.189987
309.734985,192.405014,44.530029,113.189987
