1
188.619995,210.610001,42.760010,112.780014
188.619995,210.610001,42.760010,112.780014
179.619995,146.610001,42.760010,112.780014
179.619995,146.610001,42.760010,112.780014
179.619995,146.610001,42.760010,112.780014
179.619995,146.610001,42.760010,112.780014
179.619995,146.610001,42.760010,112.780014
179.619995,146.610001,42.760010,112.780014
179.619995,146.610001,42.760010,112.780014
179.619995,146.610001,42.760010,112.780014
179.619995,146.610001,42.760010,112.780014
179.619995,146.610001,42.760010,112.780014
179.619995,146.610001,42.760010,112.780014
179.619995,146.610001,42.760010,112.780014
179.619995,146.610001,42.760010,112.780014
179.619995,146.610001,42.760010,112.780014
179.619995,146.610001,42.760010,112.780014
179.619995,146.610001,42.760010,112.780014
179.619995,146.610001,42.760010,112.780014
208.619995,175.610001,42.760010,112.780014
208.619995,175.610001,42.760010,112.780014
208.619995,175.610001,42.760010,112.780014
208.619995,175.610001,42.760010,112.780014
208.619995,175.610001,42.760010,112.780014
208.619995,175.610001,42.760010,112.780014
208.619995,175.610001,42.760010,112.780014
208.619995,175.610001,42.760010,112.780014
208.619995,175.610001,42.760010,112.780014
208.619995,175.610001,42.760010,112.780014
208.619995,175.610001,42.760010,112.780014
2
0
0
0
0
1
260.899994,225.839996,54.440002,109.260010
260.899994,225.839996,54.440002,109.260010
260.899994,225.839996,54.440002,109.260010
260.899994,225.839996,54.440002,109.260010
260.899994,225.839996,54.440002,109.260010
260.899994,225.839996,54.440002,109.260010
260.899994,225.839996,54.440002,109.260010
260.899994,225.839996,54.440002,109.260010
260.899994,225.839996,54.440002,109.260010
260.899994,225.839996,54.440002,109.260010
260.899994,225.839996,54.440002,109.260010
260.899994,225.839996,54.440002,109.260010
260.899994,225.839996,54.440002,109.260010
260.899994,225.839996,54.440002,109.260010
260.899994,225.839996,54.440002,109.260010
260.899994,225.839996,54.440002,109.260010
260.899994,225.839996,54.440002,109.260010
260.899994,225.839996,54.440002,109.260010
260.899994,225.839996,54.440002,109.260010
260.899994,225.839996,54.440002,109.260010
260.899994,225.839996,54.440002,109.260010
260.899994,225.839996,54.440002,109.260010
260.899994,225.839996,54.440002,109.260010
260.899994,225.839996,54.440002,109.260010
260.899994,225.839996,54.440002,109.260010
260.899994,225.839996,54.440002,109.260010
260.899994,225.839996,54.440002,109.260010
260.899994,225.839996,54.440002,109.260010
260.899994,225.839996,54.440002,109.260010
260.899994,225.839996,54.440002,109.260010
260.899994,225.839996,54.440002,109.260010
260.899994,225.839996,54.440002,109.260010
260.899994,225.839996,54.440002,109.260010
260.899994,225.839996,54.440002,109.260010
260.899994,225.839996,54.440002,109.260010
260.899994,225.839996,54.440002,109.260010
2
0
0
0
0
1
156.679993,228.559998,69.850006,115.380005
156.679993,228.559998,69.850006,115.380005
156.679993,228.559998,69.850006,115.380005
156.679993,228.559998,69.850006,115.380005
156.679993,228.559998,69.850006,115.380005
156.679993,228.559998,69.850006,115.380005
156.679993,228.559998,69.850006,115.380005
156.679993,228.559998,69.850006,115.380005
156.679993,228.559998,69.850006,115.380005
156.679993,228.559998,69.850006,115.380005
156.679993,228.559998,69.850006,115.380005
156.679993,228.559998,69.850006,115.380005
156.679993,228.559998,69.850006,115.380005
156.679993,228.559998,69.850006,115.380005
156.679993,228.559998,69.850006,115.380005
156.679993,228.559998,69.850006,115.380005
156.679993,228.559998,69.850006,115.380005
156.679993,228.559998,69.850006,115.380005
156.679993,228.559998,69.850006,115.380005
156.679993,228.559998,69.850006,115.380005
156.679993,228.559998,69.850006,115.380005
156.679993,228.559998,69.850006,115.380005
156.679993,228.559998,69.850006,115.380005
2
0
0
0
0
1
115.800003,196.229996,67.889999,118.080002
115.800003,196.229996,67.889999,118.080002
141.055008,222.959991,67.889999,118.080002
136.055008,173.959991,67.889999,118.080002
136.055008,173.959991,67.889999,118.080002
136.055008,173.959991,67.889999,118.080002
136.055008,173.959991,67.889999,118.080002
136.055008,173.959991,67.889999,118.080002
136.055008,173.959991,67.889999,118.080002
136.055008,173.959991,67.889999,118.080002
136.055008,173.959991,67.889999,118.080002
136.055008,173.959991,67.889999,118.080002
131.055008,142.959991,67.889999,118.080002
131.055008,142.959991,67.889999,118.080002
176.055008,149.959991,67.889999,118.080002
176.055008,149.959991,67.889999,118.080002
176.055008,149.959991,67.889999,118.080002
176.055008,149.959991,67.889999,118.080002
176.055008,149.959991,67.889999,118.080002
176.055008,149.959991,67.889999,118.080002
176.055008,149.959991,67.889999,118.080002
176.055008,149.959991,67.889999,118.080002
176.055008,149.959991,67.889999,118.080002
176.055008,149.959991,67.889999,118.080002
176.055008,149.959991,67.889999,118.080002
206.055008,140.959991,67.889999,118.080002
206.055008,140.959991,67.889999,118.080002
206.055008,140.959991,67.889999,118.080002
176.055008,148.959991,67.889999,118.080002
176.055008,148.959991,67.889999,118.080002
176.055008,148.959991,67.889999,118.080002
176.055008,148.959991,67.889999,118.080002
176.055008,148.959991,67.889999,118.080002
176.055008,148.959991,67.889999,118.080002
176.055008,148.959991,67.889999,118.080002
176.055008,148.959991,67.889999,118.080002
176.055008,148.959991,67.889999,118.080002
176.055008,148.959991,67.889999,118.080002
176.055008,148.959991,67.889999,118.080002
176.055008,148.959991,67.889999,118.080002
176.055008,148.959991,67.889999,118.080002
176.055008,148.959991,67.889999,118.080002
176.055008,148.959991,67.889999,118.080002
176.055008,148.959991,67.889999,118.080002
176.055008,148.959991,67.889999,118.080002
176.055008,148.959991,67.889999,118.080002
176.055008,148.959991,67.889999,118.080002
176.055008,148.959991,67.889999,118.080002
176.055008,148.959991,67.889999,118.080002
2
0
0
0
0
1
253.350006,159.869995,40.199982,103.279999
253.350006,159.869995,40.199982,103.279999
253.350006,159.869995,40.199982,103.279999
253.350006,159.869995,40.199982,103.279999
253.350006,159.869995,40.199982,103.279999
253.350006,159.869995,40.199982,103.279999
253.350006,159.869995,40.199982,103.279999
253.350006,159.869995,40.199982,103.279999
253.350006,159.869995,40.199982,103.279999
253.350006,159.869995,40.199982,103.279999
253.350006,159.869995,40.199982,103.279999
253.350006,159.869995,40.199982,103.279999
253.350006,159.869995,40.199982,103.279999
253.350006,159.869995,40.199982,103.279999
253.350006,159.869995,40.199982,103.279999
253.350006,159.869995,40.199982,103.279999
253.350006,159.869995,40.199982,103.279999
253.350006,159.869995,40.199982,103.279999
253.350006,159.869995,40.199982,103.279999
253.350006,159.869995,40.199982,103.279999
253.350006,159.869995,40.199982,103.279999
253.350006,159.869995,40.199982,103.279999
253.350006,159.869995,40.199982,103.279999
253.350006,159.869995,40.199982,103.279999
253.350006,159.869995,40.199982,103.279999
253.350006,159.869995,40.199982,103.279999
253.350006,159.869995,40.199982,103.279999
253.350006,159.869995,40.199982,103.279999
253.350006,159.869995,40.199982,103.279999
253.350006,159.869995,40.199982,103.279999
253.350006,159.869995,40.199982,103.279999
253.350006,159.869995,40.199982,103.279999
253.350006,159.869995,40.199982,103.279999
253.350006,159.869995,40.199982,103.279999
253.350006,159.869995,40.199982,103.279999
253.350006,159.869995,40.199982,103.279999
253.350006,159.869995,40.199982,103.279999
253.350006,159.869995,40.199982,103.279999
253.350006,159.869995,40.199982,103.279999
253.350006,159.869995,40.199982,103.279999
253.350006,159.869995,40.199982,103.279999
253.350006,159.869995,40.199982,103.279999
253.350006,159.869995,40.199982,103.279999
253.350006,159.869995,40.199982,103.279999
253.350006,159.869995,40.199982,103.279999
253.350006,159.869995,40.199982,103.279999
253.350006,159.869995,40.199982,103.279999
253.350006,159.869995,40.199982,103.279999
253.350006,159.869995,40.199982,103.279999
253.350006,159.869995,40.199982,103.279999
253.350006,159.869995,40.199982,103.279999
253.350006,159.869995,40.199982,103.279999
253.350006,159.869995,40.199982,103.279999
253.350006,159.869995,40.199982,103.279999
253.350006,159.869995,40.199982,103.279999
253.350006,159.869995,40.199982,103.279999
253.350006,159.869995,40.199982,103.279999
253.350006,159.869995,40.199982,103.279999
253.350006,159.869995,40.199982,103.279999
253.350006,159.869995,40.199982,103.279999
253.350006,159.869995,40.199982,103.279999
253.350006,159.869995,40.199982,103.279999
253.350006,159.869995,40.199982,103.279999
253.350006,159.869995,40.199982,103.279999
253.350006,159.869995,40.199982,103.279999
253.350006,159.869995,40.199982,103.279999
253.350006,159.869995,40.199982,103.279999
253.350006,159.869995,40.199982,103.279999
253.350006,159.869995,40.199982,103.279999
253.350006,159.869995,40.199982,103.279999
253.350006,159.869995,40.199982,103.279999
253.350006,159.869995,40.199982,103.279999
253.350006,159.869995,40.199982,103.279999
253.350006,159.869995,40.199982,103.279999
253.350006,159.869995,40.199982,103.279999
253.350006,159.869995,40.199982,103.279999
253.350006,159.869995,40.199982,103.279999
253.350006,159.869995,40.199982,103.279999
253.350006,159.869995,40.199982,103.279999
253.350006,159.869995,40.199982,103.279999
253.350006,159.869995,40.199982,103.279999
253.350006,159.869995,40.199982,103.279999
253.350006,159.869995,40.199982,103.279999
253.350006,159.869995,40.199982,103.279999
253.350006,159.869995,40.199982,103.279999
253.350006,159.869995,40.199982,103.279999
253.350006,159.869995,40.199982,103.279999
253.350006,159.869995,40.199982,103.279999
253.350006,159.869995,40.199982,103.279999
253.350006,159.869995,40.199982,103.279999
2
0
0
0
0
1
203.009995,187.320007,43.930008,116.229980
203.009995,187.320007,43.930008,116.229980
203.009995,187.320007,43.930008,116.229980
203.009995,187.320007,43.930008,116.229980
203.009995,187.320007,43.930008,116.229980
203.009995,187.320007,43.930008,116.229980
203.009995,187.320007,43.930008,116.229980
187.034988,195.885010,43.930008,116.229980
187.034988,195.885010,43.930008,116.229980
187.034988,195.885010,43.930008,116.229980
187.034988,195.885010,43.930008,116.229980
187.034988,195.885010,43.930008,116.229980
187.034988,195.885010,43.930008,116.229980
187.034988,195.885010,43.930008,116.229980
187.034988,195.885010,43.930008,116.229980
187.034988,195.885010,43.930008,116.229980
187.034988,195.885010,43.930008,116.229980
187.034988,195.885010,43.930008,116.229980
187.034988,195.885010,43.930008,116.229980
187.034988,195.885010,43.930008,116.229980
203.034988,201.885010,43.930008,116.229980
203.034988,201.885010,43.930008,116.229980
203.034988,201.885010,43.930008,116.229980
203.034988,201.885010,43.930008,116.229980
171.034988,169.885010,43.930008,116.229980
171.034988,169.885010,43.930008,116.229980
171.034988,169.885010,43.930008,116.229980
171.034988,169.885010,43.930008,116.229980
171.034988,169.885010,43.930008,116.229980
171.034988,169.885010,43.930008,116.229980
171.034988,169.885010,43.930008,116.229980
171.034988,169.885010,43.930008,116.229980
171.034988,169.885010,43.930008,116.229980
171.034988,169.885010,43.930008,116.229980
171.034988,169.885010,43.930008,116.229980
171.034988,169.885010,43.930008,116.229980
171.034988,169.885010,43.930008,116.229980
192.034988,170.885010,43.930008,116.229980
192.034988,170.885010,43.930008,116.229980
192.034988,170.885010,43.930008,116.229980
192.034988,170.885010,43.930008,116.229980
180.034988,213.885010,43.930008,116.229980
180.034988,213.885010,43.930008,116.229980
180.034988,213.885010,43.930008,116.229980
180.034988,213.885010,43.930008,116.229980
180.034988,213.885010,43.930008,116.229980
180.034988,213.885010,43.930008,116.229980
167.034988,225.885010,43.930008,116.229980
154.034988,232.885010,43.930008,116.229980
154.034988,232.885010,43.930008,116.229980
154.034988,232.885010,43.930008,116.229980
154.034988,232.885010,43.930008,116.229980
154.034988,232.885010,43.930008,116.229980
154.034988,232.885010,43.930008,116.229980
154.034988,232.885010,43.930008,116.229980
154.034988,232.885010,43.930008,116.229980
154.034988,232.885010,43.930008,116.229980
154.034988,232.885010,43.930008,116.229980
154.034988,232.885010,43.930008,116.229980
154.034988,232.885010,43.930008,116.229980
154.034988,232.885010,43.930008,116.229980
154.034988,232.885010,43.930008,116.229980
154.034988,232.885010,43.930008,116.229980
154.034988,232.885010,43.930008,116.229980
134.034988,220.885010,43.930008,116.229980
134.034988,220.885010,43.930008,116.229980
134.034988,220.885010,43.930008,116.229980
134.034988,220.885010,43.930008,116.229980
134.034988,220.885010,43.930008,116.229980
134.034988,220.885010,43.930008,116.229980
134.034988,220.885010,43.930008,116.229980
134.034988,220.885010,43.930008,116.229980
134.034988,220.885010,43.930008,116.229980
134.034988,220.885010,43.930008,116.229980
134.034988,220.885010,43.930008,116.229980
134.034988,220.885010,43.930008,116.229980
134.034988,220.885010,43.930008,116.229980
134.034988,220.885010,43.930008,116.229980
134.034988,220.885010,43.930008,116.229980
134.034988,220.885010,43.930008,116.229980
134.034988,220.885010,43.930008,116.229980
134.034988,220.885010,43.930008,116.229980
134.034988,220.885010,43.930008,116.229980
134.034988,220.885010,43.930008,116.229980
134.034988,220.885010,43.930008,116.229980
134.034988,220.885010,43.930008,116.229980
134.034988,220.885010,43.930008,116.229980
134.034988,220.885010,43.930008,116.229980
134.034988,220.885010,43.930008,116.229980
134.034988,220.885010,43.930008,116.229980
134.034988,220.885010,43.930008,116.229980
134.034988,220.885010,43.930008,116.229980
134.034988,220.885010,43.930008,116.229980
134.034988,220.885010,43.930008,116.229980
134.034988,220.885010,43.930008,116.229980
134.034988,220.885010,43.930008,116.229980
134.034988,220.885010,43.930008,116.229980
134.034988,220.885010,43.930008,116.229980
134.034988,220.885010,43.930008,116.229980
134.034988,220.885010,43.930008,116.229980
134.034988,220.885010,43.930008,116.229980
134.034988,220.885010,43.930008,116.229980
134.034988,220.885010,43.930008,116.229980
134.034988,220.885010,43.930008,116.229980
134.034988,220.885010,43.930008,116.229980
134.034988,220.885010,43.930008,116.229980
134.034988,220.885010,43.930008,116.229980
134.034988,220.885010,43.930008,116.229980
134.034988,220.885010,43.930008,116.229980
134.034988,220.885010,43.930008,116.229980
134.034988,220.885010,43.930008,116.229980
134.034988,220.885010,43.930008,116.229980
134.034988,220.885010,43.930008,116.229980
134.034988,220.885010,43.930008,116.229980
141.034988,187.885010,43.930008,116.229980
131.034988,236.885010,43.930008,116.229980
131.034988,236.885010,43.930008,116.229980
131.034988,236.885010,43.930008,116.229980
146.034988,248.885010,43.930008,116.229980
146.034988,248.885010,43.930008,116.229980
146.034988,248.885010,43.930008,116.229980
146.034988,248.885010,43.930008,116.229980
146.034988,248.885010,43.930008,116.229980
146.034988,248.885010,43.930008,116.229980
146.034988,248.885010,43.930008,116.229980
146.034988,248.885010,43.930008,116.229980
146.034988,248.885010,43.930008,116.229980
146.034988,248.885010,43.930008,116.229980
146.034988,248.885010,43.930008,116.229980
146.034988,248.885010,43.930008,116.229980
146.034988,248.885010,43.930008,116.229980
146.034988,248.885010,43.930008,116.229980
146.034988,248.885010,43.930008,116.229980
146.034988,248.885010,43.930008,116.229980
146.034988,248.885010,43.930008,116.229980
146.034988,248.885010,43.930008,116.229980
146.034988,248.885010,43.930008,116.229980
146.034988,248.885010,43.930008,116.229980
146.034988,248.885010,43.930008,116.229980
146.034988,248.885010,43.930008,116.229980
146.034988,248.885010,43.930008,116.229980
158.034988,261.885010,43.930008,116.229980
158.034988,261.885010,43.930008,116.229980
158.034988,261.885010,43.930008,116.229980
158.034988,261.885010,43.930008,116.229980
158.034988,261.885010,43.930008,116.229980
158.034988,261.885010,43.930008,116.229980
158.034988,261.885010,43.930008,116.229980
158.034988,261.885010,43.930008,116.229980
158.034988,261.885010,43.930008,116.229980
158.034988,261.885010,43.930008,116.229980
158.034988,261.885010,43.930008,116.229980
158.034988,261.885010,43.930008,116.229980
158.034988,261.885010,43.930008,116.229980
158.034988,261.885010,43.930008,116.229980
158.034988,261.885010,43.930008,116.229980
158.034988,261.885010,43.930008,116.229980
158.034988,261.885010,43.930008,116.229980
158.034988,261.885010,43.930008,116.229980
158.034988,261.885010,43.930008,116.229980
158.034988,261.885010,43.930008,116.229980
173.034988,246.885010,43.930008,116.229980
157.034988,190.885010,43.930008,116.229980
157.034988,190.885010,43.930008,116.229980
160.034988,248.885010,43.930008,116.229980
160.034988,248.885010,43.930008,116.229980
160.034988,248.885010,43.930008,116.229980
160.034988,248.885010,43.930008,116.229980
160.034988,248.885010,43.930008,116.229980
160.034988,248.885010,43.930008,116.229980
160.034988,248.885010,43.930008,116.229980
160.034988,248.885010,43.930008,116.229980
160.034988,248.885010,43.930008,116.229980
160.034988,248.885010,43.930008,116.229980
177.034988,200.885010,43.930008,116.229980
164.034988,257.885010,43.930008,116.229980
181.034988,244.885010,43.930008,116.229980
181.034988,244.885010,43.930008,116.229980
181.034988,244.885010,43.930008,116.229980
181.034988,244.885010,43.930008,116.229980
181.034988,244.885010,43.930008,116.229980
181.034988,244.885010,43.930008,116.229980
181.034988,244.885010,43.930008,116.229980
181.034988,244.885010,43.930008,116.229980
192.034988,180.885010,43.930008,116.229980
192.034988,180.885010,43.930008,116.229980
192.034988,180.885010,43.930008,116.229980
192.034988,180.885010,43.930008,116.229980
192.034988,180.885010,43.930008,116.229980
192.034988,180.885010,43.930008,116.229980
209.034988,187.885010,43.930008,116.229980
209.034988,187.885010,43.930008,116.229980
209.034988,187.885010,43.930008,116.229980
209.034988,187.885010,43.930008,116.229980
209.034988,187.885010,43.930008,116.229980
209.034988,187.885010,43.930008,116.229980
209.034988,187.885010,43.930008,116.229980
209.034988,187.885010,43.930008,116.229980
209.034988,187.885010,43.930008,116.229980
232.034988,200.885010,43.930008,116.229980
232.034988,200.885010,43.930008,116.229980
232.034988,200.885010,43.930008,116.229980
232.034988,200.885010,43.930008,116.229980
232.034988,200.885010,43.930008,116.229980
262.035004,200.885010,43.930008,116.229980
262.035004,200.885010,43.930008,116.229980
262.035004,200.885010,43.930008,116.229980
262.035004,200.885010,43.930008,116.229980
262.035004,200.885010,43.930008,116.229980
262.035004,200.885010,43.930008,116.229980
289.035004,232.885010,43.930008,116.229980
271.035004,189.885010,43.930008,116.229980
293.035004,231.885010,43.930008,116.229980
305.035004,188.885010,43.930008,116.229980
312.035004,150.885010,43.930008,116.229980
312.035004,150.885010,43.930008,116.229980
326.035004,194.885010,43.930008,116.229980
326.035004,194.885010,43.930008,116.229980
326.035004,194.885010,43.930008,116.229980
326.035004,194.885010,43.930008,116.229980
326.035004,194.885010,43.930008,116.229980
2
0
0
0
0
1
401.299988,227.729996,41.250000,109.620010
401.299988,227.729996,41.250000,109.620010
401.299988,227.729996,41.250000,109.620010
401.299988,227.729996,41.250000,109.620010
401.299988,227.729996,41.250000,109.620010
401.299988,227.729996,41.250000,109.620010
401.299988,227.729996,41.250000,109.620010
401.299988,227.729996,41.250000,109.620010
401.299988,227.729996,41.250000,109.620010
401.299988,227.729996,41.250000,109.620010
401.299988,227.729996,41.250000,109.620010
401.299988,227.729996,41.250000,109.620010
401.299988,227.729996,41.250000,109.620010
401.299988,227.729996,41.250000,109.620010
401.299988,227.729996,41.250000,109.620010
401.299988,227.729996,41.250000,109.620010
401.299988,227.729996,41.250000,109.620010
401.299988,227.729996,41.250000,109.620010
401.299988,227.729996,41.250000,109.620010
401.299988,227.729996,41.250000,109.620010
401.299988,227.729996,41.250000,109.620010
401.299988,227.729996,41.250000,109.620010
401.299988,227.729996,41.250000,109.620010
401.299988,227.729996,41.250000,109.620010
400.375000,227.190002,41.250000,109.620010
400.375000,227.190002,41.250000,109.620010
400.375000,227.190002,41.250000,109.620010
2
0
0
0
0
1
350.149994,179.429993,43.980011,111.899994
350.149994,179.429993,43.980011,111.899994
350.149994,179.429993,43.980011,111.899994
350.149994,179.429993,43.980011,111.899994
350.149994,179.429993,43.980011,111.899994
350.149994,179.429993,43.980011,111.899994
350.149994,179.429993,43.980011,111.899994
350.149994,179.429993,43.980011,111.899994
350.149994,179.429993,43.980011,111.899994
350.149994,179.429993,43.980011,111.899994
350.149994,179.429993,43.980011,111.899994
350.149994,179.429993,43.980011,111.899994
350.149994,179.429993,43.980011,111.899994
350.149994,179.429993,43.980011,111.899994
350.149994,179.429993,43.980011,111.899994
335.009979,154.050003,43.980011,111.899994
335.009979,154.050003,43.980011,111.899994
335.009979,154.050003,43.980011,111.899994
335.009979,154.050003,43.980011,111.899994
335.009979,154.050003,43.980011,111.899994
335.009979,154.050003,43.980011,111.899994
335.009979,154.050003,43.980011,111.899994
335.009979,154.050003,43.980011,111.899994
335.009979,154.050003,43.980011,111.899994
323.009979,166.050003,43.980011,111.899994
305.009979,204.050003,43.980011,111.899994
305.009979,204.050003,43.980011,111.899994
305.009979,204.050003,43.980011,111.899994
305.009979,204.050003,43.980011,111.899994
328.009979,151.050003,43.980011,111.899994
328.009979,151.050003,43.980011,111.899994
328.009979,151.050003,43.980011,111.899994
328.009979,151.050003,43.980011,111.899994
328.009979,151.050003,43.980011,111.899994
328.009979,151.050003,43.980011,111.899994
304.009979,205.050003,43.980011,111.899994
301.009979,173.050003,43.980011,111.899994
301.009979,173.050003,43.980011,111.899994
300.009979,234.050003,43.980011,111.899994
300.009979,234.050003,43.980011,111.899994
299.009979,160.050003,43.980011,111.899994
301.009979,203.050003,43.980011,111.899994
323.009979,166.050003,43.980011,111.899994
300.009979,204.050003,43.980011,111.899994
300.009979,204.050003,43.980011,111.899994
300.009979,204.050003,43.980011,111.899994
300.009979,204.050003,43.980011,111.899994
288.009979,231.050003,43.980011,111.899994
288.009979,231.050003,43.980011,111.899994
312.009979,167.050003,43.980011,111.899994
312.009979,167.050003,43.980011,111.899994
321.009979,138.050003,43.980011,111.899994
313.009979,191.050003,43.980011,111.899994
290.009979,239.050003,43.980011,111.899994
290.009979,239.050003,43.980011,111.899994
290.009979,239.050003,43.980011,111.899994
290.009979,239.050003,43.980011,111.899994
290.009979,239.050003,43.980011,111.899994
309.009979,170.050003,43.980011,111.899994
291.009979,113.050003,43.980011,111.899994
291.009979,113.050003,43.980011,111.899994
291.009979,113.050003,43.980011,111.899994
312.009979,157.050003,43.980011,111.899994
312.009979,157.050003,43.980011,111.899994
312.009979,157.050003,43.980011,111.899994
312.009979,157.050003,43.980011,111.899994
312.009979,157.050003,43.980011,111.899994
312.009979,157.050003,43.980011,111.899994
312.009979,157.050003,43.980011,111.899994
316.009979,218.050003,43.980011,111.899994
318.009979,166.050003,43.980011,111.899994
318.009979,166.050003,43.980011,111.899994
312.009979,107.050003,43.980011,111.899994
312.009979,107.050003,43.980011,111.899994
312.009979,107.050003,43.980011,111.899994
288.009979,106.050003,43.980011,111.899994
288.009979,106.050003,43.980011,111.899994
288.009979,106.050003,43.980011,111.899994
288.009979,106.050003,43.980011,111.899994
288.009979,106.050003,43.980011,111.899994
288.009979,106.050003,43.980011,111.899994
288.009979,106.050003,43.980011,111.899994
288.009979,106.050003,43.980011,111.899994
288.009979,106.050003,43.980011,111.899994
288.009979,106.050003,43.980011,111.899994
288.009979,106.050003,43.980011,111.899994
288.009979,106.050003,43.980011,111.899994
288.009979,106.050003,43.980011,111.899994
288.009979,106.050003,43.980011,111.899994
288.009979,106.050003,43.980011,111.899994
288.009979,106.050003,43.980011,111.899994
288.009979,106.050003,43.980011,111.899994
288.009979,106.050003,43.980011,111.899994
288.009979,106.050003,43.980011,111.899994
288.009979,106.050003,43.980011,111.899994
288.009979,106.050003,43.980011,111.899994
288.009979,106.050003,43.980011,111.899994
288.009979,106.050003,43.980011,111.899994
288.009979,106.050003,43.980011,111.899994
288.009979,106.050003,43.980011,111.899994
341.009979,113.050003,43.980011,111.899994
341.009979,113.050003,43.980011,111.899994
341.009979,113.050003,43.980011,111.899994
341.009979,113.050003,43.980011,111.899994
341.009979,113.050003,43.980011,111.899994
341.009979,113.050003,43.980011,111.899994
341.009979,113.050003,43.980011,111.899994
325.009979,129.050003,43.980011,111.899994
325.009979,129.050003,43.980011,111.899994
325.009979,129.050003,43.980011,111.899994
342.009979,127.050003,43.980011,111.899994
342.009979,127.050003,43.980011,111.899994
321.009979,172.050003,43.980011,111.899994
321.009979,172.050003,43.980011,111.899994
321.009979,172.050003,43.980011,111.899994
321.009979,172.050003,43.980011,111.899994
314.009979,138.050003,43.980011,111.899994
314.009979,138.050003,43.980011,111.899994
314.009979,138.050003,43.980011,111.899994
314.009979,138.050003,43.980011,111.899994
314.009979,138.050003,43.980011,111.899994
314.009979,138.050003,43.980011,111.899994
314.009979,138.050003,43.980011,111.899994
314.009979,138.050003,43.980011,111.899994
314.009979,138.050003,43.980011,111.899994
298.009979,200.050003,43.980011,111.899994
307.009979,151.050003,43.980011,111.899994
307.009979,151.050003,43.980011,111.899994
307.009979,151.050003,43.980011,111.899994
307.009979,151.050003,43.980011,111.899994
307.009979,151.050003,43.980011,111.899994
307.009979,151.050003,43.980011,111.899994
307.009979,151.050003,43.980011,111.899994
307.009979,151.050003,43.980011,111.899994
307.009979,151.050003,43.980011,111.899994
307.009979,151.050003,43.980011,111.899994
307.009979,151.050003,43.980011,111.899994
307.009979,151.050003,43.980011,111.899994
369.009979,249.050003,43.980011,111.899994
369.009979,249.050003,43.980011,111.899994
369.009979,249.050003,43.980011,111.899994
2
0
0
0
0
1
340.329987,207.679993,38.020020,113.970001
340.329987,207.679993,38.020020,113.970001
340.329987,207.679993,38.020020,113.970001
340.329987,207.679993,38.020020,113.970001
340.329987,207.679993,38.020020,113.970001
340.329987,207.679993,38.020020,113.970001
340.329987,207.679993,38.020020,113.970001
340.329987,207.679993,38.020020,113.970001
340.329987,207.679993,38.020020,113.970001
340.329987,207.679993,38.020020,113.970001
340.329987,207.679993,38.020020,113.970001
340.329987,207.679993,38.020020,113.970001
340.329987,207.679993,38.020020,113.970001
340.329987,207.679993,38.020020,113.970001
340.329987,207.679993,38.020020,113.970001
340.329987,207.679993,38.020020,113.970001
340.329987,207.679993,38.020020,113.970001
340.329987,207.679993,38.020020,113.970001
340.329987,207.679993,38.020020,113.970001
340.329987,207.679993,38.020020,113.970001
340.329987,207.679993,38.020020,113.970001
340.329987,207.679993,38.020020,113.970001
340.329987,207.679993,38.020020,113.970001
340.329987,207.679993,38.020020,113.970001
340.329987,207.679993,38.020020,113.970001
340.329987,207.679993,38.020020,113.970001
340.329987,207.679993,38.020020,113.970001
340.329987,207.679993,38.020020,113.970001
340.329987,207.679993,38.020020,113.970001
340.329987,207.679993,38.020020,113.970001
340.329987,207.679993,38.020020,113.970001
340.329987,207.679993,38.020020,113.970001
340.329987,207.679993,38.020020,113.970001
340.329987,207.679993,38.020020,113.970001
340.329987,207.679993,38.020020,113.970001
340.329987,207.679993,38.020020,113.970001
340.329987,207.679993,38.020020,113.970001
340.329987,207.679993,38.020020,113.970001
340.329987,207.679993,38.020020,113.970001
340.329987,207.679993,38.020020,113.970001
340.329987,207.679993,38.020020,113.970001
340.329987,207.679993,38.020020,113.970001
340.329987,207.679993,38.020020,113.970001
340.329987,207.679993,38.020020,113.970001
340.329987,207.679993,38.020020,113.970001
340.329987,207.679993,38.020020,113.970001
340.329987,207.679993,38.020020,113.970001
340.329987,207.679993,38.020020,113.970001
340.329987,207.679993,38.020020,113.970001
340.329987,207.679993,38.020020,113.970001
340.329987,207.679993,38.020020,113.970001
340.329987,207.679993,38.020020,113.970001
340.329987,207.679993,38.020020,113.970001
340.329987,207.679993,38.020020,113.970001
340.329987,207.679993,38.020020,113.970001
340.329987,207.679993,38.020020,113.970001
340.329987,207.679993,38.020020,113.970001
340.329987,207.679993,38.020020,113.970001
340.329987,207.679993,38.020020,113.970001
