1
188.619995,210.610001,42.760010,112.780014
188.619995,210.610001,42.760010,112.780014
188.619995,210.610001,42.760010,112.780014
188.619995,210.610001,42.760010,112.780014
188.619995,210.610001,42.760010,112.780014
188.619995,210.610001,42.760010,112.780014
188.619995,210.610001,42.760010,112.780014
188.619995,210.610001,42.760010,112.780014
188.619995,210.610001,42.760010,112.780014
188.619995,210.610001,42.760010,112.780014
188.619995,210.610001,42.760010,112.780014
188.619995,210.610001,42.760010,112.780014
188.619995,210.610001,42.760010,112.780014
188.619995,210.610001,42.760010,112.780014
188.619995,210.610001,42.760010,112.780014
188.619995,210.610001,42.760010,112.780014
188.619995,210.610001,42.760010,112.780014
188.619995,210.610001,42.760010,112.780014
188.619995,210.610001,42.760010,112.780014
188.619995,210.610001,42.760010,112.780014
188.619995,210.610001,42.760010,112.780014
188.619995,210.610001,42.760010,112.780014
188.619995,210.610001,42.760010,112.780014
188.619995,210.610001,42.760010,112.780014
188.619995,210.610001,42.760010,112.780014
188.619995,210.610001,42.760010,112.780014
188.619995,210.610001,42.760010,112.780014
2
0
0
0
0
1
249.860001,224.979996,51.129990,110.270004
249.860001,224.979996,51.129990,110.270004
249.860001,224.979996,51.129990,110.270004
249.860001,224.979996,51.129990,110.270004
249.860001,224.979996,51.129990,110.270004
249.860001,224.979996,51.129990,110.270004
249.860001,224.979996,51.129990,110.270004
249.860001,224.979996,51.129990,110.270004
249.860001,224.979996,51.129990,110.270004
249.860001,224.979996,51.129990,110.270004
249.860001,224.979996,51.129990,110.270004
249.860001,224.979996,51.129990,110.270004
249.860001,224.979996,51.129990,110.270004
249.860001,224.979996,51.129990,110.270004
290.434998,214.865005,51.129990,110.270004
290.434998,214.865005,51.129990,110.270004
290.434998,214.865005,51.129990,110.270004
290.434998,214.865005,51.129990,110.270004
290.434998,214.865005,51.129990,110.270004
265.434998,219.865005,51.129990,110.270004
265.434998,219.865005,51.129990,110.270004
265.434998,219.865005,51.129990,110.270004
265.434998,219.865005,51.129990,110.270004
265.434998,219.865005,51.129990,110.270004
265.434998,219.865005,51.129990,110.270004
265.434998,219.865005,51.129990,110.270004
265.434998,219.865005,51.129990,110.270004
265.434998,219.865005,51.129990,110.270004
265.434998,219.865005,51.129990,110.270004
265.434998,219.865005,51.129990,110.270004
265.434998,219.865005,51.129990,110.270004
265.434998,219.865005,51.129990,110.270004
265.434998,219.865005,51.129990,110.270004
265.434998,219.865005,51.129990,110.270004
265.434998,219.865005,51.129990,110.270004
265.434998,219.865005,51.129990,110.270004
265.434998,219.865005,51.129990,110.270004
265.434998,219.865005,51.129990,110.270004
265.434998,219.865005,51.129990,110.270004
2
0
0
0
0
1
156.679993,228.559998,69.850006,115.380005
156.679993,228.559998,69.850006,115.380005
135.074997,227.309998,69.850006,115.380005
135.074997,227.309998,69.850006,115.380005
135.074997,227.309998,69.850006,115.380005
135.074997,227.309998,69.850006,115.380005
135.074997,227.309998,69.850006,115.380005
135.074997,227.309998,69.850006,115.380005
135.074997,227.309998,69.850006,115.380005
135.074997,227.309998,69.850006,115.380005
135.074997,227.309998,69.850006,115.380005
135.074997,227.309998,69.850006,115.380005
135.074997,227.309998,69.850006,115.380005
135.074997,227.309998,69.850006,115.380005
135.074997,227.309998,69.850006,115.380005
135.074997,227.309998,69.850006,115.380005
135.074997,227.309998,69.850006,115.380005
135.074997,227.309998,69.850006,115.380005
135.074997,227.309998,69.850006,115.380005
135.074997,227.309998,69.850006,115.380005
135.074997,227.309998,69.850006,115.380005
135.074997,227.309998,69.850006,115.380005
135.074997,227.309998,69.850006,115.380005
135.074997,227.309998,69.850006,115.380005
135.074997,227.309998,69.850006,115.380005
135.074997,227.309998,69.850006,115.380005
135.074997,227.309998,69.850006,115.380005
135.074997,227.309998,69.850006,115.380005
135.074997,227.309998,69.850006,115.380005
135.074997,227.309998,69.850006,115.380005
135.074997,227.309998,69.850006,115.380005
135.074997,227.309998,69.850006,115.380005
135.074997,227.309998,69.850006,115.380005
135.074997,227.309998,69.850006,115.380005
135.074997,227.309998,69.850006,115.380005
135.074997,227.309998,69.850006,115.380005
135.074997,227.309998,69.850006,115.380005
135.074997,227.309998,69.850006,115.380005
135.074997,227.309998,69.850006,115.380005
135.074997,227.309998,69.850006,115.380005
135.074997,227.309998,69.850006,115.380005
135.074997,227.309998,69.850006,115.380005
135.074997,227.309998,69.850006,115.380005
135.074997,227.309998,69.850006,115.380005
135.074997,227.309998,69.850006,115.380005
135.074997,227.309998,69.850006,115.380005
135.074997,227.309998,69.850006,115.380005
135.074997,227.309998,69.850006,115.380005
135.074997,227.309998,69.850006,115.380005
135.074997,227.309998,69.850006,115.380005
135.074997,227.309998,69.850006,115.380005
135.074997,227.309998,69.850006,115.380005
135.074997,227.309998,69.850006,115.380005
135.074997,227.309998,69.850006,115.380005
135.074997,227.309998,69.850006,115.380005
135.074997,227.309998,69.850006,115.380005
2
0
0
0
0
1
212.820007,169.410004,45.479980,102.449982
212.820007,169.410004,45.479980,102.449982
212.820007,169.410004,45.479980,102.449982
212.820007,169.410004,45.479980,102.449982
212.820007,169.410004,45.479980,102.449982
212.820007,169.410004,45.479980,102.449982
212.820007,169.410004,45.479980,102.449982
212.820007,169.410004,45.479980,102.449982
212.820007,169.410004,45.479980,102.449982
212.820007,169.410004,45.479980,102.449982
232.260010,173.775009,45.479980,102.449982
232.260010,173.775009,45.479980,102.449982
232.260010,173.775009,45.479980,102.449982
248.260010,180.775009,45.479980,102.449982
248.260010,180.775009,45.479980,102.449982
248.260010,180.775009,45.479980,102.449982
248.260010,180.775009,45.479980,102.449982
248.260010,180.775009,45.479980,102.449982
263.260010,145.775009,45.479980,102.449982
263.260010,145.775009,45.479980,102.449982
263.260010,145.775009,45.479980,102.449982
263.260010,145.775009,45.479980,102.449982
231.260010,161.775009,45.479980,102.449982
231.260010,161.775009,45.479980,102.449982
231.260010,161.775009,45.479980,102.449982
231.260010,161.775009,45.479980,102.449982
231.260010,161.775009,45.479980,102.449982
252.260010,156.775009,45.479980,102.449982
252.260010,156.775009,45.479980,102.449982
252.260010,156.775009,45.479980,102.449982
252.260010,156.775009,45.479980,102.449982
251.260010,124.775009,45.479980,102.449982
251.260010,124.775009,45.479980,102.449982
251.260010,124.775009,45.479980,102.449982
251.260010,124.775009,45.479980,102.449982
270.260010,174.775009,45.479980,102.449982
290.260010,164.775009,45.479980,102.449982
290.260010,164.775009,45.479980,102.449982
290.260010,164.775009,45.479980,102.449982
290.260010,164.775009,45.479980,102.449982
290.260010,164.775009,45.479980,102.449982
261.260010,134.775009,45.479980,102.449982
261.260010,134.775009,45.479980,102.449982
292.260010,129.775009,45.479980,102.449982
292.260010,129.775009,45.479980,102.449982
292.260010,129.775009,45.479980,102.449982
292.260010,129.775009,45.479980,102.449982
292.260010,129.775009,45.479980,102.449982
277.260010,134.775009,45.479980,102.449982
277.260010,134.775009,45.479980,102.449982
264.260010,136.775009,45.479980,102.449982
264.260010,136.775009,45.479980,102.449982
264.260010,136.775009,45.479980,102.449982
292.260010,134.775009,45.479980,102.449982
292.260010,134.775009,45.479980,102.449982
292.260010,134.775009,45.479980,102.449982
292.260010,134.775009,45.479980,102.449982
292.260010,134.775009,45.479980,102.449982
292.260010,134.775009,45.479980,102.449982
292.260010,134.775009,45.479980,102.449982
292.260010,134.775009,45.479980,102.449982
292.260010,134.775009,45.479980,102.449982
292.260010,134.775009,45.479980,102.449982
292.260010,134.775009,45.479980,102.449982
292.260010,134.775009,45.479980,102.449982
292.260010,134.775009,45.479980,102.449982
292.260010,134.775009,45.479980,102.449982
292.260010,134.775009,45.479980,102.449982
292.260010,134.775009,45.479980,102.449982
292.260010,134.775009,45.479980,102.449982
292.260010,134.775009,45.479980,102.449982
292.260010,134.775009,45.479980,102.449982
292.260010,134.775009,45.479980,102.449982
292.260010,134.775009,45.479980,102.449982
292.260010,134.775009,45.479980,102.449982
292.260010,134.775009,45.479980,102.449982
292.260010,134.775009,45.479980,102.449982
292.260010,134.775009,45.479980,102.449982
292.260010,134.775009,45.479980,102.449982
292.260010,134.775009,45.479980,102.449982
292.260010,134.775009,45.479980,102.449982
292.260010,134.775009,45.479980,102.449982
292.260010,134.775009,45.479980,102.449982
292.260010,134.775009,45.479980,102.449982
292.260010,134.775009,45.479980,102.449982
292.260010,134.775009,45.479980,102.449982
292.260010,134.775009,45.479980,102.449982
292.260010,134.775009,45.479980,102.449982
292.260010,134.775009,45.479980,102.449982
292.260010,134.775009,45.479980,102.449982
292.260010,134.775009,45.479980,102.449982
292.260010,134.775009,45.479980,102.449982
292.260010,134.775009,45.479980,102.449982
292.260010,134.775009,45.479980,102.449982
2
0
0
0
0
1
236.889999,182.839996,43.840012,115.839996
236.889999,182.839996,43.840012,115.839996
236.889999,182.839996,43.840012,115.839996
236.889999,182.839996,43.840012,115.839996
236.889999,182.839996,43.840012,115.839996
217.079987,138.080002,43.840012,115.839996
217.079987,138.080002,43.840012,115.839996
217.079987,138.080002,43.840012,115.839996
217.079987,138.080002,43.840012,115.839996
217.079987,138.080002,43.840012,115.839996
217.079987,138.080002,43.840012,115.839996
217.079987,138.080002,43.840012,115.839996
217.079987,138.080002,43.840012,115.839996
217.079987,138.080002,43.840012,115.839996
217.079987,138.080002,43.840012,115.839996
217.079987,138.080002,43.840012,115.839996
217.079987,138.080002,43.840012,115.839996
217.079987,138.080002,43.840012,115.839996
217.079987,138.080002,43.840012,115.839996
217.079987,138.080002,43.840012,115.839996
217.079987,138.080002,43.840012,115.839996
217.079987,138.080002,43.840012,115.839996
217.079987,138.080002,43.840012,115.839996
217.079987,138.080002,43.840012,115.839996
217.079987,138.080002,43.840012,115.839996
217.079987,138.080002,43.840012,115.839996
217.079987,138.080002,43.840012,115.839996
217.079987,138.080002,43.840012,115.839996
217.079987,138.080002,43.840012,115.839996
217.079987,138.080002,43.840012,115.839996
217.079987,138.080002,43.840012,115.839996
217.079987,138.080002,43.840012,115.839996
217.079987,138.080002,43.840012,115.839996
217.079987,138.080002,43.840012,115.839996
217.079987,138.080002,43.840012,115.839996
217.079987,138.080002,43.840012,115.839996
217.079987,138.080002,43.840012,115.839996
217.079987,138.080002,43.840012,115.839996
217.079987,138.080002,43.840012,115.839996
217.079987,138.080002,43.840012,115.839996
217.079987,138.080002,43.840012,115.839996
217.079987,138.080002,43.840012,115.839996
217.079987,138.080002,43.840012,115.839996
217.079987,138.080002,43.840012,115.839996
217.079987,138.080002,43.840012,115.839996
217.079987,138.080002,43.840012,115.839996
217.079987,138.080002,43.840012,115.839996
217.079987,138.080002,43.840012,115.839996
217.079987,138.080002,43.840012,115.839996
217.079987,138.080002,43.840012,115.839996
217.079987,138.080002,43.840012,115.839996
217.079987,138.080002,43.840012,115.839996
217.079987,138.080002,43.840012,115.839996
217.079987,138.080002,43.840012,115.839996
217.079987,138.080002,43.840012,115.839996
217.079987,138.080002,43.840012,115.839996
217.079987,138.080002,43.840012,115.839996
217.079987,138.080002,43.840012,115.839996
2
0
0
0
0
1
164.500000,190.389999,40.320007,136.020004
164.500000,190.389999,40.320007,136.020004
164.500000,190.389999,40.320007,136.020004
164.500000,190.389999,40.320007,136.020004
153.839996,187.990005,40.320007,136.020004
153.839996,187.990005,40.320007,136.020004
153.839996,187.990005,40.320007,136.020004
153.839996,187.990005,40.320007,136.020004
153.839996,187.990005,40.320007,136.020004
153.839996,187.990005,40.320007,136.020004
153.839996,187.990005,40.320007,136.020004
153.839996,187.990005,40.320007,136.020004
153.839996,187.990005,40.320007,136.020004
153.839996,187.990005,40.320007,136.020004
153.839996,187.990005,40.320007,136.020004
153.839996,187.990005,40.320007,136.020004
153.839996,187.990005,40.320007,136.020004
153.839996,187.990005,40.320007,136.020004
153.839996,187.990005,40.320007,136.020004
153.839996,187.990005,40.320007,136.020004
153.839996,187.990005,40.320007,136.020004
153.839996,187.990005,40.320007,136.020004
153.839996,187.990005,40.320007,136.020004
153.839996,187.990005,40.320007,136.020004
153.839996,187.990005,40.320007,136.020004
153.839996,187.990005,40.320007,136.020004
153.839996,187.990005,40.320007,136.020004
153.839996,187.990005,40.320007,136.020004
153.839996,187.990005,40.320007,136.020004
153.839996,187.990005,40.320007,136.020004
153.839996,187.990005,40.320007,136.020004
153.839996,187.990005,40.320007,136.020004
153.839996,187.990005,40.320007,136.020004
153.839996,187.990005,40.320007,136.020004
153.839996,187.990005,40.320007,136.020004
153.839996,187.990005,40.320007,136.020004
153.839996,187.990005,40.320007,136.020004
153.839996,187.990005,40.320007,136.020004
153.839996,187.990005,40.320007,136.020004
153.839996,187.990005,40.320007,136.020004
153.839996,187.990005,40.320007,136.020004
153.839996,187.990005,40.320007,136.020004
153.839996,187.990005,40.320007,136.020004
138.839996,210.990005,40.320007,136.020004
153.839996,212.990005,40.320007,136.020004
153.839996,212.990005,40.320007,136.020004
153.839996,212.990005,40.320007,136.020004
153.839996,212.990005,40.320007,136.020004
153.839996,212.990005,40.320007,136.020004
153.839996,212.990005,40.320007,136.020004
153.839996,212.990005,40.320007,136.020004
153.839996,212.990005,40.320007,136.020004
153.839996,212.990005,40.320007,136.020004
153.839996,212.990005,40.320007,136.020004
153.839996,212.990005,40.320007,136.020004
153.839996,212.990005,40.320007,136.020004
129.839996,214.990005,40.320007,136.020004
129.839996,214.990005,40.320007,136.020004
129.839996,214.990005,40.320007,136.020004
129.839996,214.990005,40.320007,136.020004
129.839996,214.990005,40.320007,136.020004
129.839996,214.990005,40.320007,136.020004
129.839996,214.990005,40.320007,136.020004
129.839996,214.990005,40.320007,136.020004
129.839996,214.990005,40.320007,136.020004
129.839996,214.990005,40.320007,136.020004
144.839996,244.990005,40.320007,136.020004
149.839996,182.990005,40.320007,136.020004
144.839996,235.990005,40.320007,136.020004
144.839996,235.990005,40.320007,136.020004
144.839996,235.990005,40.320007,136.020004
144.839996,235.990005,40.320007,136.020004
144.839996,235.990005,40.320007,136.020004
144.839996,235.990005,40.320007,136.020004
144.839996,235.990005,40.320007,136.020004
144.839996,235.990005,40.320007,136.020004
144.839996,235.990005,40.320007,136.020004
144.839996,235.990005,40.320007,136.020004
144.839996,235.990005,40.320007,136.020004
144.839996,235.990005,40.320007,136.020004
144.839996,235.990005,40.320007,136.020004
144.839996,235.990005,40.320007,136.020004
144.839996,235.990005,40.320007,136.020004
144.839996,235.990005,40.320007,136.020004
149.839996,199.990005,40.320007,136.020004
149.839996,199.990005,40.320007,136.020004
149.839996,199.990005,40.320007,136.020004
149.839996,199.990005,40.320007,136.020004
149.839996,199.990005,40.320007,136.020004
149.839996,199.990005,40.320007,136.020004
149.839996,246.990005,40.320007,136.020004
149.839996,246.990005,40.320007,136.020004
149.839996,246.990005,40.320007,136.020004
149.839996,246.990005,40.320007,136.020004
149.839996,246.990005,40.320007,136.020004
149.839996,246.990005,40.320007,136.020004
149.839996,246.990005,40.320007,136.020004
149.839996,246.990005,40.320007,136.020004
139.839996,157.990005,40.320007,136.020004
139.839996,109.989998,40.320007,136.020004
139.839996,109.989998,40.320007,136.020004
139.839996,109.989998,40.320007,136.020004
139.839996,109.989998,40.320007,136.020004
139.839996,109.989998,40.320007,136.020004
139.839996,109.989998,40.320007,136.020004
159.839996,166.990005,40.320007,136.020004
144.839996,228.990005,40.320007,136.020004
144.839996,228.990005,40.320007,136.020004
144.839996,228.990005,40.320007,136.020004
159.839996,159.990005,40.320007,136.020004
159.839996,159.990005,40.320007,136.020004
159.839996,159.990005,40.320007,136.020004
159.839996,159.990005,40.320007,136.020004
164.839996,117.989998,40.320007,136.020004
164.839996,117.989998,40.320007,136.020004
164.839996,117.989998,40.320007,136.020004
164.839996,117.989998,40.320007,136.020004
164.839996,117.989998,40.320007,136.020004
164.839996,117.989998,40.320007,136.020004
164.839996,117.989998,40.320007,136.020004
164.839996,117.989998,40.320007,136.020004
164.839996,117.989998,40.320007,136.020004
164.839996,117.989998,40.320007,136.020004
164.839996,117.989998,40.320007,136.020004
164.839996,117.989998,40.320007,136.020004
164.839996,117.989998,40.320007,136.020004
164.839996,117.989998,40.320007,136.020004
169.839996,175.990005,40.320007,136.020004
164.839996,227.990005,40.320007,136.020004
164.839996,227.990005,40.320007,136.020004
179.839996,216.990005,40.320007,136.020004
179.839996,216.990005,40.320007,136.020004
179.839996,216.990005,40.320007,136.020004
179.839996,216.990005,40.320007,136.020004
179.839996,216.990005,40.320007,136.020004
179.839996,216.990005,40.320007,136.020004
179.839996,216.990005,40.320007,136.020004
191.839996,172.990005,40.320007,136.020004
191.839996,172.990005,40.320007,136.020004
191.839996,172.990005,40.320007,136.020004
191.839996,172.990005,40.320007,136.020004
203.839996,165.990005,40.320007,136.020004
203.839996,165.990005,40.320007,136.020004
188.839996,171.990005,40.320007,136.020004
188.839996,171.990005,40.320007,136.020004
188.839996,171.990005,40.320007,136.020004
208.839996,175.990005,40.320007,136.020004
208.839996,175.990005,40.320007,136.020004
208.839996,175.990005,40.320007,136.020004
208.839996,175.990005,40.320007,136.020004
223.839996,177.990005,40.320007,136.020004
223.839996,177.990005,40.320007,136.020004
223.839996,177.990005,40.320007,136.020004
223.839996,177.990005,40.320007,136.020004
238.839996,209.990005,40.320007,136.020004
218.839996,177.990005,40.320007,136.020004
218.839996,177.990005,40.320007,136.020004
233.839996,213.990005,40.320007,136.020004
248.839996,211.990005,40.320007,136.020004
248.839996,211.990005,40.320007,136.020004
248.839996,211.990005,40.320007,136.020004
248.839996,211.990005,40.320007,136.020004
268.839996,125.989998,40.320007,136.020004
268.839996,125.989998,40.320007,136.020004
268.839996,125.989998,40.320007,136.020004
268.839996,125.989998,40.320007,136.020004
283.839996,213.990005,40.320007,136.020004
278.839996,155.990005,40.320007,136.020004
278.839996,155.990005,40.320007,136.020004
2
0
0
0
0
1
359.709991,224.490005,41.089996,111.939987
359.709991,224.490005,41.089996,111.939987
359.709991,224.490005,41.089996,111.939987
359.709991,224.490005,41.089996,111.939987
359.709991,224.490005,41.089996,111.939987
2
0
0
0
0
1
418.260010,224.059998,49.880005,110.059998
418.260010,224.059998,49.880005,110.059998
418.260010,224.059998,49.880005,110.059998
418.260010,224.059998,49.880005,110.059998
418.260010,224.059998,49.880005,110.059998
418.260010,224.059998,49.880005,110.059998
418.260010,224.059998,49.880005,110.059998
418.260010,224.059998,49.880005,110.059998
418.260010,224.059998,49.880005,110.059998
418.260010,224.059998,49.880005,110.059998
418.260010,224.059998,49.880005,110.059998
418.260010,224.059998,49.880005,110.059998
418.260010,224.059998,49.880005,110.059998
418.260010,224.059998,49.880005,110.059998
418.260010,224.059998,49.880005,110.059998
418.260010,224.059998,49.880005,110.059998
2
0
0
0
0
1
355.500000,185.259995,45.019989,114.280014
355.500000,185.259995,45.019989,114.280014
355.500000,185.259995,45.019989,114.280014
355.500000,185.259995,45.019989,114.280014
355.500000,185.259995,45.019989,114.280014
355.500000,185.259995,45.019989,114.280014
355.500000,185.259995,45.019989,114.280014
355.500000,185.259995,45.019989,114.280014
355.500000,185.259995,45.019989,114.280014
355.500000,185.259995,45.019989,114.280014
355.500000,185.259995,45.019989,114.280014
355.500000,185.259995,45.019989,114.280014
355.500000,185.259995,45.019989,114.280014
355.500000,185.259995,45.019989,114.280014
355.500000,185.259995,45.019989,114.280014
355.500000,185.259995,45.019989,114.280014
355.500000,185.259995,45.019989,114.280014
355.500000,185.259995,45.019989,114.280014
355.500000,185.259995,45.019989,114.280014
355.500000,185.259995,45.019989,114.280014
355.500000,185.259995,45.019989,114.280014
355.500000,185.259995,45.019989,114.280014
355.500000,185.259995,45.019989,114.280014
355.500000,185.259995,45.019989,114.280014
355.490021,184.860001,45.019989,114.280014
355.490021,184.860001,45.019989,114.280014
355.490021,184.860001,45.019989,114.280014
355.490021,184.860001,45.019989,114.280014
355.490021,184.860001,45.019989,114.280014
355.490021,184.860001,45.019989,114.280014
355.490021,184.860001,45.019989,114.280014
355.490021,184.860001,45.019989,114.280014
355.490021,184.860001,45.019989,114.280014
355.490021,184.860001,45.019989,114.280014
355.490021,184.860001,45.019989,114.280014
355.490021,184.860001,45.019989,114.280014
355.490021,184.860001,45.019989,114.280014
355.490021,184.860001,45.019989,114.280014
355.490021,184.860001,45.019989,114.280014
355.490021,184.860001,45.019989,114.280014
355.490021,184.860001,45.019989,114.280014
355.490021,184.860001,45.019989,114.280014
355.490021,184.860001,45.019989,114.280014
355.490021,184.860001,45.019989,114.280014
355.490021,184.860001,45.019989,114.280014
355.490021,184.860001,45.019989,114.280014
355.490021,184.860001,45.019989,114.280014
355.490021,184.860001,45.019989,114.280014
355.490021,184.860001,45.019989,114.280014
355.490021,184.860001,45.019989,114.280014
355.490021,184.860001,45.019989,114.280014
355.490021,184.860001,45.019989,114.280014
355.490021,184.860001,45.019989,114.280014
355.490021,184.860001,45.019989,114.280014
355.490021,184.860001,45.019989,114.280014
2
0
0
0
0
1
290.019989,178.179993,48.720001,113.790009
290.019989,178.179993,48.720001,113.790009
290.019989,178.179993,48.720001,113.790009
290.019989,178.179993,48.720001,113.790009
290.019989,178.179993,48.720001,113.790009
290.019989,178.179993,48.720001,113.790009
290.019989,178.179993,48.720001,113.790009
290.019989,178.179993,48.720001,113.790009
290.019989,178.179993,48.720001,113.790009
290.019989,178.179993,48.720001,113.790009
290.019989,178.179993,48.720001,113.790009
290.019989,178.179993,48.720001,113.790009
290.019989,178.179993,48.720001,113.790009
290.019989,178.179993,48.720001,113.790009
290.019989,178.179993,48.720001,113.790009
290.019989,178.179993,48.720001,113.790009
289.640015,178.104996,48.720001,113.790009
289.640015,178.104996,48.720001,113.790009
289.640015,178.104996,48.720001,113.790009
279.640015,129.104996,48.720001,113.790009
279.640015,129.104996,48.720001,113.790009
279.640015,129.104996,48.720001,113.790009
279.640015,129.104996,48.720001,113.790009
279.640015,172.104996,48.720001,113.790009
279.640015,172.104996,48.720001,113.790009
279.640015,172.104996,48.720001,113.790009
279.640015,172.104996,48.720001,113.790009
279.640015,172.104996,48.720001,113.790009
279.640015,172.104996,48.720001,113.790009
279.640015,172.104996,48.720001,113.790009
279.640015,172.104996,48.720001,113.790009
279.640015,172.104996,48.720001,113.790009
299.640015,160.104996,48.720001,113.790009
299.640015,160.104996,48.720001,113.790009
299.640015,160.104996,48.720001,113.790009
299.640015,160.104996,48.720001,113.790009
299.640015,160.104996,48.720001,113.790009
299.640015,160.104996,48.720001,113.790009
299.640015,160.104996,48.720001,113.790009
299.640015,160.104996,48.720001,113.790009
299.640015,160.104996,48.720001,113.790009
322.640015,180.104996,48.720001,113.790009
322.640015,180.104996,48.720001,113.790009
333.640015,108.104996,48.720001,113.790009
333.640015,108.104996,48.720001,113.790009
333.640015,108.104996,48.720001,113.790009
333.640015,108.104996,48.720001,113.790009
333.640015,108.104996,48.720001,113.790009
333.640015,108.104996,48.720001,113.790009
333.640015,108.104996,48.720001,113.790009
333.640015,108.104996,48.720001,113.790009
333.640015,108.104996,48.720001,113.790009
333.640015,108.104996,48.720001,113.790009
333.640015,108.104996,48.720001,113.790009
333.640015,108.104996,48.720001,113.790009
333.640015,108.104996,48.720001,113.790009
333.640015,108.104996,48.720001,113.790009
333.640015,108.104996,48.720001,113.790009
313.640015,147.104996,48.720001,113.790009
313.640015,147.104996,48.720001,113.790009
313.640015,147.104996,48.720001,113.790009
323.640015,188.104996,48.720001,113.790009
323.640015,188.104996,48.720001,113.790009
323.640015,188.104996,48.720001,113.790009
323.640015,188.104996,48.720001,113.790009
323.640015,188.104996,48.720001,113.790009
323.640015,188.104996,48.720001,113.790009
323.640015,188.104996,48.720001,113.790009
343.640015,192.104996,48.720001,113.790009
343.640015,192.104996,48.720001,113.790009
343.640015,192.104996,48.720001,113.790009
343.640015,192.104996,48.720001,113.790009
343.640015,192.104996,48.720001,113.790009
343.640015,192.104996,48.720001,113.790009
343.640015,192.104996,48.720001,113.790009
323.640015,241.104996,48.720001,113.790009
323.640015,241.104996,48.720001,113.790009
323.640015,241.104996,48.720001,113.790009
337.640015,186.104996,48.720001,113.790009
337.640015,186.104996,48.720001,113.790009
337.640015,186.104996,48.720001,113.790009
337.640015,186.104996,48.720001,113.790009
337.640015,186.104996,48.720001,113.790009
357.640015,221.104996,48.720001,113.790009
357.640015,221.104996,48.720001,113.790009
357.640015,221.104996,48.720001,113.790009
357.640015,221.104996,48.720001,113.790009
2
0
0
0
0
1
340.010010,208.509995,38.949982,114.330002
340.010010,208.509995,38.949982,114.330002
340.010010,208.509995,38.949982,114.330002
340.010010,208.509995,38.949982,114.330002
340.010010,208.509995,38.949982,114.330002
340.010010,208.509995,38.949982,114.330002
340.010010,208.509995,38.949982,114.330002
340.010010,208.509995,38.949982,114.330002
340.010010,208.509995,38.949982,114.330002
340.010010,208.509995,38.949982,114.330002
340.010010,208.509995,38.949982,114.330002
340.010010,208.509995,38.949982,114.330002
340.010010,208.509995,38.949982,114.330002
340.010010,208.509995,38.949982,114.330002
340.010010,208.509995,38.949982,114.330002
340.010010,208.509995,38.949982,114.330002
339.524994,207.834991,38.949982,114.330002
339.524994,207.834991,38.949982,114.330002
339.524994,207.834991,38.949982,114.330002
339.524994,207.834991,38.949982,114.330002
339.524994,207.834991,38.949982,114.330002
339.524994,207.834991,38.949982,114.330002
339.524994,207.834991,38.949982,114.330002
339.524994,207.834991,38.949982,114.330002
339.524994,207.834991,38.949982,114.330002
339.524994,207.834991,38.949982,114.330002
339.524994,207.834991,38.949982,114.330002
339.524994,207.834991,38.949982,114.330002
339.524994,207.834991,38.949982,114.330002
339.524994,207.834991,38.949982,114.330002
354.524994,219.834991,38.949982,114.330002
354.524994,219.834991,38.949982,114.330002
354.524994,219.834991,38.949982,114.330002
354.524994,219.834991,38.949982,114.330002
338.524994,209.834991,38.949982,114.330002
338.524994,209.834991,38.949982,114.330002
338.524994,209.834991,38.949982,114.330002
338.524994,209.834991,38.949982,114.330002
338.524994,209.834991,38.949982,114.330002
338.524994,209.834991,38.949982,114.330002
338.524994,209.834991,38.949982,114.330002
338.524994,209.834991,38.949982,114.330002
338.524994,209.834991,38.949982,114.330002
338.524994,209.834991,38.949982,114.330002
338.524994,209.834991,38.949982,114.330002
338.524994,209.834991,38.949982,114.330002
338.524994,209.834991,38.949982,114.330002
338.524994,209.834991,38.949982,114.330002
338.524994,209.834991,38.949982,114.330002
338.524994,209.834991,38.949982,114.330002
338.524994,209.834991,38.949982,114.330002
338.524994,209.834991,38.949982,114.330002
338.524994,209.834991,38.949982,114.330002
338.524994,209.834991,38.949982,114.330002
338.524994,209.834991,38.949982,114.330002
338.524994,209.834991,38.949982,114.330002
338.524994,209.834991,38.949982,114.330002
338.524994,209.834991,38.949982,114.330002
