1
188.619995,210.610001,42.760010,112.780014
188.619995,210.610001,42.760010,112.780014
188.619995,210.610001,42.760010,112.780014
188.619995,210.610001,42.760010,112.780014
188.619995,210.610001,42.760010,112.780014
188.619995,210.610001,42.760010,112.780014
188.619995,210.610001,42.760010,112.780014
188.619995,210.610001,42.760010,112.780014
188.619995,210.610001,42.760010,112.780014
188.619995,210.610001,42.760010,112.780014
188.619995,210.610001,42.760010,112.780014
188.619995,210.610001,42.760010,112.780014
188.619995,210.610001,42.760010,112.780014
188.619995,210.610001,42.760010,112.780014
188.619995,210.610001,42.760010,112.780014
188.619995,210.610001,42.760010,112.780014
188.619995,210.610001,42.760010,112.780014
188.619995,210.610001,42.760010,112.780014
188.619995,210.610001,42.760010,112.780014
188.619995,210.610001,42.760010,112.780014
188.619995,210.610001,42.760010,112.780014
188.619995,210.610001,42.760010,112.780014
188.619995,210.610001,42.760010,112.780014
188.619995,210.610001,42.760010,112.780014
188.619995,210.610001,42.760010,112.780014
188.619995,210.610001,42.760010,112.780014
188.619995,210.610001,42.760010,112.780014
2
0
0
0
0
1
249.860001,224.979996,51.129990,110.270004
249.860001,224.979996,51.129990,110.270004
249.860001,224.979996,51.129990,110.270004
249.860001,224.979996,51.129990,110.270004
249.860001,224.979996,51.129990,110.270004
274.434998,229.865005,51.129990,110.270004
274.434998,229.865005,51.129990,110.270004
274.434998,229.865005,51.129990,110.270004
274.434998,229.865005,51.129990,110.270004
274.434998,229.865005,51.129990,110.270004
274.434998,229.865005,51.129990,110.270004
274.434998,229.865005,51.129990,110.270004
274.434998,229.865005,51.129990,110.270004
274.434998,229.865005,51.129990,110.270004
274.434998,229.865005,51.129990,110.270004
274.434998,229.865005,51.129990,110.270004
274.434998,229.865005,51.129990,110.270004
274.434998,229.865005,51.129990,110.270004
274.434998,229.865005,51.129990,110.270004
274.434998,229.865005,51.129990,110.270004
274.434998,229.865005,51.129990,110.270004
274.434998,229.865005,51.129990,110.270004
252.434998,209.865005,51.129990,110.270004
252.434998,209.865005,51.129990,110.270004
252.434998,209.865005,51.129990,110.270004
252.434998,209.865005,51.129990,110.270004
252.434998,209.865005,51.129990,110.270004
252.434998,209.865005,51.129990,110.270004
252.434998,209.865005,51.129990,110.270004
252.434998,209.865005,51.129990,110.270004
252.434998,209.865005,51.129990,110.270004
252.434998,209.865005,51.129990,110.270004
252.434998,209.865005,51.129990,110.270004
252.434998,209.865005,51.129990,110.270004
252.434998,209.865005,51.129990,110.270004
252.434998,209.865005,51.129990,110.270004
252.434998,209.865005,51.129990,110.270004
252.434998,209.865005,51.129990,110.270004
252.434998,209.865005,51.129990,110.270004
252.434998,209.865005,51.129990,110.270004
252.434998,209.865005,51.129990,110.270004
188.434998,210.865005,51.129990,110.270004
188.434998,210.865005,51.129990,110.270004
188.434998,210.865005,51.129990,110.270004
163.434998,208.865005,51.129990,110.270004
163.434998,208.865005,51.129990,110.270004
163.434998,208.865005,51.129990,110.270004
163.434998,208.865005,51.129990,110.270004
138.434998,197.865005,51.129990,110.270004
158.434998,183.865005,51.129990,110.270004
158.434998,183.865005,51.129990,110.270004
133.434998,220.865005,51.129990,110.270004
133.434998,220.865005,51.129990,110.270004
133.434998,220.865005,51.129990,110.270004
133.434998,220.865005,51.129990,110.270004
118.435005,184.865005,51.129990,110.270004
118.435005,184.865005,51.129990,110.270004
118.435005,184.865005,51.129990,110.270004
118.435005,184.865005,51.129990,110.270004
118.435005,184.865005,51.129990,110.270004
118.435005,184.865005,51.129990,110.270004
118.435005,184.865005,51.129990,110.270004
118.435005,184.865005,51.129990,110.270004
118.435005,184.865005,51.129990,110.270004
118.435005,184.865005,51.129990,110.270004
118.435005,184.865005,51.129990,110.270004
118.435005,184.865005,51.129990,110.270004
118.435005,184.865005,51.129990,110.270004
118.435005,184.865005,51.129990,110.270004
118.435005,184.865005,51.129990,110.270004
118.435005,184.865005,51.129990,110.270004
140.434998,211.865005,51.129990,110.270004
140.434998,211.865005,51.129990,110.270004
140.434998,211.865005,51.129990,110.270004
140.434998,211.865005,51.129990,110.270004
140.434998,211.865005,51.129990,110.270004
140.434998,211.865005,51.129990,110.270004
140.434998,211.865005,51.129990,110.270004
140.434998,211.865005,51.129990,110.270004
140.434998,211.865005,51.129990,110.270004
140.434998,211.865005,51.129990,110.270004
140.434998,211.865005,51.129990,110.270004
140.434998,211.865005,51.129990,110.270004
140.434998,211.865005,51.129990,110.270004
140.434998,211.865005,51.129990,110.270004
140.434998,211.865005,51.129990,110.270004
140.434998,211.865005,51.129990,110.270004
140.434998,211.865005,51.129990,110.270004
140.434998,211.865005,51.129990,110.270004
140.434998,211.865005,51.129990,110.270004
140.434998,211.865005,51.129990,110.270004
140.434998,211.865005,51.129990,110.270004
140.434998,211.865005,51.129990,110.270004
140.434998,211.865005,51.129990,110.270004
140.434998,211.865005,51.129990,110.270004
140.434998,211.865005,51.129990,110.270004
140.434998,211.865005,51.129990,110.270004
2
0
0
0
0
1
206.270004,171.649994,47.629990,102.119995
206.270004,171.649994,47.629990,102.119995
206.270004,171.649994,47.629990,102.119995
206.270004,171.649994,47.629990,102.119995
206.270004,171.649994,47.629990,102.119995
225.184998,151.940002,47.629990,102.119995
225.184998,151.940002,47.629990,102.119995
225.184998,151.940002,47.629990,102.119995
225.184998,151.940002,47.629990,102.119995
225.184998,151.940002,47.629990,102.119995
240.184998,166.940002,47.629990,102.119995
240.184998,166.940002,47.629990,102.119995
243.184998,114.940002,47.629990,102.119995
243.184998,114.940002,47.629990,102.119995
243.184998,114.940002,47.629990,102.119995
240.184998,196.940002,47.629990,102.119995
240.184998,196.940002,47.629990,102.119995
253.184998,129.940002,47.629990,102.119995
253.184998,129.940002,47.629990,102.119995
253.184998,129.940002,47.629990,102.119995
253.184998,129.940002,47.629990,102.119995
253.184998,129.940002,47.629990,102.119995
253.184998,129.940002,47.629990,102.119995
253.184998,129.940002,47.629990,102.119995
253.184998,129.940002,47.629990,102.119995
253.184998,129.940002,47.629990,102.119995
224.184998,165.940002,47.629990,102.119995
224.184998,165.940002,47.629990,102.119995
224.184998,165.940002,47.629990,102.119995
224.184998,165.940002,47.629990,102.119995
245.184998,166.940002,47.629990,102.119995
245.184998,166.940002,47.629990,102.119995
245.184998,166.940002,47.629990,102.119995
268.184998,160.940002,47.629990,102.119995
268.184998,160.940002,47.629990,102.119995
268.184998,160.940002,47.629990,102.119995
268.184998,160.940002,47.629990,102.119995
268.184998,160.940002,47.629990,102.119995
268.184998,160.940002,47.629990,102.119995
268.184998,160.940002,47.629990,102.119995
268.184998,160.940002,47.629990,102.119995
268.184998,160.940002,47.629990,102.119995
268.184998,160.940002,47.629990,102.119995
268.184998,160.940002,47.629990,102.119995
268.184998,160.940002,47.629990,102.119995
268.184998,160.940002,47.629990,102.119995
294.184998,140.940002,47.629990,102.119995
294.184998,140.940002,47.629990,102.119995
268.184998,155.940002,47.629990,102.119995
285.184998,155.940002,47.629990,102.119995
285.184998,155.940002,47.629990,102.119995
285.184998,155.940002,47.629990,102.119995
266.184998,140.940002,47.629990,102.119995
266.184998,140.940002,47.629990,102.119995
266.184998,140.940002,47.629990,102.119995
266.184998,140.940002,47.629990,102.119995
266.184998,140.940002,47.629990,102.119995
266.184998,140.940002,47.629990,102.119995
283.184998,140.940002,47.629990,102.119995
283.184998,140.940002,47.629990,102.119995
283.184998,140.940002,47.629990,102.119995
283.184998,140.940002,47.629990,102.119995
283.184998,140.940002,47.629990,102.119995
283.184998,140.940002,47.629990,102.119995
283.184998,140.940002,47.629990,102.119995
283.184998,140.940002,47.629990,102.119995
283.184998,140.940002,47.629990,102.119995
266.184998,140.940002,47.629990,102.119995
266.184998,140.940002,47.629990,102.119995
266.184998,140.940002,47.629990,102.119995
266.184998,140.940002,47.629990,102.119995
266.184998,140.940002,47.629990,102.119995
266.184998,140.940002,47.629990,102.119995
266.184998,140.940002,47.629990,102.119995
266.184998,140.940002,47.629990,102.119995
266.184998,140.940002,47.629990,102.119995
266.184998,140.940002,47.629990,102.119995
266.184998,140.940002,47.629990,102.119995
266.184998,140.940002,47.629990,102.119995
266.184998,140.940002,47.629990,102.119995
266.184998,140.940002,47.629990,102.119995
266.184998,140.940002,47.629990,102.119995
266.184998,140.940002,47.629990,102.119995
266.184998,140.940002,47.629990,102.119995
266.184998,140.940002,47.629990,102.119995
266.184998,140.940002,47.629990,102.119995
266.184998,140.940002,47.629990,102.119995
266.184998,140.940002,47.629990,102.119995
266.184998,140.940002,47.629990,102.119995
266.184998,140.940002,47.629990,102.119995
266.184998,140.940002,47.629990,102.119995
266.184998,140.940002,47.629990,102.119995
266.184998,140.940002,47.629990,102.119995
266.184998,140.940002,47.629990,102.119995
266.184998,140.940002,47.629990,102.119995
266.184998,140.940002,47.629990,102.119995
251.184998,185.940002,47.629990,102.119995
251.184998,185.940002,47.629990,102.119995
251.184998,185.940002,47.629990,102.119995
251.184998,185.940002,47.629990,102.119995
251.184998,185.940002,47.629990,102.119995
251.184998,185.940002,47.629990,102.119995
251.184998,185.940002,47.629990,102.119995
251.184998,185.940002,47.629990,102.119995
251.184998,185.940002,47.629990,102.119995
251.184998,185.940002,47.629990,102.119995
251.184998,185.940002,47.629990,102.119995
251.184998,185.940002,47.629990,102.119995
234.184998,145.940002,47.629990,102.119995
234.184998,145.940002,47.629990,102.119995
234.184998,145.940002,47.629990,102.119995
234.184998,145.940002,47.629990,102.119995
234.184998,145.940002,47.629990,102.119995
234.184998,145.940002,47.629990,102.119995
234.184998,145.940002,47.629990,102.119995
234.184998,145.940002,47.629990,102.119995
216.184998,145.940002,47.629990,102.119995
216.184998,145.940002,47.629990,102.119995
216.184998,145.940002,47.629990,102.119995
216.184998,145.940002,47.629990,102.119995
216.184998,145.940002,47.629990,102.119995
216.184998,145.940002,47.629990,102.119995
216.184998,145.940002,47.629990,102.119995
216.184998,145.940002,47.629990,102.119995
216.184998,145.940002,47.629990,102.119995
216.184998,145.940002,47.629990,102.119995
216.184998,145.940002,47.629990,102.119995
170.184998,200.940002,47.629990,102.119995
170.184998,200.940002,47.629990,102.119995
170.184998,200.940002,47.629990,102.119995
188.184998,238.940002,47.629990,102.119995
188.184998,238.940002,47.629990,102.119995
188.184998,238.940002,47.629990,102.119995
188.184998,238.940002,47.629990,102.119995
188.184998,238.940002,47.629990,102.119995
188.184998,238.940002,47.629990,102.119995
188.184998,238.940002,47.629990,102.119995
188.184998,238.940002,47.629990,102.119995
188.184998,238.940002,47.629990,102.119995
188.184998,238.940002,47.629990,102.119995
188.184998,238.940002,47.629990,102.119995
188.184998,238.940002,47.629990,102.119995
164.184998,202.940002,47.629990,102.119995
164.184998,202.940002,47.629990,102.119995
164.184998,202.940002,47.629990,102.119995
164.184998,202.940002,47.629990,102.119995
164.184998,202.940002,47.629990,102.119995
164.184998,202.940002,47.629990,102.119995
164.184998,202.940002,47.629990,102.119995
164.184998,202.940002,47.629990,102.119995
164.184998,202.940002,47.629990,102.119995
164.184998,202.940002,47.629990,102.119995
164.184998,202.940002,47.629990,102.119995
164.184998,202.940002,47.629990,102.119995
164.184998,202.940002,47.629990,102.119995
164.184998,202.940002,47.629990,102.119995
164.184998,202.940002,47.629990,102.119995
164.184998,202.940002,47.629990,102.119995
181.184998,234.940002,47.629990,102.119995
181.184998,234.940002,47.629990,102.119995
181.184998,234.940002,47.629990,102.119995
181.184998,234.940002,47.629990,102.119995
181.184998,234.940002,47.629990,102.119995
181.184998,234.940002,47.629990,102.119995
181.184998,234.940002,47.629990,102.119995
181.184998,234.940002,47.629990,102.119995
181.184998,234.940002,47.629990,102.119995
181.184998,234.940002,47.629990,102.119995
166.184998,264.940002,47.629990,102.119995
166.184998,264.940002,47.629990,102.119995
166.184998,264.940002,47.629990,102.119995
166.184998,264.940002,47.629990,102.119995
149.184998,257.940002,47.629990,102.119995
149.184998,257.940002,47.629990,102.119995
149.184998,257.940002,47.629990,102.119995
149.184998,257.940002,47.629990,102.119995
149.184998,257.940002,47.629990,102.119995
149.184998,257.940002,47.629990,102.119995
149.184998,257.940002,47.629990,102.119995
120.185005,266.940002,47.629990,102.119995
120.185005,266.940002,47.629990,102.119995
120.185005,266.940002,47.629990,102.119995
120.185005,266.940002,47.629990,102.119995
120.185005,266.940002,47.629990,102.119995
120.185005,266.940002,47.629990,102.119995
144.184998,198.940002,47.629990,102.119995
144.184998,198.940002,47.629990,102.119995
108.185005,204.940002,47.629990,102.119995
108.185005,204.940002,47.629990,102.119995
108.185005,204.940002,47.629990,102.119995
108.185005,204.940002,47.629990,102.119995
108.185005,204.940002,47.629990,102.119995
108.185005,204.940002,47.629990,102.119995
115.185005,241.940002,47.629990,102.119995
115.185005,241.940002,47.629990,102.119995
115.185005,241.940002,47.629990,102.119995
115.185005,241.940002,47.629990,102.119995
132.184998,237.940002,47.629990,102.119995
115.185005,251.940002,47.629990,102.119995
108.185005,225.940002,47.629990,102.119995
108.185005,225.940002,47.629990,102.119995
108.185005,225.940002,47.629990,102.119995
108.185005,225.940002,47.629990,102.119995
125.185005,251.940002,47.629990,102.119995
125.185005,251.940002,47.629990,102.119995
151.184998,219.940002,47.629990,102.119995
151.184998,219.940002,47.629990,102.119995
151.184998,219.940002,47.629990,102.119995
154.184998,171.940002,47.629990,102.119995
155.184998,220.940002,47.629990,102.119995
155.184998,220.940002,47.629990,102.119995
155.184998,220.940002,47.629990,102.119995
155.184998,220.940002,47.629990,102.119995
155.184998,220.940002,47.629990,102.119995
155.184998,220.940002,47.629990,102.119995
141.184998,219.940002,47.629990,102.119995
141.184998,219.940002,47.629990,102.119995
141.184998,219.940002,47.629990,102.119995
141.184998,219.940002,47.629990,102.119995
141.184998,219.940002,47.629990,102.119995
141.184998,219.940002,47.629990,102.119995
141.184998,219.940002,47.629990,102.119995
141.184998,219.940002,47.629990,102.119995
141.184998,219.940002,47.629990,102.119995
141.184998,219.940002,47.629990,102.119995
141.184998,219.940002,47.629990,102.119995
141.184998,219.940002,47.629990,102.119995
141.184998,219.940002,47.629990,102.119995
114.185005,236.940002,47.629990,102.119995
114.185005,236.940002,47.629990,102.119995
114.185005,236.940002,47.629990,102.119995
114.185005,236.940002,47.629990,102.119995
135.184998,198.940002,47.629990,102.119995
135.184998,198.940002,47.629990,102.119995
135.184998,198.940002,47.629990,102.119995
135.184998,198.940002,47.629990,102.119995
135.184998,198.940002,47.629990,102.119995
135.184998,198.940002,47.629990,102.119995
135.184998,198.940002,47.629990,102.119995
135.184998,198.940002,47.629990,102.119995
149.184998,258.940002,47.629990,102.119995
149.184998,258.940002,47.629990,102.119995
140.184998,188.940002,47.629990,102.119995
140.184998,188.940002,47.629990,102.119995
140.184998,188.940002,47.629990,102.119995
140.184998,188.940002,47.629990,102.119995
140.184998,188.940002,47.629990,102.119995
140.184998,188.940002,47.629990,102.119995
140.184998,188.940002,47.629990,102.119995
140.184998,188.940002,47.629990,102.119995
140.184998,188.940002,47.629990,102.119995
140.184998,188.940002,47.629990,102.119995
140.184998,188.940002,47.629990,102.119995
140.184998,188.940002,47.629990,102.119995
140.184998,188.940002,47.629990,102.119995
140.184998,188.940002,47.629990,102.119995
140.184998,188.940002,47.629990,102.119995
140.184998,188.940002,47.629990,102.119995
140.184998,188.940002,47.629990,102.119995
140.184998,188.940002,47.629990,102.119995
140.184998,188.940002,47.629990,102.119995
140.184998,188.940002,47.629990,102.119995
140.184998,188.940002,47.629990,102.119995
140.184998,188.940002,47.629990,102.119995
126.185005,138.940002,47.629990,102.119995
126.185005,138.940002,47.629990,102.119995
126.185005,138.940002,47.629990,102.119995
126.185005,138.940002,47.629990,102.119995
126.185005,138.940002,47.629990,102.119995
144.184998,183.940002,47.629990,102.119995
144.184998,183.940002,47.629990,102.119995
144.184998,183.940002,47.629990,102.119995
147.184998,233.940002,47.629990,102.119995
147.184998,233.940002,47.629990,102.119995
147.184998,233.940002,47.629990,102.119995
147.184998,233.940002,47.629990,102.119995
166.184998,253.940002,47.629990,102.119995
166.184998,253.940002,47.629990,102.119995
143.184998,243.940002,47.629990,102.119995
143.184998,243.940002,47.629990,102.119995
160.184998,238.940002,47.629990,102.119995
171.184998,183.940002,47.629990,102.119995
157.184998,178.940002,47.629990,102.119995
157.184998,178.940002,47.629990,102.119995
157.184998,178.940002,47.629990,102.119995
157.184998,178.940002,47.629990,102.119995
176.184998,188.940002,47.629990,102.119995
176.184998,188.940002,47.629990,102.119995
153.184998,173.940002,47.629990,102.119995
153.184998,173.940002,47.629990,102.119995
153.184998,173.940002,47.629990,102.119995
153.184998,173.940002,47.629990,102.119995
153.184998,173.940002,47.629990,102.119995
153.184998,173.940002,47.629990,102.119995
153.184998,173.940002,47.629990,102.119995
153.184998,173.940002,47.629990,102.119995
153.184998,173.940002,47.629990,102.119995
167.184998,238.940002,47.629990,102.119995
167.184998,238.940002,47.629990,102.119995
164.184998,198.940002,47.629990,102.119995
185.184998,243.940002,47.629990,102.119995
191.184998,193.940002,47.629990,102.119995
191.184998,193.940002,47.629990,102.119995
191.184998,193.940002,47.629990,102.119995
191.184998,193.940002,47.629990,102.119995
191.184998,193.940002,47.629990,102.119995
191.184998,193.940002,47.629990,102.119995
191.184998,193.940002,47.629990,102.119995
191.184998,193.940002,47.629990,102.119995
191.184998,193.940002,47.629990,102.119995
210.184998,198.940002,47.629990,102.119995
210.184998,198.940002,47.629990,102.119995
210.184998,198.940002,47.629990,102.119995
210.184998,198.940002,47.629990,102.119995
210.184998,198.940002,47.629990,102.119995
210.184998,198.940002,47.629990,102.119995
190.184998,199.940002,47.629990,102.119995
210.184998,198.940002,47.629990,102.119995
210.184998,198.940002,47.629990,102.119995
210.184998,198.940002,47.629990,102.119995
230.184998,195.940002,47.629990,102.119995
230.184998,195.940002,47.629990,102.119995
210.184998,203.940002,47.629990,102.119995
210.184998,203.940002,47.629990,102.119995
210.184998,203.940002,47.629990,102.119995
220.184998,245.940002,47.629990,102.119995
220.184998,245.940002,47.629990,102.119995
220.184998,245.940002,47.629990,102.119995
220.184998,245.940002,47.629990,102.119995
2
0
0
0
0
1
301.440002,222.710007,43.500000,115.930008
301.440002,222.710007,43.500000,115.930008
301.440002,222.710007,43.500000,115.930008
301.440002,222.710007,43.500000,115.930008
318.250000,217.034988,43.500000,115.930008
318.250000,217.034988,43.500000,115.930008
344.250000,214.034988,43.500000,115.930008
344.250000,214.034988,43.500000,115.930008
344.250000,214.034988,43.500000,115.930008
344.250000,214.034988,43.500000,115.930008
344.250000,214.034988,43.500000,115.930008
2
0
0
0
0
1
417.299988,227.139999,46.540009,110.020004
417.299988,227.139999,46.540009,110.020004
417.299988,227.139999,46.540009,110.020004
405.729980,186.990005,46.540009,110.020004
405.729980,186.990005,46.540009,110.020004
405.729980,186.990005,46.540009,110.020004
405.729980,186.990005,46.540009,110.020004
405.729980,186.990005,46.540009,110.020004
405.729980,186.990005,46.540009,110.020004
405.729980,186.990005,46.540009,110.020004
405.729980,186.990005,46.540009,110.020004
405.729980,186.990005,46.540009,110.020004
405.729980,186.990005,46.540009,110.020004
405.729980,186.990005,46.540009,110.020004
405.729980,186.990005,46.540009,110.020004
405.729980,186.990005,46.540009,110.020004
405.729980,186.990005,46.540009,110.020004
405.729980,186.990005,46.540009,110.020004
375.729980,206.990005,46.540009,110.020004
375.729980,206.990005,46.540009,110.020004
375.729980,206.990005,46.540009,110.020004
353.729980,156.990005,46.540009,110.020004
353.729980,156.990005,46.540009,110.020004
353.729980,156.990005,46.540009,110.020004
353.729980,156.990005,46.540009,110.020004
353.729980,156.990005,46.540009,110.020004
353.729980,156.990005,46.540009,110.020004
353.729980,156.990005,46.540009,110.020004
340.729980,156.990005,46.540009,110.020004
340.729980,156.990005,46.540009,110.020004
340.729980,156.990005,46.540009,110.020004
340.729980,156.990005,46.540009,110.020004
340.729980,156.990005,46.540009,110.020004
340.729980,156.990005,46.540009,110.020004
337.729980,196.990005,46.540009,110.020004
337.729980,196.990005,46.540009,110.020004
337.729980,196.990005,46.540009,110.020004
337.729980,196.990005,46.540009,110.020004
337.729980,196.990005,46.540009,110.020004
337.729980,196.990005,46.540009,110.020004
337.729980,196.990005,46.540009,110.020004
337.729980,196.990005,46.540009,110.020004
337.729980,196.990005,46.540009,110.020004
337.729980,196.990005,46.540009,110.020004
337.729980,196.990005,46.540009,110.020004
337.729980,196.990005,46.540009,110.020004
337.729980,196.990005,46.540009,110.020004
337.729980,196.990005,46.540009,110.020004
337.729980,196.990005,46.540009,110.020004
337.729980,196.990005,46.540009,110.020004
337.729980,196.990005,46.540009,110.020004
337.729980,196.990005,46.540009,110.020004
337.729980,196.990005,46.540009,110.020004
337.729980,196.990005,46.540009,110.020004
337.729980,196.990005,46.540009,110.020004
337.729980,196.990005,46.540009,110.020004
337.729980,196.990005,46.540009,110.020004
337.729980,196.990005,46.540009,110.020004
337.729980,196.990005,46.540009,110.020004
337.729980,196.990005,46.540009,110.020004
337.729980,196.990005,46.540009,110.020004
337.729980,196.990005,46.540009,110.020004
337.729980,196.990005,46.540009,110.020004
337.729980,196.990005,46.540009,110.020004
337.729980,196.990005,46.540009,110.020004
337.729980,196.990005,46.540009,110.020004
337.729980,196.990005,46.540009,110.020004
337.729980,196.990005,46.540009,110.020004
295.729980,175.990005,46.540009,110.020004
298.729980,212.990005,46.540009,110.020004
298.729980,212.990005,46.540009,110.020004
299.729980,181.990005,46.540009,110.020004
299.729980,181.990005,46.540009,110.020004
299.729980,181.990005,46.540009,110.020004
299.729980,181.990005,46.540009,110.020004
291.729980,219.990005,46.540009,110.020004
299.729980,181.990005,46.540009,110.020004
287.729980,223.990005,46.540009,110.020004
300.729980,190.990005,46.540009,110.020004
300.729980,190.990005,46.540009,110.020004
286.729980,229.990005,46.540009,110.020004
286.729980,229.990005,46.540009,110.020004
292.729980,193.990005,46.540009,110.020004
285.729980,235.990005,46.540009,110.020004
285.729980,235.990005,46.540009,110.020004
285.729980,235.990005,46.540009,110.020004
285.729980,235.990005,46.540009,110.020004
285.729980,235.990005,46.540009,110.020004
285.729980,235.990005,46.540009,110.020004
285.729980,235.990005,46.540009,110.020004
285.729980,235.990005,46.540009,110.020004
304.729980,166.990005,46.540009,110.020004
304.729980,166.990005,46.540009,110.020004
304.729980,166.990005,46.540009,110.020004
304.729980,166.990005,46.540009,110.020004
304.729980,166.990005,46.540009,110.020004
304.729980,166.990005,46.540009,110.020004
304.729980,166.990005,46.540009,110.020004
304.729980,166.990005,46.540009,110.020004
304.729980,166.990005,46.540009,110.020004
304.729980,166.990005,46.540009,110.020004
304.729980,166.990005,46.540009,110.020004
304.729980,166.990005,46.540009,110.020004
304.729980,166.990005,46.540009,110.020004
282.729980,126.989998,46.540009,110.020004
282.729980,126.989998,46.540009,110.020004
282.729980,126.989998,46.540009,110.020004
282.729980,126.989998,46.540009,110.020004
282.729980,126.989998,46.540009,110.020004
282.729980,126.989998,46.540009,110.020004
282.729980,126.989998,46.540009,110.020004
284.729980,201.990005,46.540009,110.020004
285.729980,166.990005,46.540009,110.020004
285.729980,166.990005,46.540009,110.020004
285.729980,166.990005,46.540009,110.020004
285.729980,166.990005,46.540009,110.020004
285.729980,166.990005,46.540009,110.020004
285.729980,166.990005,46.540009,110.020004
285.729980,166.990005,46.540009,110.020004
285.729980,166.990005,46.540009,110.020004
305.729980,170.990005,46.540009,110.020004
305.729980,170.990005,46.540009,110.020004
305.729980,170.990005,46.540009,110.020004
305.729980,170.990005,46.540009,110.020004
305.729980,170.990005,46.540009,110.020004
305.729980,170.990005,46.540009,110.020004
305.729980,170.990005,46.540009,110.020004
305.729980,170.990005,46.540009,110.020004
305.729980,170.990005,46.540009,110.020004
305.729980,170.990005,46.540009,110.020004
305.729980,170.990005,46.540009,110.020004
305.729980,170.990005,46.540009,110.020004
344.729980,155.990005,46.540009,110.020004
344.729980,155.990005,46.540009,110.020004
344.729980,155.990005,46.540009,110.020004
344.729980,155.990005,46.540009,110.020004
344.729980,155.990005,46.540009,110.020004
344.729980,110.989998,46.540009,110.020004
344.729980,110.989998,46.540009,110.020004
344.729980,110.989998,46.540009,110.020004
327.729980,130.990005,46.540009,110.020004
308.729980,155.990005,46.540009,110.020004
308.729980,155.990005,46.540009,110.020004
325.729980,145.990005,46.540009,110.020004
325.729980,145.990005,46.540009,110.020004
306.729980,120.989998,46.540009,110.020004
306.729980,120.989998,46.540009,110.020004
323.729980,135.990005,46.540009,110.020004
304.729980,125.989998,46.540009,110.020004
285.729980,170.990005,46.540009,110.020004
306.729980,125.989998,46.540009,110.020004
292.729980,175.990005,46.540009,110.020004
313.729980,145.990005,46.540009,110.020004
313.729980,145.990005,46.540009,110.020004
313.729980,145.990005,46.540009,110.020004
313.729980,145.990005,46.540009,110.020004
313.729980,145.990005,46.540009,110.020004
313.729980,145.990005,46.540009,110.020004
313.729980,145.990005,46.540009,110.020004
335.729980,125.989998,46.540009,110.020004
335.729980,125.989998,46.540009,110.020004
335.729980,125.989998,46.540009,110.020004
333.729980,185.990005,46.540009,110.020004
333.729980,185.990005,46.540009,110.020004
333.729980,185.990005,46.540009,110.020004
333.729980,185.990005,46.540009,110.020004
333.729980,185.990005,46.540009,110.020004
333.729980,185.990005,46.540009,110.020004
359.729980,225.990005,46.540009,110.020004
359.729980,225.990005,46.540009,110.020004
359.729980,225.990005,46.540009,110.020004
359.729980,225.990005,46.540009,110.020004
359.729980,225.990005,46.540009,110.020004
2
0
0
0
0
1
339.690002,209.350006,39.880005,114.679993
339.690002,209.350006,39.880005,114.679993
339.690002,209.350006,39.880005,114.679993
339.690002,209.350006,39.880005,114.679993
339.690002,209.350006,39.880005,114.679993
339.690002,209.350006,39.880005,114.679993
339.690002,209.350006,39.880005,114.679993
339.690002,209.350006,39.880005,114.679993
339.690002,209.350006,39.880005,114.679993
339.690002,209.350006,39.880005,114.679993
339.690002,209.350006,39.880005,114.679993
339.690002,209.350006,39.880005,114.679993
339.690002,209.350006,39.880005,114.679993
339.690002,209.350006,39.880005,114.679993
339.690002,209.350006,39.880005,114.679993
339.690002,209.350006,39.880005,114.679993
339.690002,209.350006,39.880005,114.679993
339.690002,209.350006,39.880005,114.679993
339.690002,209.350006,39.880005,114.679993
339.690002,209.350006,39.880005,114.679993
339.690002,209.350006,39.880005,114.679993
339.690002,209.350006,39.880005,114.679993
339.690002,209.350006,39.880005,114.679993
339.690002,209.350006,39.880005,114.679993
339.690002,209.350006,39.880005,114.679993
339.690002,209.350006,39.880005,114.679993
339.690002,209.350006,39.880005,114.679993
339.690002,209.350006,39.880005,114.679993
339.690002,209.350006,39.880005,114.679993
339.690002,209.350006,39.880005,114.679993
339.690002,209.350006,39.880005,114.679993
339.690002,209.350006,39.880005,114.679993
339.690002,209.350006,39.880005,114.679993
339.690002,209.350006,39.880005,114.679993
339.690002,209.350006,39.880005,114.679993
339.690002,209.350006,39.880005,114.679993
339.690002,209.350006,39.880005,114.679993
339.690002,209.350006,39.880005,114.679993
339.690002,209.350006,39.880005,114.679993
339.690002,209.350006,39.880005,114.679993
339.690002,209.350006,39.880005,114.679993
339.690002,209.350006,39.880005,114.679993
339.690002,209.350006,39.880005,114.679993
339.690002,209.350006,39.880005,114.679993
339.690002,209.350006,39.880005,114.679993
339.690002,209.350006,39.880005,114.679993
339.690002,209.350006,39.880005,114.679993
339.690002,209.350006,39.880005,114.679993
339.690002,209.350006,39.880005,114.679993
339.690002,209.350006,39.880005,114.679993
339.690002,209.350006,39.880005,114.679993
339.690002,209.350006,39.880005,114.679993
339.690002,209.350006,39.880005,114.679993
339.690002,209.350006,39.880005,114.679993
339.690002,209.350006,39.880005,114.679993
339.690002,209.350006,39.880005,114.679993
339.690002,209.350006,39.880005,114.679993
