1
188.619995,210.610001,42.760010,112.780014
188.619995,210.610001,42.760010,112.780014
188.619995,210.610001,42.760010,112.780014
188.619995,210.610001,42.760010,112.780014
188.619995,210.610001,42.760010,112.780014
188.619995,210.610001,42.760010,112.780014
188.619995,210.610001,42.760010,112.780014
188.619995,210.610001,42.760010,112.780014
188.619995,210.610001,42.760010,112.780014
188.619995,210.610001,42.760010,112.780014
188.619995,210.610001,42.760010,112.780014
188.619995,210.610001,42.760010,112.780014
188.619995,210.610001,42.760010,112.780014
188.619995,210.610001,42.760010,112.780014
188.619995,210.610001,42.760010,112.780014
188.619995,210.610001,42.760010,112.780014
188.619995,210.610001,42.760010,112.780014
188.619995,210.610001,42.760010,112.780014
188.619995,210.610001,42.760010,112.780014
188.619995,210.610001,42.760010,112.780014
188.619995,210.610001,42.760010,112.780014
188.619995,210.610001,42.760010,112.780014
188.619995,210.610001,42.760010,112.780014
188.619995,210.610001,42.760010,112.780014
188.619995,210.610001,42.760010,112.780014
188.619995,210.610001,42.760010,112.780014
188.619995,210.610001,42.760010,112.780014
2
0
0
0
0
1
249.860001,224.979996,51.129990,110.270004
249.860001,224.979996,51.129990,110.270004
249.860001,224.979996,51.129990,110.270004
249.860001,224.979996,51.129990,110.270004
249.860001,224.979996,51.129990,110.270004
274.434998,234.865005,51.129990,110.270004
274.434998,234.865005,51.129990,110.270004
274.434998,234.865005,51.129990,110.270004
274.434998,234.865005,51.129990,110.270004
274.434998,234.865005,51.129990,110.270004
274.434998,234.865005,51.129990,110.270004
274.434998,234.865005,51.129990,110.270004
274.434998,234.865005,51.129990,110.270004
274.434998,234.865005,51.129990,110.270004
274.434998,234.865005,51.129990,110.270004
274.434998,234.865005,51.129990,110.270004
274.434998,234.865005,51.129990,110.270004
274.434998,234.865005,51.129990,110.270004
274.434998,234.865005,51.129990,110.270004
274.434998,234.865005,51.129990,110.270004
274.434998,234.865005,51.129990,110.270004
274.434998,234.865005,51.129990,110.270004
274.434998,234.865005,51.129990,110.270004
274.434998,234.865005,51.129990,110.270004
274.434998,234.865005,51.129990,110.270004
274.434998,234.865005,51.129990,110.270004
274.434998,234.865005,51.129990,110.270004
244.434998,214.865005,51.129990,110.270004
244.434998,214.865005,51.129990,110.270004
244.434998,214.865005,51.129990,110.270004
244.434998,214.865005,51.129990,110.270004
228.434998,206.865005,51.129990,110.270004
228.434998,206.865005,51.129990,110.270004
228.434998,206.865005,51.129990,110.270004
228.434998,206.865005,51.129990,110.270004
210.434998,211.865005,51.129990,110.270004
210.434998,211.865005,51.129990,110.270004
210.434998,211.865005,51.129990,110.270004
192.434998,211.865005,51.129990,110.270004
192.434998,211.865005,51.129990,110.270004
192.434998,211.865005,51.129990,110.270004
176.434998,211.865005,51.129990,110.270004
176.434998,211.865005,51.129990,110.270004
176.434998,211.865005,51.129990,110.270004
158.434998,216.865005,51.129990,110.270004
158.434998,216.865005,51.129990,110.270004
158.434998,216.865005,51.129990,110.270004
158.434998,216.865005,51.129990,110.270004
158.434998,216.865005,51.129990,110.270004
158.434998,216.865005,51.129990,110.270004
158.434998,216.865005,51.129990,110.270004
141.434998,226.865005,51.129990,110.270004
115.435005,211.865005,51.129990,110.270004
115.435005,211.865005,51.129990,110.270004
115.435005,211.865005,51.129990,110.270004
115.435005,211.865005,51.129990,110.270004
115.435005,211.865005,51.129990,110.270004
115.435005,211.865005,51.129990,110.270004
115.435005,211.865005,51.129990,110.270004
115.435005,211.865005,51.129990,110.270004
115.435005,211.865005,51.129990,110.270004
115.435005,211.865005,51.129990,110.270004
115.435005,211.865005,51.129990,110.270004
115.435005,211.865005,51.129990,110.270004
115.435005,211.865005,51.129990,110.270004
115.435005,211.865005,51.129990,110.270004
115.435005,211.865005,51.129990,110.270004
115.435005,211.865005,51.129990,110.270004
115.435005,211.865005,51.129990,110.270004
115.435005,211.865005,51.129990,110.270004
137.434998,206.865005,51.129990,110.270004
137.434998,206.865005,51.129990,110.270004
137.434998,206.865005,51.129990,110.270004
150.434998,171.865005,51.129990,110.270004
159.434998,206.865005,51.129990,110.270004
159.434998,206.865005,51.129990,110.270004
159.434998,206.865005,51.129990,110.270004
171.434998,211.865005,51.129990,110.270004
171.434998,211.865005,51.129990,110.270004
171.434998,211.865005,51.129990,110.270004
171.434998,211.865005,51.129990,110.270004
171.434998,211.865005,51.129990,110.270004
171.434998,211.865005,51.129990,110.270004
171.434998,211.865005,51.129990,110.270004
171.434998,211.865005,51.129990,110.270004
171.434998,211.865005,51.129990,110.270004
171.434998,211.865005,51.129990,110.270004
171.434998,211.865005,51.129990,110.270004
171.434998,211.865005,51.129990,110.270004
171.434998,211.865005,51.129990,110.270004
171.434998,211.865005,51.129990,110.270004
171.434998,211.865005,51.129990,110.270004
171.434998,211.865005,51.129990,110.270004
171.434998,211.865005,51.129990,110.270004
171.434998,211.865005,51.129990,110.270004
171.434998,211.865005,51.129990,110.270004
171.434998,211.865005,51.129990,110.270004
171.434998,211.865005,51.129990,110.270004
171.434998,211.865005,51.129990,110.270004
171.434998,211.865005,51.129990,110.270004
199.434998,181.865005,51.129990,110.270004
199.434998,181.865005,51.129990,110.270004
199.434998,181.865005,51.129990,110.270004
199.434998,181.865005,51.129990,110.270004
199.434998,181.865005,51.129990,110.270004
199.434998,181.865005,51.129990,110.270004
199.434998,181.865005,51.129990,110.270004
199.434998,181.865005,51.129990,110.270004
199.434998,181.865005,51.129990,110.270004
199.434998,181.865005,51.129990,110.270004
199.434998,181.865005,51.129990,110.270004
199.434998,181.865005,51.129990,110.270004
199.434998,181.865005,51.129990,110.270004
199.434998,181.865005,51.129990,110.270004
199.434998,181.865005,51.129990,110.270004
199.434998,181.865005,51.129990,110.270004
199.434998,181.865005,51.129990,110.270004
199.434998,181.865005,51.129990,110.270004
199.434998,181.865005,51.129990,110.270004
199.434998,181.865005,51.129990,110.270004
199.434998,181.865005,51.129990,110.270004
199.434998,181.865005,51.129990,110.270004
199.434998,181.865005,51.129990,110.270004
199.434998,181.865005,51.129990,110.270004
199.434998,181.865005,51.129990,110.270004
199.434998,181.865005,51.129990,110.270004
199.434998,181.865005,51.129990,110.270004
2
0
0
0
0
1
261.170013,158.399994,39.959991,103.369995
261.170013,158.399994,39.959991,103.369995
261.170013,158.399994,39.959991,103.369995
261.170013,158.399994,39.959991,103.369995
261.170013,158.399994,39.959991,103.369995
281.020020,163.315002,39.959991,103.369995
281.020020,163.315002,39.959991,103.369995
281.020020,163.315002,39.959991,103.369995
281.020020,163.315002,39.959991,103.369995
281.020020,163.315002,39.959991,103.369995
281.020020,163.315002,39.959991,103.369995
281.020020,163.315002,39.959991,103.369995
269.020020,149.315002,39.959991,103.369995
269.020020,149.315002,39.959991,103.369995
269.020020,149.315002,39.959991,103.369995
269.020020,149.315002,39.959991,103.369995
269.020020,149.315002,39.959991,103.369995
269.020020,149.315002,39.959991,103.369995
269.020020,149.315002,39.959991,103.369995
269.020020,149.315002,39.959991,103.369995
269.020020,149.315002,39.959991,103.369995
269.020020,149.315002,39.959991,103.369995
269.020020,149.315002,39.959991,103.369995
269.020020,149.315002,39.959991,103.369995
269.020020,149.315002,39.959991,103.369995
269.020020,149.315002,39.959991,103.369995
269.020020,149.315002,39.959991,103.369995
269.020020,149.315002,39.959991,103.369995
269.020020,149.315002,39.959991,103.369995
269.020020,149.315002,39.959991,103.369995
269.020020,149.315002,39.959991,103.369995
269.020020,149.315002,39.959991,103.369995
269.020020,149.315002,39.959991,103.369995
269.020020,149.315002,39.959991,103.369995
269.020020,149.315002,39.959991,103.369995
269.020020,149.315002,39.959991,103.369995
269.020020,149.315002,39.959991,103.369995
269.020020,149.315002,39.959991,103.369995
269.020020,149.315002,39.959991,103.369995
269.020020,149.315002,39.959991,103.369995
269.020020,149.315002,39.959991,103.369995
269.020020,149.315002,39.959991,103.369995
269.020020,149.315002,39.959991,103.369995
269.020020,149.315002,39.959991,103.369995
269.020020,149.315002,39.959991,103.369995
269.020020,149.315002,39.959991,103.369995
269.020020,149.315002,39.959991,103.369995
269.020020,149.315002,39.959991,103.369995
269.020020,149.315002,39.959991,103.369995
269.020020,149.315002,39.959991,103.369995
269.020020,149.315002,39.959991,103.369995
269.020020,149.315002,39.959991,103.369995
269.020020,149.315002,39.959991,103.369995
269.020020,149.315002,39.959991,103.369995
269.020020,149.315002,39.959991,103.369995
269.020020,149.315002,39.959991,103.369995
269.020020,149.315002,39.959991,103.369995
269.020020,149.315002,39.959991,103.369995
269.020020,149.315002,39.959991,103.369995
269.020020,149.315002,39.959991,103.369995
269.020020,149.315002,39.959991,103.369995
269.020020,149.315002,39.959991,103.369995
269.020020,149.315002,39.959991,103.369995
269.020020,149.315002,39.959991,103.369995
269.020020,149.315002,39.959991,103.369995
269.020020,149.315002,39.959991,103.369995
269.020020,149.315002,39.959991,103.369995
269.020020,149.315002,39.959991,103.369995
269.020020,149.315002,39.959991,103.369995
269.020020,149.315002,39.959991,103.369995
269.020020,149.315002,39.959991,103.369995
269.020020,149.315002,39.959991,103.369995
269.020020,149.315002,39.959991,103.369995
269.020020,149.315002,39.959991,103.369995
269.020020,149.315002,39.959991,103.369995
269.020020,149.315002,39.959991,103.369995
269.020020,149.315002,39.959991,103.369995
269.020020,149.315002,39.959991,103.369995
2
0
0
0
0
1
221.449997,184.259995,38.030014,118.199997
221.449997,184.259995,38.030014,118.199997
221.449997,184.259995,38.030014,118.199997
221.449997,184.259995,38.030014,118.199997
209.985001,177.899994,38.030014,118.199997
209.985001,177.899994,38.030014,118.199997
209.985001,177.899994,38.030014,118.199997
209.985001,177.899994,38.030014,118.199997
209.985001,177.899994,38.030014,118.199997
209.985001,177.899994,38.030014,118.199997
209.985001,177.899994,38.030014,118.199997
209.985001,177.899994,38.030014,118.199997
209.985001,177.899994,38.030014,118.199997
209.985001,177.899994,38.030014,118.199997
209.985001,177.899994,38.030014,118.199997
185.985001,188.899994,38.030014,118.199997
185.985001,188.899994,38.030014,118.199997
185.985001,188.899994,38.030014,118.199997
185.985001,188.899994,38.030014,118.199997
185.985001,188.899994,38.030014,118.199997
185.985001,188.899994,38.030014,118.199997
185.985001,188.899994,38.030014,118.199997
185.985001,188.899994,38.030014,118.199997
185.985001,188.899994,38.030014,118.199997
185.985001,188.899994,38.030014,118.199997
185.985001,188.899994,38.030014,118.199997
185.985001,188.899994,38.030014,118.199997
185.985001,188.899994,38.030014,118.199997
185.985001,188.899994,38.030014,118.199997
185.985001,188.899994,38.030014,118.199997
169.985001,182.899994,38.030014,118.199997
169.985001,182.899994,38.030014,118.199997
169.985001,182.899994,38.030014,118.199997
169.985001,182.899994,38.030014,118.199997
169.985001,182.899994,38.030014,118.199997
169.985001,182.899994,38.030014,118.199997
169.985001,182.899994,38.030014,118.199997
169.985001,182.899994,38.030014,118.199997
169.985001,182.899994,38.030014,118.199997
169.985001,182.899994,38.030014,118.199997
169.985001,182.899994,38.030014,118.199997
169.985001,182.899994,38.030014,118.199997
169.985001,182.899994,38.030014,118.199997
169.985001,182.899994,38.030014,118.199997
169.985001,182.899994,38.030014,118.199997
199.985001,177.899994,38.030014,118.199997
199.985001,177.899994,38.030014,118.199997
199.985001,177.899994,38.030014,118.199997
199.985001,177.899994,38.030014,118.199997
173.985001,216.899994,38.030014,118.199997
173.985001,216.899994,38.030014,118.199997
173.985001,216.899994,38.030014,118.199997
173.985001,216.899994,38.030014,118.199997
182.985001,175.899994,38.030014,118.199997
182.985001,175.899994,38.030014,118.199997
169.985001,217.899994,38.030014,118.199997
169.985001,217.899994,38.030014,118.199997
169.985001,217.899994,38.030014,118.199997
169.985001,217.899994,38.030014,118.199997
169.985001,217.899994,38.030014,118.199997
169.985001,217.899994,38.030014,118.199997
169.985001,217.899994,38.030014,118.199997
169.985001,217.899994,38.030014,118.199997
169.985001,217.899994,38.030014,118.199997
169.985001,217.899994,38.030014,118.199997
169.985001,217.899994,38.030014,118.199997
169.985001,217.899994,38.030014,118.199997
2
0
0
0
0
1
127.879997,199.639999,52.070000,137.340012
127.879997,199.639999,52.070000,137.340012
127.879997,199.639999,52.070000,137.340012
127.879997,199.639999,52.070000,137.340012
127.879997,199.639999,52.070000,137.340012
127.879997,199.639999,52.070000,137.340012
127.879997,199.639999,52.070000,137.340012
127.879997,199.639999,52.070000,137.340012
127.879997,199.639999,52.070000,137.340012
127.879997,199.639999,52.070000,137.340012
127.879997,199.639999,52.070000,137.340012
127.879997,199.639999,52.070000,137.340012
127.879997,199.639999,52.070000,137.340012
127.879997,199.639999,52.070000,137.340012
127.879997,199.639999,52.070000,137.340012
127.879997,199.639999,52.070000,137.340012
126.964996,199.329987,52.070000,137.340012
126.964996,199.329987,52.070000,137.340012
126.964996,199.329987,52.070000,137.340012
126.964996,199.329987,52.070000,137.340012
126.964996,199.329987,52.070000,137.340012
126.964996,199.329987,52.070000,137.340012
126.964996,199.329987,52.070000,137.340012
126.964996,199.329987,52.070000,137.340012
126.964996,199.329987,52.070000,137.340012
126.964996,199.329987,52.070000,137.340012
126.964996,199.329987,52.070000,137.340012
126.964996,199.329987,52.070000,137.340012
126.964996,199.329987,52.070000,137.340012
126.964996,199.329987,52.070000,137.340012
126.964996,199.329987,52.070000,137.340012
126.964996,199.329987,52.070000,137.340012
126.964996,199.329987,52.070000,137.340012
126.964996,199.329987,52.070000,137.340012
126.964996,199.329987,52.070000,137.340012
126.964996,199.329987,52.070000,137.340012
126.964996,199.329987,52.070000,137.340012
126.964996,199.329987,52.070000,137.340012
126.964996,199.329987,52.070000,137.340012
126.964996,199.329987,52.070000,137.340012
126.964996,199.329987,52.070000,137.340012
126.964996,199.329987,52.070000,137.340012
126.964996,199.329987,52.070000,137.340012
126.964996,199.329987,52.070000,137.340012
126.964996,199.329987,52.070000,137.340012
126.964996,199.329987,52.070000,137.340012
126.964996,199.329987,52.070000,137.340012
146.964996,174.329987,52.070000,137.340012
146.964996,174.329987,52.070000,137.340012
146.964996,174.329987,52.070000,137.340012
146.964996,174.329987,52.070000,137.340012
118.964996,202.329987,52.070000,137.340012
118.964996,202.329987,52.070000,137.340012
118.964996,202.329987,52.070000,137.340012
118.964996,202.329987,52.070000,137.340012
118.964996,202.329987,52.070000,137.340012
118.964996,202.329987,52.070000,137.340012
118.964996,202.329987,52.070000,137.340012
118.964996,202.329987,52.070000,137.340012
118.964996,202.329987,52.070000,137.340012
118.964996,202.329987,52.070000,137.340012
118.964996,202.329987,52.070000,137.340012
118.964996,202.329987,52.070000,137.340012
118.964996,202.329987,52.070000,137.340012
118.964996,202.329987,52.070000,137.340012
118.964996,202.329987,52.070000,137.340012
118.964996,202.329987,52.070000,137.340012
118.964996,202.329987,52.070000,137.340012
118.964996,202.329987,52.070000,137.340012
118.964996,202.329987,52.070000,137.340012
118.964996,202.329987,52.070000,137.340012
118.964996,202.329987,52.070000,137.340012
118.964996,202.329987,52.070000,137.340012
118.964996,202.329987,52.070000,137.340012
118.964996,202.329987,52.070000,137.340012
118.964996,202.329987,52.070000,137.340012
122.964996,95.329994,52.070000,137.340012
122.964996,95.329994,52.070000,137.340012
122.964996,95.329994,52.070000,137.340012
122.964996,95.329994,52.070000,137.340012
122.964996,95.329994,52.070000,137.340012
137.964996,165.329987,52.070000,137.340012
137.964996,165.329987,52.070000,137.340012
137.964996,239.329987,52.070000,137.340012
137.964996,239.329987,52.070000,137.340012
137.964996,239.329987,52.070000,137.340012
137.964996,239.329987,52.070000,137.340012
137.964996,239.329987,52.070000,137.340012
137.964996,239.329987,52.070000,137.340012
137.964996,239.329987,52.070000,137.340012
137.964996,239.329987,52.070000,137.340012
137.964996,239.329987,52.070000,137.340012
137.964996,239.329987,52.070000,137.340012
157.964996,249.329987,52.070000,137.340012
157.964996,249.329987,52.070000,137.340012
157.964996,249.329987,52.070000,137.340012
157.964996,249.329987,52.070000,137.340012
157.964996,249.329987,52.070000,137.340012
157.964996,249.329987,52.070000,137.340012
157.964996,249.329987,52.070000,137.340012
152.964996,163.329987,52.070000,137.340012
127.964996,155.329987,52.070000,137.340012
117.964996,112.329994,52.070000,137.340012
117.964996,112.329994,52.070000,137.340012
117.964996,112.329994,52.070000,137.340012
117.964996,112.329994,52.070000,137.340012
147.964996,140.329987,52.070000,137.340012
147.964996,140.329987,52.070000,137.340012
147.964996,140.329987,52.070000,137.340012
2
0
0
0
0
1
181.779999,220.850006,46.580002,130.019989
181.779999,220.850006,46.580002,130.019989
198.709991,215.990005,46.580002,130.019989
198.709991,215.990005,46.580002,130.019989
198.709991,215.990005,46.580002,130.019989
198.709991,215.990005,46.580002,130.019989
198.709991,215.990005,46.580002,130.019989
198.709991,215.990005,46.580002,130.019989
198.709991,215.990005,46.580002,130.019989
198.709991,215.990005,46.580002,130.019989
198.709991,215.990005,46.580002,130.019989
198.709991,215.990005,46.580002,130.019989
198.709991,215.990005,46.580002,130.019989
198.709991,215.990005,46.580002,130.019989
198.709991,215.990005,46.580002,130.019989
198.709991,215.990005,46.580002,130.019989
198.709991,215.990005,46.580002,130.019989
198.709991,215.990005,46.580002,130.019989
198.709991,215.990005,46.580002,130.019989
198.709991,215.990005,46.580002,130.019989
198.709991,215.990005,46.580002,130.019989
198.709991,215.990005,46.580002,130.019989
198.709991,215.990005,46.580002,130.019989
2
0
0
0
0
1
277.029999,221.639999,44.720001,117.919998
274.640015,167.040009,44.720001,117.919998
274.640015,167.040009,44.720001,117.919998
298.640015,142.040009,44.720001,117.919998
280.640015,157.040009,44.720001,117.919998
280.640015,157.040009,44.720001,117.919998
280.640015,157.040009,44.720001,117.919998
2
0
0
0
0
1
370.540009,224.570007,40.789978,111.449982
370.540009,224.570007,40.789978,111.449982
370.540009,224.570007,40.789978,111.449982
370.540009,224.570007,40.789978,111.449982
370.540009,224.570007,40.789978,111.449982
370.540009,224.570007,40.789978,111.449982
2
0
0
0
0
1
413.500000,217.990005,58.470001,117.419998
413.500000,217.990005,58.470001,117.419998
413.500000,217.990005,58.470001,117.419998
413.500000,217.990005,58.470001,117.419998
413.500000,217.990005,58.470001,117.419998
413.500000,217.990005,58.470001,117.419998
413.500000,217.990005,58.470001,117.419998
413.500000,217.990005,58.470001,117.419998
413.500000,217.990005,58.470001,117.419998
413.500000,217.990005,58.470001,117.419998
413.500000,217.990005,58.470001,117.419998
413.500000,217.990005,58.470001,117.419998
413.500000,217.990005,58.470001,117.419998
413.500000,217.990005,58.470001,117.419998
413.500000,217.990005,58.470001,117.419998
2
0
0
0
0
1
353.839996,184.990005,44.880005,114.059982
353.839996,184.990005,44.880005,114.059982
353.839996,184.990005,44.880005,114.059982
353.839996,184.990005,44.880005,114.059982
341.559998,176.970016,44.880005,114.059982
341.559998,176.970016,44.880005,114.059982
341.559998,176.970016,44.880005,114.059982
341.559998,176.970016,44.880005,114.059982
341.559998,176.970016,44.880005,114.059982
341.559998,176.970016,44.880005,114.059982
328.559998,194.970016,44.880005,114.059982
328.559998,194.970016,44.880005,114.059982
328.559998,194.970016,44.880005,114.059982
328.559998,194.970016,44.880005,114.059982
328.559998,194.970016,44.880005,114.059982
328.559998,194.970016,44.880005,114.059982
328.559998,194.970016,44.880005,114.059982
328.559998,194.970016,44.880005,114.059982
328.559998,194.970016,44.880005,114.059982
328.559998,194.970016,44.880005,114.059982
328.559998,194.970016,44.880005,114.059982
328.559998,194.970016,44.880005,114.059982
328.559998,194.970016,44.880005,114.059982
328.559998,194.970016,44.880005,114.059982
328.559998,194.970016,44.880005,114.059982
328.559998,194.970016,44.880005,114.059982
328.559998,194.970016,44.880005,114.059982
328.559998,194.970016,44.880005,114.059982
328.559998,194.970016,44.880005,114.059982
328.559998,194.970016,44.880005,114.059982
328.559998,194.970016,44.880005,114.059982
328.559998,194.970016,44.880005,114.059982
328.559998,194.970016,44.880005,114.059982
328.559998,194.970016,44.880005,114.059982
328.559998,194.970016,44.880005,114.059982
328.559998,194.970016,44.880005,114.059982
328.559998,194.970016,44.880005,114.059982
328.559998,194.970016,44.880005,114.059982
328.559998,194.970016,44.880005,114.059982
328.559998,194.970016,44.880005,114.059982
328.559998,194.970016,44.880005,114.059982
328.559998,194.970016,44.880005,114.059982
328.559998,194.970016,44.880005,114.059982
328.559998,194.970016,44.880005,114.059982
296.559998,203.970016,44.880005,114.059982
296.559998,203.970016,44.880005,114.059982
296.559998,203.970016,44.880005,114.059982
296.559998,203.970016,44.880005,114.059982
296.559998,203.970016,44.880005,114.059982
296.559998,203.970016,44.880005,114.059982
296.559998,203.970016,44.880005,114.059982
296.559998,203.970016,44.880005,114.059982
296.559998,203.970016,44.880005,114.059982
296.559998,203.970016,44.880005,114.059982
276.559998,178.970016,44.880005,114.059982
281.559998,144.970016,44.880005,114.059982
281.559998,144.970016,44.880005,114.059982
281.559998,144.970016,44.880005,114.059982
281.559998,144.970016,44.880005,114.059982
281.559998,144.970016,44.880005,114.059982
281.559998,144.970016,44.880005,114.059982
274.559998,115.970009,44.880005,114.059982
274.559998,115.970009,44.880005,114.059982
274.559998,115.970009,44.880005,114.059982
274.559998,115.970009,44.880005,114.059982
274.559998,115.970009,44.880005,114.059982
274.559998,115.970009,44.880005,114.059982
285.559998,174.970016,44.880005,114.059982
277.559998,117.970009,44.880005,114.059982
289.559998,170.970016,44.880005,114.059982
301.559998,218.970016,44.880005,114.059982
301.559998,218.970016,44.880005,114.059982
301.559998,218.970016,44.880005,114.059982
301.559998,218.970016,44.880005,114.059982
301.559998,218.970016,44.880005,114.059982
301.559998,218.970016,44.880005,114.059982
304.559998,142.970016,44.880005,114.059982
304.559998,142.970016,44.880005,114.059982
304.559998,142.970016,44.880005,114.059982
278.559998,124.970009,44.880005,114.059982
278.559998,124.970009,44.880005,114.059982
278.559998,124.970009,44.880005,114.059982
297.559998,131.970016,44.880005,114.059982
297.559998,131.970016,44.880005,114.059982
297.559998,131.970016,44.880005,114.059982
297.559998,131.970016,44.880005,114.059982
279.559998,197.970016,44.880005,114.059982
279.559998,197.970016,44.880005,114.059982
279.559998,197.970016,44.880005,114.059982
279.559998,197.970016,44.880005,114.059982
279.559998,197.970016,44.880005,114.059982
289.559998,157.970016,44.880005,114.059982
289.559998,157.970016,44.880005,114.059982
305.559998,165.970016,44.880005,114.059982
305.559998,165.970016,44.880005,114.059982
305.559998,165.970016,44.880005,114.059982
305.559998,165.970016,44.880005,114.059982
305.559998,165.970016,44.880005,114.059982
305.559998,165.970016,44.880005,114.059982
305.559998,165.970016,44.880005,114.059982
326.559998,163.970016,44.880005,114.059982
326.559998,163.970016,44.880005,114.059982
322.559998,121.970009,44.880005,114.059982
322.559998,121.970009,44.880005,114.059982
322.559998,121.970009,44.880005,114.059982
322.559998,121.970009,44.880005,114.059982
322.559998,121.970009,44.880005,114.059982
347.559998,111.970009,44.880005,114.059982
347.559998,111.970009,44.880005,114.059982
347.559998,111.970009,44.880005,114.059982
347.559998,111.970009,44.880005,114.059982
347.559998,111.970009,44.880005,114.059982
347.559998,111.970009,44.880005,114.059982
347.559998,111.970009,44.880005,114.059982
347.559998,111.970009,44.880005,114.059982
347.559998,111.970009,44.880005,114.059982
347.559998,111.970009,44.880005,114.059982
347.559998,111.970009,44.880005,114.059982
347.559998,111.970009,44.880005,114.059982
342.559998,152.970016,44.880005,114.059982
342.559998,152.970016,44.880005,114.059982
330.559998,202.970016,44.880005,114.059982
330.559998,202.970016,44.880005,114.059982
330.559998,202.970016,44.880005,114.059982
330.559998,202.970016,44.880005,114.059982
330.559998,202.970016,44.880005,114.059982
330.559998,202.970016,44.880005,114.059982
330.559998,202.970016,44.880005,114.059982
330.559998,202.970016,44.880005,114.059982
330.559998,202.970016,44.880005,114.059982
330.559998,202.970016,44.880005,114.059982
346.559998,201.970016,44.880005,114.059982
346.559998,201.970016,44.880005,114.059982
346.559998,201.970016,44.880005,114.059982
346.559998,201.970016,44.880005,114.059982
346.559998,201.970016,44.880005,114.059982
346.559998,201.970016,44.880005,114.059982
346.559998,201.970016,44.880005,114.059982
346.559998,201.970016,44.880005,114.059982
346.559998,201.970016,44.880005,114.059982
346.559998,201.970016,44.880005,114.059982
346.559998,201.970016,44.880005,114.059982
346.559998,201.970016,44.880005,114.059982
346.559998,201.970016,44.880005,114.059982
362.559998,210.970016,44.880005,114.059982
362.559998,210.970016,44.880005,114.059982
362.559998,210.970016,44.880005,114.059982
362.559998,210.970016,44.880005,114.059982
2
0
0
0
0
1
339.690002,209.350006,39.880005,114.679993
339.690002,209.350006,39.880005,114.679993
339.690002,209.350006,39.880005,114.679993
339.690002,209.350006,39.880005,114.679993
339.690002,209.350006,39.880005,114.679993
339.690002,209.350006,39.880005,114.679993
339.690002,209.350006,39.880005,114.679993
339.690002,209.350006,39.880005,114.679993
339.690002,209.350006,39.880005,114.679993
339.690002,209.350006,39.880005,114.679993
339.690002,209.350006,39.880005,114.679993
339.690002,209.350006,39.880005,114.679993
339.690002,209.350006,39.880005,114.679993
339.690002,209.350006,39.880005,114.679993
339.690002,209.350006,39.880005,114.679993
339.690002,209.350006,39.880005,114.679993
339.690002,209.350006,39.880005,114.679993
339.690002,209.350006,39.880005,114.679993
339.690002,209.350006,39.880005,114.679993
339.690002,209.350006,39.880005,114.679993
339.690002,209.350006,39.880005,114.679993
339.690002,209.350006,39.880005,114.679993
339.690002,209.350006,39.880005,114.679993
339.690002,209.350006,39.880005,114.679993
339.690002,209.350006,39.880005,114.679993
339.690002,209.350006,39.880005,114.679993
339.690002,209.350006,39.880005,114.679993
339.690002,209.350006,39.880005,114.679993
352.059998,211.660004,39.880005,114.679993
352.059998,211.660004,39.880005,114.679993
352.059998,211.660004,39.880005,114.679993
352.059998,211.660004,39.880005,114.679993
352.059998,211.660004,39.880005,114.679993
352.059998,211.660004,39.880005,114.679993
340.059998,205.660004,39.880005,114.679993
340.059998,205.660004,39.880005,114.679993
340.059998,205.660004,39.880005,114.679993
340.059998,205.660004,39.880005,114.679993
340.059998,205.660004,39.880005,114.679993
340.059998,205.660004,39.880005,114.679993
340.059998,205.660004,39.880005,114.679993
340.059998,205.660004,39.880005,114.679993
340.059998,205.660004,39.880005,114.679993
340.059998,205.660004,39.880005,114.679993
340.059998,205.660004,39.880005,114.679993
340.059998,205.660004,39.880005,114.679993
340.059998,205.660004,39.880005,114.679993
340.059998,205.660004,39.880005,114.679993
340.059998,205.660004,39.880005,114.679993
340.059998,205.660004,39.880005,114.679993
340.059998,205.660004,39.880005,114.679993
323.059998,204.660004,39.880005,114.679993
323.059998,204.660004,39.880005,114.679993
323.059998,204.660004,39.880005,114.679993
323.059998,204.660004,39.880005,114.679993
323.059998,204.660004,39.880005,114.679993
323.059998,204.660004,39.880005,114.679993
