1
188.619995,210.610001,42.760010,112.780014
188.619995,210.610001,42.760010,112.780014
188.619995,210.610001,42.760010,112.780014
188.619995,210.610001,42.760010,112.780014
188.619995,210.610001,42.760010,112.780014
188.619995,210.610001,42.760010,112.780014
188.619995,210.610001,42.760010,112.780014
188.619995,210.610001,42.760010,112.780014
188.619995,210.610001,42.760010,112.780014
188.619995,210.610001,42.760010,112.780014
188.619995,210.610001,42.760010,112.780014
188.619995,210.610001,42.760010,112.780014
204.619995,211.610001,42.760010,112.780014
204.619995,211.610001,42.760010,112.780014
204.619995,211.610001,42.760010,112.780014
204.619995,211.610001,42.760010,112.780014
204.619995,211.610001,42.760010,112.780014
204.619995,211.610001,42.760010,112.780014
204.619995,211.610001,42.760010,112.780014
203.619995,175.610001,42.760010,112.780014
203.619995,175.610001,42.760010,112.780014
203.619995,175.610001,42.760010,112.780014
203.619995,175.610001,42.760010,112.780014
203.619995,175.610001,42.760010,112.780014
203.619995,175.610001,42.760010,112.780014
203.619995,175.610001,42.760010,112.780014
203.619995,175.610001,42.760010,112.780014
203.619995,175.610001,42.760010,112.780014
203.619995,175.610001,42.760010,112.780014
203.619995,175.610001,42.760010,112.780014
203.619995,175.610001,42.760010,112.780014
2
0
0
0
0
1
264.399994,227.020004,54.869995,110.409988
264.399994,227.020004,54.869995,110.409988
264.399994,227.020004,54.869995,110.409988
264.399994,227.020004,54.869995,110.409988
264.399994,227.020004,54.869995,110.409988
264.399994,227.020004,54.869995,110.409988
264.399994,227.020004,54.869995,110.409988
264.399994,227.020004,54.869995,110.409988
264.399994,227.020004,54.869995,110.409988
264.399994,227.020004,54.869995,110.409988
264.399994,227.020004,54.869995,110.409988
264.399994,227.020004,54.869995,110.409988
264.399994,227.020004,54.869995,110.409988
264.399994,227.020004,54.869995,110.409988
264.399994,227.020004,54.869995,110.409988
264.399994,227.020004,54.869995,110.409988
264.399994,227.020004,54.869995,110.409988
264.399994,227.020004,54.869995,110.409988
264.399994,227.020004,54.869995,110.409988
264.399994,227.020004,54.869995,110.409988
264.399994,227.020004,54.869995,110.409988
246.565002,225.795013,54.869995,110.409988
246.565002,225.795013,54.869995,110.409988
246.565002,225.795013,54.869995,110.409988
246.565002,225.795013,54.869995,110.409988
246.565002,225.795013,54.869995,110.409988
246.565002,225.795013,54.869995,110.409988
246.565002,225.795013,54.869995,110.409988
246.565002,225.795013,54.869995,110.409988
246.565002,225.795013,54.869995,110.409988
246.565002,225.795013,54.869995,110.409988
246.565002,225.795013,54.869995,110.409988
246.565002,225.795013,54.869995,110.409988
246.565002,225.795013,54.869995,110.409988
246.565002,225.795013,54.869995,110.409988
246.565002,225.795013,54.869995,110.409988
246.565002,225.795013,54.869995,110.409988
2
0
0
0
0
1
146.149994,226.809998,69.230011,115.440002
146.149994,226.809998,69.230011,115.440002
146.149994,226.809998,69.230011,115.440002
146.149994,226.809998,69.230011,115.440002
146.149994,226.809998,69.230011,115.440002
146.149994,226.809998,69.230011,115.440002
146.149994,226.809998,69.230011,115.440002
146.149994,226.809998,69.230011,115.440002
146.149994,226.809998,69.230011,115.440002
146.149994,226.809998,69.230011,115.440002
146.149994,226.809998,69.230011,115.440002
146.149994,226.809998,69.230011,115.440002
146.149994,226.809998,69.230011,115.440002
146.149994,226.809998,69.230011,115.440002
146.149994,226.809998,69.230011,115.440002
146.149994,226.809998,69.230011,115.440002
146.149994,226.809998,69.230011,115.440002
146.149994,226.809998,69.230011,115.440002
146.149994,226.809998,69.230011,115.440002
146.149994,226.809998,69.230011,115.440002
146.149994,226.809998,69.230011,115.440002
146.149994,226.809998,69.230011,115.440002
146.149994,226.809998,69.230011,115.440002
146.149994,226.809998,69.230011,115.440002
146.149994,226.809998,69.230011,115.440002
146.149994,226.809998,69.230011,115.440002
146.149994,226.809998,69.230011,115.440002
146.149994,226.809998,69.230011,115.440002
146.149994,226.809998,69.230011,115.440002
146.149994,226.809998,69.230011,115.440002
146.149994,226.809998,69.230011,115.440002
146.149994,226.809998,69.230011,115.440002
146.149994,226.809998,69.230011,115.440002
146.149994,226.809998,69.230011,115.440002
146.149994,226.809998,69.230011,115.440002
146.149994,226.809998,69.230011,115.440002
146.149994,226.809998,69.230011,115.440002
146.149994,226.809998,69.230011,115.440002
146.149994,226.809998,69.230011,115.440002
146.149994,226.809998,69.230011,115.440002
145.384995,226.279999,69.230011,115.440002
145.384995,226.279999,69.230011,115.440002
145.384995,226.279999,69.230011,115.440002
145.384995,226.279999,69.230011,115.440002
145.384995,226.279999,69.230011,115.440002
145.384995,226.279999,69.230011,115.440002
145.384995,226.279999,69.230011,115.440002
145.384995,226.279999,69.230011,115.440002
145.384995,226.279999,69.230011,115.440002
145.384995,226.279999,69.230011,115.440002
145.384995,226.279999,69.230011,115.440002
145.384995,226.279999,69.230011,115.440002
145.384995,226.279999,69.230011,115.440002
145.384995,226.279999,69.230011,115.440002
145.384995,226.279999,69.230011,115.440002
145.384995,226.279999,69.230011,115.440002
145.384995,226.279999,69.230011,115.440002
145.384995,226.279999,69.230011,115.440002
145.384995,226.279999,69.230011,115.440002
145.384995,226.279999,69.230011,115.440002
2
0
0
0
0
1
222.690002,166.100006,42.149994,102.869995
222.690002,166.100006,42.149994,102.869995
222.690002,166.100006,42.149994,102.869995
222.690002,166.100006,42.149994,102.869995
222.690002,166.100006,42.149994,102.869995
222.690002,166.100006,42.149994,102.869995
222.690002,166.100006,42.149994,102.869995
222.690002,166.100006,42.149994,102.869995
222.690002,166.100006,42.149994,102.869995
222.690002,166.100006,42.149994,102.869995
222.690002,166.100006,42.149994,102.869995
222.690002,166.100006,42.149994,102.869995
240.925003,182.565002,42.149994,102.869995
240.925003,182.565002,42.149994,102.869995
233.925003,148.565002,42.149994,102.869995
233.925003,148.565002,42.149994,102.869995
233.925003,148.565002,42.149994,102.869995
233.925003,148.565002,42.149994,102.869995
233.925003,148.565002,42.149994,102.869995
253.925003,163.565002,42.149994,102.869995
253.925003,163.565002,42.149994,102.869995
253.925003,163.565002,42.149994,102.869995
253.925003,163.565002,42.149994,102.869995
253.925003,163.565002,42.149994,102.869995
253.925003,163.565002,42.149994,102.869995
253.925003,163.565002,42.149994,102.869995
253.925003,163.565002,42.149994,102.869995
255.925003,122.565002,42.149994,102.869995
255.925003,122.565002,42.149994,102.869995
255.925003,122.565002,42.149994,102.869995
255.925003,122.565002,42.149994,102.869995
255.925003,122.565002,42.149994,102.869995
255.925003,122.565002,42.149994,102.869995
255.925003,122.565002,42.149994,102.869995
255.925003,122.565002,42.149994,102.869995
255.925003,122.565002,42.149994,102.869995
255.925003,122.565002,42.149994,102.869995
255.925003,122.565002,42.149994,102.869995
294.924988,120.565002,42.149994,102.869995
294.924988,120.565002,42.149994,102.869995
294.924988,120.565002,42.149994,102.869995
294.924988,120.565002,42.149994,102.869995
270.924988,152.565002,42.149994,102.869995
270.924988,152.565002,42.149994,102.869995
270.924988,152.565002,42.149994,102.869995
292.924988,141.565002,42.149994,102.869995
292.924988,141.565002,42.149994,102.869995
292.924988,141.565002,42.149994,102.869995
292.924988,141.565002,42.149994,102.869995
292.924988,141.565002,42.149994,102.869995
292.924988,141.565002,42.149994,102.869995
292.924988,141.565002,42.149994,102.869995
292.924988,141.565002,42.149994,102.869995
292.924988,141.565002,42.149994,102.869995
292.924988,141.565002,42.149994,102.869995
292.924988,141.565002,42.149994,102.869995
292.924988,141.565002,42.149994,102.869995
292.924988,141.565002,42.149994,102.869995
292.924988,141.565002,42.149994,102.869995
292.924988,141.565002,42.149994,102.869995
292.924988,141.565002,42.149994,102.869995
292.924988,141.565002,42.149994,102.869995
292.924988,141.565002,42.149994,102.869995
292.924988,141.565002,42.149994,102.869995
292.924988,141.565002,42.149994,102.869995
292.924988,141.565002,42.149994,102.869995
292.924988,141.565002,42.149994,102.869995
292.924988,141.565002,42.149994,102.869995
292.924988,141.565002,42.149994,102.869995
292.924988,141.565002,42.149994,102.869995
292.924988,141.565002,42.149994,102.869995
292.924988,141.565002,42.149994,102.869995
292.924988,141.565002,42.149994,102.869995
292.924988,141.565002,42.149994,102.869995
292.924988,141.565002,42.149994,102.869995
292.924988,141.565002,42.149994,102.869995
292.924988,141.565002,42.149994,102.869995
292.924988,141.565002,42.149994,102.869995
292.924988,141.565002,42.149994,102.869995
292.924988,141.565002,42.149994,102.869995
292.924988,141.565002,42.149994,102.869995
292.924988,141.565002,42.149994,102.869995
292.924988,141.565002,42.149994,102.869995
292.924988,141.565002,42.149994,102.869995
292.924988,141.565002,42.149994,102.869995
292.924988,141.565002,42.149994,102.869995
292.924988,141.565002,42.149994,102.869995
2
0
0
0
0
1
240.009995,181.339996,42.800003,116.000000
240.009995,181.339996,42.800003,116.000000
240.009995,181.339996,42.800003,116.000000
240.009995,181.339996,42.800003,116.000000
240.009995,181.339996,42.800003,116.000000
240.009995,181.339996,42.800003,116.000000
223.600006,138.000000,42.800003,116.000000
223.600006,138.000000,42.800003,116.000000
223.600006,138.000000,42.800003,116.000000
223.600006,138.000000,42.800003,116.000000
223.600006,138.000000,42.800003,116.000000
223.600006,138.000000,42.800003,116.000000
231.600006,190.000000,42.800003,116.000000
214.600006,147.000000,42.800003,116.000000
214.600006,147.000000,42.800003,116.000000
214.600006,147.000000,42.800003,116.000000
214.600006,147.000000,42.800003,116.000000
214.600006,147.000000,42.800003,116.000000
214.600006,147.000000,42.800003,116.000000
214.600006,147.000000,42.800003,116.000000
214.600006,147.000000,42.800003,116.000000
214.600006,147.000000,42.800003,116.000000
214.600006,147.000000,42.800003,116.000000
214.600006,147.000000,42.800003,116.000000
214.600006,147.000000,42.800003,116.000000
214.600006,147.000000,42.800003,116.000000
214.600006,147.000000,42.800003,116.000000
214.600006,147.000000,42.800003,116.000000
214.600006,147.000000,42.800003,116.000000
214.600006,147.000000,42.800003,116.000000
214.600006,147.000000,42.800003,116.000000
214.600006,147.000000,42.800003,116.000000
214.600006,147.000000,42.800003,116.000000
214.600006,147.000000,42.800003,116.000000
214.600006,147.000000,42.800003,116.000000
214.600006,147.000000,42.800003,116.000000
214.600006,147.000000,42.800003,116.000000
214.600006,147.000000,42.800003,116.000000
214.600006,147.000000,42.800003,116.000000
214.600006,147.000000,42.800003,116.000000
214.600006,147.000000,42.800003,116.000000
214.600006,147.000000,42.800003,116.000000
214.600006,147.000000,42.800003,116.000000
214.600006,147.000000,42.800003,116.000000
214.600006,147.000000,42.800003,116.000000
214.600006,147.000000,42.800003,116.000000
214.600006,147.000000,42.800003,116.000000
214.600006,147.000000,42.800003,116.000000
214.600006,147.000000,42.800003,116.000000
214.600006,147.000000,42.800003,116.000000
214.600006,147.000000,42.800003,116.000000
214.600006,147.000000,42.800003,116.000000
214.600006,147.000000,42.800003,116.000000
214.600006,147.000000,42.800003,116.000000
214.600006,147.000000,42.800003,116.000000
214.600006,147.000000,42.800003,116.000000
214.600006,147.000000,42.800003,116.000000
214.600006,147.000000,42.800003,116.000000
214.600006,147.000000,42.800003,116.000000
214.600006,147.000000,42.800003,116.000000
2
0
0
0
0
1
162.389999,191.179993,40.180008,136.279999
162.389999,191.179993,40.180008,136.279999
151.909988,189.860001,40.180008,136.279999
151.909988,189.860001,40.180008,136.279999
151.909988,189.860001,40.180008,136.279999
151.909988,189.860001,40.180008,136.279999
151.909988,189.860001,40.180008,136.279999
151.909988,189.860001,40.180008,136.279999
151.909988,189.860001,40.180008,136.279999
151.909988,189.860001,40.180008,136.279999
151.909988,189.860001,40.180008,136.279999
151.909988,189.860001,40.180008,136.279999
151.909988,189.860001,40.180008,136.279999
151.909988,189.860001,40.180008,136.279999
151.909988,189.860001,40.180008,136.279999
151.909988,189.860001,40.180008,136.279999
151.909988,189.860001,40.180008,136.279999
151.909988,189.860001,40.180008,136.279999
151.909988,189.860001,40.180008,136.279999
151.909988,189.860001,40.180008,136.279999
151.909988,189.860001,40.180008,136.279999
151.909988,189.860001,40.180008,136.279999
151.909988,189.860001,40.180008,136.279999
151.909988,189.860001,40.180008,136.279999
151.909988,189.860001,40.180008,136.279999
151.909988,189.860001,40.180008,136.279999
151.909988,189.860001,40.180008,136.279999
151.909988,189.860001,40.180008,136.279999
151.909988,189.860001,40.180008,136.279999
151.909988,189.860001,40.180008,136.279999
151.909988,189.860001,40.180008,136.279999
151.909988,189.860001,40.180008,136.279999
151.909988,189.860001,40.180008,136.279999
151.909988,189.860001,40.180008,136.279999
151.909988,189.860001,40.180008,136.279999
151.909988,189.860001,40.180008,136.279999
151.909988,189.860001,40.180008,136.279999
151.909988,189.860001,40.180008,136.279999
151.909988,189.860001,40.180008,136.279999
137.909988,210.860001,40.180008,136.279999
147.909988,158.860001,40.180008,136.279999
137.909988,216.860001,40.180008,136.279999
147.909988,159.860001,40.180008,136.279999
147.909988,159.860001,40.180008,136.279999
132.909988,210.860001,40.180008,136.279999
132.909988,210.860001,40.180008,136.279999
137.909988,161.860001,40.180008,136.279999
137.909988,161.860001,40.180008,136.279999
137.909988,161.860001,40.180008,136.279999
137.909988,161.860001,40.180008,136.279999
137.909988,161.860001,40.180008,136.279999
137.909988,161.860001,40.180008,136.279999
137.909988,161.860001,40.180008,136.279999
137.909988,161.860001,40.180008,136.279999
137.909988,161.860001,40.180008,136.279999
137.909988,161.860001,40.180008,136.279999
137.909988,161.860001,40.180008,136.279999
137.909988,161.860001,40.180008,136.279999
137.909988,161.860001,40.180008,136.279999
137.909988,161.860001,40.180008,136.279999
137.909988,161.860001,40.180008,136.279999
137.909988,161.860001,40.180008,136.279999
137.909988,161.860001,40.180008,136.279999
137.909988,161.860001,40.180008,136.279999
137.909988,161.860001,40.180008,136.279999
137.909988,161.860001,40.180008,136.279999
137.909988,161.860001,40.180008,136.279999
137.909988,161.860001,40.180008,136.279999
137.909988,161.860001,40.180008,136.279999
137.909988,161.860001,40.180008,136.279999
137.909988,161.860001,40.180008,136.279999
137.909988,161.860001,40.180008,136.279999
137.909988,161.860001,40.180008,136.279999
137.909988,161.860001,40.180008,136.279999
137.909988,161.860001,40.180008,136.279999
137.909988,161.860001,40.180008,136.279999
137.909988,161.860001,40.180008,136.279999
137.909988,161.860001,40.180008,136.279999
137.909988,161.860001,40.180008,136.279999
137.909988,161.860001,40.180008,136.279999
137.909988,161.860001,40.180008,136.279999
137.909988,161.860001,40.180008,136.279999
162.909988,106.860001,40.180008,136.279999
162.909988,106.860001,40.180008,136.279999
162.909988,106.860001,40.180008,136.279999
162.909988,106.860001,40.180008,136.279999
147.909988,169.860001,40.180008,136.279999
147.909988,169.860001,40.180008,136.279999
147.909988,169.860001,40.180008,136.279999
147.909988,169.860001,40.180008,136.279999
147.909988,169.860001,40.180008,136.279999
147.909988,104.860001,40.180008,136.279999
147.909988,171.860001,40.180008,136.279999
142.909988,108.860001,40.180008,136.279999
142.909988,108.860001,40.180008,136.279999
142.909988,108.860001,40.180008,136.279999
142.909988,108.860001,40.180008,136.279999
142.909988,108.860001,40.180008,136.279999
142.909988,108.860001,40.180008,136.279999
142.909988,108.860001,40.180008,136.279999
146.909988,168.860001,40.180008,136.279999
140.909988,129.860001,40.180008,136.279999
140.909988,129.860001,40.180008,136.279999
143.909988,201.860001,40.180008,136.279999
157.909988,167.860001,40.180008,136.279999
157.909988,167.860001,40.180008,136.279999
157.909988,167.860001,40.180008,136.279999
157.909988,167.860001,40.180008,136.279999
148.909988,226.860001,40.180008,136.279999
148.909988,226.860001,40.180008,136.279999
148.909988,226.860001,40.180008,136.279999
160.909988,154.860001,40.180008,136.279999
160.909988,154.860001,40.180008,136.279999
160.909988,154.860001,40.180008,136.279999
160.909988,154.860001,40.180008,136.279999
145.909988,125.860001,40.180008,136.279999
145.909988,125.860001,40.180008,136.279999
156.909988,195.860001,40.180008,136.279999
156.909988,195.860001,40.180008,136.279999
142.909988,160.860001,40.180008,136.279999
142.909988,160.860001,40.180008,136.279999
142.909988,160.860001,40.180008,136.279999
142.909988,160.860001,40.180008,136.279999
142.909988,160.860001,40.180008,136.279999
152.909988,123.860001,40.180008,136.279999
157.909988,180.860001,40.180008,136.279999
157.909988,180.860001,40.180008,136.279999
177.909988,199.860001,40.180008,136.279999
177.909988,199.860001,40.180008,136.279999
177.909988,199.860001,40.180008,136.279999
177.909988,199.860001,40.180008,136.279999
177.909988,199.860001,40.180008,136.279999
177.909988,199.860001,40.180008,136.279999
192.909988,171.860001,40.180008,136.279999
192.909988,171.860001,40.180008,136.279999
192.909988,171.860001,40.180008,136.279999
192.909988,171.860001,40.180008,136.279999
192.909988,171.860001,40.180008,136.279999
192.909988,171.860001,40.180008,136.279999
192.909988,171.860001,40.180008,136.279999
192.909988,171.860001,40.180008,136.279999
192.909988,171.860001,40.180008,136.279999
192.909988,171.860001,40.180008,136.279999
192.909988,171.860001,40.180008,136.279999
192.909988,171.860001,40.180008,136.279999
192.909988,171.860001,40.180008,136.279999
192.909988,171.860001,40.180008,136.279999
192.909988,171.860001,40.180008,136.279999
192.909988,171.860001,40.180008,136.279999
192.909988,171.860001,40.180008,136.279999
212.909988,185.860001,40.180008,136.279999
227.909988,197.860001,40.180008,136.279999
227.909988,197.860001,40.180008,136.279999
227.909988,197.860001,40.180008,136.279999
227.909988,197.860001,40.180008,136.279999
252.909988,210.860001,40.180008,136.279999
267.910004,162.860001,40.180008,136.279999
252.909988,209.860001,40.180008,136.279999
267.910004,181.860001,40.180008,136.279999
267.910004,181.860001,40.180008,136.279999
267.910004,181.860001,40.180008,136.279999
267.910004,181.860001,40.180008,136.279999
267.910004,181.860001,40.180008,136.279999
267.910004,127.860001,40.180008,136.279999
267.910004,127.860001,40.180008,136.279999
267.910004,127.860001,40.180008,136.279999
2
0
0
0
0
1
338.049988,224.320007,41.680023,112.940002
338.049988,224.320007,41.680023,112.940002
338.049988,224.320007,41.680023,112.940002
2
0
0
0
0
1
406.619995,227.509995,43.040009,109.800003
406.619995,227.509995,43.040009,109.800003
406.619995,227.509995,43.040009,109.800003
406.619995,227.509995,43.040009,109.800003
406.619995,227.509995,43.040009,109.800003
406.619995,227.509995,43.040009,109.800003
406.619995,227.509995,43.040009,109.800003
406.619995,227.509995,43.040009,109.800003
406.619995,227.509995,43.040009,109.800003
406.619995,227.509995,43.040009,109.800003
406.619995,227.509995,43.040009,109.800003
406.619995,227.509995,43.040009,109.800003
406.619995,227.509995,43.040009,109.800003
406.619995,227.509995,43.040009,109.800003
406.619995,227.509995,43.040009,109.800003
406.619995,227.509995,43.040009,109.800003
406.479980,227.100006,43.040009,109.800003
406.479980,227.100006,43.040009,109.800003
406.479980,227.100006,43.040009,109.800003
406.479980,227.100006,43.040009,109.800003
406.479980,227.100006,43.040009,109.800003
406.479980,227.100006,43.040009,109.800003
406.479980,227.100006,43.040009,109.800003
2
0
0
0
0
1
352.359985,182.770004,44.530029,113.189987
352.359985,182.770004,44.530029,113.189987
352.359985,182.770004,44.530029,113.189987
352.359985,182.770004,44.530029,113.189987
352.359985,182.770004,44.530029,113.189987
352.359985,182.770004,44.530029,113.189987
352.359985,182.770004,44.530029,113.189987
352.359985,182.770004,44.530029,113.189987
352.359985,182.770004,44.530029,113.189987
352.359985,182.770004,44.530029,113.189987
352.359985,182.770004,44.530029,113.189987
352.359985,182.770004,44.530029,113.189987
352.359985,182.770004,44.530029,113.189987
352.359985,182.770004,44.530029,113.189987
352.359985,182.770004,44.530029,113.189987
352.359985,182.770004,44.530029,113.189987
352.359985,182.770004,44.530029,113.189987
352.359985,182.770004,44.530029,113.189987
352.359985,182.770004,44.530029,113.189987
352.359985,182.770004,44.530029,113.189987
352.359985,182.770004,44.530029,113.189987
352.359985,182.770004,44.530029,113.189987
352.359985,182.770004,44.530029,113.189987
352.359985,182.770004,44.530029,113.189987
351.734985,182.405014,44.530029,113.189987
351.734985,182.405014,44.530029,113.189987
351.734985,182.405014,44.530029,113.189987
351.734985,182.405014,44.530029,113.189987
351.734985,182.405014,44.530029,113.189987
351.734985,182.405014,44.530029,113.189987
351.734985,182.405014,44.530029,113.189987
351.734985,182.405014,44.530029,113.189987
351.734985,182.405014,44.530029,113.189987
351.734985,182.405014,44.530029,113.189987
351.734985,182.405014,44.530029,113.189987
351.734985,182.405014,44.530029,113.189987
351.734985,182.405014,44.530029,113.189987
351.734985,182.405014,44.530029,113.189987
351.734985,182.405014,44.530029,113.189987
351.734985,182.405014,44.530029,113.189987
351.734985,182.405014,44.530029,113.189987
351.734985,182.405014,44.530029,113.189987
351.734985,182.405014,44.530029,113.189987
351.734985,182.405014,44.530029,113.189987
351.734985,182.405014,44.530029,113.189987
351.734985,182.405014,44.530029,113.189987
351.734985,182.405014,44.530029,113.189987
351.734985,182.405014,44.530029,113.189987
351.734985,182.405014,44.530029,113.189987
351.734985,182.405014,44.530029,113.189987
351.734985,182.405014,44.530029,113.189987
351.734985,182.405014,44.530029,113.189987
351.734985,182.405014,44.530029,113.189987
351.734985,182.405014,44.530029,113.189987
351.734985,182.405014,44.530029,113.189987
351.734985,182.405014,44.530029,113.189987
351.734985,182.405014,44.530029,113.189987
351.734985,182.405014,44.530029,113.189987
351.734985,182.405014,44.530029,113.189987
351.734985,182.405014,44.530029,113.189987
351.734985,182.405014,44.530029,113.189987
351.734985,182.405014,44.530029,113.189987
351.734985,182.405014,44.530029,113.189987
351.734985,182.405014,44.530029,113.189987
351.734985,182.405014,44.530029,113.189987
351.734985,182.405014,44.530029,113.189987
351.734985,182.405014,44.530029,113.189987
351.734985,182.405014,44.530029,113.189987
351.734985,182.405014,44.530029,113.189987
351.734985,182.405014,44.530029,113.189987
351.734985,182.405014,44.530029,113.189987
351.734985,182.405014,44.530029,113.189987
2
0
0
0
0
1
289.429993,168.639999,50.119995,107.389999
289.429993,168.639999,50.119995,107.389999
289.429993,168.639999,50.119995,107.389999
289.429993,168.639999,50.119995,107.389999
289.429993,168.639999,50.119995,107.389999
289.429993,168.639999,50.119995,107.389999
289.429993,168.639999,50.119995,107.389999
289.429993,168.639999,50.119995,107.389999
289.429993,168.639999,50.119995,107.389999
289.429993,168.639999,50.119995,107.389999
289.429993,168.639999,50.119995,107.389999
289.429993,168.639999,50.119995,107.389999
289.429993,168.639999,50.119995,107.389999
289.429993,168.639999,50.119995,107.389999
289.429993,168.639999,50.119995,107.389999
308.940002,173.305008,50.119995,107.389999
308.940002,173.305008,50.119995,107.389999
308.940002,173.305008,50.119995,107.389999
308.940002,173.305008,50.119995,107.389999
308.940002,173.305008,50.119995,107.389999
308.940002,173.305008,50.119995,107.389999
328.940002,164.305008,50.119995,107.389999
328.940002,164.305008,50.119995,107.389999
328.940002,164.305008,50.119995,107.389999
328.940002,164.305008,50.119995,107.389999
328.940002,164.305008,50.119995,107.389999
338.940002,129.305008,50.119995,107.389999
338.940002,129.305008,50.119995,107.389999
338.940002,129.305008,50.119995,107.389999
338.940002,129.305008,50.119995,107.389999
338.940002,129.305008,50.119995,107.389999
338.940002,129.305008,50.119995,107.389999
338.940002,129.305008,50.119995,107.389999
338.940002,129.305008,50.119995,107.389999
338.940002,129.305008,50.119995,107.389999
323.940002,133.305008,50.119995,107.389999
303.940002,119.305000,50.119995,107.389999
303.940002,119.305000,50.119995,107.389999
303.940002,119.305000,50.119995,107.389999
303.940002,119.305000,50.119995,107.389999
303.940002,119.305000,50.119995,107.389999
303.940002,119.305000,50.119995,107.389999
303.940002,119.305000,50.119995,107.389999
303.940002,119.305000,50.119995,107.389999
303.940002,119.305000,50.119995,107.389999
293.940002,168.305008,50.119995,107.389999
293.940002,168.305008,50.119995,107.389999
293.940002,168.305008,50.119995,107.389999
308.940002,141.305008,50.119995,107.389999
308.940002,141.305008,50.119995,107.389999
308.940002,141.305008,50.119995,107.389999
308.940002,141.305008,50.119995,107.389999
308.940002,141.305008,50.119995,107.389999
308.940002,141.305008,50.119995,107.389999
308.940002,141.305008,50.119995,107.389999
308.940002,141.305008,50.119995,107.389999
308.940002,141.305008,50.119995,107.389999
338.940002,175.305008,50.119995,107.389999
338.940002,175.305008,50.119995,107.389999
338.940002,175.305008,50.119995,107.389999
338.940002,175.305008,50.119995,107.389999
338.940002,175.305008,50.119995,107.389999
338.940002,175.305008,50.119995,107.389999
338.940002,175.305008,50.119995,107.389999
338.940002,175.305008,50.119995,107.389999
358.940002,218.305008,50.119995,107.389999
358.940002,218.305008,50.119995,107.389999
358.940002,218.305008,50.119995,107.389999
358.940002,218.305008,50.119995,107.389999
358.940002,218.305008,50.119995,107.389999
358.940002,218.305008,50.119995,107.389999
358.940002,218.305008,50.119995,107.389999
358.940002,218.305008,50.119995,107.389999
358.940002,218.305008,50.119995,107.389999
358.940002,218.305008,50.119995,107.389999
358.940002,218.305008,50.119995,107.389999
358.940002,218.305008,50.119995,107.389999
358.940002,218.305008,50.119995,107.389999
358.940002,218.305008,50.119995,107.389999
358.940002,218.305008,50.119995,107.389999
358.940002,218.305008,50.119995,107.389999
358.940002,218.305008,50.119995,107.389999
358.940002,218.305008,50.119995,107.389999
358.940002,218.305008,50.119995,107.389999
358.940002,218.305008,50.119995,107.389999
358.940002,218.305008,50.119995,107.389999
358.940002,218.305008,50.119995,107.389999
358.940002,218.305008,50.119995,107.389999
358.940002,218.305008,50.119995,107.389999
358.940002,218.305008,50.119995,107.389999
358.940002,218.305008,50.119995,107.389999
358.940002,218.305008,50.119995,107.389999
358.940002,187.305008,50.119995,107.389999
358.940002,187.305008,50.119995,107.389999
358.940002,187.305008,50.119995,107.389999
358.940002,187.305008,50.119995,107.389999
358.940002,187.305008,50.119995,107.389999
358.940002,187.305008,50.119995,107.389999
358.940002,187.305008,50.119995,107.389999
358.940002,187.305008,50.119995,107.389999
358.940002,187.305008,50.119995,107.389999
358.940002,187.305008,50.119995,107.389999
358.940002,187.305008,50.119995,107.389999
358.940002,187.305008,50.119995,107.389999
358.940002,187.305008,50.119995,107.389999
358.940002,187.305008,50.119995,107.389999
358.940002,187.305008,50.119995,107.389999
358.940002,187.305008,50.119995,107.389999
358.940002,187.305008,50.119995,107.389999
358.940002,187.305008,50.119995,107.389999
358.940002,187.305008,50.119995,107.389999
358.940002,187.305008,50.119995,107.389999
358.940002,187.305008,50.119995,107.389999
358.940002,187.305008,50.119995,107.389999
358.940002,187.305008,50.119995,107.389999
358.940002,187.305008,50.119995,107.389999
358.940002,187.305008,50.119995,107.389999
358.940002,187.305008,50.119995,107.389999
358.940002,187.305008,50.119995,107.389999
358.940002,187.305008,50.119995,107.389999
358.940002,187.305008,50.119995,107.389999
358.940002,187.305008,50.119995,107.389999
358.940002,187.305008,50.119995,107.389999
358.940002,187.305008,50.119995,107.389999
358.940002,187.305008,50.119995,107.389999
358.940002,187.305008,50.119995,107.389999
358.940002,187.305008,50.119995,107.389999
358.940002,187.305008,50.119995,107.389999
358.940002,187.305008,50.119995,107.389999
358.940002,187.305008,50.119995,107.389999
358.940002,187.305008,50.119995,107.389999
