1
188.619995,210.610001,42.760010,112.780014
188.619995,210.610001,42.760010,112.780014
188.619995,210.610001,42.760010,112.780014
188.619995,210.610001,42.760010,112.780014
188.619995,210.610001,42.760010,112.780014
188.619995,210.610001,42.760010,112.780014
188.619995,210.610001,42.760010,112.780014
188.619995,210.610001,42.760010,112.780014
188.619995,210.610001,42.760010,112.780014
188.619995,210.610001,42.760010,112.780014
188.619995,210.610001,42.760010,112.780014
188.619995,210.610001,42.760010,112.780014
188.619995,210.610001,42.760010,112.780014
188.619995,210.610001,42.760010,112.780014
188.619995,210.610001,42.760010,112.780014
188.619995,210.610001,42.760010,112.780014
188.619995,210.610001,42.760010,112.780014
188.619995,210.610001,42.760010,112.780014
188.619995,210.610001,42.760010,112.780014
188.619995,210.610001,42.760010,112.780014
188.619995,210.610001,42.760010,112.780014
188.619995,210.610001,42.760010,112.780014
188.619995,210.610001,42.760010,112.780014
188.619995,210.610001,42.760010,112.780014
188.619995,210.610001,42.760010,112.780014
188.619995,210.610001,42.760010,112.780014
188.619995,210.610001,42.760010,112.780014
2
0
0
0
0
1
249.860001,224.979996,51.129990,110.270004
249.860001,224.979996,51.129990,110.270004
249.860001,224.979996,51.129990,110.270004
249.860001,224.979996,51.129990,110.270004
249.860001,224.979996,51.129990,110.270004
269.434998,234.865005,51.129990,110.270004
269.434998,234.865005,51.129990,110.270004
269.434998,234.865005,51.129990,110.270004
269.434998,234.865005,51.129990,110.270004
269.434998,234.865005,51.129990,110.270004
269.434998,234.865005,51.129990,110.270004
269.434998,234.865005,51.129990,110.270004
269.434998,234.865005,51.129990,110.270004
269.434998,234.865005,51.129990,110.270004
269.434998,234.865005,51.129990,110.270004
269.434998,234.865005,51.129990,110.270004
269.434998,234.865005,51.129990,110.270004
269.434998,234.865005,51.129990,110.270004
269.434998,234.865005,51.129990,110.270004
269.434998,234.865005,51.129990,110.270004
269.434998,234.865005,51.129990,110.270004
253.434998,214.865005,51.129990,110.270004
272.434998,214.865005,51.129990,110.270004
272.434998,214.865005,51.129990,110.270004
272.434998,214.865005,51.129990,110.270004
254.434998,214.865005,51.129990,110.270004
254.434998,214.865005,51.129990,110.270004
254.434998,214.865005,51.129990,110.270004
254.434998,214.865005,51.129990,110.270004
254.434998,214.865005,51.129990,110.270004
254.434998,214.865005,51.129990,110.270004
238.434998,214.865005,51.129990,110.270004
238.434998,214.865005,51.129990,110.270004
238.434998,214.865005,51.129990,110.270004
238.434998,214.865005,51.129990,110.270004
238.434998,214.865005,51.129990,110.270004
238.434998,214.865005,51.129990,110.270004
238.434998,214.865005,51.129990,110.270004
238.434998,214.865005,51.129990,110.270004
238.434998,214.865005,51.129990,110.270004
238.434998,214.865005,51.129990,110.270004
238.434998,214.865005,51.129990,110.270004
194.434998,214.865005,51.129990,110.270004
194.434998,214.865005,51.129990,110.270004
194.434998,214.865005,51.129990,110.270004
194.434998,214.865005,51.129990,110.270004
194.434998,214.865005,51.129990,110.270004
194.434998,214.865005,51.129990,110.270004
194.434998,214.865005,51.129990,110.270004
194.434998,214.865005,51.129990,110.270004
194.434998,214.865005,51.129990,110.270004
2
0
0
0
0
1
107.660004,213.350006,71.099991,119.259979
107.660004,213.350006,71.099991,119.259979
107.660004,213.350006,71.099991,119.259979
107.660004,213.350006,71.099991,119.259979
107.660004,213.350006,71.099991,119.259979
107.660004,213.350006,71.099991,119.259979
107.660004,213.350006,71.099991,119.259979
107.660004,213.350006,71.099991,119.259979
107.660004,213.350006,71.099991,119.259979
107.660004,213.350006,71.099991,119.259979
107.660004,213.350006,71.099991,119.259979
107.660004,213.350006,71.099991,119.259979
107.660004,213.350006,71.099991,119.259979
107.660004,213.350006,71.099991,119.259979
107.660004,213.350006,71.099991,119.259979
107.660004,213.350006,71.099991,119.259979
107.660004,213.350006,71.099991,119.259979
107.660004,213.350006,71.099991,119.259979
107.660004,213.350006,71.099991,119.259979
107.660004,213.350006,71.099991,119.259979
107.660004,213.350006,71.099991,119.259979
107.660004,213.350006,71.099991,119.259979
134.449997,199.370010,71.099991,119.259979
134.449997,199.370010,71.099991,119.259979
134.449997,199.370010,71.099991,119.259979
134.449997,199.370010,71.099991,119.259979
134.449997,199.370010,71.099991,119.259979
134.449997,199.370010,71.099991,119.259979
134.449997,199.370010,71.099991,119.259979
134.449997,199.370010,71.099991,119.259979
134.449997,199.370010,71.099991,119.259979
134.449997,199.370010,71.099991,119.259979
134.449997,199.370010,71.099991,119.259979
134.449997,199.370010,71.099991,119.259979
134.449997,199.370010,71.099991,119.259979
134.449997,199.370010,71.099991,119.259979
134.449997,199.370010,71.099991,119.259979
134.449997,199.370010,71.099991,119.259979
134.449997,199.370010,71.099991,119.259979
134.449997,199.370010,71.099991,119.259979
168.449997,182.370010,71.099991,119.259979
168.449997,182.370010,71.099991,119.259979
168.449997,182.370010,71.099991,119.259979
168.449997,182.370010,71.099991,119.259979
195.449997,166.370010,71.099991,119.259979
195.449997,166.370010,71.099991,119.259979
195.449997,166.370010,71.099991,119.259979
195.449997,166.370010,71.099991,119.259979
195.449997,166.370010,71.099991,119.259979
195.449997,166.370010,71.099991,119.259979
223.449997,167.370010,71.099991,119.259979
223.449997,167.370010,71.099991,119.259979
223.449997,167.370010,71.099991,119.259979
194.449997,170.370010,71.099991,119.259979
194.449997,170.370010,71.099991,119.259979
194.449997,170.370010,71.099991,119.259979
194.449997,170.370010,71.099991,119.259979
194.449997,170.370010,71.099991,119.259979
194.449997,170.370010,71.099991,119.259979
229.449997,146.370010,71.099991,119.259979
229.449997,146.370010,71.099991,119.259979
229.449997,146.370010,71.099991,119.259979
229.449997,146.370010,71.099991,119.259979
229.449997,146.370010,71.099991,119.259979
229.449997,146.370010,71.099991,119.259979
229.449997,146.370010,71.099991,119.259979
229.449997,146.370010,71.099991,119.259979
229.449997,146.370010,71.099991,119.259979
229.449997,146.370010,71.099991,119.259979
209.449997,156.370010,71.099991,119.259979
209.449997,156.370010,71.099991,119.259979
209.449997,156.370010,71.099991,119.259979
209.449997,156.370010,71.099991,119.259979
209.449997,156.370010,71.099991,119.259979
209.449997,156.370010,71.099991,119.259979
209.449997,156.370010,71.099991,119.259979
240.449997,156.370010,71.099991,119.259979
240.449997,156.370010,71.099991,119.259979
240.449997,156.370010,71.099991,119.259979
240.449997,156.370010,71.099991,119.259979
240.449997,156.370010,71.099991,119.259979
240.449997,156.370010,71.099991,119.259979
240.449997,156.370010,71.099991,119.259979
282.450012,151.370010,71.099991,119.259979
282.450012,151.370010,71.099991,119.259979
255.449997,161.370010,71.099991,119.259979
255.449997,161.370010,71.099991,119.259979
288.450012,151.370010,71.099991,119.259979
288.450012,151.370010,71.099991,119.259979
288.450012,151.370010,71.099991,119.259979
265.450012,161.370010,71.099991,119.259979
265.450012,161.370010,71.099991,119.259979
265.450012,161.370010,71.099991,119.259979
265.450012,161.370010,71.099991,119.259979
276.450012,126.370010,71.099991,119.259979
276.450012,126.370010,71.099991,119.259979
276.450012,126.370010,71.099991,119.259979
276.450012,126.370010,71.099991,119.259979
276.450012,126.370010,71.099991,119.259979
276.450012,126.370010,71.099991,119.259979
276.450012,126.370010,71.099991,119.259979
276.450012,126.370010,71.099991,119.259979
276.450012,126.370010,71.099991,119.259979
276.450012,126.370010,71.099991,119.259979
276.450012,126.370010,71.099991,119.259979
276.450012,126.370010,71.099991,119.259979
276.450012,126.370010,71.099991,119.259979
276.450012,126.370010,71.099991,119.259979
276.450012,126.370010,71.099991,119.259979
276.450012,126.370010,71.099991,119.259979
276.450012,126.370010,71.099991,119.259979
276.450012,126.370010,71.099991,119.259979
276.450012,126.370010,71.099991,119.259979
276.450012,126.370010,71.099991,119.259979
276.450012,126.370010,71.099991,119.259979
276.450012,126.370010,71.099991,119.259979
276.450012,126.370010,71.099991,119.259979
276.450012,126.370010,71.099991,119.259979
276.450012,126.370010,71.099991,119.259979
276.450012,126.370010,71.099991,119.259979
276.450012,126.370010,71.099991,119.259979
276.450012,126.370010,71.099991,119.259979
276.450012,126.370010,71.099991,119.259979
276.450012,126.370010,71.099991,119.259979
276.450012,126.370010,71.099991,119.259979
276.450012,126.370010,71.099991,119.259979
276.450012,126.370010,71.099991,119.259979
276.450012,126.370010,71.099991,119.259979
276.450012,126.370010,71.099991,119.259979
276.450012,126.370010,71.099991,119.259979
276.450012,126.370010,71.099991,119.259979
276.450012,126.370010,71.099991,119.259979
276.450012,126.370010,71.099991,119.259979
276.450012,126.370010,71.099991,119.259979
276.450012,126.370010,71.099991,119.259979
276.450012,126.370010,71.099991,119.259979
276.450012,126.370010,71.099991,119.259979
276.450012,126.370010,71.099991,119.259979
276.450012,126.370010,71.099991,119.259979
276.450012,126.370010,71.099991,119.259979
276.450012,126.370010,71.099991,119.259979
276.450012,126.370010,71.099991,119.259979
276.450012,126.370010,71.099991,119.259979
276.450012,126.370010,71.099991,119.259979
276.450012,126.370010,71.099991,119.259979
276.450012,126.370010,71.099991,119.259979
276.450012,126.370010,71.099991,119.259979
276.450012,126.370010,71.099991,119.259979
276.450012,126.370010,71.099991,119.259979
276.450012,126.370010,71.099991,119.259979
276.450012,126.370010,71.099991,119.259979
2
0
0
0
0
1
228.779999,183.789993,36.649994,117.580002
228.779999,183.789993,36.649994,117.580002
228.779999,183.789993,36.649994,117.580002
228.779999,183.789993,36.649994,117.580002
228.779999,183.789993,36.649994,117.580002
228.779999,183.789993,36.649994,117.580002
228.779999,183.789993,36.649994,117.580002
228.779999,183.789993,36.649994,117.580002
228.779999,183.789993,36.649994,117.580002
228.779999,183.789993,36.649994,117.580002
228.779999,183.789993,36.649994,117.580002
228.779999,183.789993,36.649994,117.580002
228.779999,183.789993,36.649994,117.580002
228.779999,183.789993,36.649994,117.580002
228.779999,183.789993,36.649994,117.580002
228.779999,183.789993,36.649994,117.580002
228.675003,183.209991,36.649994,117.580002
228.675003,183.209991,36.649994,117.580002
228.675003,183.209991,36.649994,117.580002
228.675003,183.209991,36.649994,117.580002
228.675003,183.209991,36.649994,117.580002
228.675003,183.209991,36.649994,117.580002
228.675003,183.209991,36.649994,117.580002
228.675003,183.209991,36.649994,117.580002
228.675003,183.209991,36.649994,117.580002
228.675003,183.209991,36.649994,117.580002
228.675003,183.209991,36.649994,117.580002
228.675003,183.209991,36.649994,117.580002
228.675003,183.209991,36.649994,117.580002
228.675003,183.209991,36.649994,117.580002
228.675003,183.209991,36.649994,117.580002
228.675003,183.209991,36.649994,117.580002
228.675003,183.209991,36.649994,117.580002
228.675003,183.209991,36.649994,117.580002
228.675003,183.209991,36.649994,117.580002
228.675003,183.209991,36.649994,117.580002
228.675003,183.209991,36.649994,117.580002
228.675003,183.209991,36.649994,117.580002
2
0
0
0
0
1
184.380005,181.589996,42.190002,132.670013
184.380005,181.589996,42.190002,132.670013
184.380005,181.589996,42.190002,132.670013
184.380005,181.589996,42.190002,132.670013
184.380005,181.589996,42.190002,132.670013
184.380005,181.589996,42.190002,132.670013
184.380005,181.589996,42.190002,132.670013
184.380005,181.589996,42.190002,132.670013
184.380005,181.589996,42.190002,132.670013
169.904999,183.664993,42.190002,132.670013
169.904999,183.664993,42.190002,132.670013
169.904999,183.664993,42.190002,132.670013
169.904999,183.664993,42.190002,132.670013
169.904999,183.664993,42.190002,132.670013
169.904999,183.664993,42.190002,132.670013
169.904999,183.664993,42.190002,132.670013
169.904999,183.664993,42.190002,132.670013
169.904999,183.664993,42.190002,132.670013
169.904999,183.664993,42.190002,132.670013
169.904999,183.664993,42.190002,132.670013
169.904999,183.664993,42.190002,132.670013
169.904999,183.664993,42.190002,132.670013
169.904999,183.664993,42.190002,132.670013
169.904999,183.664993,42.190002,132.670013
169.904999,183.664993,42.190002,132.670013
169.904999,183.664993,42.190002,132.670013
169.904999,183.664993,42.190002,132.670013
169.904999,183.664993,42.190002,132.670013
169.904999,183.664993,42.190002,132.670013
169.904999,183.664993,42.190002,132.670013
169.904999,183.664993,42.190002,132.670013
169.904999,183.664993,42.190002,132.670013
169.904999,183.664993,42.190002,132.670013
169.904999,183.664993,42.190002,132.670013
129.904999,201.664993,42.190002,132.670013
129.904999,201.664993,42.190002,132.670013
129.904999,201.664993,42.190002,132.670013
129.904999,201.664993,42.190002,132.670013
129.904999,201.664993,42.190002,132.670013
129.904999,201.664993,42.190002,132.670013
129.904999,201.664993,42.190002,132.670013
129.904999,201.664993,42.190002,132.670013
129.904999,201.664993,42.190002,132.670013
129.904999,201.664993,42.190002,132.670013
129.904999,201.664993,42.190002,132.670013
129.904999,201.664993,42.190002,132.670013
129.904999,201.664993,42.190002,132.670013
129.904999,201.664993,42.190002,132.670013
129.904999,201.664993,42.190002,132.670013
144.904999,146.664993,42.190002,132.670013
144.904999,146.664993,42.190002,132.670013
144.904999,206.664993,42.190002,132.670013
144.904999,206.664993,42.190002,132.670013
144.904999,206.664993,42.190002,132.670013
144.904999,206.664993,42.190002,132.670013
144.904999,206.664993,42.190002,132.670013
144.904999,206.664993,42.190002,132.670013
144.904999,206.664993,42.190002,132.670013
144.904999,206.664993,42.190002,132.670013
144.904999,206.664993,42.190002,132.670013
144.904999,206.664993,42.190002,132.670013
144.904999,206.664993,42.190002,132.670013
144.904999,206.664993,42.190002,132.670013
137.904999,167.664993,42.190002,132.670013
137.904999,167.664993,42.190002,132.670013
137.904999,167.664993,42.190002,132.670013
137.904999,167.664993,42.190002,132.670013
137.904999,167.664993,42.190002,132.670013
137.904999,167.664993,42.190002,132.670013
137.904999,167.664993,42.190002,132.670013
137.904999,167.664993,42.190002,132.670013
137.904999,167.664993,42.190002,132.670013
137.904999,167.664993,42.190002,132.670013
137.904999,167.664993,42.190002,132.670013
137.904999,167.664993,42.190002,132.670013
137.904999,167.664993,42.190002,132.670013
137.904999,167.664993,42.190002,132.670013
128.904999,224.664993,42.190002,132.670013
128.904999,224.664993,42.190002,132.670013
128.904999,224.664993,42.190002,132.670013
128.904999,224.664993,42.190002,132.670013
144.904999,181.664993,42.190002,132.670013
144.904999,181.664993,42.190002,132.670013
127.904999,227.664993,42.190002,132.670013
127.904999,227.664993,42.190002,132.670013
127.904999,227.664993,42.190002,132.670013
127.904999,227.664993,42.190002,132.670013
127.904999,227.664993,42.190002,132.670013
127.904999,227.664993,42.190002,132.670013
127.904999,227.664993,42.190002,132.670013
135.904999,163.664993,42.190002,132.670013
135.904999,163.664993,42.190002,132.670013
135.904999,163.664993,42.190002,132.670013
135.904999,163.664993,42.190002,132.670013
135.904999,163.664993,42.190002,132.670013
155.904999,163.664993,42.190002,132.670013
144.904999,166.664993,42.190002,132.670013
144.904999,166.664993,42.190002,132.670013
144.904999,166.664993,42.190002,132.670013
144.904999,166.664993,42.190002,132.670013
144.904999,166.664993,42.190002,132.670013
144.904999,166.664993,42.190002,132.670013
144.904999,166.664993,42.190002,132.670013
142.904999,232.664993,42.190002,132.670013
142.904999,232.664993,42.190002,132.670013
142.904999,232.664993,42.190002,132.670013
142.904999,232.664993,42.190002,132.670013
142.904999,232.664993,42.190002,132.670013
142.904999,232.664993,42.190002,132.670013
142.904999,232.664993,42.190002,132.670013
142.904999,232.664993,42.190002,132.670013
142.904999,232.664993,42.190002,132.670013
142.904999,232.664993,42.190002,132.670013
142.904999,232.664993,42.190002,132.670013
142.904999,232.664993,42.190002,132.670013
149.904999,176.664993,42.190002,132.670013
143.904999,234.664993,42.190002,132.670013
152.904999,172.664993,42.190002,132.670013
152.904999,172.664993,42.190002,132.670013
152.904999,172.664993,42.190002,132.670013
169.904999,166.664993,42.190002,132.670013
148.904999,229.664993,42.190002,132.670013
148.904999,229.664993,42.190002,132.670013
148.904999,229.664993,42.190002,132.670013
148.904999,229.664993,42.190002,132.670013
148.904999,229.664993,42.190002,132.670013
148.904999,229.664993,42.190002,132.670013
148.904999,229.664993,42.190002,132.670013
148.904999,229.664993,42.190002,132.670013
148.904999,229.664993,42.190002,132.670013
148.904999,229.664993,42.190002,132.670013
148.904999,229.664993,42.190002,132.670013
148.904999,229.664993,42.190002,132.670013
176.904999,225.664993,42.190002,132.670013
176.904999,225.664993,42.190002,132.670013
149.904999,161.664993,42.190002,132.670013
149.904999,161.664993,42.190002,132.670013
149.904999,161.664993,42.190002,132.670013
149.904999,161.664993,42.190002,132.670013
170.904999,173.664993,42.190002,132.670013
170.904999,173.664993,42.190002,132.670013
170.904999,173.664993,42.190002,132.670013
170.904999,173.664993,42.190002,132.670013
170.904999,173.664993,42.190002,132.670013
170.904999,173.664993,42.190002,132.670013
170.904999,173.664993,42.190002,132.670013
170.904999,173.664993,42.190002,132.670013
192.904999,172.664993,42.190002,132.670013
192.904999,172.664993,42.190002,132.670013
192.904999,172.664993,42.190002,132.670013
192.904999,172.664993,42.190002,132.670013
192.904999,172.664993,42.190002,132.670013
192.904999,172.664993,42.190002,132.670013
192.904999,172.664993,42.190002,132.670013
192.904999,172.664993,42.190002,132.670013
192.904999,172.664993,42.190002,132.670013
192.904999,172.664993,42.190002,132.670013
192.904999,172.664993,42.190002,132.670013
192.904999,172.664993,42.190002,132.670013
192.904999,172.664993,42.190002,132.670013
192.904999,172.664993,42.190002,132.670013
218.904999,179.664993,42.190002,132.670013
202.904999,182.664993,42.190002,132.670013
202.904999,182.664993,42.190002,132.670013
202.904999,182.664993,42.190002,132.670013
202.904999,182.664993,42.190002,132.670013
228.904999,209.664993,42.190002,132.670013
228.904999,209.664993,42.190002,132.670013
228.904999,209.664993,42.190002,132.670013
253.904999,176.664993,42.190002,132.670013
267.904999,136.664993,42.190002,132.670013
267.904999,136.664993,42.190002,132.670013
267.904999,136.664993,42.190002,132.670013
267.904999,136.664993,42.190002,132.670013
253.904999,176.664993,42.190002,132.670013
253.904999,176.664993,42.190002,132.670013
266.904999,121.664993,42.190002,132.670013
266.904999,121.664993,42.190002,132.670013
266.904999,121.664993,42.190002,132.670013
266.904999,121.664993,42.190002,132.670013
2
0
0
0
0
1
338.049988,224.320007,41.680023,112.940002
338.049988,224.320007,41.680023,112.940002
338.049988,224.320007,41.680023,112.940002
2
0
0
0
0
1
406.619995,227.509995,43.040009,109.800003
406.619995,227.509995,43.040009,109.800003
406.619995,227.509995,43.040009,109.800003
406.619995,227.509995,43.040009,109.800003
406.619995,227.509995,43.040009,109.800003
406.619995,227.509995,43.040009,109.800003
406.619995,227.509995,43.040009,109.800003
406.619995,227.509995,43.040009,109.800003
406.619995,227.509995,43.040009,109.800003
406.619995,227.509995,43.040009,109.800003
406.619995,227.509995,43.040009,109.800003
406.619995,227.509995,43.040009,109.800003
406.619995,227.509995,43.040009,109.800003
406.619995,227.509995,43.040009,109.800003
406.619995,227.509995,43.040009,109.800003
406.619995,227.509995,43.040009,109.800003
406.479980,227.100006,43.040009,109.800003
406.479980,227.100006,43.040009,109.800003
406.479980,227.100006,43.040009,109.800003
406.479980,227.100006,43.040009,109.800003
406.479980,227.100006,43.040009,109.800003
406.479980,227.100006,43.040009,109.800003
406.479980,227.100006,43.040009,109.800003
2
0
0
0
0
1
352.359985,182.770004,44.530029,113.189987
352.359985,182.770004,44.530029,113.189987
352.359985,182.770004,44.530029,113.189987
352.359985,182.770004,44.530029,113.189987
352.359985,182.770004,44.530029,113.189987
352.359985,182.770004,44.530029,113.189987
352.359985,182.770004,44.530029,113.189987
352.359985,182.770004,44.530029,113.189987
338.734985,171.405014,44.530029,113.189987
338.734985,171.405014,44.530029,113.189987
338.734985,171.405014,44.530029,113.189987
338.734985,171.405014,44.530029,113.189987
338.734985,171.405014,44.530029,113.189987
338.734985,171.405014,44.530029,113.189987
338.734985,171.405014,44.530029,113.189987
338.734985,171.405014,44.530029,113.189987
338.734985,171.405014,44.530029,113.189987
338.734985,171.405014,44.530029,113.189987
338.734985,171.405014,44.530029,113.189987
338.734985,171.405014,44.530029,113.189987
338.734985,171.405014,44.530029,113.189987
338.734985,171.405014,44.530029,113.189987
338.734985,171.405014,44.530029,113.189987
338.734985,171.405014,44.530029,113.189987
338.734985,171.405014,44.530029,113.189987
338.734985,171.405014,44.530029,113.189987
338.734985,171.405014,44.530029,113.189987
338.734985,171.405014,44.530029,113.189987
338.734985,171.405014,44.530029,113.189987
338.734985,171.405014,44.530029,113.189987
338.734985,171.405014,44.530029,113.189987
338.734985,171.405014,44.530029,113.189987
338.734985,171.405014,44.530029,113.189987
338.734985,171.405014,44.530029,113.189987
338.734985,171.405014,44.530029,113.189987
310.734985,172.405014,44.530029,113.189987
310.734985,172.405014,44.530029,113.189987
310.734985,172.405014,44.530029,113.189987
310.734985,172.405014,44.530029,113.189987
310.734985,172.405014,44.530029,113.189987
310.734985,172.405014,44.530029,113.189987
310.734985,172.405014,44.530029,113.189987
310.734985,172.405014,44.530029,113.189987
310.734985,172.405014,44.530029,113.189987
310.734985,172.405014,44.530029,113.189987
310.734985,172.405014,44.530029,113.189987
310.734985,172.405014,44.530029,113.189987
310.734985,172.405014,44.530029,113.189987
310.734985,172.405014,44.530029,113.189987
310.734985,172.405014,44.530029,113.189987
310.734985,172.405014,44.530029,113.189987
310.734985,172.405014,44.530029,113.189987
310.734985,172.405014,44.530029,113.189987
295.734985,139.405014,44.530029,113.189987
293.734985,178.405014,44.530029,113.189987
293.734985,178.405014,44.530029,113.189987
289.734985,131.405014,44.530029,113.189987
289.734985,131.405014,44.530029,113.189987
289.734985,131.405014,44.530029,113.189987
289.734985,131.405014,44.530029,113.189987
289.734985,131.405014,44.530029,113.189987
289.734985,131.405014,44.530029,113.189987
289.734985,131.405014,44.530029,113.189987
289.734985,131.405014,44.530029,113.189987
303.734985,173.405014,44.530029,113.189987
303.734985,173.405014,44.530029,113.189987
303.734985,173.405014,44.530029,113.189987
303.734985,173.405014,44.530029,113.189987
290.734985,124.405006,44.530029,113.189987
308.734985,173.405014,44.530029,113.189987
308.734985,173.405014,44.530029,113.189987
308.734985,173.405014,44.530029,113.189987
297.734985,125.405006,44.530029,113.189987
297.734985,125.405006,44.530029,113.189987
297.734985,125.405006,44.530029,113.189987
297.734985,125.405006,44.530029,113.189987
297.734985,125.405006,44.530029,113.189987
297.734985,125.405006,44.530029,113.189987
297.734985,125.405006,44.530029,113.189987
297.734985,125.405006,44.530029,113.189987
297.734985,125.405006,44.530029,113.189987
297.734985,125.405006,44.530029,113.189987
297.734985,125.405006,44.530029,113.189987
297.734985,125.405006,44.530029,113.189987
297.734985,125.405006,44.530029,113.189987
297.734985,125.405006,44.530029,113.189987
297.734985,125.405006,44.530029,113.189987
297.734985,125.405006,44.530029,113.189987
297.734985,125.405006,44.530029,113.189987
297.734985,125.405006,44.530029,113.189987
297.734985,125.405006,44.530029,113.189987
297.734985,125.405006,44.530029,113.189987
297.734985,125.405006,44.530029,113.189987
297.734985,125.405006,44.530029,113.189987
297.734985,125.405006,44.530029,113.189987
297.734985,125.405006,44.530029,113.189987
297.734985,125.405006,44.530029,113.189987
297.734985,125.405006,44.530029,113.189987
297.734985,125.405006,44.530029,113.189987
297.734985,125.405006,44.530029,113.189987
297.734985,125.405006,44.530029,113.189987
297.734985,125.405006,44.530029,113.189987
297.734985,125.405006,44.530029,113.189987
297.734985,125.405006,44.530029,113.189987
297.734985,125.405006,44.530029,113.189987
297.734985,125.405006,44.530029,113.189987
297.734985,125.405006,44.530029,113.189987
297.734985,125.405006,44.530029,113.189987
297.734985,125.405006,44.530029,113.189987
297.734985,125.405006,44.530029,113.189987
297.734985,125.405006,44.530029,113.189987
297.734985,125.405006,44.530029,113.189987
297.734985,125.405006,44.530029,113.189987
297.734985,125.405006,44.530029,113.189987
291.734985,196.405014,44.530029,113.189987
291.734985,196.405014,44.530029,113.189987
320.734985,177.405014,44.530029,113.189987
320.734985,177.405014,44.530029,113.189987
320.734985,177.405014,44.530029,113.189987
320.734985,177.405014,44.530029,113.189987
320.734985,177.405014,44.530029,113.189987
320.734985,177.405014,44.530029,113.189987
320.734985,177.405014,44.530029,113.189987
287.734985,199.405014,44.530029,113.189987
287.734985,199.405014,44.530029,113.189987
287.734985,199.405014,44.530029,113.189987
287.734985,199.405014,44.530029,113.189987
287.734985,199.405014,44.530029,113.189987
287.734985,199.405014,44.530029,113.189987
305.734985,213.405014,44.530029,113.189987
305.734985,213.405014,44.530029,113.189987
305.734985,213.405014,44.530029,113.189987
305.734985,213.405014,44.530029,113.189987
305.734985,213.405014,44.530029,113.189987
305.734985,213.405014,44.530029,113.189987
305.734985,213.405014,44.530029,113.189987
344.734985,209.405014,44.530029,113.189987
344.734985,209.405014,44.530029,113.189987
344.734985,209.405014,44.530029,113.189987
344.734985,209.405014,44.530029,113.189987
344.734985,209.405014,44.530029,113.189987
364.734985,244.405014,44.530029,113.189987
364.734985,244.405014,44.530029,113.189987
364.734985,244.405014,44.530029,113.189987
364.734985,244.405014,44.530029,113.189987
364.734985,244.405014,44.530029,113.189987
2
0
0
0
0
1
339.690002,209.350006,39.880005,114.679993
339.690002,209.350006,39.880005,114.679993
339.690002,209.350006,39.880005,114.679993
339.690002,209.350006,39.880005,114.679993
339.690002,209.350006,39.880005,114.679993
339.690002,209.350006,39.880005,114.679993
339.690002,209.350006,39.880005,114.679993
339.690002,209.350006,39.880005,114.679993
339.690002,209.350006,39.880005,114.679993
339.690002,209.350006,39.880005,114.679993
339.690002,209.350006,39.880005,114.679993
339.690002,209.350006,39.880005,114.679993
339.690002,209.350006,39.880005,114.679993
339.690002,209.350006,39.880005,114.679993
339.690002,209.350006,39.880005,114.679993
339.690002,209.350006,39.880005,114.679993
339.690002,209.350006,39.880005,114.679993
339.690002,209.350006,39.880005,114.679993
339.690002,209.350006,39.880005,114.679993
339.690002,209.350006,39.880005,114.679993
339.690002,209.350006,39.880005,114.679993
339.690002,209.350006,39.880005,114.679993
339.690002,209.350006,39.880005,114.679993
339.690002,209.350006,39.880005,114.679993
339.690002,209.350006,39.880005,114.679993
339.690002,209.350006,39.880005,114.679993
339.690002,209.350006,39.880005,114.679993
339.690002,209.350006,39.880005,114.679993
339.690002,209.350006,39.880005,114.679993
339.690002,209.350006,39.880005,114.679993
356.059998,218.660004,39.880005,114.679993
356.059998,218.660004,39.880005,114.679993
356.059998,218.660004,39.880005,114.679993
356.059998,218.660004,39.880005,114.679993
356.059998,218.660004,39.880005,114.679993
356.059998,218.660004,39.880005,114.679993
356.059998,218.660004,39.880005,114.679993
356.059998,218.660004,39.880005,114.679993
356.059998,218.660004,39.880005,114.679993
356.059998,218.660004,39.880005,114.679993
356.059998,218.660004,39.880005,114.679993
356.059998,218.660004,39.880005,114.679993
356.059998,218.660004,39.880005,114.679993
356.059998,218.660004,39.880005,114.679993
356.059998,218.660004,39.880005,114.679993
356.059998,218.660004,39.880005,114.679993
356.059998,218.660004,39.880005,114.679993
356.059998,218.660004,39.880005,114.679993
356.059998,218.660004,39.880005,114.679993
356.059998,218.660004,39.880005,114.679993
356.059998,218.660004,39.880005,114.679993
356.059998,218.660004,39.880005,114.679993
356.059998,218.660004,39.880005,114.679993
356.059998,218.660004,39.880005,114.679993
356.059998,218.660004,39.880005,114.679993
356.059998,218.660004,39.880005,114.679993
356.059998,218.660004,39.880005,114.679993
