1
133.970001,55.570000,98.319992,108.269997
133.970001,55.570000,98.319992,108.269997
133.970001,55.570000,98.319992,108.269997
133.970001,55.570000,98.319992,108.269997
133.970001,55.570000,98.319992,108.269997
133.970001,55.570000,98.319992,108.269997
133.970001,55.570000,98.319992,108.269997
133.970001,55.570000,98.319992,108.269997
133.970001,55.570000,98.319992,108.269997
133.970001,55.570000,98.319992,108.269997
133.970001,55.570000,98.319992,108.269997
133.970001,55.570000,98.319992,108.269997
133.970001,55.570000,98.319992,108.269997
133.970001,55.570000,98.319992,108.269997
102.840004,48.865002,98.319992,108.269997
102.840004,48.865002,98.319992,108.269997
102.840004,48.865002,98.319992,108.269997
102.840004,48.865002,98.319992,108.269997
102.840004,48.865002,98.319992,108.269997
102.840004,48.865002,98.319992,108.269997
102.840004,48.865002,98.319992,108.269997
102.840004,48.865002,98.319992,108.269997
102.840004,48.865002,98.319992,108.269997
102.840004,48.865002,98.319992,108.269997
102.840004,48.865002,98.319992,108.269997
102.840004,48.865002,98.319992,108.269997
102.840004,48.865002,98.319992,108.269997
102.840004,48.865002,98.319992,108.269997
102.840004,48.865002,98.319992,108.269997
102.840004,48.865002,98.319992,108.269997
102.840004,48.865002,98.319992,108.269997
102.840004,48.865002,98.319992,108.269997
102.840004,48.865002,98.319992,108.269997
108.840004,7.865002,98.319992,108.269997
108.840004,7.865002,98.319992,108.269997
108.840004,7.865002,98.319992,108.269997
108.840004,7.865002,98.319992,108.269997
108.840004,7.865002,98.319992,108.269997
108.840004,7.865002,98.319992,108.269997
108.840004,7.865002,98.319992,108.269997
108.840004,7.865002,98.319992,108.269997
108.840004,7.865002,98.319992,108.269997
108.840004,7.865002,98.319992,108.269997
108.840004,7.865002,98.319992,108.269997
108.840004,7.865002,98.319992,108.269997
108.840004,7.865002,98.319992,108.269997
108.840004,7.865002,98.319992,108.269997
108.840004,7.865002,98.319992,108.269997
108.840004,7.865002,98.319992,108.269997
108.840004,7.865002,98.319992,108.269997
108.840004,7.865002,98.319992,108.269997
108.840004,7.865002,98.319992,108.269997
108.840004,7.865002,98.319992,108.269997
108.840004,7.865002,98.319992,108.269997
108.840004,7.865002,98.319992,108.269997
108.840004,7.865002,98.319992,108.269997
108.840004,7.865002,98.319992,108.269997
108.840004,7.865002,98.319992,108.269997
108.840004,7.865002,98.319992,108.269997
108.840004,7.865002,98.319992,108.269997
108.840004,7.865002,98.319992,108.269997
108.840004,7.865002,98.319992,108.269997
108.840004,7.865002,98.319992,108.269997
108.840004,7.865002,98.319992,108.269997
108.840004,7.865002,98.319992,108.269997
108.840004,7.865002,98.319992,108.269997
108.840004,7.865002,98.319992,108.269997
108.840004,7.865002,98.319992,108.269997
108.840004,7.865002,98.319992,108.269997
108.840004,7.865002,98.319992,108.269997
108.840004,7.865002,98.319992,108.269997
108.840004,7.865002,98.319992,108.269997
108.840004,7.865002,98.319992,108.269997
108.840004,7.865002,98.319992,108.269997
108.840004,7.865002,98.319992,108.269997
108.840004,7.865002,98.319992,108.269997
108.840004,7.865002,98.319992,108.269997
108.840004,7.865002,98.319992,108.269997
108.840004,7.865002,98.319992,108.269997
108.840004,7.865002,98.319992,108.269997
108.840004,7.865002,98.319992,108.269997
108.840004,7.865002,98.319992,108.269997
108.840004,7.865002,98.319992,108.269997
108.840004,7.865002,98.319992,108.269997
108.840004,7.865002,98.319992,108.269997
108.840004,7.865002,98.319992,108.269997
108.840004,7.865002,98.319992,108.269997
108.840004,7.865002,98.319992,108.269997
108.840004,7.865002,98.319992,108.269997
124.840004,49.865002,98.319992,108.269997
124.840004,49.865002,98.319992,108.269997
124.840004,49.865002,98.319992,108.269997
124.840004,49.865002,98.319992,108.269997
124.840004,49.865002,98.319992,108.269997
124.840004,49.865002,98.319992,108.269997
110.840004,19.865002,98.319992,108.269997
110.840004,19.865002,98.319992,108.269997
110.840004,19.865002,98.319992,108.269997
110.840004,19.865002,98.319992,108.269997
110.840004,19.865002,98.319992,108.269997
110.840004,19.865002,98.319992,108.269997
110.840004,19.865002,98.319992,108.269997
157.840012,33.865002,98.319992,108.269997
157.840012,33.865002,98.319992,108.269997
157.840012,33.865002,98.319992,108.269997
157.840012,33.865002,98.319992,108.269997
157.840012,33.865002,98.319992,108.269997
157.840012,33.865002,98.319992,108.269997
157.840012,33.865002,98.319992,108.269997
157.840012,33.865002,98.319992,108.269997
115.840004,23.865002,98.319992,108.269997
115.840004,23.865002,98.319992,108.269997
115.840004,23.865002,98.319992,108.269997
115.840004,23.865002,98.319992,108.269997
115.840004,23.865002,98.319992,108.269997
115.840004,23.865002,98.319992,108.269997
115.840004,23.865002,98.319992,108.269997
115.840004,23.865002,98.319992,108.269997
115.840004,23.865002,98.319992,108.269997
115.840004,23.865002,98.319992,108.269997
115.840004,23.865002,98.319992,108.269997
115.840004,23.865002,98.319992,108.269997
115.840004,23.865002,98.319992,108.269997
115.840004,23.865002,98.319992,108.269997
115.840004,23.865002,98.319992,108.269997
115.840004,23.865002,98.319992,108.269997
115.840004,23.865002,98.319992,108.269997
115.840004,23.865002,98.319992,108.269997
115.840004,23.865002,98.319992,108.269997
115.840004,23.865002,98.319992,108.269997
115.840004,23.865002,98.319992,108.269997
115.840004,23.865002,98.319992,108.269997
115.840004,23.865002,98.319992,108.269997
115.840004,23.865002,98.319992,108.269997
115.840004,23.865002,98.319992,108.269997
115.840004,23.865002,98.319992,108.269997
115.840004,23.865002,98.319992,108.269997
115.840004,23.865002,98.319992,108.269997
115.840004,23.865002,98.319992,108.269997
115.840004,23.865002,98.319992,108.269997
115.840004,23.865002,98.319992,108.269997
115.840004,23.865002,98.319992,108.269997
115.840004,23.865002,98.319992,108.269997
115.840004,23.865002,98.319992,108.269997
115.840004,23.865002,98.319992,108.269997
115.840004,23.865002,98.319992,108.269997
115.840004,23.865002,98.319992,108.269997
115.840004,23.865002,98.319992,108.269997
115.840004,23.865002,98.319992,108.269997
115.840004,23.865002,98.319992,108.269997
115.840004,23.865002,98.319992,108.269997
115.840004,23.865002,98.319992,108.269997
115.840004,23.865002,98.319992,108.269997
115.840004,23.865002,98.319992,108.269997
115.840004,23.865002,98.319992,108.269997
115.840004,23.865002,98.319992,108.269997
115.840004,23.865002,98.319992,108.269997
115.840004,23.865002,98.319992,108.269997
115.840004,23.865002,98.319992,108.269997
115.840004,23.865002,98.319992,108.269997
115.840004,23.865002,98.319992,108.269997
115.840004,23.865002,98.319992,108.269997
115.840004,23.865002,98.319992,108.269997
115.840004,23.865002,98.319992,108.269997
115.840004,23.865002,98.319992,108.269997
115.840004,23.865002,98.319992,108.269997
115.840004,23.865002,98.319992,108.269997
115.840004,23.865002,98.319992,108.269997
115.840004,23.865002,98.319992,108.269997
115.840004,23.865002,98.319992,108.269997
115.840004,23.865002,98.319992,108.269997
115.840004,23.865002,98.319992,108.269997
115.840004,23.865002,98.319992,108.269997
115.840004,23.865002,98.319992,108.269997
115.840004,23.865002,98.319992,108.269997
115.840004,23.865002,98.319992,108.269997
115.840004,23.865002,98.319992,108.269997
115.840004,23.865002,98.319992,108.269997
115.840004,23.865002,98.319992,108.269997
115.840004,23.865002,98.319992,108.269997
115.840004,23.865002,98.319992,108.269997
115.840004,23.865002,98.319992,108.269997
115.840004,23.865002,98.319992,108.269997
115.840004,23.865002,98.319992,108.269997
115.840004,23.865002,98.319992,108.269997
115.840004,23.865002,98.319992,108.269997
115.840004,23.865002,98.319992,108.269997
115.840004,23.865002,98.319992,108.269997
115.840004,23.865002,98.319992,108.269997
115.840004,23.865002,98.319992,108.269997
115.840004,23.865002,98.319992,108.269997
115.840004,23.865002,98.319992,108.269997
115.840004,23.865002,98.319992,108.269997
115.840004,23.865002,98.319992,108.269997
115.840004,23.865002,98.319992,108.269997
115.840004,23.865002,98.319992,108.269997
115.840004,23.865002,98.319992,108.269997
115.840004,23.865002,98.319992,108.269997
115.840004,23.865002,98.319992,108.269997
115.840004,23.865002,98.319992,108.269997
115.840004,23.865002,98.319992,108.269997
115.840004,23.865002,98.319992,108.269997
115.840004,23.865002,98.319992,108.269997
115.840004,23.865002,98.319992,108.269997
115.840004,23.865002,98.319992,108.269997
115.840004,23.865002,98.319992,108.269997
115.840004,23.865002,98.319992,108.269997
115.840004,23.865002,98.319992,108.269997
115.840004,23.865002,98.319992,108.269997
115.840004,23.865002,98.319992,108.269997
145.840012,17.865002,98.319992,108.269997
145.840012,17.865002,98.319992,108.269997
145.840012,17.865002,98.319992,108.269997
145.840012,17.865002,98.319992,108.269997
145.840012,17.865002,98.319992,108.269997
145.840012,17.865002,98.319992,108.269997
145.840012,17.865002,98.319992,108.269997
145.840012,17.865002,98.319992,108.269997
145.840012,17.865002,98.319992,108.269997
145.840012,17.865002,98.319992,108.269997
145.840012,17.865002,98.319992,108.269997
2
0
0
0
0
1
155.630005,47.669998,79.610001,112.900009
155.630005,47.669998,79.610001,112.900009
155.630005,47.669998,79.610001,112.900009
155.630005,47.669998,79.610001,112.900009
155.630005,47.669998,79.610001,112.900009
155.630005,47.669998,79.610001,112.900009
155.630005,47.669998,79.610001,112.900009
155.630005,47.669998,79.610001,112.900009
155.630005,47.669998,79.610001,112.900009
155.630005,47.669998,79.610001,112.900009
155.630005,47.669998,79.610001,112.900009
155.630005,47.669998,79.610001,112.900009
155.630005,47.669998,79.610001,112.900009
155.630005,47.669998,79.610001,112.900009
155.630005,47.669998,79.610001,112.900009
155.630005,47.669998,79.610001,112.900009
155.630005,47.669998,79.610001,112.900009
155.630005,47.669998,79.610001,112.900009
155.630005,47.669998,79.610001,112.900009
155.630005,47.669998,79.610001,112.900009
155.630005,47.669998,79.610001,112.900009
155.630005,47.669998,79.610001,112.900009
155.630005,47.669998,79.610001,112.900009
155.630005,47.669998,79.610001,112.900009
155.630005,47.669998,79.610001,112.900009
155.630005,47.669998,79.610001,112.900009
155.630005,47.669998,79.610001,112.900009
155.630005,47.669998,79.610001,112.900009
155.630005,47.669998,79.610001,112.900009
155.630005,47.669998,79.610001,112.900009
155.630005,47.669998,79.610001,112.900009
155.630005,47.669998,79.610001,112.900009
155.194992,47.549995,79.610001,112.900009
155.194992,47.549995,79.610001,112.900009
155.194992,47.549995,79.610001,112.900009
155.194992,47.549995,79.610001,112.900009
155.194992,47.549995,79.610001,112.900009
155.194992,47.549995,79.610001,112.900009
155.194992,47.549995,79.610001,112.900009
155.194992,47.549995,79.610001,112.900009
155.194992,47.549995,79.610001,112.900009
155.194992,47.549995,79.610001,112.900009
160.000000,0.000000,79.000000,112.000000
160.000000,0.000000,79.000000,112.000000
160.000000,0.000000,79.000000,112.000000
160.000000,0.000000,79.000000,112.000000
160.000000,0.000000,79.000000,112.000000
160.000000,0.000000,79.000000,112.000000
160.000000,0.000000,78.000000,112.000000
160.000000,0.000000,78.000000,112.000000
160.000000,0.000000,78.000000,112.000000
160.000000,0.000000,78.000000,112.000000
160.000000,0.000000,78.000000,112.000000
125.000000,5.000000,78.000000,112.000000
125.000000,5.000000,78.000000,112.000000
125.000000,5.000000,78.000000,112.000000
125.000000,5.000000,78.000000,112.000000
125.000000,5.000000,78.000000,112.000000
125.000000,5.000000,78.000000,112.000000
125.000000,5.000000,78.000000,112.000000
125.000000,5.000000,78.000000,112.000000
125.000000,5.000000,78.000000,112.000000
125.000000,5.000000,78.000000,112.000000
125.000000,5.000000,78.000000,112.000000
125.000000,5.000000,78.000000,112.000000
125.000000,5.000000,78.000000,112.000000
125.000000,5.000000,78.000000,112.000000
125.000000,5.000000,78.000000,112.000000
125.000000,5.000000,78.000000,112.000000
125.000000,5.000000,78.000000,112.000000
125.000000,5.000000,78.000000,112.000000
125.000000,5.000000,78.000000,112.000000
125.000000,5.000000,78.000000,112.000000
125.000000,5.000000,78.000000,112.000000
85.000000,36.000000,78.000000,112.000000
85.000000,36.000000,78.000000,112.000000
85.000000,36.000000,78.000000,112.000000
85.000000,36.000000,78.000000,112.000000
85.000000,36.000000,78.000000,112.000000
85.000000,36.000000,78.000000,112.000000
85.000000,36.000000,78.000000,112.000000
46.000000,45.000000,78.000000,112.000000
46.000000,45.000000,78.000000,112.000000
46.000000,45.000000,78.000000,112.000000
46.000000,45.000000,78.000000,112.000000
46.000000,45.000000,78.000000,112.000000
46.000000,45.000000,78.000000,112.000000
46.000000,45.000000,78.000000,112.000000
46.000000,45.000000,78.000000,112.000000
46.000000,45.000000,78.000000,112.000000
46.000000,45.000000,78.000000,112.000000
46.000000,45.000000,78.000000,112.000000
46.000000,45.000000,78.000000,112.000000
46.000000,45.000000,78.000000,112.000000
46.000000,45.000000,78.000000,112.000000
46.000000,45.000000,78.000000,112.000000
46.000000,45.000000,78.000000,112.000000
46.000000,45.000000,78.000000,112.000000
46.000000,45.000000,78.000000,112.000000
46.000000,45.000000,78.000000,112.000000
46.000000,45.000000,78.000000,112.000000
46.000000,45.000000,78.000000,112.000000
46.000000,45.000000,78.000000,112.000000
2
0
0
0
0
1
139.710007,18.920000,83.839996,125.710007
139.710007,18.920000,83.839996,125.710007
139.710007,18.920000,83.839996,125.710007
139.710007,18.920000,83.839996,125.710007
139.710007,18.920000,83.839996,125.710007
139.710007,18.920000,83.839996,125.710007
139.710007,18.920000,83.839996,125.710007
139.710007,18.920000,83.839996,125.710007
139.080002,18.144997,83.839996,125.710007
139.080002,18.144997,83.839996,125.710007
139.080002,18.144997,83.839996,125.710007
139.080002,18.144997,83.839996,125.710007
139.080002,18.144997,83.839996,125.710007
139.080002,18.144997,83.839996,125.710007
139.080002,18.144997,83.839996,125.710007
139.080002,18.144997,83.839996,125.710007
139.080002,18.144997,83.839996,125.710007
139.080002,18.144997,83.839996,125.710007
139.080002,18.144997,83.839996,125.710007
139.080002,18.144997,83.839996,125.710007
139.080002,18.144997,83.839996,125.710007
139.080002,18.144997,83.839996,125.710007
139.080002,18.144997,83.839996,125.710007
139.080002,18.144997,83.839996,125.710007
139.080002,18.144997,83.839996,125.710007
139.080002,18.144997,83.839996,125.710007
139.080002,18.144997,83.839996,125.710007
139.080002,18.144997,83.839996,125.710007
139.080002,18.144997,83.839996,125.710007
139.080002,18.144997,83.839996,125.710007
139.080002,18.144997,83.839996,125.710007
139.080002,18.144997,83.839996,125.710007
139.080002,18.144997,83.839996,125.710007
139.080002,18.144997,83.839996,125.710007
98.080002,28.144997,83.839996,125.710007
98.080002,28.144997,83.839996,125.710007
98.080002,28.144997,83.839996,125.710007
98.080002,28.144997,83.839996,125.710007
98.080002,28.144997,83.839996,125.710007
98.080002,28.144997,83.839996,125.710007
98.080002,28.144997,83.839996,125.710007
98.080002,28.144997,83.839996,125.710007
98.080002,28.144997,83.839996,125.710007
98.080002,28.144997,83.839996,125.710007
98.080002,28.144997,83.839996,125.710007
98.080002,28.144997,83.839996,125.710007
98.080002,28.144997,83.839996,125.710007
98.080002,28.144997,83.839996,125.710007
98.080002,28.144997,83.839996,125.710007
98.080002,28.144997,83.839996,125.710007
98.080002,28.144997,83.839996,125.710007
128.080002,23.144997,83.839996,125.710007
128.080002,23.144997,83.839996,125.710007
128.080002,23.144997,83.839996,125.710007
128.080002,23.144997,83.839996,125.710007
128.080002,23.144997,83.839996,125.710007
128.080002,23.144997,83.839996,125.710007
128.080002,23.144997,83.839996,125.710007
128.080002,23.144997,83.839996,125.710007
128.080002,23.144997,83.839996,125.710007
128.080002,23.144997,83.839996,125.710007
128.080002,23.144997,83.839996,125.710007
128.080002,23.144997,83.839996,125.710007
128.080002,23.144997,83.839996,125.710007
128.080002,23.144997,83.839996,125.710007
128.080002,23.144997,83.839996,125.710007
128.080002,23.144997,83.839996,125.710007
128.080002,23.144997,83.839996,125.710007
128.080002,23.144997,83.839996,125.710007
128.080002,23.144997,83.839996,125.710007
128.080002,23.144997,83.839996,125.710007
128.080002,23.144997,83.839996,125.710007
128.080002,23.144997,83.839996,125.710007
2
0
0
0
0
1
165.929993,38.410000,65.490005,79.860001
165.929993,38.410000,65.490005,79.860001
165.929993,38.410000,65.490005,79.860001
165.929993,38.410000,65.490005,79.860001
138.255005,9.070000,65.490005,79.860001
138.255005,9.070000,65.490005,79.860001
138.255005,9.070000,65.490005,79.860001
138.255005,9.070000,65.490005,79.860001
138.255005,9.070000,65.490005,79.860001
138.255005,9.070000,65.490005,79.860001
138.255005,9.070000,65.490005,79.860001
138.255005,9.070000,65.490005,79.860001
138.255005,9.070000,65.490005,79.860001
138.255005,9.070000,65.490005,79.860001
138.255005,9.070000,65.490005,79.860001
138.255005,9.070000,65.490005,79.860001
138.255005,9.070000,65.490005,79.860001
138.255005,9.070000,65.490005,79.860001
138.255005,9.070000,65.490005,79.860001
138.255005,9.070000,65.490005,79.860001
138.255005,9.070000,65.490005,79.860001
138.255005,9.070000,65.490005,79.860001
138.255005,9.070000,65.490005,79.860001
138.255005,9.070000,65.490005,79.860001
138.255005,9.070000,65.490005,79.860001
138.255005,9.070000,65.490005,79.860001
138.255005,9.070000,65.490005,79.860001
138.255005,9.070000,65.490005,79.860001
138.255005,9.070000,65.490005,79.860001
138.255005,9.070000,65.490005,79.860001
115.254997,24.070000,65.490005,79.860001
115.254997,24.070000,65.490005,79.860001
115.254997,24.070000,65.490005,79.860001
102.000000,0.000000,65.000000,78.000000
102.000000,0.000000,65.000000,78.000000
141.255005,4.070000,65.490005,79.860001
141.255005,4.070000,65.490005,79.860001
141.255005,4.070000,65.490005,79.860001
141.255005,4.070000,65.490005,79.860001
141.255005,4.070000,65.490005,79.860001
141.255005,4.070000,65.490005,79.860001
141.255005,4.070000,65.490005,79.860001
141.255005,4.070000,65.490005,79.860001
141.255005,4.070000,65.490005,79.860001
141.255005,4.070000,65.490005,79.860001
141.255005,4.070000,65.490005,79.860001
141.255005,4.070000,65.490005,79.860001
141.255005,4.070000,65.490005,79.860001
141.255005,4.070000,65.490005,79.860001
141.255005,4.070000,65.490005,79.860001
141.255005,4.070000,65.490005,79.860001
141.255005,4.070000,65.490005,79.860001
141.255005,4.070000,65.490005,79.860001
141.255005,4.070000,65.490005,79.860001
2
0
0
0
0
1
133.429993,59.720001,49.450012,59.239998
133.429993,59.720001,49.450012,59.239998
133.429993,59.720001,49.450012,59.239998
133.429993,59.720001,49.450012,59.239998
133.429993,59.720001,49.450012,59.239998
133.429993,59.720001,49.450012,59.239998
133.429993,59.720001,49.450012,59.239998
133.429993,59.720001,49.450012,59.239998
133.429993,59.720001,49.450012,59.239998
133.429993,59.720001,49.450012,59.239998
133.429993,59.720001,49.450012,59.239998
133.429993,59.720001,49.450012,59.239998
133.429993,59.720001,49.450012,59.239998
133.429993,59.720001,49.450012,59.239998
133.429993,59.720001,49.450012,59.239998
133.429993,59.720001,49.450012,59.239998
133.274994,59.380001,49.450012,59.239998
133.274994,59.380001,49.450012,59.239998
133.274994,59.380001,49.450012,59.239998
133.274994,59.380001,49.450012,59.239998
133.274994,59.380001,49.450012,59.239998
133.274994,59.380001,49.450012,59.239998
133.274994,59.380001,49.450012,59.239998
133.274994,59.380001,49.450012,59.239998
133.274994,59.380001,49.450012,59.239998
133.274994,59.380001,49.450012,59.239998
133.274994,59.380001,49.450012,59.239998
113.274994,24.380001,49.450012,59.239998
113.274994,24.380001,49.450012,59.239998
113.274994,24.380001,49.450012,59.239998
113.274994,24.380001,49.450012,59.239998
113.274994,24.380001,49.450012,59.239998
113.274994,24.380001,49.450012,59.239998
113.274994,24.380001,49.450012,59.239998
113.274994,24.380001,49.450012,59.239998
158.274994,14.380001,49.450012,59.239998
158.274994,14.380001,49.450012,59.239998
158.274994,14.380001,49.450012,59.239998
158.274994,14.380001,49.450012,59.239998
174.000000,0.000000,50.000000,60.000000
174.000000,0.000000,50.000000,60.000000
174.000000,0.000000,50.000000,60.000000
174.000000,0.000000,50.000000,60.000000
174.000000,0.000000,50.000000,60.000000
174.000000,0.000000,50.000000,60.000000
174.000000,0.000000,50.000000,60.000000
174.000000,0.000000,50.000000,60.000000
174.000000,0.000000,50.000000,60.000000
174.000000,0.000000,50.000000,60.000000
174.000000,0.000000,50.000000,60.000000
174.000000,0.000000,50.000000,60.000000
174.000000,0.000000,50.000000,60.000000
174.000000,0.000000,50.000000,60.000000
209.000000,10.000000,50.000000,60.000000
209.000000,10.000000,50.000000,60.000000
209.000000,10.000000,50.000000,60.000000
209.000000,10.000000,50.000000,60.000000
209.000000,10.000000,50.000000,60.000000
209.000000,10.000000,50.000000,60.000000
209.000000,10.000000,50.000000,60.000000
184.000000,20.000000,50.000000,60.000000
184.000000,20.000000,50.000000,60.000000
184.000000,20.000000,50.000000,60.000000
184.000000,20.000000,50.000000,60.000000
184.000000,20.000000,50.000000,60.000000
184.000000,20.000000,50.000000,60.000000
156.000000,2.000000,50.000000,60.000000
156.000000,2.000000,50.000000,60.000000
156.000000,2.000000,50.000000,60.000000
156.000000,2.000000,50.000000,60.000000
156.000000,2.000000,50.000000,60.000000
156.000000,2.000000,50.000000,60.000000
156.000000,2.000000,50.000000,60.000000
156.000000,2.000000,50.000000,60.000000
156.000000,2.000000,50.000000,60.000000
156.000000,2.000000,50.000000,60.000000
156.000000,2.000000,50.000000,60.000000
129.000000,28.000000,50.000000,60.000000
129.000000,28.000000,50.000000,60.000000
129.000000,28.000000,50.000000,60.000000
129.000000,28.000000,50.000000,60.000000
129.000000,28.000000,50.000000,60.000000
129.000000,28.000000,50.000000,60.000000
129.000000,28.000000,50.000000,60.000000
150.000000,64.000000,50.000000,60.000000
150.000000,64.000000,50.000000,60.000000
150.000000,64.000000,50.000000,60.000000
136.000000,28.000000,50.000000,60.000000
136.000000,28.000000,50.000000,60.000000
136.000000,28.000000,50.000000,60.000000
136.000000,28.000000,50.000000,60.000000
136.000000,28.000000,50.000000,60.000000
136.000000,28.000000,50.000000,60.000000
152.000000,30.000000,50.000000,60.000000
152.000000,30.000000,50.000000,60.000000
152.000000,30.000000,50.000000,60.000000
157.000000,63.000000,50.000000,60.000000
157.000000,63.000000,50.000000,60.000000
157.000000,63.000000,50.000000,60.000000
132.000000,71.000000,50.000000,60.000000
132.000000,71.000000,50.000000,60.000000
132.000000,71.000000,50.000000,60.000000
127.000000,39.000000,50.000000,60.000000
127.000000,39.000000,50.000000,60.000000
127.000000,39.000000,50.000000,60.000000
127.000000,39.000000,50.000000,60.000000
127.000000,39.000000,50.000000,60.000000
127.000000,39.000000,50.000000,60.000000
127.000000,39.000000,50.000000,60.000000
127.000000,39.000000,50.000000,60.000000
127.000000,39.000000,50.000000,60.000000
127.000000,39.000000,50.000000,60.000000
127.000000,39.000000,50.000000,60.000000
127.000000,39.000000,50.000000,60.000000
127.000000,39.000000,50.000000,60.000000
127.000000,39.000000,50.000000,60.000000
159.000000,40.000000,50.000000,60.000000
159.000000,40.000000,50.000000,60.000000
159.000000,40.000000,50.000000,60.000000
159.000000,40.000000,50.000000,60.000000
159.000000,40.000000,50.000000,60.000000
159.000000,40.000000,50.000000,60.000000
159.000000,40.000000,50.000000,60.000000
159.000000,40.000000,50.000000,60.000000
159.000000,40.000000,50.000000,60.000000
159.000000,40.000000,50.000000,60.000000
159.000000,40.000000,50.000000,60.000000
159.000000,40.000000,50.000000,60.000000
159.000000,40.000000,50.000000,60.000000
159.000000,40.000000,50.000000,60.000000
159.000000,40.000000,50.000000,60.000000
159.000000,40.000000,50.000000,60.000000
159.000000,40.000000,50.000000,60.000000
159.000000,40.000000,50.000000,60.000000
159.000000,40.000000,50.000000,60.000000
159.000000,40.000000,50.000000,60.000000
159.000000,40.000000,50.000000,60.000000
159.000000,40.000000,50.000000,60.000000
159.000000,40.000000,50.000000,60.000000
159.000000,40.000000,50.000000,60.000000
159.000000,40.000000,50.000000,60.000000
119.000000,7.000000,50.000000,60.000000
119.000000,7.000000,50.000000,60.000000
119.000000,7.000000,50.000000,60.000000
119.000000,7.000000,50.000000,60.000000
119.000000,7.000000,50.000000,60.000000
89.000000,12.000000,50.000000,60.000000
89.000000,12.000000,50.000000,60.000000
89.000000,12.000000,50.000000,60.000000
89.000000,12.000000,50.000000,60.000000
2
0
0
0
0
1
147.529999,36.430000,72.889999,101.590004
147.529999,36.430000,72.889999,101.590004
147.529999,36.430000,72.889999,101.590004
147.529999,36.430000,72.889999,101.590004
147.529999,36.430000,72.889999,101.590004
147.529999,36.430000,72.889999,101.590004
147.529999,36.430000,72.889999,101.590004
147.529999,36.430000,72.889999,101.590004
116.555000,9.204998,72.889999,101.590004
116.555000,9.204998,72.889999,101.590004
116.555000,9.204998,72.889999,101.590004
116.555000,9.204998,72.889999,101.590004
116.555000,9.204998,72.889999,101.590004
116.555000,9.204998,72.889999,101.590004
116.555000,9.204998,72.889999,101.590004
116.555000,9.204998,72.889999,101.590004
116.555000,9.204998,72.889999,101.590004
116.555000,9.204998,72.889999,101.590004
116.555000,9.204998,72.889999,101.590004
116.555000,9.204998,72.889999,101.590004
116.555000,9.204998,72.889999,101.590004
116.555000,9.204998,72.889999,101.590004
116.555000,9.204998,72.889999,101.590004
116.555000,9.204998,72.889999,101.590004
116.555000,9.204998,72.889999,101.590004
116.555000,9.204998,72.889999,101.590004
167.555008,54.204998,72.889999,101.590004
167.555008,54.204998,72.889999,101.590004
167.555008,54.204998,72.889999,101.590004
167.555008,54.204998,72.889999,101.590004
167.555008,54.204998,72.889999,101.590004
167.555008,54.204998,72.889999,101.590004
167.555008,54.204998,72.889999,101.590004
167.555008,54.204998,72.889999,101.590004
146.555008,49.204998,72.889999,101.590004
146.555008,49.204998,72.889999,101.590004
146.555008,49.204998,72.889999,101.590004
146.555008,49.204998,72.889999,101.590004
146.555008,49.204998,72.889999,101.590004
146.555008,49.204998,72.889999,101.590004
146.555008,49.204998,72.889999,101.590004
146.555008,49.204998,72.889999,101.590004
146.555008,49.204998,72.889999,101.590004
146.555008,49.204998,72.889999,101.590004
146.555008,49.204998,72.889999,101.590004
146.555008,49.204998,72.889999,101.590004
146.555008,49.204998,72.889999,101.590004
146.555008,49.204998,72.889999,101.590004
146.555008,49.204998,72.889999,101.590004
146.555008,49.204998,72.889999,101.590004
146.555008,49.204998,72.889999,101.590004
146.555008,49.204998,72.889999,101.590004
146.555008,49.204998,72.889999,101.590004
146.555008,49.204998,72.889999,101.590004
146.555008,49.204998,72.889999,101.590004
146.555008,49.204998,72.889999,101.590004
146.555008,49.204998,72.889999,101.590004
146.555008,49.204998,72.889999,101.590004
146.555008,49.204998,72.889999,101.590004
146.555008,49.204998,72.889999,101.590004
146.555008,49.204998,72.889999,101.590004
146.555008,49.204998,72.889999,101.590004
146.555008,49.204998,72.889999,101.590004
146.555008,49.204998,72.889999,101.590004
146.555008,49.204998,72.889999,101.590004
146.555008,49.204998,72.889999,101.590004
146.555008,49.204998,72.889999,101.590004
146.555008,49.204998,72.889999,101.590004
146.555008,49.204998,72.889999,101.590004
146.555008,49.204998,72.889999,101.590004
146.555008,49.204998,72.889999,101.590004
146.555008,49.204998,72.889999,101.590004
146.555008,49.204998,72.889999,101.590004
146.555008,49.204998,72.889999,101.590004
146.555008,49.204998,72.889999,101.590004
88.555000,56.204998,72.889999,101.590004
88.555000,56.204998,72.889999,101.590004
88.555000,56.204998,72.889999,101.590004
88.555000,56.204998,72.889999,101.590004
2
0
0
0
0
1
163.479996,35.759998,70.340012,93.279999
163.479996,35.759998,70.340012,93.279999
163.479996,35.759998,70.340012,93.279999
163.479996,35.759998,70.340012,93.279999
163.479996,35.759998,70.340012,93.279999
163.479996,35.759998,70.340012,93.279999
163.479996,35.759998,70.340012,93.279999
163.479996,35.759998,70.340012,93.279999
163.479996,35.759998,70.340012,93.279999
163.479996,35.759998,70.340012,93.279999
163.479996,35.759998,70.340012,93.279999
163.479996,35.759998,70.340012,93.279999
163.479996,35.759998,70.340012,93.279999
163.479996,35.759998,70.340012,93.279999
163.479996,35.759998,70.340012,93.279999
163.479996,35.759998,70.340012,93.279999
163.479996,35.759998,70.340012,93.279999
163.479996,35.759998,70.340012,93.279999
133.829987,34.360001,70.340012,93.279999
133.829987,34.360001,70.340012,93.279999
133.829987,34.360001,70.340012,93.279999
133.829987,34.360001,70.340012,93.279999
133.829987,34.360001,70.340012,93.279999
133.829987,34.360001,70.340012,93.279999
133.829987,34.360001,70.340012,93.279999
133.829987,34.360001,70.340012,93.279999
133.829987,34.360001,70.340012,93.279999
133.829987,34.360001,70.340012,93.279999
133.829987,34.360001,70.340012,93.279999
133.829987,34.360001,70.340012,93.279999
133.829987,34.360001,70.340012,93.279999
133.829987,34.360001,70.340012,93.279999
133.829987,34.360001,70.340012,93.279999
133.829987,34.360001,70.340012,93.279999
133.829987,34.360001,70.340012,93.279999
133.829987,34.360001,70.340012,93.279999
133.829987,34.360001,70.340012,93.279999
133.829987,34.360001,70.340012,93.279999
133.829987,34.360001,70.340012,93.279999
133.829987,34.360001,70.340012,93.279999
133.829987,34.360001,70.340012,93.279999
133.829987,34.360001,70.340012,93.279999
133.829987,34.360001,70.340012,93.279999
133.829987,34.360001,70.340012,93.279999
133.829987,34.360001,70.340012,93.279999
133.829987,34.360001,70.340012,93.279999
133.829987,34.360001,70.340012,93.279999
133.829987,34.360001,70.340012,93.279999
133.829987,34.360001,70.340012,93.279999
133.829987,34.360001,70.340012,93.279999
133.829987,34.360001,70.340012,93.279999
133.829987,34.360001,70.340012,93.279999
133.829987,34.360001,70.340012,93.279999
