1
142.190002,49.689999,93.929993,94.839996
142.190002,49.689999,93.929993,94.839996
142.190002,49.689999,93.929993,94.839996
142.190002,49.689999,93.929993,94.839996
142.190002,49.689999,93.929993,94.839996
142.190002,49.689999,93.929993,94.839996
142.190002,49.689999,93.929993,94.839996
142.190002,49.689999,93.929993,94.839996
142.190002,49.689999,93.929993,94.839996
142.190002,49.689999,93.929993,94.839996
142.190002,49.689999,93.929993,94.839996
142.190002,49.689999,93.929993,94.839996
111.035004,44.580002,93.929993,94.839996
111.035004,44.580002,93.929993,94.839996
111.035004,44.580002,93.929993,94.839996
111.035004,44.580002,93.929993,94.839996
111.035004,44.580002,93.929993,94.839996
111.035004,44.580002,93.929993,94.839996
111.035004,44.580002,93.929993,94.839996
111.035004,44.580002,93.929993,94.839996
111.035004,44.580002,93.929993,94.839996
111.035004,44.580002,93.929993,94.839996
111.035004,44.580002,93.929993,94.839996
111.035004,44.580002,93.929993,94.839996
111.035004,44.580002,93.929993,94.839996
111.035004,44.580002,93.929993,94.839996
111.035004,44.580002,93.929993,94.839996
111.035004,44.580002,93.929993,94.839996
111.035004,44.580002,93.929993,94.839996
111.035004,44.580002,93.929993,94.839996
111.035004,44.580002,93.929993,94.839996
111.035004,44.580002,93.929993,94.839996
111.035004,44.580002,93.929993,94.839996
111.035004,44.580002,93.929993,94.839996
111.035004,44.580002,93.929993,94.839996
111.035004,44.580002,93.929993,94.839996
111.035004,44.580002,93.929993,94.839996
111.035004,44.580002,93.929993,94.839996
111.035004,44.580002,93.929993,94.839996
111.035004,44.580002,93.929993,94.839996
111.035004,44.580002,93.929993,94.839996
111.035004,44.580002,93.929993,94.839996
111.035004,44.580002,93.929993,94.839996
111.035004,44.580002,93.929993,94.839996
111.035004,44.580002,93.929993,94.839996
111.035004,44.580002,93.929993,94.839996
111.035004,44.580002,93.929993,94.839996
111.035004,44.580002,93.929993,94.839996
111.035004,44.580002,93.929993,94.839996
111.035004,44.580002,93.929993,94.839996
111.035004,44.580002,93.929993,94.839996
111.035004,44.580002,93.929993,94.839996
111.035004,44.580002,93.929993,94.839996
111.035004,44.580002,93.929993,94.839996
111.035004,44.580002,93.929993,94.839996
111.035004,44.580002,93.929993,94.839996
111.035004,44.580002,93.929993,94.839996
111.035004,44.580002,93.929993,94.839996
111.035004,44.580002,93.929993,94.839996
111.035004,44.580002,93.929993,94.839996
111.035004,44.580002,93.929993,94.839996
111.035004,44.580002,93.929993,94.839996
143.035004,9.580002,93.929993,94.839996
143.035004,9.580002,93.929993,94.839996
143.035004,9.580002,93.929993,94.839996
143.035004,9.580002,93.929993,94.839996
143.035004,9.580002,93.929993,94.839996
143.035004,9.580002,93.929993,94.839996
143.035004,9.580002,93.929993,94.839996
143.035004,9.580002,93.929993,94.839996
143.035004,9.580002,93.929993,94.839996
143.035004,9.580002,93.929993,94.839996
143.035004,9.580002,93.929993,94.839996
143.035004,9.580002,93.929993,94.839996
143.035004,9.580002,93.929993,94.839996
143.035004,9.580002,93.929993,94.839996
143.035004,9.580002,93.929993,94.839996
108.035004,14.580002,93.929993,94.839996
108.035004,14.580002,93.929993,94.839996
108.035004,14.580002,93.929993,94.839996
108.035004,14.580002,93.929993,94.839996
108.035004,14.580002,93.929993,94.839996
108.035004,14.580002,93.929993,94.839996
108.035004,14.580002,93.929993,94.839996
108.035004,14.580002,93.929993,94.839996
108.035004,14.580002,93.929993,94.839996
108.035004,14.580002,93.929993,94.839996
108.035004,14.580002,93.929993,94.839996
108.035004,14.580002,93.929993,94.839996
118.035004,44.580002,93.929993,94.839996
118.035004,44.580002,93.929993,94.839996
118.035004,44.580002,93.929993,94.839996
118.035004,44.580002,93.929993,94.839996
118.035004,44.580002,93.929993,94.839996
118.035004,44.580002,93.929993,94.839996
118.035004,44.580002,93.929993,94.839996
118.035004,44.580002,93.929993,94.839996
118.035004,44.580002,93.929993,94.839996
118.035004,44.580002,93.929993,94.839996
118.035004,44.580002,93.929993,94.839996
118.035004,44.580002,93.929993,94.839996
118.035004,44.580002,93.929993,94.839996
118.035004,44.580002,93.929993,94.839996
118.035004,44.580002,93.929993,94.839996
118.035004,44.580002,93.929993,94.839996
118.035004,44.580002,93.929993,94.839996
118.035004,44.580002,93.929993,94.839996
118.035004,44.580002,93.929993,94.839996
118.035004,44.580002,93.929993,94.839996
118.035004,44.580002,93.929993,94.839996
118.035004,44.580002,93.929993,94.839996
118.035004,44.580002,93.929993,94.839996
118.035004,44.580002,93.929993,94.839996
118.035004,44.580002,93.929993,94.839996
118.035004,44.580002,93.929993,94.839996
118.035004,44.580002,93.929993,94.839996
118.035004,44.580002,93.929993,94.839996
118.035004,44.580002,93.929993,94.839996
118.035004,44.580002,93.929993,94.839996
118.035004,44.580002,93.929993,94.839996
118.035004,44.580002,93.929993,94.839996
118.035004,44.580002,93.929993,94.839996
118.035004,44.580002,93.929993,94.839996
118.035004,44.580002,93.929993,94.839996
118.035004,44.580002,93.929993,94.839996
118.035004,44.580002,93.929993,94.839996
118.035004,44.580002,93.929993,94.839996
118.035004,44.580002,93.929993,94.839996
124.035004,17.580002,93.929993,94.839996
124.035004,17.580002,93.929993,94.839996
124.035004,17.580002,93.929993,94.839996
124.035004,17.580002,93.929993,94.839996
124.035004,17.580002,93.929993,94.839996
124.035004,17.580002,93.929993,94.839996
124.035004,17.580002,93.929993,94.839996
124.035004,17.580002,93.929993,94.839996
124.035004,17.580002,93.929993,94.839996
124.035004,17.580002,93.929993,94.839996
124.035004,17.580002,93.929993,94.839996
124.035004,17.580002,93.929993,94.839996
124.035004,17.580002,93.929993,94.839996
124.035004,17.580002,93.929993,94.839996
124.035004,17.580002,93.929993,94.839996
124.035004,17.580002,93.929993,94.839996
124.035004,17.580002,93.929993,94.839996
124.035004,17.580002,93.929993,94.839996
124.035004,17.580002,93.929993,94.839996
124.035004,17.580002,93.929993,94.839996
124.035004,17.580002,93.929993,94.839996
124.035004,17.580002,93.929993,94.839996
124.035004,17.580002,93.929993,94.839996
124.035004,17.580002,93.929993,94.839996
124.035004,17.580002,93.929993,94.839996
124.035004,17.580002,93.929993,94.839996
124.035004,17.580002,93.929993,94.839996
124.035004,17.580002,93.929993,94.839996
124.035004,17.580002,93.929993,94.839996
124.035004,17.580002,93.929993,94.839996
124.035004,17.580002,93.929993,94.839996
124.035004,17.580002,93.929993,94.839996
124.035004,17.580002,93.929993,94.839996
124.035004,17.580002,93.929993,94.839996
124.035004,17.580002,93.929993,94.839996
124.035004,17.580002,93.929993,94.839996
124.035004,17.580002,93.929993,94.839996
124.035004,17.580002,93.929993,94.839996
124.035004,17.580002,93.929993,94.839996
124.035004,17.580002,93.929993,94.839996
124.035004,17.580002,93.929993,94.839996
124.035004,17.580002,93.929993,94.839996
124.035004,17.580002,93.929993,94.839996
124.035004,17.580002,93.929993,94.839996
124.035004,17.580002,93.929993,94.839996
124.035004,17.580002,93.929993,94.839996
124.035004,17.580002,93.929993,94.839996
124.035004,17.580002,93.929993,94.839996
124.035004,17.580002,93.929993,94.839996
124.035004,17.580002,93.929993,94.839996
124.035004,17.580002,93.929993,94.839996
124.035004,17.580002,93.929993,94.839996
124.035004,17.580002,93.929993,94.839996
124.035004,17.580002,93.929993,94.839996
124.035004,17.580002,93.929993,94.839996
124.035004,17.580002,93.929993,94.839996
124.035004,17.580002,93.929993,94.839996
124.035004,17.580002,93.929993,94.839996
124.035004,17.580002,93.929993,94.839996
124.035004,17.580002,93.929993,94.839996
124.035004,17.580002,93.929993,94.839996
124.035004,17.580002,93.929993,94.839996
124.035004,17.580002,93.929993,94.839996
124.035004,17.580002,93.929993,94.839996
124.035004,17.580002,93.929993,94.839996
124.035004,17.580002,93.929993,94.839996
124.035004,17.580002,93.929993,94.839996
124.035004,17.580002,93.929993,94.839996
124.035004,17.580002,93.929993,94.839996
124.035004,17.580002,93.929993,94.839996
124.035004,17.580002,93.929993,94.839996
124.035004,17.580002,93.929993,94.839996
124.035004,17.580002,93.929993,94.839996
124.035004,17.580002,93.929993,94.839996
124.035004,17.580002,93.929993,94.839996
124.035004,17.580002,93.929993,94.839996
124.035004,17.580002,93.929993,94.839996
124.035004,17.580002,93.929993,94.839996
124.035004,17.580002,93.929993,94.839996
124.035004,17.580002,93.929993,94.839996
124.035004,17.580002,93.929993,94.839996
124.035004,17.580002,93.929993,94.839996
124.035004,17.580002,93.929993,94.839996
124.035004,17.580002,93.929993,94.839996
124.035004,17.580002,93.929993,94.839996
124.035004,17.580002,93.929993,94.839996
124.035004,17.580002,93.929993,94.839996
124.035004,17.580002,93.929993,94.839996
124.035004,17.580002,93.929993,94.839996
124.035004,17.580002,93.929993,94.839996
124.035004,17.580002,93.929993,94.839996
124.035004,17.580002,93.929993,94.839996
124.035004,17.580002,93.929993,94.839996
124.035004,17.580002,93.929993,94.839996
124.035004,17.580002,93.929993,94.839996
124.035004,17.580002,93.929993,94.839996
124.035004,17.580002,93.929993,94.839996
124.035004,17.580002,93.929993,94.839996
124.035004,17.580002,93.929993,94.839996
124.035004,17.580002,93.929993,94.839996
124.035004,17.580002,93.929993,94.839996
124.035004,17.580002,93.929993,94.839996
124.035004,17.580002,93.929993,94.839996
124.035004,17.580002,93.929993,94.839996
124.035004,17.580002,93.929993,94.839996
171.035004,19.580002,93.929993,94.839996
171.035004,19.580002,93.929993,94.839996
171.035004,19.580002,93.929993,94.839996
171.035004,19.580002,93.929993,94.839996
171.035004,19.580002,93.929993,94.839996
171.035004,19.580002,93.929993,94.839996
171.035004,19.580002,93.929993,94.839996
171.035004,19.580002,93.929993,94.839996
171.035004,19.580002,93.929993,94.839996
171.035004,19.580002,93.929993,94.839996
171.035004,19.580002,93.929993,94.839996
171.035004,19.580002,93.929993,94.839996
171.035004,19.580002,93.929993,94.839996
171.035004,19.580002,93.929993,94.839996
171.035004,19.580002,93.929993,94.839996
171.035004,19.580002,93.929993,94.839996
171.035004,19.580002,93.929993,94.839996
171.035004,19.580002,93.929993,94.839996
171.035004,19.580002,93.929993,94.839996
171.035004,19.580002,93.929993,94.839996
171.035004,19.580002,93.929993,94.839996
171.035004,19.580002,93.929993,94.839996
171.035004,19.580002,93.929993,94.839996
171.035004,19.580002,93.929993,94.839996
171.035004,19.580002,93.929993,94.839996
171.035004,19.580002,93.929993,94.839996
171.035004,19.580002,93.929993,94.839996
171.035004,19.580002,93.929993,94.839996
171.035004,19.580002,93.929993,94.839996
171.035004,19.580002,93.929993,94.839996
171.035004,19.580002,93.929993,94.839996
171.035004,19.580002,93.929993,94.839996
171.035004,19.580002,93.929993,94.839996
171.035004,19.580002,93.929993,94.839996
171.035004,19.580002,93.929993,94.839996
171.035004,19.580002,93.929993,94.839996
171.035004,19.580002,93.929993,94.839996
171.035004,19.580002,93.929993,94.839996
171.035004,19.580002,93.929993,94.839996
171.035004,19.580002,93.929993,94.839996
171.035004,19.580002,93.929993,94.839996
171.035004,19.580002,93.929993,94.839996
171.035004,19.580002,93.929993,94.839996
129.035004,14.580002,93.929993,94.839996
129.035004,14.580002,93.929993,94.839996
129.035004,14.580002,93.929993,94.839996
129.035004,14.580002,93.929993,94.839996
129.035004,14.580002,93.929993,94.839996
129.035004,14.580002,93.929993,94.839996
129.035004,14.580002,93.929993,94.839996
129.035004,14.580002,93.929993,94.839996
129.035004,14.580002,93.929993,94.839996
129.035004,14.580002,93.929993,94.839996
129.035004,14.580002,93.929993,94.839996
129.035004,14.580002,93.929993,94.839996
129.035004,14.580002,93.929993,94.839996
129.035004,14.580002,93.929993,94.839996
129.035004,14.580002,93.929993,94.839996
129.035004,14.580002,93.929993,94.839996
129.035004,14.580002,93.929993,94.839996
129.035004,14.580002,93.929993,94.839996
129.035004,14.580002,93.929993,94.839996
129.035004,14.580002,93.929993,94.839996
129.035004,14.580002,93.929993,94.839996
129.035004,14.580002,93.929993,94.839996
129.035004,14.580002,93.929993,94.839996
85.035004,9.580002,93.929993,94.839996
85.035004,9.580002,93.929993,94.839996
85.035004,9.580002,93.929993,94.839996
85.035004,9.580002,93.929993,94.839996
85.035004,9.580002,93.929993,94.839996
85.035004,9.580002,93.929993,94.839996
85.035004,9.580002,93.929993,94.839996
85.035004,9.580002,93.929993,94.839996
85.035004,9.580002,93.929993,94.839996
85.035004,9.580002,93.929993,94.839996
85.035004,9.580002,93.929993,94.839996
85.035004,9.580002,93.929993,94.839996
48.035004,23.580002,93.929993,94.839996
48.035004,23.580002,93.929993,94.839996
48.035004,23.580002,93.929993,94.839996
48.035004,23.580002,93.929993,94.839996
48.035004,23.580002,93.929993,94.839996
48.035004,23.580002,93.929993,94.839996
48.035004,23.580002,93.929993,94.839996
48.035004,23.580002,93.929993,94.839996
48.035004,23.580002,93.929993,94.839996
48.035004,23.580002,93.929993,94.839996
48.035004,23.580002,93.929993,94.839996
48.035004,23.580002,93.929993,94.839996
48.035004,23.580002,93.929993,94.839996
48.035004,23.580002,93.929993,94.839996
48.035004,23.580002,93.929993,94.839996
48.035004,23.580002,93.929993,94.839996
48.035004,23.580002,93.929993,94.839996
48.035004,23.580002,93.929993,94.839996
48.035004,23.580002,93.929993,94.839996
48.035004,23.580002,93.929993,94.839996
48.035004,23.580002,93.929993,94.839996
48.035004,23.580002,93.929993,94.839996
48.035004,23.580002,93.929993,94.839996
48.035004,23.580002,93.929993,94.839996
48.035004,23.580002,93.929993,94.839996
48.035004,23.580002,93.929993,94.839996
78.035004,73.580002,93.929993,94.839996
78.035004,73.580002,93.929993,94.839996
78.035004,73.580002,93.929993,94.839996
78.035004,73.580002,93.929993,94.839996
78.035004,73.580002,93.929993,94.839996
78.035004,73.580002,93.929993,94.839996
78.035004,73.580002,93.929993,94.839996
78.035004,73.580002,93.929993,94.839996
78.035004,73.580002,93.929993,94.839996
78.035004,73.580002,93.929993,94.839996
78.035004,73.580002,93.929993,94.839996
78.035004,73.580002,93.929993,94.839996
78.035004,73.580002,93.929993,94.839996
78.035004,73.580002,93.929993,94.839996
78.035004,73.580002,93.929993,94.839996
78.035004,73.580002,93.929993,94.839996
78.035004,73.580002,93.929993,94.839996
78.035004,73.580002,93.929993,94.839996
78.035004,73.580002,93.929993,94.839996
78.035004,73.580002,93.929993,94.839996
78.035004,73.580002,93.929993,94.839996
78.035004,73.580002,93.929993,94.839996
78.035004,73.580002,93.929993,94.839996
78.035004,73.580002,93.929993,94.839996
78.035004,73.580002,93.929993,94.839996
78.035004,73.580002,93.929993,94.839996
78.035004,73.580002,93.929993,94.839996
112.035004,72.580002,93.929993,94.839996
114.035004,39.580002,93.929993,94.839996
114.035004,39.580002,93.929993,94.839996
114.035004,39.580002,93.929993,94.839996
90.035004,73.580002,93.929993,94.839996
90.035004,73.580002,93.929993,94.839996
79.035004,37.580002,93.929993,94.839996
79.035004,37.580002,93.929993,94.839996
79.035004,37.580002,93.929993,94.839996
90.035004,13.580002,93.929993,94.839996
90.035004,13.580002,93.929993,94.839996
90.035004,13.580002,93.929993,94.839996
90.035004,13.580002,93.929993,94.839996
73.035004,54.580002,93.929993,94.839996
73.035004,54.580002,93.929993,94.839996
83.035004,19.580002,93.929993,94.839996
56.035004,49.580002,93.929993,94.839996
56.035004,49.580002,93.929993,94.839996
56.035004,49.580002,93.929993,94.839996
56.035004,49.580002,93.929993,94.839996
56.035004,49.580002,93.929993,94.839996
56.035004,49.580002,93.929993,94.839996
94.035004,68.580002,93.929993,94.839996
94.035004,68.580002,93.929993,94.839996
94.035004,68.580002,93.929993,94.839996
94.035004,68.580002,93.929993,94.839996
94.035004,68.580002,93.929993,94.839996
94.035004,68.580002,93.929993,94.839996
94.035004,68.580002,93.929993,94.839996
135.035004,49.580002,93.929993,94.839996
135.035004,49.580002,93.929993,94.839996
135.035004,49.580002,93.929993,94.839996
135.035004,49.580002,93.929993,94.839996
135.035004,49.580002,93.929993,94.839996
135.035004,49.580002,93.929993,94.839996
135.035004,49.580002,93.929993,94.839996
111.035004,65.580002,93.929993,94.839996
111.035004,65.580002,93.929993,94.839996
111.035004,65.580002,93.929993,94.839996
111.035004,65.580002,93.929993,94.839996
111.035004,65.580002,93.929993,94.839996
121.035004,4.580002,93.929993,94.839996
121.035004,4.580002,93.929993,94.839996
121.035004,4.580002,93.929993,94.839996
121.035004,4.580002,93.929993,94.839996
121.035004,4.580002,93.929993,94.839996
121.035004,4.580002,93.929993,94.839996
121.035004,4.580002,93.929993,94.839996
121.035004,4.580002,93.929993,94.839996
121.035004,4.580002,93.929993,94.839996
121.035004,4.580002,93.929993,94.839996
121.035004,4.580002,93.929993,94.839996
121.035004,4.580002,93.929993,94.839996
121.035004,4.580002,93.929993,94.839996
90.035004,9.580002,93.929993,94.839996
90.035004,9.580002,93.929993,94.839996
66.035004,4.580002,93.929993,94.839996
66.035004,4.580002,93.929993,94.839996
66.035004,4.580002,93.929993,94.839996
66.035004,4.580002,93.929993,94.839996
66.035004,4.580002,93.929993,94.839996
66.035004,4.580002,93.929993,94.839996
2
0
0
0
0
1
128.880005,39.419998,66.279999,80.800003
128.880005,39.419998,66.279999,80.800003
128.880005,39.419998,66.279999,80.800003
128.880005,39.419998,66.279999,80.800003
106.860001,34.599998,66.279999,80.800003
88.860001,44.599998,66.279999,80.800003
88.860001,44.599998,66.279999,80.800003
112.860001,39.599998,66.279999,80.800003
112.860001,39.599998,66.279999,80.800003
112.860001,39.599998,66.279999,80.800003
148.860001,4.599998,66.279999,80.800003
148.860001,4.599998,66.279999,80.800003
172.860001,4.599998,66.279999,80.800003
172.860001,4.599998,66.279999,80.800003
172.860001,4.599998,66.279999,80.800003
172.860001,4.599998,66.279999,80.800003
172.860001,4.599998,66.279999,80.800003
172.860001,4.599998,66.279999,80.800003
172.860001,4.599998,66.279999,80.800003
146.860001,24.599998,66.279999,80.800003
146.860001,24.599998,66.279999,80.800003
146.860001,24.599998,66.279999,80.800003
146.860001,24.599998,66.279999,80.800003
146.860001,24.599998,66.279999,80.800003
146.860001,24.599998,66.279999,80.800003
123.860001,9.599998,66.279999,80.800003
123.860001,9.599998,66.279999,80.800003
123.860001,9.599998,66.279999,80.800003
123.860001,9.599998,66.279999,80.800003
123.860001,9.599998,66.279999,80.800003
148.000000,0.000000,67.000000,80.000000
148.000000,0.000000,67.000000,80.000000
148.000000,0.000000,67.000000,80.000000
148.000000,0.000000,67.000000,80.000000
148.000000,0.000000,67.000000,80.000000
113.860001,4.599998,66.279999,80.800003
113.860001,4.599998,66.279999,80.800003
113.860001,4.599998,66.279999,80.800003
113.860001,4.599998,66.279999,80.800003
113.860001,4.599998,66.279999,80.800003
113.860001,4.599998,66.279999,80.800003
113.860001,4.599998,66.279999,80.800003
113.860001,4.599998,66.279999,80.800003
113.860001,4.599998,66.279999,80.800003
113.860001,4.599998,66.279999,80.800003
113.860001,4.599998,66.279999,80.800003
113.860001,4.599998,66.279999,80.800003
113.860001,4.599998,66.279999,80.800003
113.860001,4.599998,66.279999,80.800003
113.860001,4.599998,66.279999,80.800003
2
0
0
0
0
1
131.880005,45.029999,66.709991,71.610001
131.880005,45.029999,66.709991,71.610001
131.880005,45.029999,66.709991,71.610001
131.880005,45.029999,66.709991,71.610001
131.880005,45.029999,66.709991,71.610001
107.645004,20.195000,66.709991,71.610001
107.645004,20.195000,66.709991,71.610001
107.645004,20.195000,66.709991,71.610001
107.645004,20.195000,66.709991,71.610001
107.645004,20.195000,66.709991,71.610001
107.645004,20.195000,66.709991,71.610001
107.645004,20.195000,66.709991,71.610001
107.645004,20.195000,66.709991,71.610001
107.645004,20.195000,66.709991,71.610001
107.645004,20.195000,66.709991,71.610001
107.645004,20.195000,66.709991,71.610001
107.645004,20.195000,66.709991,71.610001
107.645004,20.195000,66.709991,71.610001
107.645004,20.195000,66.709991,71.610001
131.645004,44.195000,66.709991,71.610001
131.645004,44.195000,66.709991,71.610001
131.645004,44.195000,66.709991,71.610001
131.645004,44.195000,66.709991,71.610001
131.645004,44.195000,66.709991,71.610001
131.645004,44.195000,66.709991,71.610001
131.645004,44.195000,66.709991,71.610001
131.645004,44.195000,66.709991,71.610001
143.000000,2.000000,66.000000,71.000000
143.000000,2.000000,66.000000,71.000000
143.000000,2.000000,66.000000,71.000000
143.000000,2.000000,66.000000,71.000000
143.000000,2.000000,66.000000,71.000000
143.000000,2.000000,66.000000,71.000000
143.000000,2.000000,66.000000,71.000000
143.000000,2.000000,66.000000,71.000000
179.000000,0.000000,67.000000,73.000000
179.000000,0.000000,67.000000,73.000000
179.000000,0.000000,67.000000,73.000000
179.000000,0.000000,67.000000,73.000000
149.645004,64.195000,66.709991,71.610001
149.645004,64.195000,66.709991,71.610001
149.645004,64.195000,66.709991,71.610001
149.645004,64.195000,66.709991,71.610001
149.645004,64.195000,66.709991,71.610001
149.645004,64.195000,66.709991,71.610001
169.645004,34.195000,66.709991,71.610001
169.645004,34.195000,66.709991,71.610001
169.645004,34.195000,66.709991,71.610001
169.645004,34.195000,66.709991,71.610001
169.645004,34.195000,66.709991,71.610001
169.645004,34.195000,66.709991,71.610001
169.645004,34.195000,66.709991,71.610001
169.645004,34.195000,66.709991,71.610001
169.645004,34.195000,66.709991,71.610001
173.645004,14.195000,66.709991,71.610001
173.645004,14.195000,66.709991,71.610001
140.645004,4.195000,66.709991,71.610001
140.645004,4.195000,66.709991,71.610001
140.645004,4.195000,66.709991,71.610001
140.645004,4.195000,66.709991,71.610001
140.645004,4.195000,66.709991,71.610001
140.645004,4.195000,66.709991,71.610001
140.645004,4.195000,66.709991,71.610001
122.645004,47.195000,66.709991,71.610001
122.645004,47.195000,66.709991,71.610001
122.645004,47.195000,66.709991,71.610001
122.645004,47.195000,66.709991,71.610001
122.645004,47.195000,66.709991,71.610001
122.645004,47.195000,66.709991,71.610001
122.645004,47.195000,66.709991,71.610001
122.645004,47.195000,66.709991,71.610001
122.645004,47.195000,66.709991,71.610001
122.645004,47.195000,66.709991,71.610001
122.645004,47.195000,66.709991,71.610001
122.645004,47.195000,66.709991,71.610001
122.645004,47.195000,66.709991,71.610001
122.645004,47.195000,66.709991,71.610001
122.645004,47.195000,66.709991,71.610001
122.645004,47.195000,66.709991,71.610001
122.645004,47.195000,66.709991,71.610001
122.645004,47.195000,66.709991,71.610001
122.645004,47.195000,66.709991,71.610001
122.645004,47.195000,66.709991,71.610001
122.645004,47.195000,66.709991,71.610001
122.645004,47.195000,66.709991,71.610001
122.645004,47.195000,66.709991,71.610001
122.645004,47.195000,66.709991,71.610001
122.645004,47.195000,66.709991,71.610001
122.645004,47.195000,66.709991,71.610001
122.645004,47.195000,66.709991,71.610001
122.645004,47.195000,66.709991,71.610001
122.645004,47.195000,66.709991,71.610001
122.645004,47.195000,66.709991,71.610001
122.645004,47.195000,66.709991,71.610001
122.645004,47.195000,66.709991,71.610001
122.645004,47.195000,66.709991,71.610001
122.645004,47.195000,66.709991,71.610001
122.645004,47.195000,66.709991,71.610001
122.645004,47.195000,66.709991,71.610001
122.645004,47.195000,66.709991,71.610001
122.645004,47.195000,66.709991,71.610001
122.645004,47.195000,66.709991,71.610001
122.645004,47.195000,66.709991,71.610001
122.645004,47.195000,66.709991,71.610001
122.645004,47.195000,66.709991,71.610001
122.645004,47.195000,66.709991,71.610001
157.645004,24.195000,66.709991,71.610001
157.645004,24.195000,66.709991,71.610001
157.645004,24.195000,66.709991,71.610001
157.645004,24.195000,66.709991,71.610001
157.645004,24.195000,66.709991,71.610001
157.645004,24.195000,66.709991,71.610001
157.645004,24.195000,66.709991,71.610001
157.645004,24.195000,66.709991,71.610001
157.645004,24.195000,66.709991,71.610001
157.645004,24.195000,66.709991,71.610001
157.645004,24.195000,66.709991,71.610001
157.645004,24.195000,66.709991,71.610001
157.645004,24.195000,66.709991,71.610001
157.645004,24.195000,66.709991,71.610001
157.645004,24.195000,66.709991,71.610001
122.645004,14.195000,66.709991,71.610001
122.645004,14.195000,66.709991,71.610001
122.645004,14.195000,66.709991,71.610001
122.645004,14.195000,66.709991,71.610001
122.645004,14.195000,66.709991,71.610001
122.645004,14.195000,66.709991,71.610001
122.645004,14.195000,66.709991,71.610001
122.645004,14.195000,66.709991,71.610001
122.645004,14.195000,66.709991,71.610001
122.645004,14.195000,66.709991,71.610001
97.645004,4.195000,66.709991,71.610001
97.645004,4.195000,66.709991,71.610001
2
0
0
0
0
1
144.789993,51.090000,76.410004,90.699997
144.789993,51.090000,76.410004,90.699997
144.789993,51.090000,76.410004,90.699997
144.789993,51.090000,76.410004,90.699997
144.789993,51.090000,76.410004,90.699997
144.789993,51.090000,76.410004,90.699997
144.789993,51.090000,76.410004,90.699997
144.789993,51.090000,76.410004,90.699997
144.789993,51.090000,76.410004,90.699997
144.789993,51.090000,76.410004,90.699997
144.789993,51.090000,76.410004,90.699997
144.789993,51.090000,76.410004,90.699997
119.794998,33.650002,76.410004,90.699997
119.794998,33.650002,76.410004,90.699997
119.794998,33.650002,76.410004,90.699997
119.794998,33.650002,76.410004,90.699997
119.794998,33.650002,76.410004,90.699997
119.794998,33.650002,76.410004,90.699997
119.794998,33.650002,76.410004,90.699997
119.794998,33.650002,76.410004,90.699997
119.794998,33.650002,76.410004,90.699997
119.794998,33.650002,76.410004,90.699997
119.794998,33.650002,76.410004,90.699997
119.794998,33.650002,76.410004,90.699997
119.794998,33.650002,76.410004,90.699997
119.794998,33.650002,76.410004,90.699997
119.794998,33.650002,76.410004,90.699997
119.794998,33.650002,76.410004,90.699997
119.794998,33.650002,76.410004,90.699997
119.794998,33.650002,76.410004,90.699997
119.794998,33.650002,76.410004,90.699997
119.794998,33.650002,76.410004,90.699997
119.794998,33.650002,76.410004,90.699997
119.794998,33.650002,76.410004,90.699997
119.794998,33.650002,76.410004,90.699997
119.794998,33.650002,76.410004,90.699997
119.794998,33.650002,76.410004,90.699997
119.794998,33.650002,76.410004,90.699997
119.794998,33.650002,76.410004,90.699997
119.794998,33.650002,76.410004,90.699997
119.794998,33.650002,76.410004,90.699997
119.794998,33.650002,76.410004,90.699997
119.794998,33.650002,76.410004,90.699997
119.794998,33.650002,76.410004,90.699997
119.794998,33.650002,76.410004,90.699997
119.794998,33.650002,76.410004,90.699997
119.794998,33.650002,76.410004,90.699997
119.794998,33.650002,76.410004,90.699997
119.794998,33.650002,76.410004,90.699997
119.794998,33.650002,76.410004,90.699997
119.794998,33.650002,76.410004,90.699997
119.794998,33.650002,76.410004,90.699997
119.794998,33.650002,76.410004,90.699997
119.794998,33.650002,76.410004,90.699997
119.794998,33.650002,76.410004,90.699997
119.794998,33.650002,76.410004,90.699997
119.794998,33.650002,76.410004,90.699997
119.794998,33.650002,76.410004,90.699997
119.794998,33.650002,76.410004,90.699997
119.794998,33.650002,76.410004,90.699997
119.794998,33.650002,76.410004,90.699997
119.794998,33.650002,76.410004,90.699997
119.794998,33.650002,76.410004,90.699997
119.794998,33.650002,76.410004,90.699997
119.794998,33.650002,76.410004,90.699997
119.794998,33.650002,76.410004,90.699997
119.794998,33.650002,76.410004,90.699997
135.794998,64.650002,76.410004,90.699997
135.794998,64.650002,76.410004,90.699997
135.794998,64.650002,76.410004,90.699997
135.794998,64.650002,76.410004,90.699997
123.794998,39.650002,76.410004,90.699997
123.794998,39.650002,76.410004,90.699997
123.794998,39.650002,76.410004,90.699997
123.794998,39.650002,76.410004,90.699997
123.794998,39.650002,76.410004,90.699997
103.794998,44.650002,76.410004,90.699997
103.794998,44.650002,76.410004,90.699997
103.794998,44.650002,76.410004,90.699997
103.794998,44.650002,76.410004,90.699997
81.794998,52.650002,76.410004,90.699997
81.794998,52.650002,76.410004,90.699997
81.794998,52.650002,76.410004,90.699997
2
0
0
0
0
1
164.820007,38.180000,69.189987,101.170006
164.820007,38.180000,69.189987,101.170006
164.820007,38.180000,69.189987,101.170006
164.820007,38.180000,69.189987,101.170006
164.820007,38.180000,69.189987,101.170006
164.820007,38.180000,69.189987,101.170006
164.820007,38.180000,69.189987,101.170006
164.820007,38.180000,69.189987,101.170006
164.820007,38.180000,69.189987,101.170006
164.820007,38.180000,69.189987,101.170006
164.820007,38.180000,69.189987,101.170006
164.820007,38.180000,69.189987,101.170006
164.820007,38.180000,69.189987,101.170006
164.820007,38.180000,69.189987,101.170006
164.820007,38.180000,69.189987,101.170006
164.820007,38.180000,69.189987,101.170006
164.820007,38.180000,69.189987,101.170006
164.820007,38.180000,69.189987,101.170006
164.820007,38.180000,69.189987,101.170006
164.820007,38.180000,69.189987,101.170006
164.820007,38.180000,69.189987,101.170006
164.820007,38.180000,69.189987,101.170006
164.820007,38.180000,69.189987,101.170006
164.820007,38.180000,69.189987,101.170006
164.405014,37.414997,69.189987,101.170006
164.405014,37.414997,69.189987,101.170006
139.405014,39.414997,69.189987,101.170006
139.405014,39.414997,69.189987,101.170006
139.405014,39.414997,69.189987,101.170006
139.405014,39.414997,69.189987,101.170006
139.405014,39.414997,69.189987,101.170006
139.405014,39.414997,69.189987,101.170006
139.405014,39.414997,69.189987,101.170006
139.405014,39.414997,69.189987,101.170006
139.405014,39.414997,69.189987,101.170006
139.405014,39.414997,69.189987,101.170006
139.405014,39.414997,69.189987,101.170006
139.405014,39.414997,69.189987,101.170006
139.405014,39.414997,69.189987,101.170006
139.405014,39.414997,69.189987,101.170006
139.405014,39.414997,69.189987,101.170006
139.405014,39.414997,69.189987,101.170006
139.405014,39.414997,69.189987,101.170006
139.405014,39.414997,69.189987,101.170006
139.405014,39.414997,69.189987,101.170006
139.405014,39.414997,69.189987,101.170006
139.405014,39.414997,69.189987,101.170006
139.405014,39.414997,69.189987,101.170006
139.405014,39.414997,69.189987,101.170006
139.405014,39.414997,69.189987,101.170006
139.405014,39.414997,69.189987,101.170006
139.405014,39.414997,69.189987,101.170006
119.405006,43.414997,69.189987,101.170006
