1
148.850006,56.860001,84.639999,109.229996
148.850006,56.860001,84.639999,109.229996
148.850006,56.860001,84.639999,109.229996
148.850006,56.860001,84.639999,109.229996
148.850006,56.860001,84.639999,109.229996
148.850006,56.860001,84.639999,109.229996
148.850006,56.860001,84.639999,109.229996
148.850006,56.860001,84.639999,109.229996
148.850006,56.860001,84.639999,109.229996
148.850006,56.860001,84.639999,109.229996
148.850006,56.860001,84.639999,109.229996
116.680000,44.385002,84.639999,109.229996
116.680000,44.385002,84.639999,109.229996
116.680000,44.385002,84.639999,109.229996
116.680000,44.385002,84.639999,109.229996
116.680000,44.385002,84.639999,109.229996
116.680000,44.385002,84.639999,109.229996
116.680000,44.385002,84.639999,109.229996
116.680000,44.385002,84.639999,109.229996
116.680000,44.385002,84.639999,109.229996
116.680000,44.385002,84.639999,109.229996
116.680000,44.385002,84.639999,109.229996
116.680000,44.385002,84.639999,109.229996
116.680000,44.385002,84.639999,109.229996
116.680000,44.385002,84.639999,109.229996
116.680000,44.385002,84.639999,109.229996
116.680000,44.385002,84.639999,109.229996
116.680000,44.385002,84.639999,109.229996
116.680000,44.385002,84.639999,109.229996
116.680000,44.385002,84.639999,109.229996
116.680000,44.385002,84.639999,109.229996
116.680000,44.385002,84.639999,109.229996
116.680000,44.385002,84.639999,109.229996
116.680000,44.385002,84.639999,109.229996
149.680008,39.385002,84.639999,109.229996
149.680008,39.385002,84.639999,109.229996
149.680008,39.385002,84.639999,109.229996
149.680008,39.385002,84.639999,109.229996
149.680008,39.385002,84.639999,109.229996
149.680008,39.385002,84.639999,109.229996
149.680008,39.385002,84.639999,109.229996
149.680008,39.385002,84.639999,109.229996
149.680008,39.385002,84.639999,109.229996
115.680000,24.385002,84.639999,109.229996
115.680000,24.385002,84.639999,109.229996
115.680000,24.385002,84.639999,109.229996
115.680000,24.385002,84.639999,109.229996
115.680000,24.385002,84.639999,109.229996
115.680000,24.385002,84.639999,109.229996
115.680000,24.385002,84.639999,109.229996
115.680000,24.385002,84.639999,109.229996
115.680000,24.385002,84.639999,109.229996
115.680000,24.385002,84.639999,109.229996
115.680000,24.385002,84.639999,109.229996
115.680000,24.385002,84.639999,109.229996
115.680000,24.385002,84.639999,109.229996
115.680000,24.385002,84.639999,109.229996
115.680000,24.385002,84.639999,109.229996
115.680000,24.385002,84.639999,109.229996
115.680000,24.385002,84.639999,109.229996
115.680000,24.385002,84.639999,109.229996
115.680000,24.385002,84.639999,109.229996
115.680000,24.385002,84.639999,109.229996
115.680000,24.385002,84.639999,109.229996
115.680000,24.385002,84.639999,109.229996
115.680000,24.385002,84.639999,109.229996
115.680000,24.385002,84.639999,109.229996
115.680000,24.385002,84.639999,109.229996
115.680000,24.385002,84.639999,109.229996
115.680000,24.385002,84.639999,109.229996
115.680000,24.385002,84.639999,109.229996
115.680000,24.385002,84.639999,109.229996
115.680000,24.385002,84.639999,109.229996
115.680000,24.385002,84.639999,109.229996
115.680000,24.385002,84.639999,109.229996
115.680000,24.385002,84.639999,109.229996
115.680000,24.385002,84.639999,109.229996
115.680000,24.385002,84.639999,109.229996
115.680000,24.385002,84.639999,109.229996
115.680000,24.385002,84.639999,109.229996
115.680000,24.385002,84.639999,109.229996
115.680000,24.385002,84.639999,109.229996
115.680000,24.385002,84.639999,109.229996
115.680000,24.385002,84.639999,109.229996
115.680000,24.385002,84.639999,109.229996
115.680000,24.385002,84.639999,109.229996
115.680000,24.385002,84.639999,109.229996
115.680000,24.385002,84.639999,109.229996
115.680000,24.385002,84.639999,109.229996
115.680000,24.385002,84.639999,109.229996
115.680000,24.385002,84.639999,109.229996
115.680000,24.385002,84.639999,109.229996
115.680000,24.385002,84.639999,109.229996
115.680000,24.385002,84.639999,109.229996
115.680000,24.385002,84.639999,109.229996
115.680000,24.385002,84.639999,109.229996
115.680000,24.385002,84.639999,109.229996
115.680000,24.385002,84.639999,109.229996
154.680008,29.385002,84.639999,109.229996
154.680008,29.385002,84.639999,109.229996
154.680008,29.385002,84.639999,109.229996
154.680008,29.385002,84.639999,109.229996
154.680008,29.385002,84.639999,109.229996
154.680008,29.385002,84.639999,109.229996
154.680008,29.385002,84.639999,109.229996
154.680008,29.385002,84.639999,109.229996
154.680008,29.385002,84.639999,109.229996
154.680008,29.385002,84.639999,109.229996
154.680008,29.385002,84.639999,109.229996
154.680008,29.385002,84.639999,109.229996
154.680008,29.385002,84.639999,109.229996
154.680008,29.385002,84.639999,109.229996
114.680000,33.385002,84.639999,109.229996
114.680000,33.385002,84.639999,109.229996
114.680000,33.385002,84.639999,109.229996
114.680000,33.385002,84.639999,109.229996
114.680000,33.385002,84.639999,109.229996
114.680000,33.385002,84.639999,109.229996
114.680000,33.385002,84.639999,109.229996
114.680000,33.385002,84.639999,109.229996
114.680000,33.385002,84.639999,109.229996
114.680000,33.385002,84.639999,109.229996
114.680000,33.385002,84.639999,109.229996
114.680000,33.385002,84.639999,109.229996
114.680000,33.385002,84.639999,109.229996
114.680000,33.385002,84.639999,109.229996
131.680008,3.385002,84.639999,109.229996
131.680008,3.385002,84.639999,109.229996
131.680008,3.385002,84.639999,109.229996
131.680008,3.385002,84.639999,109.229996
131.680008,3.385002,84.639999,109.229996
131.680008,3.385002,84.639999,109.229996
131.680008,3.385002,84.639999,109.229996
131.680008,3.385002,84.639999,109.229996
131.680008,3.385002,84.639999,109.229996
131.680008,3.385002,84.639999,109.229996
131.680008,3.385002,84.639999,109.229996
131.680008,3.385002,84.639999,109.229996
131.680008,3.385002,84.639999,109.229996
131.680008,3.385002,84.639999,109.229996
131.680008,3.385002,84.639999,109.229996
131.680008,3.385002,84.639999,109.229996
131.680008,3.385002,84.639999,109.229996
131.680008,3.385002,84.639999,109.229996
131.680008,3.385002,84.639999,109.229996
131.680008,3.385002,84.639999,109.229996
131.680008,3.385002,84.639999,109.229996
131.680008,3.385002,84.639999,109.229996
131.680008,3.385002,84.639999,109.229996
131.680008,3.385002,84.639999,109.229996
131.680008,3.385002,84.639999,109.229996
131.680008,3.385002,84.639999,109.229996
131.680008,3.385002,84.639999,109.229996
131.680008,3.385002,84.639999,109.229996
131.680008,3.385002,84.639999,109.229996
131.680008,3.385002,84.639999,109.229996
131.680008,3.385002,84.639999,109.229996
131.680008,3.385002,84.639999,109.229996
131.680008,3.385002,84.639999,109.229996
131.680008,3.385002,84.639999,109.229996
131.680008,3.385002,84.639999,109.229996
131.680008,3.385002,84.639999,109.229996
131.680008,3.385002,84.639999,109.229996
131.680008,3.385002,84.639999,109.229996
131.680008,3.385002,84.639999,109.229996
131.680008,3.385002,84.639999,109.229996
131.680008,3.385002,84.639999,109.229996
131.680008,3.385002,84.639999,109.229996
131.680008,3.385002,84.639999,109.229996
131.680008,3.385002,84.639999,109.229996
131.680008,3.385002,84.639999,109.229996
131.680008,3.385002,84.639999,109.229996
131.680008,3.385002,84.639999,109.229996
131.680008,3.385002,84.639999,109.229996
131.680008,3.385002,84.639999,109.229996
131.680008,3.385002,84.639999,109.229996
131.680008,3.385002,84.639999,109.229996
131.680008,3.385002,84.639999,109.229996
131.680008,3.385002,84.639999,109.229996
131.680008,3.385002,84.639999,109.229996
131.680008,3.385002,84.639999,109.229996
131.680008,3.385002,84.639999,109.229996
131.680008,3.385002,84.639999,109.229996
131.680008,3.385002,84.639999,109.229996
131.680008,3.385002,84.639999,109.229996
131.680008,3.385002,84.639999,109.229996
131.680008,3.385002,84.639999,109.229996
131.680008,3.385002,84.639999,109.229996
131.680008,3.385002,84.639999,109.229996
131.680008,3.385002,84.639999,109.229996
103.680000,8.385002,84.639999,109.229996
103.680000,8.385002,84.639999,109.229996
103.680000,8.385002,84.639999,109.229996
103.680000,8.385002,84.639999,109.229996
103.680000,8.385002,84.639999,109.229996
103.680000,8.385002,84.639999,109.229996
103.680000,8.385002,84.639999,109.229996
103.680000,8.385002,84.639999,109.229996
103.680000,8.385002,84.639999,109.229996
103.680000,8.385002,84.639999,109.229996
103.680000,8.385002,84.639999,109.229996
103.680000,8.385002,84.639999,109.229996
138.000000,0.000000,85.000000,110.000000
138.000000,0.000000,85.000000,110.000000
138.000000,0.000000,85.000000,110.000000
138.000000,0.000000,85.000000,110.000000
138.000000,0.000000,85.000000,110.000000
138.000000,0.000000,85.000000,110.000000
138.000000,0.000000,84.000000,110.000000
138.000000,0.000000,84.000000,110.000000
138.000000,0.000000,84.000000,110.000000
138.000000,0.000000,84.000000,110.000000
138.000000,0.000000,84.000000,110.000000
138.000000,0.000000,84.000000,110.000000
138.000000,0.000000,84.000000,110.000000
138.000000,0.000000,84.000000,110.000000
138.000000,0.000000,84.000000,110.000000
138.000000,0.000000,84.000000,110.000000
138.000000,0.000000,84.000000,110.000000
138.000000,0.000000,84.000000,110.000000
138.000000,0.000000,84.000000,110.000000
108.000000,5.000000,84.000000,110.000000
108.000000,5.000000,84.000000,110.000000
108.000000,5.000000,84.000000,110.000000
108.000000,5.000000,84.000000,110.000000
108.000000,5.000000,84.000000,110.000000
108.000000,5.000000,84.000000,110.000000
108.000000,5.000000,84.000000,110.000000
108.000000,5.000000,84.000000,110.000000
108.000000,5.000000,84.000000,110.000000
160.000000,5.000000,84.000000,110.000000
160.000000,5.000000,84.000000,110.000000
160.000000,5.000000,84.000000,110.000000
160.000000,5.000000,84.000000,110.000000
160.000000,5.000000,84.000000,110.000000
160.000000,5.000000,84.000000,110.000000
160.000000,5.000000,84.000000,110.000000
160.000000,5.000000,84.000000,110.000000
160.000000,5.000000,84.000000,110.000000
160.000000,5.000000,84.000000,110.000000
160.000000,5.000000,84.000000,110.000000
160.000000,5.000000,84.000000,110.000000
160.000000,5.000000,84.000000,110.000000
160.000000,5.000000,84.000000,110.000000
160.000000,5.000000,84.000000,110.000000
160.000000,5.000000,84.000000,110.000000
160.000000,5.000000,84.000000,110.000000
160.000000,5.000000,84.000000,110.000000
160.000000,5.000000,84.000000,110.000000
160.000000,5.000000,84.000000,110.000000
160.000000,5.000000,84.000000,110.000000
160.000000,5.000000,84.000000,110.000000
160.000000,5.000000,84.000000,110.000000
160.000000,5.000000,84.000000,110.000000
160.000000,5.000000,84.000000,110.000000
160.000000,5.000000,84.000000,110.000000
160.000000,5.000000,84.000000,110.000000
160.000000,5.000000,84.000000,110.000000
160.000000,5.000000,84.000000,110.000000
160.000000,5.000000,84.000000,110.000000
160.000000,5.000000,84.000000,110.000000
160.000000,5.000000,84.000000,110.000000
160.000000,5.000000,84.000000,110.000000
160.000000,5.000000,84.000000,110.000000
160.000000,5.000000,84.000000,110.000000
160.000000,5.000000,84.000000,110.000000
160.000000,5.000000,84.000000,110.000000
160.000000,5.000000,84.000000,110.000000
160.000000,5.000000,84.000000,110.000000
160.000000,5.000000,84.000000,110.000000
160.000000,5.000000,84.000000,110.000000
160.000000,5.000000,84.000000,110.000000
160.000000,5.000000,84.000000,110.000000
160.000000,5.000000,84.000000,110.000000
160.000000,5.000000,84.000000,110.000000
160.000000,5.000000,84.000000,110.000000
160.000000,5.000000,84.000000,110.000000
125.000000,20.000000,84.000000,110.000000
125.000000,20.000000,84.000000,110.000000
125.000000,20.000000,84.000000,110.000000
125.000000,20.000000,84.000000,110.000000
125.000000,20.000000,84.000000,110.000000
125.000000,20.000000,84.000000,110.000000
125.000000,20.000000,84.000000,110.000000
125.000000,20.000000,84.000000,110.000000
125.000000,20.000000,84.000000,110.000000
125.000000,20.000000,84.000000,110.000000
125.000000,20.000000,84.000000,110.000000
125.000000,20.000000,84.000000,110.000000
125.000000,20.000000,84.000000,110.000000
125.000000,20.000000,84.000000,110.000000
125.000000,20.000000,84.000000,110.000000
125.000000,20.000000,84.000000,110.000000
125.000000,20.000000,84.000000,110.000000
125.000000,20.000000,84.000000,110.000000
125.000000,20.000000,84.000000,110.000000
125.000000,20.000000,84.000000,110.000000
125.000000,20.000000,84.000000,110.000000
125.000000,20.000000,84.000000,110.000000
125.000000,20.000000,84.000000,110.000000
95.000000,25.000000,84.000000,110.000000
95.000000,25.000000,84.000000,110.000000
95.000000,25.000000,84.000000,110.000000
64.000000,0.000000,84.000000,110.000000
64.000000,0.000000,84.000000,110.000000
64.000000,0.000000,84.000000,110.000000
64.000000,0.000000,84.000000,110.000000
64.000000,0.000000,84.000000,110.000000
64.000000,0.000000,84.000000,110.000000
64.000000,0.000000,84.000000,110.000000
64.000000,0.000000,84.000000,110.000000
64.000000,0.000000,84.000000,110.000000
41.000000,10.000000,84.000000,110.000000
41.000000,10.000000,84.000000,110.000000
41.000000,10.000000,84.000000,110.000000
41.000000,10.000000,84.000000,110.000000
41.000000,10.000000,84.000000,110.000000
41.000000,10.000000,84.000000,110.000000
41.000000,10.000000,84.000000,110.000000
41.000000,10.000000,84.000000,110.000000
41.000000,10.000000,84.000000,110.000000
41.000000,10.000000,84.000000,110.000000
41.000000,10.000000,84.000000,110.000000
41.000000,10.000000,84.000000,110.000000
41.000000,10.000000,84.000000,110.000000
50.000000,49.000000,84.000000,110.000000
50.000000,49.000000,84.000000,110.000000
99.000000,64.000000,84.000000,110.000000
81.000000,24.000000,84.000000,110.000000
81.000000,24.000000,84.000000,110.000000
81.000000,24.000000,84.000000,110.000000
81.000000,24.000000,84.000000,110.000000
81.000000,24.000000,84.000000,110.000000
81.000000,24.000000,84.000000,110.000000
81.000000,24.000000,84.000000,110.000000
81.000000,24.000000,84.000000,110.000000
105.000000,28.000000,84.000000,110.000000
105.000000,28.000000,84.000000,110.000000
105.000000,28.000000,84.000000,110.000000
105.000000,28.000000,84.000000,110.000000
105.000000,28.000000,84.000000,110.000000
105.000000,28.000000,84.000000,110.000000
105.000000,28.000000,84.000000,110.000000
105.000000,28.000000,84.000000,110.000000
105.000000,28.000000,84.000000,110.000000
105.000000,28.000000,84.000000,110.000000
105.000000,28.000000,84.000000,110.000000
105.000000,28.000000,84.000000,110.000000
105.000000,28.000000,84.000000,110.000000
105.000000,28.000000,84.000000,110.000000
105.000000,28.000000,84.000000,110.000000
105.000000,28.000000,84.000000,110.000000
105.000000,28.000000,84.000000,110.000000
105.000000,28.000000,84.000000,110.000000
105.000000,28.000000,84.000000,110.000000
105.000000,28.000000,84.000000,110.000000
105.000000,28.000000,84.000000,110.000000
105.000000,28.000000,84.000000,110.000000
105.000000,28.000000,84.000000,110.000000
156.000000,78.000000,84.000000,110.000000
156.000000,78.000000,84.000000,110.000000
156.000000,78.000000,84.000000,110.000000
122.000000,48.000000,84.000000,110.000000
122.000000,48.000000,84.000000,110.000000
122.000000,48.000000,84.000000,110.000000
122.000000,48.000000,84.000000,110.000000
122.000000,48.000000,84.000000,110.000000
122.000000,48.000000,84.000000,110.000000
100.000000,55.000000,84.000000,110.000000
100.000000,55.000000,84.000000,110.000000
100.000000,55.000000,84.000000,110.000000
100.000000,55.000000,84.000000,110.000000
100.000000,55.000000,84.000000,110.000000
100.000000,55.000000,84.000000,110.000000
100.000000,55.000000,84.000000,110.000000
100.000000,55.000000,84.000000,110.000000
100.000000,55.000000,84.000000,110.000000
100.000000,55.000000,84.000000,110.000000
81.000000,35.000000,84.000000,110.000000
81.000000,35.000000,84.000000,110.000000
81.000000,35.000000,84.000000,110.000000
81.000000,35.000000,84.000000,110.000000
81.000000,35.000000,84.000000,110.000000
81.000000,35.000000,84.000000,110.000000
81.000000,35.000000,84.000000,110.000000
81.000000,35.000000,84.000000,110.000000
81.000000,35.000000,84.000000,110.000000
81.000000,35.000000,84.000000,110.000000
116.000000,40.000000,84.000000,110.000000
116.000000,40.000000,84.000000,110.000000
116.000000,40.000000,84.000000,110.000000
116.000000,40.000000,84.000000,110.000000
116.000000,40.000000,84.000000,110.000000
116.000000,40.000000,84.000000,110.000000
116.000000,40.000000,84.000000,110.000000
116.000000,40.000000,84.000000,110.000000
116.000000,40.000000,84.000000,110.000000
116.000000,40.000000,84.000000,110.000000
116.000000,40.000000,84.000000,110.000000
116.000000,40.000000,84.000000,110.000000
116.000000,40.000000,84.000000,110.000000
116.000000,40.000000,84.000000,110.000000
116.000000,40.000000,84.000000,110.000000
116.000000,40.000000,84.000000,110.000000
116.000000,40.000000,84.000000,110.000000
2
0
0
0
0
1
151.660004,37.689999,74.339996,86.770004
151.660004,37.689999,74.339996,86.770004
151.660004,37.689999,74.339996,86.770004
151.660004,37.689999,74.339996,86.770004
151.660004,37.689999,74.339996,86.770004
151.660004,37.689999,74.339996,86.770004
151.660004,37.689999,74.339996,86.770004
151.660004,37.689999,74.339996,86.770004
151.660004,37.689999,74.339996,86.770004
151.660004,37.689999,74.339996,86.770004
151.660004,37.689999,74.339996,86.770004
151.660004,37.689999,74.339996,86.770004
151.660004,37.689999,74.339996,86.770004
151.660004,37.689999,74.339996,86.770004
122.830002,34.614998,74.339996,86.770004
122.830002,34.614998,74.339996,86.770004
83.000000,0.000000,75.000000,86.000000
83.000000,0.000000,75.000000,86.000000
83.000000,0.000000,75.000000,86.000000
83.000000,0.000000,75.000000,86.000000
83.000000,0.000000,75.000000,86.000000
83.000000,0.000000,75.000000,86.000000
83.000000,0.000000,75.000000,86.000000
83.000000,0.000000,75.000000,86.000000
83.000000,0.000000,75.000000,86.000000
83.000000,0.000000,75.000000,86.000000
83.000000,0.000000,75.000000,86.000000
83.000000,0.000000,75.000000,86.000000
83.000000,0.000000,75.000000,86.000000
2
0
0
0
0
1
159.119995,47.560001,55.779999,69.119995
159.119995,47.560001,55.779999,69.119995
159.119995,47.560001,55.779999,69.119995
159.119995,47.560001,55.779999,69.119995
159.119995,47.560001,55.779999,69.119995
159.119995,47.560001,55.779999,69.119995
159.119995,47.560001,55.779999,69.119995
159.119995,47.560001,55.779999,69.119995
159.119995,47.560001,55.779999,69.119995
159.119995,47.560001,55.779999,69.119995
159.119995,47.560001,55.779999,69.119995
159.119995,47.560001,55.779999,69.119995
159.119995,47.560001,55.779999,69.119995
159.119995,47.560001,55.779999,69.119995
159.119995,47.560001,55.779999,69.119995
159.119995,47.560001,55.779999,69.119995
159.110001,47.440002,55.779999,69.119995
159.110001,47.440002,55.779999,69.119995
159.110001,47.440002,55.779999,69.119995
159.110001,47.440002,55.779999,69.119995
159.110001,47.440002,55.779999,69.119995
159.110001,47.440002,55.779999,69.119995
159.110001,47.440002,55.779999,69.119995
159.110001,47.440002,55.779999,69.119995
138.110001,60.440002,55.779999,69.119995
138.110001,60.440002,55.779999,69.119995
138.110001,60.440002,55.779999,69.119995
138.110001,60.440002,55.779999,69.119995
138.110001,60.440002,55.779999,69.119995
138.110001,60.440002,55.779999,69.119995
138.110001,60.440002,55.779999,69.119995
138.110001,60.440002,55.779999,69.119995
138.110001,60.440002,55.779999,69.119995
138.110001,60.440002,55.779999,69.119995
138.110001,60.440002,55.779999,69.119995
138.110001,60.440002,55.779999,69.119995
138.110001,60.440002,55.779999,69.119995
138.110001,60.440002,55.779999,69.119995
138.110001,60.440002,55.779999,69.119995
138.110001,60.440002,55.779999,69.119995
138.110001,60.440002,55.779999,69.119995
138.110001,60.440002,55.779999,69.119995
138.110001,60.440002,55.779999,69.119995
138.110001,60.440002,55.779999,69.119995
147.110001,32.440002,55.779999,69.119995
147.110001,32.440002,55.779999,69.119995
147.110001,32.440002,55.779999,69.119995
147.110001,32.440002,55.779999,69.119995
147.110001,32.440002,55.779999,69.119995
147.110001,32.440002,55.779999,69.119995
114.110001,25.440002,55.779999,69.119995
114.110001,25.440002,55.779999,69.119995
114.110001,25.440002,55.779999,69.119995
114.110001,25.440002,55.779999,69.119995
114.110001,25.440002,55.779999,69.119995
114.110001,25.440002,55.779999,69.119995
114.110001,25.440002,55.779999,69.119995
153.110001,15.440002,55.779999,69.119995
153.110001,15.440002,55.779999,69.119995
153.110001,15.440002,55.779999,69.119995
153.110001,15.440002,55.779999,69.119995
153.110001,15.440002,55.779999,69.119995
153.110001,15.440002,55.779999,69.119995
153.110001,15.440002,55.779999,69.119995
153.110001,15.440002,55.779999,69.119995
153.110001,15.440002,55.779999,69.119995
153.110001,15.440002,55.779999,69.119995
153.110001,15.440002,55.779999,69.119995
153.110001,15.440002,55.779999,69.119995
153.110001,15.440002,55.779999,69.119995
172.000000,1.000000,56.000000,69.000000
172.000000,1.000000,56.000000,69.000000
172.000000,1.000000,56.000000,69.000000
172.000000,1.000000,56.000000,69.000000
172.000000,1.000000,56.000000,69.000000
172.000000,1.000000,56.000000,69.000000
172.000000,1.000000,56.000000,69.000000
172.000000,1.000000,56.000000,69.000000
160.110001,24.440002,55.779999,69.119995
160.110001,24.440002,55.779999,69.119995
194.110001,4.440002,55.779999,69.119995
194.110001,4.440002,55.779999,69.119995
194.110001,4.440002,55.779999,69.119995
194.110001,4.440002,55.779999,69.119995
194.110001,4.440002,55.779999,69.119995
194.110001,4.440002,55.779999,69.119995
194.110001,4.440002,55.779999,69.119995
223.110001,14.440002,55.779999,69.119995
223.110001,14.440002,55.779999,69.119995
2
0
0
0
0
1
123.519997,20.250000,86.720009,100.300003
123.519997,20.250000,86.720009,100.300003
123.519997,20.250000,86.720009,100.300003
123.519997,20.250000,86.720009,100.300003
123.519997,20.250000,86.720009,100.300003
123.519997,20.250000,86.720009,100.300003
123.519997,20.250000,86.720009,100.300003
123.519997,20.250000,86.720009,100.300003
123.519997,20.250000,86.720009,100.300003
123.519997,20.250000,86.720009,100.300003
123.519997,20.250000,86.720009,100.300003
123.519997,20.250000,86.720009,100.300003
98.639992,4.849998,86.720009,100.300003
98.639992,4.849998,86.720009,100.300003
98.639992,4.849998,86.720009,100.300003
98.639992,4.849998,86.720009,100.300003
98.639992,4.849998,86.720009,100.300003
98.639992,4.849998,86.720009,100.300003
98.639992,4.849998,86.720009,100.300003
98.639992,4.849998,86.720009,100.300003
98.639992,4.849998,86.720009,100.300003
98.639992,4.849998,86.720009,100.300003
133.639999,14.849998,86.720009,100.300003
133.639999,14.849998,86.720009,100.300003
133.639999,14.849998,86.720009,100.300003
133.639999,14.849998,86.720009,100.300003
133.639999,14.849998,86.720009,100.300003
133.639999,14.849998,86.720009,100.300003
133.639999,14.849998,86.720009,100.300003
133.639999,14.849998,86.720009,100.300003
133.639999,14.849998,86.720009,100.300003
133.639999,14.849998,86.720009,100.300003
133.639999,14.849998,86.720009,100.300003
133.639999,14.849998,86.720009,100.300003
133.639999,14.849998,86.720009,100.300003
133.639999,14.849998,86.720009,100.300003
133.639999,14.849998,86.720009,100.300003
93.639992,14.849998,86.720009,100.300003
93.639992,14.849998,86.720009,100.300003
93.639992,14.849998,86.720009,100.300003
93.639992,14.849998,86.720009,100.300003
93.639992,14.849998,86.720009,100.300003
93.639992,14.849998,86.720009,100.300003
93.639992,14.849998,86.720009,100.300003
93.639992,14.849998,86.720009,100.300003
93.639992,14.849998,86.720009,100.300003
93.639992,14.849998,86.720009,100.300003
93.639992,14.849998,86.720009,100.300003
93.639992,14.849998,86.720009,100.300003
157.639999,13.849998,86.720009,100.300003
157.639999,13.849998,86.720009,100.300003
126.639992,8.849998,86.720009,100.300003
126.639992,8.849998,86.720009,100.300003
126.639992,8.849998,86.720009,100.300003
126.639992,8.849998,86.720009,100.300003
126.639992,8.849998,86.720009,100.300003
126.639992,8.849998,86.720009,100.300003
126.639992,8.849998,86.720009,100.300003
126.639992,8.849998,86.720009,100.300003
126.639992,8.849998,86.720009,100.300003
126.639992,8.849998,86.720009,100.300003
126.639992,8.849998,86.720009,100.300003
126.639992,8.849998,86.720009,100.300003
126.639992,8.849998,86.720009,100.300003
126.639992,8.849998,86.720009,100.300003
126.639992,8.849998,86.720009,100.300003
126.639992,8.849998,86.720009,100.300003
126.639992,8.849998,86.720009,100.300003
126.639992,8.849998,86.720009,100.300003
126.639992,8.849998,86.720009,100.300003
126.639992,8.849998,86.720009,100.300003
126.639992,8.849998,86.720009,100.300003
126.639992,8.849998,86.720009,100.300003
126.639992,8.849998,86.720009,100.300003
126.639992,8.849998,86.720009,100.300003
126.639992,8.849998,86.720009,100.300003
126.639992,8.849998,86.720009,100.300003
126.639992,8.849998,86.720009,100.300003
126.639992,8.849998,86.720009,100.300003
126.639992,8.849998,86.720009,100.300003
126.639992,8.849998,86.720009,100.300003
126.639992,8.849998,86.720009,100.300003
126.639992,8.849998,86.720009,100.300003
126.639992,8.849998,86.720009,100.300003
126.639992,8.849998,86.720009,100.300003
126.639992,8.849998,86.720009,100.300003
126.639992,8.849998,86.720009,100.300003
126.639992,8.849998,86.720009,100.300003
126.639992,8.849998,86.720009,100.300003
126.639992,8.849998,86.720009,100.300003
126.639992,8.849998,86.720009,100.300003
126.639992,8.849998,86.720009,100.300003
126.639992,8.849998,86.720009,100.300003
126.639992,8.849998,86.720009,100.300003
126.639992,8.849998,86.720009,100.300003
126.639992,8.849998,86.720009,100.300003
126.639992,8.849998,86.720009,100.300003
126.639992,8.849998,86.720009,100.300003
126.639992,8.849998,86.720009,100.300003
126.639992,8.849998,86.720009,100.300003
126.639992,8.849998,86.720009,100.300003
126.639992,8.849998,86.720009,100.300003
97.639992,19.849998,86.720009,100.300003
97.639992,19.849998,86.720009,100.300003
97.639992,19.849998,86.720009,100.300003
97.639992,19.849998,86.720009,100.300003
97.639992,19.849998,86.720009,100.300003
97.639992,19.849998,86.720009,100.300003
97.639992,19.849998,86.720009,100.300003
97.639992,19.849998,86.720009,100.300003
97.639992,19.849998,86.720009,100.300003
97.639992,19.849998,86.720009,100.300003
97.639992,19.849998,86.720009,100.300003
97.639992,19.849998,86.720009,100.300003
97.639992,19.849998,86.720009,100.300003
97.639992,19.849998,86.720009,100.300003
97.639992,19.849998,86.720009,100.300003
142.639999,54.849998,86.720009,100.300003
142.639999,54.849998,86.720009,100.300003
142.639999,54.849998,86.720009,100.300003
142.639999,54.849998,86.720009,100.300003
142.639999,54.849998,86.720009,100.300003
142.639999,54.849998,86.720009,100.300003
142.639999,54.849998,86.720009,100.300003
142.639999,54.849998,86.720009,100.300003
142.639999,54.849998,86.720009,100.300003
142.639999,54.849998,86.720009,100.300003
142.639999,54.849998,86.720009,100.300003
142.639999,54.849998,86.720009,100.300003
142.639999,54.849998,86.720009,100.300003
142.639999,54.849998,86.720009,100.300003
142.639999,54.849998,86.720009,100.300003
142.639999,54.849998,86.720009,100.300003
142.639999,54.849998,86.720009,100.300003
142.639999,54.849998,86.720009,100.300003
142.639999,54.849998,86.720009,100.300003
142.639999,54.849998,86.720009,100.300003
142.639999,54.849998,86.720009,100.300003
142.639999,54.849998,86.720009,100.300003
142.639999,54.849998,86.720009,100.300003
142.639999,54.849998,86.720009,100.300003
142.639999,54.849998,86.720009,100.300003
142.639999,54.849998,86.720009,100.300003
142.639999,54.849998,86.720009,100.300003
142.639999,54.849998,86.720009,100.300003
142.639999,54.849998,86.720009,100.300003
142.639999,54.849998,86.720009,100.300003
142.639999,54.849998,86.720009,100.300003
142.639999,54.849998,86.720009,100.300003
142.639999,54.849998,86.720009,100.300003
142.639999,54.849998,86.720009,100.300003
142.639999,54.849998,86.720009,100.300003
142.639999,54.849998,86.720009,100.300003
142.639999,54.849998,86.720009,100.300003
142.639999,54.849998,86.720009,100.300003
142.639999,54.849998,86.720009,100.300003
142.639999,54.849998,86.720009,100.300003
142.639999,54.849998,86.720009,100.300003
116.639992,54.849998,86.720009,100.300003
116.639992,54.849998,86.720009,100.300003
116.639992,54.849998,86.720009,100.300003
116.639992,54.849998,86.720009,100.300003
116.639992,54.849998,86.720009,100.300003
116.639992,54.849998,86.720009,100.300003
116.639992,54.849998,86.720009,100.300003
116.639992,54.849998,86.720009,100.300003
79.639992,64.849998,86.720009,100.300003
79.639992,64.849998,86.720009,100.300003
79.639992,64.849998,86.720009,100.300003
79.639992,64.849998,86.720009,100.300003
79.639992,64.849998,86.720009,100.300003
150.639999,49.849998,86.720009,100.300003
150.639999,49.849998,86.720009,100.300003
150.639999,49.849998,86.720009,100.300003
150.639999,49.849998,86.720009,100.300003
150.639999,49.849998,86.720009,100.300003
150.639999,49.849998,86.720009,100.300003
150.639999,49.849998,86.720009,100.300003
150.639999,49.849998,86.720009,100.300003
150.639999,49.849998,86.720009,100.300003
150.639999,49.849998,86.720009,100.300003
150.639999,49.849998,86.720009,100.300003
150.639999,49.849998,86.720009,100.300003
150.639999,49.849998,86.720009,100.300003
150.639999,49.849998,86.720009,100.300003
150.639999,49.849998,86.720009,100.300003
150.639999,49.849998,86.720009,100.300003
150.639999,49.849998,86.720009,100.300003
150.639999,49.849998,86.720009,100.300003
150.639999,49.849998,86.720009,100.300003
150.639999,49.849998,86.720009,100.300003
116.639992,43.849998,86.720009,100.300003
116.639992,43.849998,86.720009,100.300003
116.639992,43.849998,86.720009,100.300003
116.639992,43.849998,86.720009,100.300003
116.639992,43.849998,86.720009,100.300003
116.639992,43.849998,86.720009,100.300003
116.639992,43.849998,86.720009,100.300003
116.639992,43.849998,86.720009,100.300003
116.639992,43.849998,86.720009,100.300003
116.639992,43.849998,86.720009,100.300003
116.639992,43.849998,86.720009,100.300003
116.639992,43.849998,86.720009,100.300003
116.639992,43.849998,86.720009,100.300003
116.639992,43.849998,86.720009,100.300003
116.639992,43.849998,86.720009,100.300003
116.639992,43.849998,86.720009,100.300003
116.639992,43.849998,86.720009,100.300003
116.639992,43.849998,86.720009,100.300003
116.639992,43.849998,86.720009,100.300003
116.639992,43.849998,86.720009,100.300003
116.639992,43.849998,86.720009,100.300003
116.639992,43.849998,86.720009,100.300003
116.639992,43.849998,86.720009,100.300003
116.639992,43.849998,86.720009,100.300003
116.639992,43.849998,86.720009,100.300003
116.639992,43.849998,86.720009,100.300003
116.639992,43.849998,86.720009,100.300003
116.639992,43.849998,86.720009,100.300003
116.639992,43.849998,86.720009,100.300003
116.639992,43.849998,86.720009,100.300003
116.639992,43.849998,86.720009,100.300003
116.639992,43.849998,86.720009,100.300003
116.639992,43.849998,86.720009,100.300003
116.639992,43.849998,86.720009,100.300003
116.639992,43.849998,86.720009,100.300003
116.639992,43.849998,86.720009,100.300003
116.639992,43.849998,86.720009,100.300003
