1
146.440002,53.029999,90.559998,96.729996
146.440002,53.029999,90.559998,96.729996
146.440002,53.029999,90.559998,96.729996
146.440002,53.029999,90.559998,96.729996
146.440002,53.029999,90.559998,96.729996
146.440002,53.029999,90.559998,96.729996
146.440002,53.029999,90.559998,96.729996
146.440002,53.029999,90.559998,96.729996
146.440002,53.029999,90.559998,96.729996
146.440002,53.029999,90.559998,96.729996
146.440002,53.029999,90.559998,96.729996
105.720001,52.635002,90.559998,96.729996
105.720001,52.635002,90.559998,96.729996
105.720001,52.635002,90.559998,96.729996
105.720001,52.635002,90.559998,96.729996
105.720001,52.635002,90.559998,96.729996
105.720001,52.635002,90.559998,96.729996
105.720001,52.635002,90.559998,96.729996
105.720001,52.635002,90.559998,96.729996
105.720001,52.635002,90.559998,96.729996
105.720001,52.635002,90.559998,96.729996
105.720001,52.635002,90.559998,96.729996
105.720001,52.635002,90.559998,96.729996
105.720001,52.635002,90.559998,96.729996
105.720001,52.635002,90.559998,96.729996
105.720001,52.635002,90.559998,96.729996
105.720001,52.635002,90.559998,96.729996
105.720001,52.635002,90.559998,96.729996
105.720001,52.635002,90.559998,96.729996
105.720001,52.635002,90.559998,96.729996
105.720001,52.635002,90.559998,96.729996
105.720001,52.635002,90.559998,96.729996
136.720001,38.635002,90.559998,96.729996
136.720001,38.635002,90.559998,96.729996
136.720001,38.635002,90.559998,96.729996
136.720001,38.635002,90.559998,96.729996
136.720001,38.635002,90.559998,96.729996
136.720001,38.635002,90.559998,96.729996
136.720001,38.635002,90.559998,96.729996
136.720001,38.635002,90.559998,96.729996
136.720001,38.635002,90.559998,96.729996
136.720001,38.635002,90.559998,96.729996
136.720001,38.635002,90.559998,96.729996
136.720001,38.635002,90.559998,96.729996
136.720001,38.635002,90.559998,96.729996
136.720001,38.635002,90.559998,96.729996
95.720001,27.635002,90.559998,96.729996
95.720001,27.635002,90.559998,96.729996
95.720001,27.635002,90.559998,96.729996
95.720001,27.635002,90.559998,96.729996
95.720001,27.635002,90.559998,96.729996
95.720001,27.635002,90.559998,96.729996
95.720001,27.635002,90.559998,96.729996
95.720001,27.635002,90.559998,96.729996
95.720001,27.635002,90.559998,96.729996
95.720001,27.635002,90.559998,96.729996
95.720001,27.635002,90.559998,96.729996
95.720001,27.635002,90.559998,96.729996
133.720001,26.635002,90.559998,96.729996
133.720001,26.635002,90.559998,96.729996
133.720001,26.635002,90.559998,96.729996
133.720001,26.635002,90.559998,96.729996
133.720001,26.635002,90.559998,96.729996
133.720001,26.635002,90.559998,96.729996
133.720001,26.635002,90.559998,96.729996
133.720001,26.635002,90.559998,96.729996
133.720001,26.635002,90.559998,96.729996
133.720001,26.635002,90.559998,96.729996
133.720001,26.635002,90.559998,96.729996
133.720001,26.635002,90.559998,96.729996
133.720001,26.635002,90.559998,96.729996
133.720001,26.635002,90.559998,96.729996
133.720001,26.635002,90.559998,96.729996
133.720001,26.635002,90.559998,96.729996
133.720001,26.635002,90.559998,96.729996
133.720001,26.635002,90.559998,96.729996
133.720001,26.635002,90.559998,96.729996
133.720001,26.635002,90.559998,96.729996
133.720001,26.635002,90.559998,96.729996
133.720001,26.635002,90.559998,96.729996
133.720001,26.635002,90.559998,96.729996
133.720001,26.635002,90.559998,96.729996
133.720001,26.635002,90.559998,96.729996
133.720001,26.635002,90.559998,96.729996
133.720001,26.635002,90.559998,96.729996
133.720001,26.635002,90.559998,96.729996
133.720001,26.635002,90.559998,96.729996
133.720001,26.635002,90.559998,96.729996
133.720001,26.635002,90.559998,96.729996
133.720001,26.635002,90.559998,96.729996
133.720001,26.635002,90.559998,96.729996
133.720001,26.635002,90.559998,96.729996
133.720001,26.635002,90.559998,96.729996
133.720001,26.635002,90.559998,96.729996
133.720001,26.635002,90.559998,96.729996
133.720001,26.635002,90.559998,96.729996
133.720001,26.635002,90.559998,96.729996
133.720001,26.635002,90.559998,96.729996
133.720001,26.635002,90.559998,96.729996
133.720001,26.635002,90.559998,96.729996
133.720001,26.635002,90.559998,96.729996
133.720001,26.635002,90.559998,96.729996
133.720001,26.635002,90.559998,96.729996
133.720001,26.635002,90.559998,96.729996
133.720001,26.635002,90.559998,96.729996
133.720001,26.635002,90.559998,96.729996
133.720001,26.635002,90.559998,96.729996
133.720001,26.635002,90.559998,96.729996
133.720001,26.635002,90.559998,96.729996
133.720001,26.635002,90.559998,96.729996
133.720001,26.635002,90.559998,96.729996
133.720001,26.635002,90.559998,96.729996
133.720001,26.635002,90.559998,96.729996
133.720001,26.635002,90.559998,96.729996
133.720001,26.635002,90.559998,96.729996
133.720001,26.635002,90.559998,96.729996
133.720001,26.635002,90.559998,96.729996
133.720001,26.635002,90.559998,96.729996
133.720001,26.635002,90.559998,96.729996
133.720001,26.635002,90.559998,96.729996
133.720001,26.635002,90.559998,96.729996
133.720001,26.635002,90.559998,96.729996
133.720001,26.635002,90.559998,96.729996
133.720001,26.635002,90.559998,96.729996
133.720001,26.635002,90.559998,96.729996
133.720001,26.635002,90.559998,96.729996
133.720001,26.635002,90.559998,96.729996
133.720001,26.635002,90.559998,96.729996
133.720001,26.635002,90.559998,96.729996
133.720001,26.635002,90.559998,96.729996
133.720001,26.635002,90.559998,96.729996
133.720001,26.635002,90.559998,96.729996
133.720001,26.635002,90.559998,96.729996
133.720001,26.635002,90.559998,96.729996
133.720001,26.635002,90.559998,96.729996
133.720001,26.635002,90.559998,96.729996
133.720001,26.635002,90.559998,96.729996
133.720001,26.635002,90.559998,96.729996
133.720001,26.635002,90.559998,96.729996
133.720001,26.635002,90.559998,96.729996
133.720001,26.635002,90.559998,96.729996
133.720001,26.635002,90.559998,96.729996
133.720001,26.635002,90.559998,96.729996
133.720001,26.635002,90.559998,96.729996
133.720001,26.635002,90.559998,96.729996
133.720001,26.635002,90.559998,96.729996
133.720001,26.635002,90.559998,96.729996
133.720001,26.635002,90.559998,96.729996
133.720001,26.635002,90.559998,96.729996
133.720001,26.635002,90.559998,96.729996
133.720001,26.635002,90.559998,96.729996
133.720001,26.635002,90.559998,96.729996
133.720001,26.635002,90.559998,96.729996
133.720001,26.635002,90.559998,96.729996
133.720001,26.635002,90.559998,96.729996
133.720001,26.635002,90.559998,96.729996
133.720001,26.635002,90.559998,96.729996
133.720001,26.635002,90.559998,96.729996
133.720001,26.635002,90.559998,96.729996
133.720001,26.635002,90.559998,96.729996
133.720001,26.635002,90.559998,96.729996
133.720001,26.635002,90.559998,96.729996
133.720001,26.635002,90.559998,96.729996
133.720001,26.635002,90.559998,96.729996
133.720001,26.635002,90.559998,96.729996
133.720001,26.635002,90.559998,96.729996
133.720001,26.635002,90.559998,96.729996
133.720001,26.635002,90.559998,96.729996
133.720001,26.635002,90.559998,96.729996
133.720001,26.635002,90.559998,96.729996
133.720001,26.635002,90.559998,96.729996
133.720001,26.635002,90.559998,96.729996
133.720001,26.635002,90.559998,96.729996
133.720001,26.635002,90.559998,96.729996
133.720001,26.635002,90.559998,96.729996
133.720001,26.635002,90.559998,96.729996
133.720001,26.635002,90.559998,96.729996
133.720001,26.635002,90.559998,96.729996
133.720001,26.635002,90.559998,96.729996
133.720001,26.635002,90.559998,96.729996
133.720001,26.635002,90.559998,96.729996
133.720001,26.635002,90.559998,96.729996
133.720001,26.635002,90.559998,96.729996
133.720001,26.635002,90.559998,96.729996
133.720001,26.635002,90.559998,96.729996
133.720001,26.635002,90.559998,96.729996
133.720001,26.635002,90.559998,96.729996
133.720001,26.635002,90.559998,96.729996
133.720001,26.635002,90.559998,96.729996
94.720001,22.635002,90.559998,96.729996
94.720001,22.635002,90.559998,96.729996
94.720001,22.635002,90.559998,96.729996
94.720001,22.635002,90.559998,96.729996
94.720001,22.635002,90.559998,96.729996
94.720001,22.635002,90.559998,96.729996
94.720001,22.635002,90.559998,96.729996
94.720001,22.635002,90.559998,96.729996
94.720001,22.635002,90.559998,96.729996
94.720001,22.635002,90.559998,96.729996
94.720001,22.635002,90.559998,96.729996
131.720001,1.635002,90.559998,96.729996
131.720001,1.635002,90.559998,96.729996
131.720001,1.635002,90.559998,96.729996
131.720001,1.635002,90.559998,96.729996
131.720001,1.635002,90.559998,96.729996
131.720001,1.635002,90.559998,96.729996
131.720001,1.635002,90.559998,96.729996
131.720001,1.635002,90.559998,96.729996
131.720001,1.635002,90.559998,96.729996
131.720001,1.635002,90.559998,96.729996
131.720001,1.635002,90.559998,96.729996
131.720001,1.635002,90.559998,96.729996
131.720001,1.635002,90.559998,96.729996
131.720001,1.635002,90.559998,96.729996
131.720001,1.635002,90.559998,96.729996
131.720001,1.635002,90.559998,96.729996
131.720001,1.635002,90.559998,96.729996
131.720001,1.635002,90.559998,96.729996
131.720001,1.635002,90.559998,96.729996
131.720001,1.635002,90.559998,96.729996
131.720001,1.635002,90.559998,96.729996
131.720001,1.635002,90.559998,96.729996
131.720001,1.635002,90.559998,96.729996
131.720001,1.635002,90.559998,96.729996
131.720001,1.635002,90.559998,96.729996
131.720001,1.635002,90.559998,96.729996
131.720001,1.635002,90.559998,96.729996
131.720001,1.635002,90.559998,96.729996
131.720001,1.635002,90.559998,96.729996
131.720001,1.635002,90.559998,96.729996
131.720001,1.635002,90.559998,96.729996
131.720001,1.635002,90.559998,96.729996
131.720001,1.635002,90.559998,96.729996
131.720001,1.635002,90.559998,96.729996
131.720001,1.635002,90.559998,96.729996
131.720001,1.635002,90.559998,96.729996
131.720001,1.635002,90.559998,96.729996
131.720001,1.635002,90.559998,96.729996
131.720001,1.635002,90.559998,96.729996
131.720001,1.635002,90.559998,96.729996
131.720001,1.635002,90.559998,96.729996
131.720001,1.635002,90.559998,96.729996
131.720001,1.635002,90.559998,96.729996
131.720001,1.635002,90.559998,96.729996
131.720001,1.635002,90.559998,96.729996
131.720001,1.635002,90.559998,96.729996
131.720001,1.635002,90.559998,96.729996
131.720001,1.635002,90.559998,96.729996
154.720001,35.635002,90.559998,96.729996
154.720001,35.635002,90.559998,96.729996
154.720001,35.635002,90.559998,96.729996
154.720001,35.635002,90.559998,96.729996
154.720001,35.635002,90.559998,96.729996
154.720001,35.635002,90.559998,96.729996
154.720001,35.635002,90.559998,96.729996
154.720001,35.635002,90.559998,96.729996
154.720001,35.635002,90.559998,96.729996
154.720001,35.635002,90.559998,96.729996
154.720001,35.635002,90.559998,96.729996
154.720001,35.635002,90.559998,96.729996
154.720001,35.635002,90.559998,96.729996
154.720001,35.635002,90.559998,96.729996
154.720001,35.635002,90.559998,96.729996
154.720001,35.635002,90.559998,96.729996
154.720001,35.635002,90.559998,96.729996
154.720001,35.635002,90.559998,96.729996
154.720001,35.635002,90.559998,96.729996
154.720001,35.635002,90.559998,96.729996
154.720001,35.635002,90.559998,96.729996
142.720001,8.635002,90.559998,96.729996
142.720001,8.635002,90.559998,96.729996
142.720001,8.635002,90.559998,96.729996
142.720001,8.635002,90.559998,96.729996
142.720001,8.635002,90.559998,96.729996
142.720001,8.635002,90.559998,96.729996
142.720001,8.635002,90.559998,96.729996
142.720001,8.635002,90.559998,96.729996
142.720001,8.635002,90.559998,96.729996
142.720001,8.635002,90.559998,96.729996
142.720001,8.635002,90.559998,96.729996
142.720001,8.635002,90.559998,96.729996
142.720001,8.635002,90.559998,96.729996
142.720001,8.635002,90.559998,96.729996
142.720001,8.635002,90.559998,96.729996
142.720001,8.635002,90.559998,96.729996
142.720001,8.635002,90.559998,96.729996
142.720001,8.635002,90.559998,96.729996
102.720001,23.635002,90.559998,96.729996
102.720001,23.635002,90.559998,96.729996
102.720001,23.635002,90.559998,96.729996
102.720001,23.635002,90.559998,96.729996
102.720001,23.635002,90.559998,96.729996
102.720001,23.635002,90.559998,96.729996
102.720001,23.635002,90.559998,96.729996
102.720001,23.635002,90.559998,96.729996
102.720001,23.635002,90.559998,96.729996
102.720001,23.635002,90.559998,96.729996
102.720001,23.635002,90.559998,96.729996
102.720001,23.635002,90.559998,96.729996
102.720001,23.635002,90.559998,96.729996
102.720001,23.635002,90.559998,96.729996
102.720001,23.635002,90.559998,96.729996
102.720001,23.635002,90.559998,96.729996
1.000000,1.000000,90.559998,96.729996
0.720001,0.635002,90.559998,96.729996
44.720001,14.635002,90.559998,96.729996
44.720001,14.635002,90.559998,96.729996
44.720001,14.635002,90.559998,96.729996
44.720001,14.635002,90.559998,96.729996
44.720001,14.635002,90.559998,96.729996
44.720001,14.635002,90.559998,96.729996
44.720001,14.635002,90.559998,96.729996
44.720001,14.635002,90.559998,96.729996
44.720001,14.635002,90.559998,96.729996
44.720001,14.635002,90.559998,96.729996
44.720001,14.635002,90.559998,96.729996
44.720001,14.635002,90.559998,96.729996
44.720001,14.635002,90.559998,96.729996
44.720001,14.635002,90.559998,96.729996
44.720001,14.635002,90.559998,96.729996
44.720001,14.635002,90.559998,96.729996
44.720001,14.635002,90.559998,96.729996
44.720001,14.635002,90.559998,96.729996
44.720001,14.635002,90.559998,96.729996
44.720001,14.635002,90.559998,96.729996
64.720001,43.635002,90.559998,96.729996
63.720001,74.635002,90.559998,96.729996
63.720001,74.635002,90.559998,96.729996
63.720001,74.635002,90.559998,96.729996
63.720001,74.635002,90.559998,96.729996
89.720001,48.635002,90.559998,96.729996
89.720001,48.635002,90.559998,96.729996
89.720001,48.635002,90.559998,96.729996
89.720001,48.635002,90.559998,96.729996
105.720001,77.635002,90.559998,96.729996
105.720001,77.635002,90.559998,96.729996
105.720001,77.635002,90.559998,96.729996
105.720001,77.635002,90.559998,96.729996
105.720001,77.635002,90.559998,96.729996
105.720001,77.635002,90.559998,96.729996
76.720001,51.635002,90.559998,96.729996
76.720001,51.635002,90.559998,96.729996
76.720001,51.635002,90.559998,96.729996
76.720001,51.635002,90.559998,96.729996
76.720001,51.635002,90.559998,96.729996
76.720001,51.635002,90.559998,96.729996
76.720001,51.635002,90.559998,96.729996
76.720001,51.635002,90.559998,96.729996
76.720001,51.635002,90.559998,96.729996
76.720001,51.635002,90.559998,96.729996
76.720001,51.635002,90.559998,96.729996
76.720001,51.635002,90.559998,96.729996
113.720001,43.635002,90.559998,96.729996
113.720001,43.635002,90.559998,96.729996
153.720001,73.635002,90.559998,96.729996
153.720001,73.635002,90.559998,96.729996
153.720001,73.635002,90.559998,96.729996
153.720001,73.635002,90.559998,96.729996
153.720001,73.635002,90.559998,96.729996
153.720001,73.635002,90.559998,96.729996
153.720001,73.635002,90.559998,96.729996
153.720001,73.635002,90.559998,96.729996
121.720001,60.635002,90.559998,96.729996
160.720001,66.635002,90.559998,96.729996
124.720001,67.635002,90.559998,96.729996
124.720001,67.635002,90.559998,96.729996
124.720001,67.635002,90.559998,96.729996
124.720001,67.635002,90.559998,96.729996
124.720001,67.635002,90.559998,96.729996
124.720001,67.635002,90.559998,96.729996
124.720001,67.635002,90.559998,96.729996
124.720001,67.635002,90.559998,96.729996
124.720001,67.635002,90.559998,96.729996
124.720001,67.635002,90.559998,96.729996
124.720001,67.635002,90.559998,96.729996
124.720001,67.635002,90.559998,96.729996
96.720001,40.635002,90.559998,96.729996
96.720001,40.635002,90.559998,96.729996
96.720001,40.635002,90.559998,96.729996
96.720001,40.635002,90.559998,96.729996
92.720001,4.635002,90.559998,96.729996
92.720001,4.635002,90.559998,96.729996
92.720001,4.635002,90.559998,96.729996
92.720001,4.635002,90.559998,96.729996
103.720001,49.635002,90.559998,96.729996
103.720001,49.635002,90.559998,96.729996
103.720001,49.635002,90.559998,96.729996
103.720001,49.635002,90.559998,96.729996
103.720001,49.635002,90.559998,96.729996
103.720001,49.635002,90.559998,96.729996
103.720001,49.635002,90.559998,96.729996
103.720001,49.635002,90.559998,96.729996
103.720001,49.635002,90.559998,96.729996
103.720001,49.635002,90.559998,96.729996
121.720001,24.635002,90.559998,96.729996
121.720001,24.635002,90.559998,96.729996
121.720001,24.635002,90.559998,96.729996
121.720001,24.635002,90.559998,96.729996
121.720001,24.635002,90.559998,96.729996
121.720001,24.635002,90.559998,96.729996
121.720001,24.635002,90.559998,96.729996
121.720001,24.635002,90.559998,96.729996
121.720001,24.635002,90.559998,96.729996
121.720001,24.635002,90.559998,96.729996
121.720001,24.635002,90.559998,96.729996
121.720001,24.635002,90.559998,96.729996
121.720001,24.635002,90.559998,96.729996
148.720001,14.635002,90.559998,96.729996
148.720001,14.635002,90.559998,96.729996
148.720001,14.635002,90.559998,96.729996
148.720001,14.635002,90.559998,96.729996
148.720001,14.635002,90.559998,96.729996
148.720001,14.635002,90.559998,96.729996
148.720001,14.635002,90.559998,96.729996
187.720001,44.635002,90.559998,96.729996
187.720001,44.635002,90.559998,96.729996
187.720001,44.635002,90.559998,96.729996
187.720001,44.635002,90.559998,96.729996
187.720001,44.635002,90.559998,96.729996
187.720001,44.635002,90.559998,96.729996
187.720001,44.635002,90.559998,96.729996
187.720001,44.635002,90.559998,96.729996
187.720001,44.635002,90.559998,96.729996
187.720001,44.635002,90.559998,96.729996
187.720001,44.635002,90.559998,96.729996
2
0
0
0
0
1
135.979996,35.840000,62.559998,76.720001
135.979996,35.840000,62.559998,76.720001
135.979996,35.840000,62.559998,76.720001
135.979996,35.840000,62.559998,76.720001
135.979996,35.840000,62.559998,76.720001
111.720001,34.639999,62.559998,76.720001
111.720001,34.639999,62.559998,76.720001
111.720001,34.639999,62.559998,76.720001
130.720001,64.639999,62.559998,76.720001
130.720001,64.639999,62.559998,76.720001
129.720001,3.639999,62.559998,76.720001
129.720001,3.639999,62.559998,76.720001
129.720001,3.639999,62.559998,76.720001
129.720001,3.639999,62.559998,76.720001
138.720001,43.639999,62.559998,76.720001
164.720001,8.639999,62.559998,76.720001
164.720001,8.639999,62.559998,76.720001
164.720001,8.639999,62.559998,76.720001
164.720001,8.639999,62.559998,76.720001
164.720001,8.639999,62.559998,76.720001
164.720001,8.639999,62.559998,76.720001
164.720001,8.639999,62.559998,76.720001
164.720001,8.639999,62.559998,76.720001
164.720001,8.639999,62.559998,76.720001
164.720001,8.639999,62.559998,76.720001
164.720001,8.639999,62.559998,76.720001
164.720001,8.639999,62.559998,76.720001
164.720001,8.639999,62.559998,76.720001
164.720001,8.639999,62.559998,76.720001
164.720001,8.639999,62.559998,76.720001
164.720001,8.639999,62.559998,76.720001
164.720001,8.639999,62.559998,76.720001
164.720001,8.639999,62.559998,76.720001
164.720001,8.639999,62.559998,76.720001
164.720001,8.639999,62.559998,76.720001
118.000000,0.000000,63.000000,76.000000
118.000000,0.000000,63.000000,76.000000
118.000000,0.000000,63.000000,76.000000
118.000000,0.000000,63.000000,76.000000
118.000000,0.000000,63.000000,76.000000
118.000000,0.000000,62.000000,76.000000
118.000000,0.000000,62.000000,76.000000
118.000000,0.000000,62.000000,76.000000
118.000000,0.000000,62.000000,76.000000
118.000000,0.000000,62.000000,76.000000
118.000000,0.000000,62.000000,76.000000
118.000000,0.000000,62.000000,76.000000
118.000000,0.000000,62.000000,76.000000
118.000000,0.000000,62.000000,76.000000
118.000000,0.000000,62.000000,76.000000
118.000000,0.000000,62.000000,76.000000
118.000000,0.000000,62.000000,76.000000
118.000000,0.000000,62.000000,76.000000
118.000000,0.000000,62.000000,76.000000
118.000000,0.000000,62.000000,76.000000
118.000000,0.000000,62.000000,76.000000
118.000000,0.000000,62.000000,76.000000
118.000000,0.000000,62.000000,76.000000
118.000000,0.000000,62.000000,76.000000
118.000000,0.000000,62.000000,76.000000
118.000000,0.000000,62.000000,76.000000
118.000000,0.000000,62.000000,76.000000
118.000000,0.000000,62.000000,76.000000
118.000000,0.000000,62.000000,76.000000
118.000000,0.000000,62.000000,76.000000
118.000000,0.000000,62.000000,76.000000
118.000000,0.000000,62.000000,76.000000
118.000000,0.000000,62.000000,76.000000
118.000000,0.000000,62.000000,76.000000
118.000000,0.000000,62.000000,76.000000
118.000000,0.000000,62.000000,76.000000
118.000000,0.000000,62.000000,76.000000
118.000000,0.000000,62.000000,76.000000
118.000000,0.000000,62.000000,76.000000
118.000000,0.000000,62.000000,76.000000
118.000000,0.000000,62.000000,76.000000
118.000000,0.000000,62.000000,76.000000
118.000000,0.000000,62.000000,76.000000
118.000000,0.000000,62.000000,76.000000
118.000000,0.000000,62.000000,76.000000
118.000000,0.000000,62.000000,76.000000
118.000000,0.000000,62.000000,76.000000
118.000000,0.000000,62.000000,76.000000
140.000000,41.000000,62.000000,76.000000
140.000000,41.000000,62.000000,76.000000
140.000000,41.000000,62.000000,76.000000
140.000000,41.000000,62.000000,76.000000
140.000000,41.000000,62.000000,76.000000
140.000000,41.000000,62.000000,76.000000
140.000000,41.000000,62.000000,76.000000
100.000000,37.000000,62.000000,76.000000
100.000000,37.000000,62.000000,76.000000
100.000000,37.000000,62.000000,76.000000
100.000000,37.000000,62.000000,76.000000
123.000000,62.000000,62.000000,76.000000
123.000000,62.000000,62.000000,76.000000
123.000000,62.000000,62.000000,76.000000
123.000000,62.000000,62.000000,76.000000
123.000000,62.000000,62.000000,76.000000
123.000000,62.000000,62.000000,76.000000
123.000000,62.000000,62.000000,76.000000
123.000000,62.000000,62.000000,76.000000
112.000000,34.000000,62.000000,76.000000
112.000000,34.000000,62.000000,76.000000
120.000000,62.000000,62.000000,76.000000
120.000000,62.000000,62.000000,76.000000
120.000000,62.000000,62.000000,76.000000
120.000000,62.000000,62.000000,76.000000
120.000000,62.000000,62.000000,76.000000
120.000000,62.000000,62.000000,76.000000
120.000000,62.000000,62.000000,76.000000
120.000000,62.000000,62.000000,76.000000
120.000000,62.000000,62.000000,76.000000
120.000000,62.000000,62.000000,76.000000
120.000000,62.000000,62.000000,76.000000
120.000000,62.000000,62.000000,76.000000
120.000000,62.000000,62.000000,76.000000
165.000000,42.000000,62.000000,76.000000
139.000000,54.000000,62.000000,76.000000
139.000000,54.000000,62.000000,76.000000
139.000000,54.000000,62.000000,76.000000
161.000000,32.000000,62.000000,76.000000
190.000000,30.000000,62.000000,76.000000
174.000000,25.000000,62.000000,76.000000
198.000000,30.000000,62.000000,76.000000
198.000000,30.000000,62.000000,76.000000
156.000000,20.000000,62.000000,76.000000
156.000000,20.000000,62.000000,76.000000
156.000000,20.000000,62.000000,76.000000
156.000000,20.000000,62.000000,76.000000
156.000000,20.000000,62.000000,76.000000
118.000000,5.000000,62.000000,76.000000
118.000000,5.000000,62.000000,76.000000
118.000000,5.000000,62.000000,76.000000
118.000000,5.000000,62.000000,76.000000
118.000000,5.000000,62.000000,76.000000
118.000000,5.000000,62.000000,76.000000
118.000000,5.000000,62.000000,76.000000
118.000000,5.000000,62.000000,76.000000
118.000000,5.000000,62.000000,76.000000
118.000000,5.000000,62.000000,76.000000
118.000000,5.000000,62.000000,76.000000
118.000000,5.000000,62.000000,76.000000
118.000000,5.000000,62.000000,76.000000
118.000000,5.000000,62.000000,76.000000
118.000000,5.000000,62.000000,76.000000
118.000000,5.000000,62.000000,76.000000
118.000000,5.000000,62.000000,76.000000
118.000000,5.000000,62.000000,76.000000
118.000000,5.000000,62.000000,76.000000
118.000000,5.000000,62.000000,76.000000
118.000000,5.000000,62.000000,76.000000
118.000000,5.000000,62.000000,76.000000
118.000000,5.000000,62.000000,76.000000
118.000000,5.000000,62.000000,76.000000
118.000000,5.000000,62.000000,76.000000
118.000000,5.000000,62.000000,76.000000
118.000000,5.000000,62.000000,76.000000
118.000000,5.000000,62.000000,76.000000
118.000000,5.000000,62.000000,76.000000
118.000000,5.000000,62.000000,76.000000
118.000000,5.000000,62.000000,76.000000
118.000000,5.000000,62.000000,76.000000
118.000000,5.000000,62.000000,76.000000
118.000000,5.000000,62.000000,76.000000
118.000000,5.000000,62.000000,76.000000
118.000000,5.000000,62.000000,76.000000
118.000000,5.000000,62.000000,76.000000
118.000000,5.000000,62.000000,76.000000
118.000000,5.000000,62.000000,76.000000
118.000000,5.000000,62.000000,76.000000
118.000000,5.000000,62.000000,76.000000
118.000000,5.000000,62.000000,76.000000
118.000000,5.000000,62.000000,76.000000
118.000000,5.000000,62.000000,76.000000
118.000000,5.000000,62.000000,76.000000
118.000000,5.000000,62.000000,76.000000
118.000000,5.000000,62.000000,76.000000
118.000000,5.000000,62.000000,76.000000
118.000000,5.000000,62.000000,76.000000
118.000000,5.000000,62.000000,76.000000
168.000000,15.000000,62.000000,76.000000
168.000000,15.000000,62.000000,76.000000
168.000000,15.000000,62.000000,76.000000
140.000000,10.000000,62.000000,76.000000
140.000000,10.000000,62.000000,76.000000
140.000000,10.000000,62.000000,76.000000
140.000000,10.000000,62.000000,76.000000
140.000000,10.000000,62.000000,76.000000
140.000000,10.000000,62.000000,76.000000
104.000000,20.000000,62.000000,76.000000
104.000000,20.000000,62.000000,76.000000
104.000000,20.000000,62.000000,76.000000
104.000000,20.000000,62.000000,76.000000
104.000000,20.000000,62.000000,76.000000
104.000000,20.000000,62.000000,76.000000
104.000000,20.000000,62.000000,76.000000
104.000000,20.000000,62.000000,76.000000
104.000000,20.000000,62.000000,76.000000
104.000000,20.000000,62.000000,76.000000
104.000000,20.000000,62.000000,76.000000
104.000000,20.000000,62.000000,76.000000
104.000000,20.000000,62.000000,76.000000
104.000000,20.000000,62.000000,76.000000
104.000000,20.000000,62.000000,76.000000
104.000000,20.000000,62.000000,76.000000
104.000000,20.000000,62.000000,76.000000
104.000000,20.000000,62.000000,76.000000
104.000000,20.000000,62.000000,76.000000
104.000000,20.000000,62.000000,76.000000
104.000000,20.000000,62.000000,76.000000
104.000000,20.000000,62.000000,76.000000
104.000000,20.000000,62.000000,76.000000
104.000000,20.000000,62.000000,76.000000
104.000000,20.000000,62.000000,76.000000
104.000000,20.000000,62.000000,76.000000
104.000000,20.000000,62.000000,76.000000
104.000000,20.000000,62.000000,76.000000
104.000000,20.000000,62.000000,76.000000
104.000000,20.000000,62.000000,76.000000
104.000000,20.000000,62.000000,76.000000
104.000000,20.000000,62.000000,76.000000
104.000000,20.000000,62.000000,76.000000
104.000000,20.000000,62.000000,76.000000
104.000000,20.000000,62.000000,76.000000
104.000000,20.000000,62.000000,76.000000
104.000000,20.000000,62.000000,76.000000
2
0
0
0
0
1
149.759995,51.680000,62.820007,97.799995
149.759995,51.680000,62.820007,97.799995
149.759995,51.680000,62.820007,97.799995
149.759995,51.680000,62.820007,97.799995
149.759995,51.680000,62.820007,97.799995
149.759995,51.680000,62.820007,97.799995
149.759995,51.680000,62.820007,97.799995
149.759995,51.680000,62.820007,97.799995
149.759995,51.680000,62.820007,97.799995
149.759995,51.680000,62.820007,97.799995
149.759995,51.680000,62.820007,97.799995
149.759995,51.680000,62.820007,97.799995
149.759995,51.680000,62.820007,97.799995
149.759995,51.680000,62.820007,97.799995
149.759995,51.680000,62.820007,97.799995
149.759995,51.680000,62.820007,97.799995
149.759995,51.680000,62.820007,97.799995
149.759995,51.680000,62.820007,97.799995
149.759995,51.680000,62.820007,97.799995
149.759995,51.680000,62.820007,97.799995
149.759995,51.680000,62.820007,97.799995
149.759995,51.680000,62.820007,97.799995
149.759995,51.680000,62.820007,97.799995
149.759995,51.680000,62.820007,97.799995
149.759995,51.680000,62.820007,97.799995
149.759995,51.680000,62.820007,97.799995
149.759995,51.680000,62.820007,97.799995
149.759995,51.680000,62.820007,97.799995
149.759995,51.680000,62.820007,97.799995
149.759995,51.680000,62.820007,97.799995
149.759995,51.680000,62.820007,97.799995
149.759995,51.680000,62.820007,97.799995
149.759995,51.680000,62.820007,97.799995
149.759995,51.680000,62.820007,97.799995
149.759995,51.680000,62.820007,97.799995
149.759995,51.680000,62.820007,97.799995
149.759995,51.680000,62.820007,97.799995
149.759995,51.680000,62.820007,97.799995
149.759995,51.680000,62.820007,97.799995
149.759995,51.680000,62.820007,97.799995
149.759995,51.680000,62.820007,97.799995
149.759995,51.680000,62.820007,97.799995
149.759995,51.680000,62.820007,97.799995
149.759995,51.680000,62.820007,97.799995
149.759995,51.680000,62.820007,97.799995
149.759995,51.680000,62.820007,97.799995
149.759995,51.680000,62.820007,97.799995
149.759995,51.680000,62.820007,97.799995
149.589996,51.100002,62.820007,97.799995
149.589996,51.100002,62.820007,97.799995
149.589996,51.100002,62.820007,97.799995
149.589996,51.100002,62.820007,97.799995
149.589996,51.100002,62.820007,97.799995
149.589996,51.100002,62.820007,97.799995
149.589996,51.100002,62.820007,97.799995
149.589996,51.100002,62.820007,97.799995
149.589996,51.100002,62.820007,97.799995
149.589996,51.100002,62.820007,97.799995
149.589996,51.100002,62.820007,97.799995
149.589996,51.100002,62.820007,97.799995
149.589996,51.100002,62.820007,97.799995
149.589996,51.100002,62.820007,97.799995
149.589996,51.100002,62.820007,97.799995
149.589996,51.100002,62.820007,97.799995
149.589996,51.100002,62.820007,97.799995
149.589996,51.100002,62.820007,97.799995
149.589996,51.100002,62.820007,97.799995
149.589996,51.100002,62.820007,97.799995
149.589996,51.100002,62.820007,97.799995
149.589996,51.100002,62.820007,97.799995
149.589996,51.100002,62.820007,97.799995
149.589996,51.100002,62.820007,97.799995
149.589996,51.100002,62.820007,97.799995
149.589996,51.100002,62.820007,97.799995
123.589996,26.100002,62.820007,97.799995
123.589996,26.100002,62.820007,97.799995
123.589996,26.100002,62.820007,97.799995
123.589996,26.100002,62.820007,97.799995
123.589996,26.100002,62.820007,97.799995
123.589996,26.100002,62.820007,97.799995
123.589996,26.100002,62.820007,97.799995
123.589996,26.100002,62.820007,97.799995
123.589996,26.100002,62.820007,97.799995
123.589996,26.100002,62.820007,97.799995
123.589996,26.100002,62.820007,97.799995
123.589996,26.100002,62.820007,97.799995
123.589996,26.100002,62.820007,97.799995
123.589996,26.100002,62.820007,97.799995
123.589996,26.100002,62.820007,97.799995
123.589996,26.100002,62.820007,97.799995
123.589996,26.100002,62.820007,97.799995
123.589996,26.100002,62.820007,97.799995
123.589996,26.100002,62.820007,97.799995
123.589996,26.100002,62.820007,97.799995
123.589996,26.100002,62.820007,97.799995
123.589996,26.100002,62.820007,97.799995
123.589996,26.100002,62.820007,97.799995
123.589996,26.100002,62.820007,97.799995
123.589996,26.100002,62.820007,97.799995
123.589996,26.100002,62.820007,97.799995
123.589996,26.100002,62.820007,97.799995
123.589996,26.100002,62.820007,97.799995
123.589996,26.100002,62.820007,97.799995
123.589996,26.100002,62.820007,97.799995
123.589996,26.100002,62.820007,97.799995
