1
150.009995,49.180000,82.050003,105.129997
150.009995,49.180000,82.050003,105.129997
150.009995,49.180000,82.050003,105.129997
150.009995,49.180000,82.050003,105.129997
150.009995,49.180000,82.050003,105.129997
150.009995,49.180000,82.050003,105.129997
150.009995,49.180000,82.050003,105.129997
150.009995,49.180000,82.050003,105.129997
150.009995,49.180000,82.050003,105.129997
150.009995,49.180000,82.050003,105.129997
150.009995,49.180000,82.050003,105.129997
128.975006,29.435001,82.050003,105.129997
128.975006,29.435001,82.050003,105.129997
128.975006,29.435001,82.050003,105.129997
128.975006,29.435001,82.050003,105.129997
128.975006,29.435001,82.050003,105.129997
128.975006,29.435001,82.050003,105.129997
128.975006,29.435001,82.050003,105.129997
128.975006,29.435001,82.050003,105.129997
128.975006,29.435001,82.050003,105.129997
128.975006,29.435001,82.050003,105.129997
128.975006,29.435001,82.050003,105.129997
128.975006,29.435001,82.050003,105.129997
128.975006,29.435001,82.050003,105.129997
128.975006,29.435001,82.050003,105.129997
128.975006,29.435001,82.050003,105.129997
128.975006,29.435001,82.050003,105.129997
128.975006,29.435001,82.050003,105.129997
128.975006,29.435001,82.050003,105.129997
128.975006,29.435001,82.050003,105.129997
128.975006,29.435001,82.050003,105.129997
128.975006,29.435001,82.050003,105.129997
128.975006,29.435001,82.050003,105.129997
128.975006,29.435001,82.050003,105.129997
128.975006,29.435001,82.050003,105.129997
128.975006,29.435001,82.050003,105.129997
128.975006,29.435001,82.050003,105.129997
128.975006,29.435001,82.050003,105.129997
128.975006,29.435001,82.050003,105.129997
128.975006,29.435001,82.050003,105.129997
128.975006,29.435001,82.050003,105.129997
128.975006,29.435001,82.050003,105.129997
128.975006,29.435001,82.050003,105.129997
128.975006,29.435001,82.050003,105.129997
128.975006,29.435001,82.050003,105.129997
128.975006,29.435001,82.050003,105.129997
128.975006,29.435001,82.050003,105.129997
128.975006,29.435001,82.050003,105.129997
128.975006,29.435001,82.050003,105.129997
128.975006,29.435001,82.050003,105.129997
128.975006,29.435001,82.050003,105.129997
128.975006,29.435001,82.050003,105.129997
128.975006,29.435001,82.050003,105.129997
128.975006,29.435001,82.050003,105.129997
128.975006,29.435001,82.050003,105.129997
128.975006,29.435001,82.050003,105.129997
128.975006,29.435001,82.050003,105.129997
128.975006,29.435001,82.050003,105.129997
128.975006,29.435001,82.050003,105.129997
128.975006,29.435001,82.050003,105.129997
128.975006,29.435001,82.050003,105.129997
128.975006,29.435001,82.050003,105.129997
128.975006,29.435001,82.050003,105.129997
128.975006,29.435001,82.050003,105.129997
128.975006,29.435001,82.050003,105.129997
128.975006,29.435001,82.050003,105.129997
128.975006,29.435001,82.050003,105.129997
128.975006,29.435001,82.050003,105.129997
128.975006,29.435001,82.050003,105.129997
128.975006,29.435001,82.050003,105.129997
128.975006,29.435001,82.050003,105.129997
128.975006,29.435001,82.050003,105.129997
128.975006,29.435001,82.050003,105.129997
128.975006,29.435001,82.050003,105.129997
128.975006,29.435001,82.050003,105.129997
128.975006,29.435001,82.050003,105.129997
128.975006,29.435001,82.050003,105.129997
128.975006,29.435001,82.050003,105.129997
128.975006,29.435001,82.050003,105.129997
128.975006,29.435001,82.050003,105.129997
128.975006,29.435001,82.050003,105.129997
128.975006,29.435001,82.050003,105.129997
128.975006,29.435001,82.050003,105.129997
128.975006,29.435001,82.050003,105.129997
128.975006,29.435001,82.050003,105.129997
128.975006,29.435001,82.050003,105.129997
128.975006,29.435001,82.050003,105.129997
128.975006,29.435001,82.050003,105.129997
128.975006,29.435001,82.050003,105.129997
128.975006,29.435001,82.050003,105.129997
128.975006,29.435001,82.050003,105.129997
128.975006,29.435001,82.050003,105.129997
128.975006,29.435001,82.050003,105.129997
128.975006,29.435001,82.050003,105.129997
128.975006,29.435001,82.050003,105.129997
128.975006,29.435001,82.050003,105.129997
128.975006,29.435001,82.050003,105.129997
128.975006,29.435001,82.050003,105.129997
128.975006,29.435001,82.050003,105.129997
128.975006,29.435001,82.050003,105.129997
128.975006,29.435001,82.050003,105.129997
128.975006,29.435001,82.050003,105.129997
128.975006,29.435001,82.050003,105.129997
128.975006,29.435001,82.050003,105.129997
128.975006,29.435001,82.050003,105.129997
128.975006,29.435001,82.050003,105.129997
128.975006,29.435001,82.050003,105.129997
128.975006,29.435001,82.050003,105.129997
128.975006,29.435001,82.050003,105.129997
128.975006,29.435001,82.050003,105.129997
128.975006,29.435001,82.050003,105.129997
128.975006,29.435001,82.050003,105.129997
128.975006,29.435001,82.050003,105.129997
128.975006,29.435001,82.050003,105.129997
128.975006,29.435001,82.050003,105.129997
128.975006,29.435001,82.050003,105.129997
128.975006,29.435001,82.050003,105.129997
128.975006,29.435001,82.050003,105.129997
128.975006,29.435001,82.050003,105.129997
128.975006,29.435001,82.050003,105.129997
128.975006,29.435001,82.050003,105.129997
128.975006,29.435001,82.050003,105.129997
128.975006,29.435001,82.050003,105.129997
128.975006,29.435001,82.050003,105.129997
128.975006,29.435001,82.050003,105.129997
128.975006,29.435001,82.050003,105.129997
128.975006,29.435001,82.050003,105.129997
128.975006,29.435001,82.050003,105.129997
128.975006,29.435001,82.050003,105.129997
128.975006,29.435001,82.050003,105.129997
128.975006,29.435001,82.050003,105.129997
128.975006,29.435001,82.050003,105.129997
128.975006,29.435001,82.050003,105.129997
128.975006,29.435001,82.050003,105.129997
128.975006,29.435001,82.050003,105.129997
128.975006,29.435001,82.050003,105.129997
128.975006,29.435001,82.050003,105.129997
128.975006,29.435001,82.050003,105.129997
128.975006,29.435001,82.050003,105.129997
128.975006,29.435001,82.050003,105.129997
128.975006,29.435001,82.050003,105.129997
128.975006,29.435001,82.050003,105.129997
128.975006,29.435001,82.050003,105.129997
128.975006,29.435001,82.050003,105.129997
128.975006,29.435001,82.050003,105.129997
128.975006,29.435001,82.050003,105.129997
128.975006,29.435001,82.050003,105.129997
128.975006,29.435001,82.050003,105.129997
128.975006,29.435001,82.050003,105.129997
128.975006,29.435001,82.050003,105.129997
128.975006,29.435001,82.050003,105.129997
128.975006,29.435001,82.050003,105.129997
128.975006,29.435001,82.050003,105.129997
128.975006,29.435001,82.050003,105.129997
128.975006,29.435001,82.050003,105.129997
128.975006,29.435001,82.050003,105.129997
128.975006,29.435001,82.050003,105.129997
128.975006,29.435001,82.050003,105.129997
128.975006,29.435001,82.050003,105.129997
128.975006,29.435001,82.050003,105.129997
128.975006,29.435001,82.050003,105.129997
162.975006,14.435001,82.050003,105.129997
162.975006,14.435001,82.050003,105.129997
162.975006,14.435001,82.050003,105.129997
162.975006,14.435001,82.050003,105.129997
162.975006,14.435001,82.050003,105.129997
162.975006,14.435001,82.050003,105.129997
162.975006,14.435001,82.050003,105.129997
162.975006,14.435001,82.050003,105.129997
162.975006,14.435001,82.050003,105.129997
162.975006,14.435001,82.050003,105.129997
162.975006,14.435001,82.050003,105.129997
162.975006,14.435001,82.050003,105.129997
162.975006,14.435001,82.050003,105.129997
162.975006,14.435001,82.050003,105.129997
162.975006,14.435001,82.050003,105.129997
162.975006,14.435001,82.050003,105.129997
162.975006,14.435001,82.050003,105.129997
162.975006,14.435001,82.050003,105.129997
162.975006,14.435001,82.050003,105.129997
162.975006,14.435001,82.050003,105.129997
162.975006,14.435001,82.050003,105.129997
162.975006,14.435001,82.050003,105.129997
125.974998,29.435001,82.050003,105.129997
125.974998,29.435001,82.050003,105.129997
125.974998,29.435001,82.050003,105.129997
125.974998,29.435001,82.050003,105.129997
125.974998,29.435001,82.050003,105.129997
125.974998,29.435001,82.050003,105.129997
125.974998,29.435001,82.050003,105.129997
125.974998,29.435001,82.050003,105.129997
125.974998,29.435001,82.050003,105.129997
125.974998,29.435001,82.050003,105.129997
125.974998,29.435001,82.050003,105.129997
125.974998,29.435001,82.050003,105.129997
125.974998,29.435001,82.050003,105.129997
125.974998,29.435001,82.050003,105.129997
125.974998,29.435001,82.050003,105.129997
125.974998,29.435001,82.050003,105.129997
125.974998,29.435001,82.050003,105.129997
125.974998,29.435001,82.050003,105.129997
125.974998,29.435001,82.050003,105.129997
125.974998,29.435001,82.050003,105.129997
125.974998,29.435001,82.050003,105.129997
125.974998,29.435001,82.050003,105.129997
125.974998,29.435001,82.050003,105.129997
125.974998,29.435001,82.050003,105.129997
125.974998,29.435001,82.050003,105.129997
125.974998,29.435001,82.050003,105.129997
155.975006,29.435001,82.050003,105.129997
155.975006,29.435001,82.050003,105.129997
155.975006,29.435001,82.050003,105.129997
155.975006,29.435001,82.050003,105.129997
155.975006,29.435001,82.050003,105.129997
155.975006,29.435001,82.050003,105.129997
155.975006,29.435001,82.050003,105.129997
155.975006,29.435001,82.050003,105.129997
155.975006,29.435001,82.050003,105.129997
155.975006,29.435001,82.050003,105.129997
155.975006,29.435001,82.050003,105.129997
155.975006,29.435001,82.050003,105.129997
155.975006,29.435001,82.050003,105.129997
155.975006,29.435001,82.050003,105.129997
155.975006,29.435001,82.050003,105.129997
155.975006,29.435001,82.050003,105.129997
155.975006,29.435001,82.050003,105.129997
155.975006,29.435001,82.050003,105.129997
155.975006,29.435001,82.050003,105.129997
155.975006,29.435001,82.050003,105.129997
155.975006,29.435001,82.050003,105.129997
155.975006,29.435001,82.050003,105.129997
155.975006,29.435001,82.050003,105.129997
155.975006,29.435001,82.050003,105.129997
155.975006,29.435001,82.050003,105.129997
155.975006,29.435001,82.050003,105.129997
155.975006,29.435001,82.050003,105.129997
155.975006,29.435001,82.050003,105.129997
155.975006,29.435001,82.050003,105.129997
155.975006,29.435001,82.050003,105.129997
155.975006,29.435001,82.050003,105.129997
155.975006,29.435001,82.050003,105.129997
155.975006,29.435001,82.050003,105.129997
155.975006,29.435001,82.050003,105.129997
155.975006,29.435001,82.050003,105.129997
155.975006,29.435001,82.050003,105.129997
155.975006,29.435001,82.050003,105.129997
155.975006,29.435001,82.050003,105.129997
155.975006,29.435001,82.050003,105.129997
155.975006,29.435001,82.050003,105.129997
155.975006,29.435001,82.050003,105.129997
155.975006,29.435001,82.050003,105.129997
155.975006,29.435001,82.050003,105.129997
155.975006,29.435001,82.050003,105.129997
155.975006,29.435001,82.050003,105.129997
155.975006,29.435001,82.050003,105.129997
155.975006,29.435001,82.050003,105.129997
155.975006,29.435001,82.050003,105.129997
155.975006,29.435001,82.050003,105.129997
155.975006,29.435001,82.050003,105.129997
155.975006,29.435001,82.050003,105.129997
155.975006,29.435001,82.050003,105.129997
155.975006,29.435001,82.050003,105.129997
155.975006,29.435001,82.050003,105.129997
155.975006,29.435001,82.050003,105.129997
155.975006,29.435001,82.050003,105.129997
155.975006,29.435001,82.050003,105.129997
155.975006,29.435001,82.050003,105.129997
155.975006,29.435001,82.050003,105.129997
155.975006,29.435001,82.050003,105.129997
155.975006,29.435001,82.050003,105.129997
155.975006,29.435001,82.050003,105.129997
155.975006,29.435001,82.050003,105.129997
155.975006,29.435001,82.050003,105.129997
155.975006,29.435001,82.050003,105.129997
155.975006,29.435001,82.050003,105.129997
155.975006,29.435001,82.050003,105.129997
155.975006,29.435001,82.050003,105.129997
155.975006,29.435001,82.050003,105.129997
125.974998,13.435001,82.050003,105.129997
125.974998,13.435001,82.050003,105.129997
125.974998,13.435001,82.050003,105.129997
125.974998,13.435001,82.050003,105.129997
125.974998,13.435001,82.050003,105.129997
125.974998,13.435001,82.050003,105.129997
125.974998,13.435001,82.050003,105.129997
125.974998,13.435001,82.050003,105.129997
125.974998,13.435001,82.050003,105.129997
125.974998,13.435001,82.050003,105.129997
125.974998,13.435001,82.050003,105.129997
125.974998,13.435001,82.050003,105.129997
125.974998,13.435001,82.050003,105.129997
125.974998,13.435001,82.050003,105.129997
125.974998,13.435001,82.050003,105.129997
125.974998,13.435001,82.050003,105.129997
125.974998,13.435001,82.050003,105.129997
125.974998,13.435001,82.050003,105.129997
125.974998,13.435001,82.050003,105.129997
125.974998,13.435001,82.050003,105.129997
125.974998,13.435001,82.050003,105.129997
125.974998,13.435001,82.050003,105.129997
125.974998,13.435001,82.050003,105.129997
94.974998,3.435002,82.050003,105.129997
94.974998,3.435002,82.050003,105.129997
94.974998,3.435002,82.050003,105.129997
94.974998,3.435002,82.050003,105.129997
69.974998,3.435002,82.050003,105.129997
69.974998,3.435002,82.050003,105.129997
69.974998,3.435002,82.050003,105.129997
69.974998,3.435002,82.050003,105.129997
69.974998,3.435002,82.050003,105.129997
69.974998,3.435002,82.050003,105.129997
39.974998,48.435001,82.050003,105.129997
39.974998,48.435001,82.050003,105.129997
44.974998,14.435001,82.050003,105.129997
44.974998,14.435001,82.050003,105.129997
44.974998,14.435001,82.050003,105.129997
44.974998,14.435001,82.050003,105.129997
44.974998,14.435001,82.050003,105.129997
44.974998,14.435001,82.050003,105.129997
44.974998,14.435001,82.050003,105.129997
44.974998,14.435001,82.050003,105.129997
44.974998,14.435001,82.050003,105.129997
44.974998,14.435001,82.050003,105.129997
44.974998,14.435001,82.050003,105.129997
44.974998,14.435001,82.050003,105.129997
48.974998,69.435005,82.050003,105.129997
48.974998,69.435005,82.050003,105.129997
48.974998,69.435005,82.050003,105.129997
65.974998,40.435001,82.050003,105.129997
65.974998,40.435001,82.050003,105.129997
65.974998,40.435001,82.050003,105.129997
65.974998,40.435001,82.050003,105.129997
65.974998,40.435001,82.050003,105.129997
65.974998,40.435001,82.050003,105.129997
94.974998,50.435001,82.050003,105.129997
94.974998,50.435001,82.050003,105.129997
94.974998,50.435001,82.050003,105.129997
94.974998,50.435001,82.050003,105.129997
94.974998,50.435001,82.050003,105.129997
94.974998,50.435001,82.050003,105.129997
94.974998,50.435001,82.050003,105.129997
94.974998,50.435001,82.050003,105.129997
94.974998,50.435001,82.050003,105.129997
94.974998,50.435001,82.050003,105.129997
94.974998,50.435001,82.050003,105.129997
94.974998,50.435001,82.050003,105.129997
94.974998,50.435001,82.050003,105.129997
94.974998,50.435001,82.050003,105.129997
94.974998,50.435001,82.050003,105.129997
94.974998,50.435001,82.050003,105.129997
94.974998,50.435001,82.050003,105.129997
94.974998,50.435001,82.050003,105.129997
94.974998,50.435001,82.050003,105.129997
94.974998,50.435001,82.050003,105.129997
94.974998,50.435001,82.050003,105.129997
94.974998,50.435001,82.050003,105.129997
94.974998,50.435001,82.050003,105.129997
94.974998,50.435001,82.050003,105.129997
94.974998,50.435001,82.050003,105.129997
94.974998,50.435001,82.050003,105.129997
94.974998,50.435001,82.050003,105.129997
94.974998,50.435001,82.050003,105.129997
94.974998,50.435001,82.050003,105.129997
94.974998,50.435001,82.050003,105.129997
94.974998,50.435001,82.050003,105.129997
94.974998,50.435001,82.050003,105.129997
94.974998,50.435001,82.050003,105.129997
94.974998,50.435001,82.050003,105.129997
94.974998,50.435001,82.050003,105.129997
94.974998,50.435001,82.050003,105.129997
94.974998,50.435001,82.050003,105.129997
94.974998,50.435001,82.050003,105.129997
94.974998,50.435001,82.050003,105.129997
94.974998,50.435001,82.050003,105.129997
94.974998,50.435001,82.050003,105.129997
94.974998,50.435001,82.050003,105.129997
94.974998,50.435001,82.050003,105.129997
94.974998,50.435001,82.050003,105.129997
94.974998,50.435001,82.050003,105.129997
68.974998,64.435005,82.050003,105.129997
68.974998,64.435005,82.050003,105.129997
81.974998,29.435001,82.050003,105.129997
81.974998,29.435001,82.050003,105.129997
81.974998,29.435001,82.050003,105.129997
81.974998,29.435001,82.050003,105.129997
81.974998,29.435001,82.050003,105.129997
81.974998,29.435001,82.050003,105.129997
81.974998,29.435001,82.050003,105.129997
81.974998,29.435001,82.050003,105.129997
81.974998,29.435001,82.050003,105.129997
122.974998,44.435001,82.050003,105.129997
122.974998,44.435001,82.050003,105.129997
2
0
0
0
0
1
153.889999,36.430000,81.500000,110.609993
153.889999,36.430000,81.500000,110.609993
153.889999,36.430000,81.500000,110.609993
153.889999,36.430000,81.500000,110.609993
153.889999,36.430000,81.500000,110.609993
153.889999,36.430000,81.500000,110.609993
153.889999,36.430000,81.500000,110.609993
153.889999,36.430000,81.500000,110.609993
153.889999,36.430000,81.500000,110.609993
153.889999,36.430000,81.500000,110.609993
153.889999,36.430000,81.500000,110.609993
153.889999,36.430000,81.500000,110.609993
153.889999,36.430000,81.500000,110.609993
153.889999,36.430000,81.500000,110.609993
153.889999,36.430000,81.500000,110.609993
153.889999,36.430000,81.500000,110.609993
153.250000,35.695004,81.500000,110.609993
153.250000,35.695004,81.500000,110.609993
153.250000,35.695004,81.500000,110.609993
153.250000,35.695004,81.500000,110.609993
153.250000,35.695004,81.500000,110.609993
153.250000,35.695004,81.500000,110.609993
153.250000,35.695004,81.500000,110.609993
153.250000,35.695004,81.500000,110.609993
153.250000,35.695004,81.500000,110.609993
153.250000,35.695004,81.500000,110.609993
153.250000,35.695004,81.500000,110.609993
153.250000,35.695004,81.500000,110.609993
110.250000,33.695004,81.500000,110.609993
110.250000,33.695004,81.500000,110.609993
2
0
0
0
0
1
131.279999,44.029999,63.940002,74.230003
131.279999,44.029999,63.940002,74.230003
131.279999,44.029999,63.940002,74.230003
131.279999,44.029999,63.940002,74.230003
139.029999,19.884998,63.940002,74.230003
139.029999,19.884998,63.940002,74.230003
139.029999,19.884998,63.940002,74.230003
139.029999,19.884998,63.940002,74.230003
139.029999,19.884998,63.940002,74.230003
139.029999,19.884998,63.940002,74.230003
166.029999,14.884998,63.940002,74.230003
166.029999,14.884998,63.940002,74.230003
166.029999,14.884998,63.940002,74.230003
166.029999,14.884998,63.940002,74.230003
166.029999,14.884998,63.940002,74.230003
166.029999,14.884998,63.940002,74.230003
166.029999,14.884998,63.940002,74.230003
166.029999,14.884998,63.940002,74.230003
166.029999,14.884998,63.940002,74.230003
166.029999,14.884998,63.940002,74.230003
166.029999,14.884998,63.940002,74.230003
166.029999,14.884998,63.940002,74.230003
166.029999,14.884998,63.940002,74.230003
166.029999,14.884998,63.940002,74.230003
166.029999,14.884998,63.940002,74.230003
166.029999,14.884998,63.940002,74.230003
166.029999,14.884998,63.940002,74.230003
166.029999,14.884998,63.940002,74.230003
166.029999,14.884998,63.940002,74.230003
166.029999,14.884998,63.940002,74.230003
166.029999,14.884998,63.940002,74.230003
166.029999,14.884998,63.940002,74.230003
166.029999,14.884998,63.940002,74.230003
166.029999,14.884998,63.940002,74.230003
166.029999,14.884998,63.940002,74.230003
166.029999,14.884998,63.940002,74.230003
166.029999,14.884998,63.940002,74.230003
166.029999,14.884998,63.940002,74.230003
166.029999,14.884998,63.940002,74.230003
166.029999,14.884998,63.940002,74.230003
166.029999,14.884998,63.940002,74.230003
166.029999,14.884998,63.940002,74.230003
166.029999,14.884998,63.940002,74.230003
166.029999,14.884998,63.940002,74.230003
166.029999,14.884998,63.940002,74.230003
166.029999,14.884998,63.940002,74.230003
166.029999,14.884998,63.940002,74.230003
166.029999,14.884998,63.940002,74.230003
166.029999,14.884998,63.940002,74.230003
166.029999,14.884998,63.940002,74.230003
166.029999,14.884998,63.940002,74.230003
166.029999,14.884998,63.940002,74.230003
166.029999,14.884998,63.940002,74.230003
166.029999,14.884998,63.940002,74.230003
166.029999,14.884998,63.940002,74.230003
166.029999,14.884998,63.940002,74.230003
166.029999,14.884998,63.940002,74.230003
166.029999,14.884998,63.940002,74.230003
166.029999,14.884998,63.940002,74.230003
166.029999,14.884998,63.940002,74.230003
166.029999,14.884998,63.940002,74.230003
166.029999,14.884998,63.940002,74.230003
166.029999,14.884998,63.940002,74.230003
166.029999,14.884998,63.940002,74.230003
166.029999,14.884998,63.940002,74.230003
166.029999,14.884998,63.940002,74.230003
166.029999,14.884998,63.940002,74.230003
166.029999,14.884998,63.940002,74.230003
166.029999,14.884998,63.940002,74.230003
166.029999,14.884998,63.940002,74.230003
166.029999,14.884998,63.940002,74.230003
166.029999,14.884998,63.940002,74.230003
166.029999,14.884998,63.940002,74.230003
166.029999,14.884998,63.940002,74.230003
166.029999,14.884998,63.940002,74.230003
166.029999,14.884998,63.940002,74.230003
166.029999,14.884998,63.940002,74.230003
166.029999,14.884998,63.940002,74.230003
166.029999,14.884998,63.940002,74.230003
166.029999,14.884998,63.940002,74.230003
166.029999,14.884998,63.940002,74.230003
135.029999,16.884998,63.940002,74.230003
135.029999,16.884998,63.940002,74.230003
135.029999,16.884998,63.940002,74.230003
135.029999,16.884998,63.940002,74.230003
135.029999,16.884998,63.940002,74.230003
135.029999,16.884998,63.940002,74.230003
135.029999,16.884998,63.940002,74.230003
135.029999,16.884998,63.940002,74.230003
135.029999,16.884998,63.940002,74.230003
135.029999,16.884998,63.940002,74.230003
105.029999,26.884998,63.940002,74.230003
105.029999,26.884998,63.940002,74.230003
105.029999,26.884998,63.940002,74.230003
105.029999,26.884998,63.940002,74.230003
105.029999,26.884998,63.940002,74.230003
105.029999,26.884998,63.940002,74.230003
105.029999,26.884998,63.940002,74.230003
105.029999,26.884998,63.940002,74.230003
105.029999,26.884998,63.940002,74.230003
105.029999,26.884998,63.940002,74.230003
105.029999,26.884998,63.940002,74.230003
105.029999,26.884998,63.940002,74.230003
105.029999,26.884998,63.940002,74.230003
105.029999,26.884998,63.940002,74.230003
105.029999,26.884998,63.940002,74.230003
135.029999,61.884998,63.940002,74.230003
135.029999,61.884998,63.940002,74.230003
135.029999,61.884998,63.940002,74.230003
135.029999,61.884998,63.940002,74.230003
135.029999,61.884998,63.940002,74.230003
135.029999,61.884998,63.940002,74.230003
135.029999,61.884998,63.940002,74.230003
135.029999,61.884998,63.940002,74.230003
135.029999,61.884998,63.940002,74.230003
135.029999,61.884998,63.940002,74.230003
135.029999,61.884998,63.940002,74.230003
135.029999,61.884998,63.940002,74.230003
112.029999,16.884998,63.940002,74.230003
112.029999,16.884998,63.940002,74.230003
112.029999,16.884998,63.940002,74.230003
112.029999,16.884998,63.940002,74.230003
112.029999,16.884998,63.940002,74.230003
112.029999,16.884998,63.940002,74.230003
112.029999,16.884998,63.940002,74.230003
112.029999,16.884998,63.940002,74.230003
112.029999,16.884998,63.940002,74.230003
112.029999,16.884998,63.940002,74.230003
112.029999,16.884998,63.940002,74.230003
112.029999,16.884998,63.940002,74.230003
112.029999,16.884998,63.940002,74.230003
112.029999,16.884998,63.940002,74.230003
112.029999,16.884998,63.940002,74.230003
112.029999,16.884998,63.940002,74.230003
112.029999,16.884998,63.940002,74.230003
112.029999,16.884998,63.940002,74.230003
112.029999,16.884998,63.940002,74.230003
112.029999,16.884998,63.940002,74.230003
112.029999,16.884998,63.940002,74.230003
112.029999,16.884998,63.940002,74.230003
112.029999,16.884998,63.940002,74.230003
112.029999,16.884998,63.940002,74.230003
112.029999,16.884998,63.940002,74.230003
112.029999,16.884998,63.940002,74.230003
112.029999,16.884998,63.940002,74.230003
112.029999,16.884998,63.940002,74.230003
112.029999,16.884998,63.940002,74.230003
112.029999,16.884998,63.940002,74.230003
112.029999,16.884998,63.940002,74.230003
112.029999,16.884998,63.940002,74.230003
112.029999,16.884998,63.940002,74.230003
112.029999,16.884998,63.940002,74.230003
112.029999,16.884998,63.940002,74.230003
112.029999,16.884998,63.940002,74.230003
112.029999,16.884998,63.940002,74.230003
112.029999,16.884998,63.940002,74.230003
112.029999,16.884998,63.940002,74.230003
112.029999,16.884998,63.940002,74.230003
112.029999,16.884998,63.940002,74.230003
112.029999,16.884998,63.940002,74.230003
169.029999,6.884998,63.940002,74.230003
169.029999,6.884998,63.940002,74.230003
169.029999,6.884998,63.940002,74.230003
169.029999,6.884998,63.940002,74.230003
169.029999,6.884998,63.940002,74.230003
169.029999,6.884998,63.940002,74.230003
169.029999,6.884998,63.940002,74.230003
169.029999,6.884998,63.940002,74.230003
142.029999,6.884998,63.940002,74.230003
142.029999,6.884998,63.940002,74.230003
142.029999,6.884998,63.940002,74.230003
142.029999,6.884998,63.940002,74.230003
142.029999,6.884998,63.940002,74.230003
142.029999,6.884998,63.940002,74.230003
142.029999,6.884998,63.940002,74.230003
142.029999,6.884998,63.940002,74.230003
142.029999,6.884998,63.940002,74.230003
142.029999,6.884998,63.940002,74.230003
142.029999,6.884998,63.940002,74.230003
142.029999,6.884998,63.940002,74.230003
142.029999,6.884998,63.940002,74.230003
142.029999,6.884998,63.940002,74.230003
142.029999,6.884998,63.940002,74.230003
142.029999,6.884998,63.940002,74.230003
142.029999,6.884998,63.940002,74.230003
142.029999,6.884998,63.940002,74.230003
145.029999,56.884998,63.940002,74.230003
145.029999,56.884998,63.940002,74.230003
145.029999,56.884998,63.940002,74.230003
145.029999,56.884998,63.940002,74.230003
145.029999,56.884998,63.940002,74.230003
145.029999,56.884998,63.940002,74.230003
145.029999,56.884998,63.940002,74.230003
145.029999,56.884998,63.940002,74.230003
145.029999,56.884998,63.940002,74.230003
145.029999,56.884998,63.940002,74.230003
145.029999,56.884998,63.940002,74.230003
145.029999,56.884998,63.940002,74.230003
145.029999,56.884998,63.940002,74.230003
145.029999,56.884998,63.940002,74.230003
145.029999,56.884998,63.940002,74.230003
145.029999,56.884998,63.940002,74.230003
145.029999,56.884998,63.940002,74.230003
132.029999,21.884998,63.940002,74.230003
132.029999,21.884998,63.940002,74.230003
132.029999,21.884998,63.940002,74.230003
132.029999,21.884998,63.940002,74.230003
132.029999,21.884998,63.940002,74.230003
132.029999,21.884998,63.940002,74.230003
103.029999,31.884998,63.940002,74.230003
103.029999,31.884998,63.940002,74.230003
103.029999,31.884998,63.940002,74.230003
103.029999,31.884998,63.940002,74.230003
103.029999,31.884998,63.940002,74.230003
103.029999,31.884998,63.940002,74.230003
103.029999,31.884998,63.940002,74.230003
103.029999,31.884998,63.940002,74.230003
103.029999,31.884998,63.940002,74.230003
103.029999,31.884998,63.940002,74.230003
103.029999,31.884998,63.940002,74.230003
103.029999,31.884998,63.940002,74.230003
103.029999,31.884998,63.940002,74.230003
103.029999,31.884998,63.940002,74.230003
103.029999,31.884998,63.940002,74.230003
2
0
0
0
0
1
149.309998,55.380001,65.059998,88.720001
149.309998,55.380001,65.059998,88.720001
149.309998,55.380001,65.059998,88.720001
149.309998,55.380001,65.059998,88.720001
149.309998,55.380001,65.059998,88.720001
149.309998,55.380001,65.059998,88.720001
149.309998,55.380001,65.059998,88.720001
149.309998,55.380001,65.059998,88.720001
149.309998,55.380001,65.059998,88.720001
149.309998,55.380001,65.059998,88.720001
149.309998,55.380001,65.059998,88.720001
149.309998,55.380001,65.059998,88.720001
149.309998,55.380001,65.059998,88.720001
149.309998,55.380001,65.059998,88.720001
149.309998,55.380001,65.059998,88.720001
149.309998,55.380001,65.059998,88.720001
149.309998,55.380001,65.059998,88.720001
149.309998,55.380001,65.059998,88.720001
149.309998,55.380001,65.059998,88.720001
149.309998,55.380001,65.059998,88.720001
149.309998,55.380001,65.059998,88.720001
149.309998,55.380001,65.059998,88.720001
149.309998,55.380001,65.059998,88.720001
149.309998,55.380001,65.059998,88.720001
149.309998,55.380001,65.059998,88.720001
149.309998,55.380001,65.059998,88.720001
149.309998,55.380001,65.059998,88.720001
149.309998,55.380001,65.059998,88.720001
149.309998,55.380001,65.059998,88.720001
149.309998,55.380001,65.059998,88.720001
149.309998,55.380001,65.059998,88.720001
149.309998,55.380001,65.059998,88.720001
186.470001,37.639999,65.059998,88.720001
186.470001,37.639999,65.059998,88.720001
186.470001,37.639999,65.059998,88.720001
186.470001,37.639999,65.059998,88.720001
186.470001,37.639999,65.059998,88.720001
186.470001,37.639999,65.059998,88.720001
151.470001,56.639999,65.059998,88.720001
151.470001,56.639999,65.059998,88.720001
151.470001,56.639999,65.059998,88.720001
151.470001,56.639999,65.059998,88.720001
151.470001,56.639999,65.059998,88.720001
151.470001,56.639999,65.059998,88.720001
151.470001,56.639999,65.059998,88.720001
151.470001,56.639999,65.059998,88.720001
151.470001,56.639999,65.059998,88.720001
151.470001,56.639999,65.059998,88.720001
151.470001,56.639999,65.059998,88.720001
151.470001,56.639999,65.059998,88.720001
151.470001,56.639999,65.059998,88.720001
151.470001,56.639999,65.059998,88.720001
151.470001,56.639999,65.059998,88.720001
151.470001,56.639999,65.059998,88.720001
151.470001,56.639999,65.059998,88.720001
151.470001,56.639999,65.059998,88.720001
151.470001,56.639999,65.059998,88.720001
151.470001,56.639999,65.059998,88.720001
151.470001,56.639999,65.059998,88.720001
151.470001,56.639999,65.059998,88.720001
151.470001,56.639999,65.059998,88.720001
151.470001,56.639999,65.059998,88.720001
151.470001,56.639999,65.059998,88.720001
151.470001,56.639999,65.059998,88.720001
151.470001,56.639999,65.059998,88.720001
151.470001,56.639999,65.059998,88.720001
151.470001,56.639999,65.059998,88.720001
151.470001,56.639999,65.059998,88.720001
151.470001,56.639999,65.059998,88.720001
151.470001,56.639999,65.059998,88.720001
151.470001,56.639999,65.059998,88.720001
151.470001,56.639999,65.059998,88.720001
151.470001,56.639999,65.059998,88.720001
151.470001,56.639999,65.059998,88.720001
151.470001,56.639999,65.059998,88.720001
151.470001,56.639999,65.059998,88.720001
151.470001,56.639999,65.059998,88.720001
151.470001,56.639999,65.059998,88.720001
151.470001,56.639999,65.059998,88.720001
151.470001,56.639999,65.059998,88.720001
151.470001,56.639999,65.059998,88.720001
151.470001,56.639999,65.059998,88.720001
151.470001,56.639999,65.059998,88.720001
151.470001,56.639999,65.059998,88.720001
151.470001,56.639999,65.059998,88.720001
151.470001,56.639999,65.059998,88.720001
151.470001,56.639999,65.059998,88.720001
151.470001,56.639999,65.059998,88.720001
151.470001,56.639999,65.059998,88.720001
151.470001,56.639999,65.059998,88.720001
151.470001,56.639999,65.059998,88.720001
151.470001,56.639999,65.059998,88.720001
151.470001,56.639999,65.059998,88.720001
151.470001,56.639999,65.059998,88.720001
151.470001,56.639999,65.059998,88.720001
151.470001,56.639999,65.059998,88.720001
151.470001,56.639999,65.059998,88.720001
151.470001,56.639999,65.059998,88.720001
151.470001,56.639999,65.059998,88.720001
151.470001,56.639999,65.059998,88.720001
151.470001,56.639999,65.059998,88.720001
106.470001,55.639999,65.059998,88.720001
106.470001,55.639999,65.059998,88.720001
106.470001,55.639999,65.059998,88.720001
106.470001,55.639999,65.059998,88.720001
