1
147.750000,45.830002,79.839996,99.779999
147.750000,45.830002,79.839996,99.779999
147.750000,45.830002,79.839996,99.779999
147.750000,45.830002,79.839996,99.779999
147.750000,45.830002,79.839996,99.779999
147.750000,45.830002,79.839996,99.779999
147.750000,45.830002,79.839996,99.779999
147.750000,45.830002,79.839996,99.779999
147.750000,45.830002,79.839996,99.779999
147.750000,45.830002,79.839996,99.779999
147.750000,45.830002,79.839996,99.779999
147.750000,45.830002,79.839996,99.779999
121.080002,39.110001,79.839996,99.779999
121.080002,39.110001,79.839996,99.779999
121.080002,39.110001,79.839996,99.779999
121.080002,39.110001,79.839996,99.779999
121.080002,39.110001,79.839996,99.779999
121.080002,39.110001,79.839996,99.779999
121.080002,39.110001,79.839996,99.779999
121.080002,39.110001,79.839996,99.779999
121.080002,39.110001,79.839996,99.779999
121.080002,39.110001,79.839996,99.779999
121.080002,39.110001,79.839996,99.779999
121.080002,39.110001,79.839996,99.779999
121.080002,39.110001,79.839996,99.779999
121.080002,39.110001,79.839996,99.779999
121.080002,39.110001,79.839996,99.779999
121.080002,39.110001,79.839996,99.779999
121.080002,39.110001,79.839996,99.779999
121.080002,39.110001,79.839996,99.779999
121.080002,39.110001,79.839996,99.779999
121.080002,39.110001,79.839996,99.779999
121.080002,39.110001,79.839996,99.779999
121.080002,39.110001,79.839996,99.779999
121.080002,39.110001,79.839996,99.779999
174.080002,54.110001,79.839996,99.779999
145.080002,54.110001,79.839996,99.779999
145.080002,54.110001,79.839996,99.779999
145.080002,54.110001,79.839996,99.779999
145.080002,54.110001,79.839996,99.779999
145.080002,54.110001,79.839996,99.779999
145.080002,54.110001,79.839996,99.779999
145.080002,54.110001,79.839996,99.779999
145.080002,54.110001,79.839996,99.779999
145.080002,54.110001,79.839996,99.779999
120.000000,0.000000,79.000000,98.000000
120.000000,0.000000,79.000000,98.000000
120.000000,0.000000,79.000000,98.000000
120.000000,0.000000,78.000000,98.000000
120.000000,0.000000,78.000000,98.000000
120.000000,0.000000,78.000000,98.000000
120.000000,0.000000,78.000000,98.000000
120.000000,0.000000,78.000000,98.000000
120.000000,0.000000,78.000000,98.000000
120.000000,0.000000,78.000000,98.000000
120.000000,0.000000,78.000000,98.000000
120.000000,0.000000,78.000000,98.000000
120.000000,0.000000,78.000000,98.000000
120.000000,0.000000,78.000000,98.000000
120.000000,0.000000,78.000000,98.000000
120.000000,0.000000,78.000000,98.000000
120.000000,0.000000,78.000000,98.000000
120.000000,0.000000,78.000000,98.000000
120.000000,0.000000,78.000000,98.000000
120.000000,0.000000,78.000000,98.000000
120.000000,0.000000,78.000000,98.000000
120.000000,0.000000,78.000000,98.000000
120.000000,0.000000,78.000000,98.000000
120.000000,0.000000,78.000000,98.000000
120.000000,0.000000,78.000000,98.000000
120.000000,0.000000,78.000000,98.000000
120.000000,0.000000,78.000000,98.000000
120.000000,0.000000,78.000000,98.000000
120.000000,0.000000,78.000000,98.000000
120.000000,0.000000,78.000000,98.000000
120.000000,0.000000,78.000000,98.000000
120.000000,0.000000,78.000000,98.000000
120.000000,0.000000,78.000000,98.000000
146.000000,25.000000,78.000000,98.000000
146.000000,25.000000,78.000000,98.000000
146.000000,25.000000,78.000000,98.000000
146.000000,25.000000,78.000000,98.000000
146.000000,25.000000,78.000000,98.000000
146.000000,25.000000,78.000000,98.000000
146.000000,25.000000,78.000000,98.000000
146.000000,25.000000,78.000000,98.000000
146.000000,25.000000,78.000000,98.000000
146.000000,25.000000,78.000000,98.000000
146.000000,25.000000,78.000000,98.000000
146.000000,25.000000,78.000000,98.000000
146.000000,25.000000,78.000000,98.000000
146.000000,25.000000,78.000000,98.000000
146.000000,25.000000,78.000000,98.000000
146.000000,25.000000,78.000000,98.000000
146.000000,25.000000,78.000000,98.000000
146.000000,25.000000,78.000000,98.000000
146.000000,25.000000,78.000000,98.000000
146.000000,25.000000,78.000000,98.000000
146.000000,25.000000,78.000000,98.000000
146.000000,25.000000,78.000000,98.000000
146.000000,25.000000,78.000000,98.000000
146.000000,25.000000,78.000000,98.000000
146.000000,25.000000,78.000000,98.000000
146.000000,25.000000,78.000000,98.000000
146.000000,25.000000,78.000000,98.000000
146.000000,25.000000,78.000000,98.000000
146.000000,25.000000,78.000000,98.000000
146.000000,25.000000,78.000000,98.000000
146.000000,25.000000,78.000000,98.000000
146.000000,25.000000,78.000000,98.000000
146.000000,25.000000,78.000000,98.000000
146.000000,25.000000,78.000000,98.000000
146.000000,25.000000,78.000000,98.000000
146.000000,25.000000,78.000000,98.000000
146.000000,25.000000,78.000000,98.000000
146.000000,25.000000,78.000000,98.000000
146.000000,25.000000,78.000000,98.000000
146.000000,25.000000,78.000000,98.000000
146.000000,25.000000,78.000000,98.000000
146.000000,25.000000,78.000000,98.000000
146.000000,25.000000,78.000000,98.000000
146.000000,25.000000,78.000000,98.000000
146.000000,25.000000,78.000000,98.000000
146.000000,25.000000,78.000000,98.000000
146.000000,25.000000,78.000000,98.000000
146.000000,25.000000,78.000000,98.000000
146.000000,25.000000,78.000000,98.000000
146.000000,25.000000,78.000000,98.000000
146.000000,25.000000,78.000000,98.000000
146.000000,25.000000,78.000000,98.000000
146.000000,25.000000,78.000000,98.000000
146.000000,25.000000,78.000000,98.000000
146.000000,25.000000,78.000000,98.000000
146.000000,25.000000,78.000000,98.000000
146.000000,25.000000,78.000000,98.000000
146.000000,25.000000,78.000000,98.000000
146.000000,25.000000,78.000000,98.000000
146.000000,25.000000,78.000000,98.000000
146.000000,25.000000,78.000000,98.000000
146.000000,25.000000,78.000000,98.000000
146.000000,25.000000,78.000000,98.000000
146.000000,25.000000,78.000000,98.000000
146.000000,25.000000,78.000000,98.000000
146.000000,25.000000,78.000000,98.000000
146.000000,25.000000,78.000000,98.000000
146.000000,25.000000,78.000000,98.000000
146.000000,25.000000,78.000000,98.000000
146.000000,25.000000,78.000000,98.000000
146.000000,25.000000,78.000000,98.000000
146.000000,25.000000,78.000000,98.000000
146.000000,25.000000,78.000000,98.000000
146.000000,25.000000,78.000000,98.000000
146.000000,25.000000,78.000000,98.000000
146.000000,25.000000,78.000000,98.000000
146.000000,25.000000,78.000000,98.000000
146.000000,25.000000,78.000000,98.000000
146.000000,25.000000,78.000000,98.000000
146.000000,25.000000,78.000000,98.000000
146.000000,25.000000,78.000000,98.000000
146.000000,25.000000,78.000000,98.000000
146.000000,25.000000,78.000000,98.000000
146.000000,25.000000,78.000000,98.000000
146.000000,25.000000,78.000000,98.000000
146.000000,25.000000,78.000000,98.000000
146.000000,25.000000,78.000000,98.000000
146.000000,25.000000,78.000000,98.000000
146.000000,25.000000,78.000000,98.000000
146.000000,25.000000,78.000000,98.000000
146.000000,25.000000,78.000000,98.000000
146.000000,25.000000,78.000000,98.000000
146.000000,25.000000,78.000000,98.000000
146.000000,25.000000,78.000000,98.000000
146.000000,25.000000,78.000000,98.000000
146.000000,25.000000,78.000000,98.000000
146.000000,25.000000,78.000000,98.000000
146.000000,25.000000,78.000000,98.000000
146.000000,25.000000,78.000000,98.000000
146.000000,25.000000,78.000000,98.000000
146.000000,25.000000,78.000000,98.000000
146.000000,25.000000,78.000000,98.000000
146.000000,25.000000,78.000000,98.000000
146.000000,25.000000,78.000000,98.000000
146.000000,25.000000,78.000000,98.000000
146.000000,25.000000,78.000000,98.000000
146.000000,25.000000,78.000000,98.000000
146.000000,25.000000,78.000000,98.000000
146.000000,25.000000,78.000000,98.000000
146.000000,25.000000,78.000000,98.000000
100.000000,30.000000,78.000000,98.000000
100.000000,30.000000,78.000000,98.000000
100.000000,30.000000,78.000000,98.000000
100.000000,30.000000,78.000000,98.000000
100.000000,30.000000,78.000000,98.000000
100.000000,30.000000,78.000000,98.000000
100.000000,30.000000,78.000000,98.000000
100.000000,30.000000,78.000000,98.000000
100.000000,30.000000,78.000000,98.000000
100.000000,30.000000,78.000000,98.000000
100.000000,30.000000,78.000000,98.000000
141.000000,15.000000,78.000000,98.000000
141.000000,15.000000,78.000000,98.000000
141.000000,15.000000,78.000000,98.000000
141.000000,15.000000,78.000000,98.000000
141.000000,15.000000,78.000000,98.000000
141.000000,15.000000,78.000000,98.000000
141.000000,15.000000,78.000000,98.000000
141.000000,15.000000,78.000000,98.000000
141.000000,15.000000,78.000000,98.000000
141.000000,15.000000,78.000000,98.000000
141.000000,15.000000,78.000000,98.000000
141.000000,15.000000,78.000000,98.000000
141.000000,15.000000,78.000000,98.000000
141.000000,15.000000,78.000000,98.000000
141.000000,15.000000,78.000000,98.000000
141.000000,15.000000,78.000000,98.000000
177.000000,45.000000,78.000000,98.000000
158.000000,10.000000,78.000000,98.000000
158.000000,10.000000,78.000000,98.000000
158.000000,10.000000,78.000000,98.000000
158.000000,10.000000,78.000000,98.000000
158.000000,10.000000,78.000000,98.000000
158.000000,10.000000,78.000000,98.000000
158.000000,10.000000,78.000000,98.000000
158.000000,10.000000,78.000000,98.000000
158.000000,10.000000,78.000000,98.000000
158.000000,10.000000,78.000000,98.000000
158.000000,10.000000,78.000000,98.000000
158.000000,10.000000,78.000000,98.000000
158.000000,10.000000,78.000000,98.000000
158.000000,10.000000,78.000000,98.000000
158.000000,10.000000,78.000000,98.000000
158.000000,10.000000,78.000000,98.000000
158.000000,10.000000,78.000000,98.000000
137.000000,40.000000,78.000000,98.000000
137.000000,40.000000,78.000000,98.000000
137.000000,40.000000,78.000000,98.000000
137.000000,40.000000,78.000000,98.000000
137.000000,40.000000,78.000000,98.000000
137.000000,40.000000,78.000000,98.000000
137.000000,40.000000,78.000000,98.000000
137.000000,40.000000,78.000000,98.000000
137.000000,40.000000,78.000000,98.000000
137.000000,40.000000,78.000000,98.000000
137.000000,40.000000,78.000000,98.000000
137.000000,40.000000,78.000000,98.000000
137.000000,40.000000,78.000000,98.000000
137.000000,40.000000,78.000000,98.000000
137.000000,40.000000,78.000000,98.000000
137.000000,40.000000,78.000000,98.000000
137.000000,40.000000,78.000000,98.000000
137.000000,40.000000,78.000000,98.000000
137.000000,40.000000,78.000000,98.000000
137.000000,40.000000,78.000000,98.000000
137.000000,40.000000,78.000000,98.000000
137.000000,40.000000,78.000000,98.000000
137.000000,40.000000,78.000000,98.000000
137.000000,40.000000,78.000000,98.000000
148.000000,10.000000,78.000000,98.000000
148.000000,10.000000,78.000000,98.000000
148.000000,10.000000,78.000000,98.000000
148.000000,10.000000,78.000000,98.000000
148.000000,10.000000,78.000000,98.000000
148.000000,10.000000,78.000000,98.000000
148.000000,10.000000,78.000000,98.000000
148.000000,10.000000,78.000000,98.000000
148.000000,10.000000,78.000000,98.000000
148.000000,10.000000,78.000000,98.000000
148.000000,10.000000,78.000000,98.000000
148.000000,10.000000,78.000000,98.000000
148.000000,10.000000,78.000000,98.000000
148.000000,10.000000,78.000000,98.000000
148.000000,10.000000,78.000000,98.000000
148.000000,10.000000,78.000000,98.000000
148.000000,10.000000,78.000000,98.000000
148.000000,10.000000,78.000000,98.000000
148.000000,10.000000,78.000000,98.000000
148.000000,10.000000,78.000000,98.000000
148.000000,10.000000,78.000000,98.000000
148.000000,10.000000,78.000000,98.000000
148.000000,10.000000,78.000000,98.000000
2
0
0
0
0
1
111.430000,29.040001,99.540001,129.880005
111.430000,29.040001,99.540001,129.880005
111.430000,29.040001,99.540001,129.880005
111.430000,29.040001,99.540001,129.880005
111.430000,29.040001,99.540001,129.880005
111.430000,29.040001,99.540001,129.880005
111.430000,29.040001,99.540001,129.880005
111.430000,29.040001,99.540001,129.880005
111.430000,29.040001,99.540001,129.880005
111.430000,29.040001,99.540001,129.880005
111.430000,29.040001,99.540001,129.880005
111.430000,29.040001,99.540001,129.880005
111.430000,29.040001,99.540001,129.880005
111.430000,29.040001,99.540001,129.880005
111.430000,29.040001,99.540001,129.880005
111.430000,29.040001,99.540001,129.880005
111.229996,28.059998,99.540001,129.880005
70.229996,9.059998,99.540001,129.880005
70.229996,9.059998,99.540001,129.880005
70.229996,9.059998,99.540001,129.880005
70.229996,9.059998,99.540001,129.880005
70.229996,9.059998,99.540001,129.880005
70.229996,9.059998,99.540001,129.880005
44.230000,35.059998,99.540001,129.880005
44.230000,35.059998,99.540001,129.880005
44.230000,35.059998,99.540001,129.880005
44.230000,35.059998,99.540001,129.880005
44.230000,35.059998,99.540001,129.880005
44.230000,35.059998,99.540001,129.880005
44.230000,35.059998,99.540001,129.880005
44.230000,35.059998,99.540001,129.880005
44.230000,35.059998,99.540001,129.880005
44.230000,35.059998,99.540001,129.880005
44.230000,35.059998,99.540001,129.880005
44.230000,35.059998,99.540001,129.880005
9.230000,49.059998,99.540001,129.880005
9.230000,49.059998,99.540001,129.880005
9.230000,49.059998,99.540001,129.880005
9.230000,49.059998,99.540001,129.880005
9.230000,49.059998,99.540001,129.880005
9.230000,49.059998,99.540001,129.880005
9.230000,49.059998,99.540001,129.880005
2
0
0
0
0
1
130.100006,20.059999,103.849991,132.000000
130.100006,20.059999,103.849991,132.000000
130.100006,20.059999,103.849991,132.000000
130.100006,20.059999,103.849991,132.000000
130.100006,20.059999,103.849991,132.000000
130.100006,20.059999,103.849991,132.000000
130.100006,20.059999,103.849991,132.000000
130.100006,20.059999,103.849991,132.000000
130.100006,20.059999,103.849991,132.000000
130.100006,20.059999,103.849991,132.000000
130.100006,20.059999,103.849991,132.000000
130.100006,20.059999,103.849991,132.000000
130.100006,20.059999,103.849991,132.000000
130.100006,20.059999,103.849991,132.000000
130.100006,20.059999,103.849991,132.000000
130.100006,20.059999,103.849991,132.000000
130.074997,20.000000,103.849991,132.000000
130.074997,20.000000,103.849991,132.000000
130.074997,20.000000,103.849991,132.000000
130.074997,20.000000,103.849991,132.000000
130.074997,20.000000,103.849991,132.000000
130.074997,20.000000,103.849991,132.000000
130.074997,20.000000,103.849991,132.000000
130.074997,20.000000,103.849991,132.000000
130.074997,20.000000,103.849991,132.000000
130.074997,20.000000,103.849991,132.000000
130.074997,20.000000,103.849991,132.000000
130.074997,20.000000,103.849991,132.000000
130.074997,20.000000,103.849991,132.000000
130.074997,20.000000,103.849991,132.000000
130.074997,20.000000,103.849991,132.000000
130.074997,20.000000,103.849991,132.000000
130.074997,20.000000,103.849991,132.000000
130.074997,20.000000,103.849991,132.000000
130.074997,20.000000,103.849991,132.000000
130.074997,20.000000,103.849991,132.000000
130.074997,20.000000,103.849991,132.000000
130.074997,20.000000,103.849991,132.000000
130.074997,20.000000,103.849991,132.000000
130.074997,20.000000,103.849991,132.000000
130.074997,20.000000,103.849991,132.000000
130.074997,20.000000,103.849991,132.000000
130.074997,20.000000,103.849991,132.000000
130.074997,20.000000,103.849991,132.000000
130.074997,20.000000,103.849991,132.000000
130.074997,20.000000,103.849991,132.000000
130.074997,20.000000,103.849991,132.000000
130.074997,20.000000,103.849991,132.000000
130.074997,20.000000,103.849991,132.000000
130.074997,20.000000,103.849991,132.000000
130.074997,20.000000,103.849991,132.000000
130.074997,20.000000,103.849991,132.000000
130.074997,20.000000,103.849991,132.000000
130.074997,20.000000,103.849991,132.000000
130.074997,20.000000,103.849991,132.000000
130.074997,20.000000,103.849991,132.000000
130.074997,20.000000,103.849991,132.000000
130.074997,20.000000,103.849991,132.000000
130.074997,20.000000,103.849991,132.000000
130.074997,20.000000,103.849991,132.000000
130.074997,20.000000,103.849991,132.000000
130.074997,20.000000,103.849991,132.000000
130.074997,20.000000,103.849991,132.000000
130.074997,20.000000,103.849991,132.000000
130.074997,20.000000,103.849991,132.000000
130.074997,20.000000,103.849991,132.000000
130.074997,20.000000,103.849991,132.000000
130.074997,20.000000,103.849991,132.000000
130.074997,20.000000,103.849991,132.000000
130.074997,20.000000,103.849991,132.000000
130.074997,20.000000,103.849991,132.000000
130.074997,20.000000,103.849991,132.000000
130.074997,20.000000,103.849991,132.000000
2
0
0
0
0
1
155.869995,50.919998,75.169998,87.190002
155.869995,50.919998,75.169998,87.190002
155.869995,50.919998,75.169998,87.190002
155.869995,50.919998,75.169998,87.190002
155.869995,50.919998,75.169998,87.190002
155.869995,50.919998,75.169998,87.190002
155.869995,50.919998,75.169998,87.190002
155.869995,50.919998,75.169998,87.190002
155.869995,50.919998,75.169998,87.190002
155.869995,50.919998,75.169998,87.190002
155.869995,50.919998,75.169998,87.190002
155.869995,50.919998,75.169998,87.190002
155.869995,50.919998,75.169998,87.190002
131.415009,34.404999,75.169998,87.190002
131.415009,34.404999,75.169998,87.190002
105.415001,19.404999,75.169998,87.190002
105.415001,19.404999,75.169998,87.190002
105.415001,19.404999,75.169998,87.190002
131.415009,30.404999,75.169998,87.190002
131.415009,30.404999,75.169998,87.190002
131.415009,30.404999,75.169998,87.190002
131.415009,30.404999,75.169998,87.190002
131.415009,30.404999,75.169998,87.190002
96.415001,49.404999,75.169998,87.190002
96.415001,49.404999,75.169998,87.190002
96.415001,49.404999,75.169998,87.190002
96.415001,49.404999,75.169998,87.190002
96.415001,49.404999,75.169998,87.190002
2
0
0
0
0
1
154.199997,50.750000,58.490005,76.709999
154.199997,50.750000,58.490005,76.709999
154.199997,50.750000,58.490005,76.709999
154.199997,50.750000,58.490005,76.709999
154.199997,50.750000,58.490005,76.709999
154.199997,50.750000,58.490005,76.709999
154.199997,50.750000,58.490005,76.709999
154.199997,50.750000,58.490005,76.709999
154.199997,50.750000,58.490005,76.709999
137.755005,24.645000,58.490005,76.709999
137.755005,24.645000,58.490005,76.709999
137.755005,24.645000,58.490005,76.709999
137.755005,24.645000,58.490005,76.709999
137.755005,24.645000,58.490005,76.709999
137.755005,24.645000,58.490005,76.709999
137.755005,24.645000,58.490005,76.709999
137.755005,24.645000,58.490005,76.709999
137.755005,24.645000,58.490005,76.709999
137.755005,24.645000,58.490005,76.709999
137.755005,24.645000,58.490005,76.709999
137.755005,24.645000,58.490005,76.709999
137.755005,24.645000,58.490005,76.709999
137.755005,24.645000,58.490005,76.709999
137.755005,24.645000,58.490005,76.709999
137.755005,24.645000,58.490005,76.709999
137.755005,24.645000,58.490005,76.709999
137.755005,24.645000,58.490005,76.709999
137.755005,24.645000,58.490005,76.709999
137.755005,24.645000,58.490005,76.709999
137.755005,24.645000,58.490005,76.709999
137.755005,24.645000,58.490005,76.709999
137.755005,24.645000,58.490005,76.709999
137.755005,24.645000,58.490005,76.709999
137.755005,24.645000,58.490005,76.709999
137.755005,24.645000,58.490005,76.709999
137.755005,24.645000,58.490005,76.709999
137.755005,24.645000,58.490005,76.709999
137.755005,24.645000,58.490005,76.709999
137.755005,24.645000,58.490005,76.709999
137.755005,24.645000,58.490005,76.709999
137.755005,24.645000,58.490005,76.709999
137.755005,24.645000,58.490005,76.709999
137.755005,24.645000,58.490005,76.709999
137.755005,24.645000,58.490005,76.709999
137.755005,24.645000,58.490005,76.709999
137.755005,24.645000,58.490005,76.709999
137.755005,24.645000,58.490005,76.709999
137.755005,24.645000,58.490005,76.709999
137.755005,23.645000,58.490005,76.709999
137.755005,23.645000,58.490005,76.709999
137.755005,23.645000,58.490005,76.709999
137.755005,23.645000,58.490005,76.709999
137.755005,23.645000,58.490005,76.709999
137.755005,23.645000,58.490005,76.709999
137.755005,23.645000,58.490005,76.709999
137.755005,23.645000,58.490005,76.709999
137.755005,23.645000,58.490005,76.709999
137.755005,23.645000,58.490005,76.709999
137.755005,23.645000,58.490005,76.709999
137.755005,23.645000,58.490005,76.709999
137.755005,23.645000,58.490005,76.709999
137.755005,23.645000,58.490005,76.709999
137.755005,23.645000,58.490005,76.709999
137.755005,23.645000,58.490005,76.709999
137.755005,23.645000,58.490005,76.709999
137.755005,23.645000,58.490005,76.709999
137.755005,23.645000,58.490005,76.709999
137.755005,23.645000,58.490005,76.709999
137.755005,23.645000,58.490005,76.709999
137.755005,23.645000,58.490005,76.709999
137.755005,23.645000,58.490005,76.709999
137.755005,23.645000,58.490005,76.709999
137.755005,23.645000,58.490005,76.709999
137.755005,23.645000,58.490005,76.709999
137.755005,23.645000,58.490005,76.709999
137.755005,23.645000,58.490005,76.709999
137.755005,23.645000,58.490005,76.709999
137.755005,23.645000,58.490005,76.709999
137.755005,23.645000,58.490005,76.709999
137.755005,23.645000,58.490005,76.709999
137.755005,23.645000,58.490005,76.709999
137.755005,23.645000,58.490005,76.709999
137.755005,23.645000,58.490005,76.709999
137.755005,23.645000,58.490005,76.709999
137.755005,23.645000,58.490005,76.709999
137.755005,23.645000,58.490005,76.709999
137.755005,23.645000,58.490005,76.709999
137.755005,23.645000,58.490005,76.709999
137.755005,23.645000,58.490005,76.709999
137.755005,23.645000,58.490005,76.709999
137.755005,23.645000,58.490005,76.709999
137.755005,23.645000,58.490005,76.709999
137.755005,23.645000,58.490005,76.709999
137.755005,23.645000,58.490005,76.709999
137.755005,23.645000,58.490005,76.709999
137.755005,23.645000,58.490005,76.709999
137.755005,23.645000,58.490005,76.709999
137.755005,23.645000,58.490005,76.709999
167.755005,28.645000,58.490005,76.709999
167.755005,28.645000,58.490005,76.709999
167.755005,28.645000,58.490005,76.709999
155.755005,57.645000,58.490005,76.709999
155.755005,57.645000,58.490005,76.709999
155.755005,57.645000,58.490005,76.709999
155.755005,57.645000,58.490005,76.709999
155.755005,57.645000,58.490005,76.709999
155.755005,57.645000,58.490005,76.709999
155.755005,57.645000,58.490005,76.709999
155.755005,57.645000,58.490005,76.709999
155.755005,57.645000,58.490005,76.709999
155.755005,57.645000,58.490005,76.709999
155.755005,57.645000,58.490005,76.709999
155.755005,57.645000,58.490005,76.709999
155.755005,57.645000,58.490005,76.709999
155.755005,57.645000,58.490005,76.709999
155.755005,57.645000,58.490005,76.709999
155.755005,57.645000,58.490005,76.709999
155.755005,57.645000,58.490005,76.709999
155.755005,57.645000,58.490005,76.709999
155.755005,57.645000,58.490005,76.709999
155.755005,57.645000,58.490005,76.709999
155.755005,57.645000,58.490005,76.709999
155.755005,57.645000,58.490005,76.709999
155.755005,57.645000,58.490005,76.709999
155.755005,57.645000,58.490005,76.709999
155.755005,57.645000,58.490005,76.709999
155.755005,57.645000,58.490005,76.709999
155.755005,57.645000,58.490005,76.709999
155.755005,57.645000,58.490005,76.709999
155.755005,57.645000,58.490005,76.709999
110.754997,40.645000,58.490005,76.709999
110.754997,40.645000,58.490005,76.709999
110.754997,40.645000,58.490005,76.709999
110.754997,40.645000,58.490005,76.709999
110.754997,40.645000,58.490005,76.709999
110.754997,40.645000,58.490005,76.709999
110.754997,40.645000,58.490005,76.709999
110.754997,40.645000,58.490005,76.709999
110.754997,40.645000,58.490005,76.709999
110.754997,40.645000,58.490005,76.709999
110.754997,40.645000,58.490005,76.709999
110.754997,40.645000,58.490005,76.709999
110.754997,40.645000,58.490005,76.709999
110.754997,40.645000,58.490005,76.709999
114.754997,3.645000,58.490005,76.709999
114.754997,3.645000,58.490005,76.709999
114.754997,3.645000,58.490005,76.709999
114.754997,3.645000,58.490005,76.709999
123.754997,35.645000,58.490005,76.709999
123.754997,35.645000,58.490005,76.709999
123.754997,35.645000,58.490005,76.709999
123.754997,35.645000,58.490005,76.709999
123.754997,35.645000,58.490005,76.709999
123.754997,35.645000,58.490005,76.709999
123.754997,35.645000,58.490005,76.709999
2
0
0
0
0
1
135.279999,29.680000,74.729996,84.239998
135.279999,29.680000,74.729996,84.239998
135.279999,29.680000,74.729996,84.239998
135.279999,29.680000,74.729996,84.239998
135.279999,29.680000,74.729996,84.239998
135.279999,29.680000,74.729996,84.239998
135.279999,29.680000,74.729996,84.239998
135.279999,29.680000,74.729996,84.239998
135.279999,29.680000,74.729996,84.239998
135.279999,29.680000,74.729996,84.239998
135.279999,29.680000,74.729996,84.239998
135.279999,29.680000,74.729996,84.239998
135.279999,29.680000,74.729996,84.239998
135.279999,29.680000,74.729996,84.239998
135.279999,29.680000,74.729996,84.239998
135.279999,29.680000,74.729996,84.239998
135.279999,29.680000,74.729996,84.239998
135.279999,29.680000,74.729996,84.239998
135.279999,29.680000,74.729996,84.239998
135.279999,29.680000,74.729996,84.239998
135.279999,29.680000,74.729996,84.239998
135.279999,29.680000,74.729996,84.239998
135.279999,29.680000,74.729996,84.239998
135.279999,29.680000,74.729996,84.239998
134.634995,28.880001,74.729996,84.239998
134.634995,28.880001,74.729996,84.239998
134.634995,28.880001,74.729996,84.239998
134.634995,28.880001,74.729996,84.239998
134.634995,28.880001,74.729996,84.239998
134.634995,28.880001,74.729996,84.239998
134.634995,28.880001,74.729996,84.239998
134.634995,28.880001,74.729996,84.239998
134.634995,28.880001,74.729996,84.239998
112.635002,34.880001,74.729996,84.239998
112.635002,34.880001,74.729996,84.239998
112.635002,34.880001,74.729996,84.239998
112.635002,34.880001,74.729996,84.239998
112.635002,34.880001,74.729996,84.239998
112.635002,34.880001,74.729996,84.239998
112.635002,34.880001,74.729996,84.239998
112.635002,34.880001,74.729996,84.239998
112.635002,34.880001,74.729996,84.239998
112.635002,34.880001,74.729996,84.239998
112.635002,34.880001,74.729996,84.239998
112.635002,34.880001,74.729996,84.239998
112.635002,34.880001,74.729996,84.239998
112.635002,34.880001,74.729996,84.239998
112.635002,34.880001,74.729996,84.239998
112.635002,34.880001,74.729996,84.239998
112.635002,34.880001,74.729996,84.239998
112.635002,34.880001,74.729996,84.239998
159.634995,59.880001,74.729996,84.239998
159.634995,59.880001,74.729996,84.239998
159.634995,59.880001,74.729996,84.239998
159.634995,59.880001,74.729996,84.239998
159.634995,59.880001,74.729996,84.239998
159.634995,59.880001,74.729996,84.239998
159.634995,59.880001,74.729996,84.239998
159.634995,59.880001,74.729996,84.239998
135.634995,48.880001,74.729996,84.239998
135.634995,48.880001,74.729996,84.239998
135.634995,48.880001,74.729996,84.239998
135.634995,48.880001,74.729996,84.239998
135.634995,48.880001,74.729996,84.239998
135.634995,48.880001,74.729996,84.239998
135.634995,48.880001,74.729996,84.239998
135.634995,48.880001,74.729996,84.239998
135.634995,48.880001,74.729996,84.239998
135.634995,48.880001,74.729996,84.239998
135.634995,48.880001,74.729996,84.239998
135.634995,48.880001,74.729996,84.239998
135.634995,48.880001,74.729996,84.239998
135.634995,48.880001,74.729996,84.239998
135.634995,48.880001,74.729996,84.239998
135.634995,48.880001,74.729996,84.239998
135.634995,48.880001,74.729996,84.239998
135.634995,48.880001,74.729996,84.239998
135.634995,48.880001,74.729996,84.239998
135.634995,48.880001,74.729996,84.239998
135.634995,48.880001,74.729996,84.239998
135.634995,48.880001,74.729996,84.239998
135.634995,48.880001,74.729996,84.239998
135.634995,48.880001,74.729996,84.239998
135.634995,48.880001,74.729996,84.239998
135.634995,48.880001,74.729996,84.239998
187.634995,34.880001,74.729996,84.239998
187.634995,34.880001,74.729996,84.239998
187.634995,34.880001,74.729996,84.239998
187.634995,34.880001,74.729996,84.239998
187.634995,34.880001,74.729996,84.239998
187.634995,34.880001,74.729996,84.239998
187.634995,34.880001,74.729996,84.239998
187.634995,34.880001,74.729996,84.239998
187.634995,34.880001,74.729996,84.239998
125.635002,60.880001,74.729996,84.239998
125.635002,60.880001,74.729996,84.239998
125.635002,60.880001,74.729996,84.239998
125.635002,60.880001,74.729996,84.239998
125.635002,60.880001,74.729996,84.239998
125.635002,60.880001,74.729996,84.239998
125.635002,60.880001,74.729996,84.239998
160.634995,70.879997,74.729996,84.239998
160.634995,70.879997,74.729996,84.239998
160.634995,70.879997,74.729996,84.239998
151.634995,39.880001,74.729996,84.239998
151.634995,39.880001,74.729996,84.239998
151.634995,39.880001,74.729996,84.239998
151.634995,39.880001,74.729996,84.239998
151.634995,39.880001,74.729996,84.239998
151.634995,39.880001,74.729996,84.239998
151.634995,39.880001,74.729996,84.239998
151.634995,39.880001,74.729996,84.239998
151.634995,39.880001,74.729996,84.239998
151.634995,39.880001,74.729996,84.239998
151.634995,39.880001,74.729996,84.239998
151.634995,39.880001,74.729996,84.239998
151.634995,39.880001,74.729996,84.239998
151.634995,39.880001,74.729996,84.239998
151.634995,39.880001,74.729996,84.239998
151.634995,39.880001,74.729996,84.239998
151.634995,39.880001,74.729996,84.239998
151.634995,39.880001,74.729996,84.239998
151.634995,39.880001,74.729996,84.239998
151.634995,39.880001,74.729996,84.239998
151.634995,39.880001,74.729996,84.239998
125.635002,45.880001,74.729996,84.239998
125.635002,45.880001,74.729996,84.239998
125.635002,45.880001,74.729996,84.239998
125.635002,45.880001,74.729996,84.239998
125.635002,45.880001,74.729996,84.239998
125.635002,45.880001,74.729996,84.239998
125.635002,45.880001,74.729996,84.239998
125.635002,45.880001,74.729996,84.239998
125.635002,45.880001,74.729996,84.239998
125.635002,45.880001,74.729996,84.239998
125.635002,45.880001,74.729996,84.239998
125.635002,45.880001,74.729996,84.239998
125.635002,45.880001,74.729996,84.239998
125.635002,45.880001,74.729996,84.239998
125.635002,45.880001,74.729996,84.239998
125.635002,45.880001,74.729996,84.239998
125.635002,45.880001,74.729996,84.239998
125.635002,45.880001,74.729996,84.239998
125.635002,45.880001,74.729996,84.239998
125.635002,45.880001,74.729996,84.239998
125.635002,45.880001,74.729996,84.239998
125.635002,45.880001,74.729996,84.239998
125.635002,45.880001,74.729996,84.239998
125.635002,45.880001,74.729996,84.239998
125.635002,45.880001,74.729996,84.239998
125.635002,45.880001,74.729996,84.239998
125.635002,45.880001,74.729996,84.239998
125.635002,45.880001,74.729996,84.239998
125.635002,45.880001,74.729996,84.239998
125.635002,45.880001,74.729996,84.239998
125.635002,45.880001,74.729996,84.239998
125.635002,45.880001,74.729996,84.239998
125.635002,45.880001,74.729996,84.239998
125.635002,45.880001,74.729996,84.239998
125.635002,45.880001,74.729996,84.239998
125.635002,45.880001,74.729996,84.239998
