1
147.889999,54.900002,81.110001,104.359993
147.889999,54.900002,81.110001,104.359993
147.889999,54.900002,81.110001,104.359993
147.889999,54.900002,81.110001,104.359993
147.889999,54.900002,81.110001,104.359993
147.889999,54.900002,81.110001,104.359993
147.889999,54.900002,81.110001,104.359993
147.889999,54.900002,81.110001,104.359993
147.889999,54.900002,81.110001,104.359993
147.889999,54.900002,81.110001,104.359993
147.889999,54.900002,81.110001,104.359993
147.889999,54.900002,81.110001,104.359993
120.445000,44.820004,81.110001,104.359993
120.445000,44.820004,81.110001,104.359993
120.445000,44.820004,81.110001,104.359993
120.445000,44.820004,81.110001,104.359993
120.445000,44.820004,81.110001,104.359993
120.445000,44.820004,81.110001,104.359993
120.445000,44.820004,81.110001,104.359993
120.445000,44.820004,81.110001,104.359993
120.445000,44.820004,81.110001,104.359993
120.445000,44.820004,81.110001,104.359993
120.445000,44.820004,81.110001,104.359993
120.445000,44.820004,81.110001,104.359993
120.445000,44.820004,81.110001,104.359993
120.445000,44.820004,81.110001,104.359993
120.445000,44.820004,81.110001,104.359993
120.445000,44.820004,81.110001,104.359993
120.445000,44.820004,81.110001,104.359993
120.445000,44.820004,81.110001,104.359993
120.445000,44.820004,81.110001,104.359993
120.445000,44.820004,81.110001,104.359993
120.445000,44.820004,81.110001,104.359993
120.445000,44.820004,81.110001,104.359993
120.445000,44.820004,81.110001,104.359993
156.444992,39.820004,81.110001,104.359993
156.444992,39.820004,81.110001,104.359993
156.444992,39.820004,81.110001,104.359993
156.444992,39.820004,81.110001,104.359993
156.444992,39.820004,81.110001,104.359993
156.444992,39.820004,81.110001,104.359993
156.444992,39.820004,81.110001,104.359993
119.445000,14.820004,81.110001,104.359993
119.445000,14.820004,81.110001,104.359993
119.445000,14.820004,81.110001,104.359993
119.445000,14.820004,81.110001,104.359993
119.445000,14.820004,81.110001,104.359993
119.445000,14.820004,81.110001,104.359993
119.445000,14.820004,81.110001,104.359993
119.445000,14.820004,81.110001,104.359993
119.445000,14.820004,81.110001,104.359993
119.445000,14.820004,81.110001,104.359993
119.445000,14.820004,81.110001,104.359993
119.445000,14.820004,81.110001,104.359993
119.445000,14.820004,81.110001,104.359993
119.445000,14.820004,81.110001,104.359993
119.445000,14.820004,81.110001,104.359993
119.445000,14.820004,81.110001,104.359993
119.445000,14.820004,81.110001,104.359993
119.445000,14.820004,81.110001,104.359993
119.445000,14.820004,81.110001,104.359993
119.445000,14.820004,81.110001,104.359993
119.445000,14.820004,81.110001,104.359993
119.445000,14.820004,81.110001,104.359993
119.445000,14.820004,81.110001,104.359993
119.445000,14.820004,81.110001,104.359993
119.445000,14.820004,81.110001,104.359993
119.445000,14.820004,81.110001,104.359993
119.445000,14.820004,81.110001,104.359993
119.445000,14.820004,81.110001,104.359993
119.445000,14.820004,81.110001,104.359993
119.445000,14.820004,81.110001,104.359993
119.445000,14.820004,81.110001,104.359993
119.445000,14.820004,81.110001,104.359993
119.445000,14.820004,81.110001,104.359993
119.445000,14.820004,81.110001,104.359993
119.445000,14.820004,81.110001,104.359993
119.445000,14.820004,81.110001,104.359993
119.445000,14.820004,81.110001,104.359993
119.445000,14.820004,81.110001,104.359993
119.445000,14.820004,81.110001,104.359993
119.445000,14.820004,81.110001,104.359993
119.445000,14.820004,81.110001,104.359993
119.445000,14.820004,81.110001,104.359993
119.445000,14.820004,81.110001,104.359993
119.445000,14.820004,81.110001,104.359993
119.445000,14.820004,81.110001,104.359993
119.445000,14.820004,81.110001,104.359993
119.445000,14.820004,81.110001,104.359993
119.445000,14.820004,81.110001,104.359993
119.445000,14.820004,81.110001,104.359993
119.445000,14.820004,81.110001,104.359993
119.445000,14.820004,81.110001,104.359993
119.445000,14.820004,81.110001,104.359993
119.445000,14.820004,81.110001,104.359993
119.445000,14.820004,81.110001,104.359993
119.445000,14.820004,81.110001,104.359993
119.445000,14.820004,81.110001,104.359993
155.444992,39.820004,81.110001,104.359993
155.444992,39.820004,81.110001,104.359993
155.444992,39.820004,81.110001,104.359993
155.444992,39.820004,81.110001,104.359993
155.444992,39.820004,81.110001,104.359993
155.444992,39.820004,81.110001,104.359993
155.444992,39.820004,81.110001,104.359993
155.444992,39.820004,81.110001,104.359993
155.444992,39.820004,81.110001,104.359993
155.444992,39.820004,81.110001,104.359993
155.444992,39.820004,81.110001,104.359993
155.444992,39.820004,81.110001,104.359993
155.444992,39.820004,81.110001,104.359993
125.445000,53.820004,81.110001,104.359993
125.445000,53.820004,81.110001,104.359993
125.445000,53.820004,81.110001,104.359993
125.445000,53.820004,81.110001,104.359993
125.445000,53.820004,81.110001,104.359993
125.445000,53.820004,81.110001,104.359993
125.445000,53.820004,81.110001,104.359993
125.445000,53.820004,81.110001,104.359993
125.445000,53.820004,81.110001,104.359993
125.445000,53.820004,81.110001,104.359993
125.445000,53.820004,81.110001,104.359993
125.445000,53.820004,81.110001,104.359993
125.445000,53.820004,81.110001,104.359993
125.445000,53.820004,81.110001,104.359993
125.445000,53.820004,81.110001,104.359993
135.444992,23.820004,81.110001,104.359993
135.444992,23.820004,81.110001,104.359993
135.444992,23.820004,81.110001,104.359993
135.444992,23.820004,81.110001,104.359993
135.444992,23.820004,81.110001,104.359993
135.444992,23.820004,81.110001,104.359993
135.444992,23.820004,81.110001,104.359993
135.444992,23.820004,81.110001,104.359993
135.444992,23.820004,81.110001,104.359993
135.444992,23.820004,81.110001,104.359993
135.444992,23.820004,81.110001,104.359993
135.444992,23.820004,81.110001,104.359993
135.444992,23.820004,81.110001,104.359993
135.444992,23.820004,81.110001,104.359993
135.444992,23.820004,81.110001,104.359993
135.444992,23.820004,81.110001,104.359993
135.444992,23.820004,81.110001,104.359993
135.444992,23.820004,81.110001,104.359993
135.444992,23.820004,81.110001,104.359993
135.444992,23.820004,81.110001,104.359993
135.444992,23.820004,81.110001,104.359993
135.444992,23.820004,81.110001,104.359993
135.444992,23.820004,81.110001,104.359993
135.444992,23.820004,81.110001,104.359993
135.444992,23.820004,81.110001,104.359993
135.444992,23.820004,81.110001,104.359993
135.444992,23.820004,81.110001,104.359993
135.444992,23.820004,81.110001,104.359993
135.444992,23.820004,81.110001,104.359993
135.444992,23.820004,81.110001,104.359993
135.444992,23.820004,81.110001,104.359993
135.444992,23.820004,81.110001,104.359993
135.444992,23.820004,81.110001,104.359993
135.444992,23.820004,81.110001,104.359993
135.444992,23.820004,81.110001,104.359993
135.444992,23.820004,81.110001,104.359993
135.444992,23.820004,81.110001,104.359993
135.444992,23.820004,81.110001,104.359993
135.444992,23.820004,81.110001,104.359993
135.444992,23.820004,81.110001,104.359993
135.444992,23.820004,81.110001,104.359993
135.444992,23.820004,81.110001,104.359993
135.444992,23.820004,81.110001,104.359993
135.444992,23.820004,81.110001,104.359993
135.444992,23.820004,81.110001,104.359993
135.444992,23.820004,81.110001,104.359993
135.444992,23.820004,81.110001,104.359993
135.444992,23.820004,81.110001,104.359993
135.444992,23.820004,81.110001,104.359993
135.444992,23.820004,81.110001,104.359993
135.444992,23.820004,81.110001,104.359993
135.444992,23.820004,81.110001,104.359993
135.444992,23.820004,81.110001,104.359993
135.444992,23.820004,81.110001,104.359993
135.444992,23.820004,81.110001,104.359993
135.444992,23.820004,81.110001,104.359993
135.444992,23.820004,81.110001,104.359993
135.444992,23.820004,81.110001,104.359993
135.444992,23.820004,81.110001,104.359993
135.444992,23.820004,81.110001,104.359993
135.444992,23.820004,81.110001,104.359993
135.444992,23.820004,81.110001,104.359993
135.444992,23.820004,81.110001,104.359993
135.444992,23.820004,81.110001,104.359993
101.445000,27.820004,81.110001,104.359993
101.445000,27.820004,81.110001,104.359993
101.445000,27.820004,81.110001,104.359993
101.445000,27.820004,81.110001,104.359993
101.445000,27.820004,81.110001,104.359993
101.445000,27.820004,81.110001,104.359993
101.445000,27.820004,81.110001,104.359993
101.445000,27.820004,81.110001,104.359993
101.445000,27.820004,81.110001,104.359993
101.445000,27.820004,81.110001,104.359993
101.445000,27.820004,81.110001,104.359993
138.444992,26.820004,81.110001,104.359993
138.444992,26.820004,81.110001,104.359993
138.444992,26.820004,81.110001,104.359993
138.444992,26.820004,81.110001,104.359993
138.444992,26.820004,81.110001,104.359993
138.444992,26.820004,81.110001,104.359993
138.444992,26.820004,81.110001,104.359993
138.444992,26.820004,81.110001,104.359993
138.444992,26.820004,81.110001,104.359993
138.444992,26.820004,81.110001,104.359993
138.444992,26.820004,81.110001,104.359993
138.444992,26.820004,81.110001,104.359993
138.444992,26.820004,81.110001,104.359993
138.444992,26.820004,81.110001,104.359993
166.444992,39.820004,81.110001,104.359993
166.444992,39.820004,81.110001,104.359993
166.444992,39.820004,81.110001,104.359993
166.444992,39.820004,81.110001,104.359993
166.444992,39.820004,81.110001,104.359993
112.445000,24.820004,81.110001,104.359993
112.445000,24.820004,81.110001,104.359993
112.445000,24.820004,81.110001,104.359993
112.445000,24.820004,81.110001,104.359993
112.445000,24.820004,81.110001,104.359993
112.445000,24.820004,81.110001,104.359993
112.445000,24.820004,81.110001,104.359993
112.445000,24.820004,81.110001,104.359993
112.445000,24.820004,81.110001,104.359993
112.445000,24.820004,81.110001,104.359993
146.444992,27.820004,81.110001,104.359993
146.444992,27.820004,81.110001,104.359993
146.444992,27.820004,81.110001,104.359993
146.444992,27.820004,81.110001,104.359993
146.444992,27.820004,81.110001,104.359993
146.444992,27.820004,81.110001,104.359993
146.444992,27.820004,81.110001,104.359993
146.444992,27.820004,81.110001,104.359993
146.444992,27.820004,81.110001,104.359993
146.444992,27.820004,81.110001,104.359993
146.444992,27.820004,81.110001,104.359993
146.444992,27.820004,81.110001,104.359993
146.444992,27.820004,81.110001,104.359993
146.444992,27.820004,81.110001,104.359993
146.444992,27.820004,81.110001,104.359993
146.444992,27.820004,81.110001,104.359993
146.444992,27.820004,81.110001,104.359993
146.444992,27.820004,81.110001,104.359993
146.444992,27.820004,81.110001,104.359993
146.444992,27.820004,81.110001,104.359993
146.444992,27.820004,81.110001,104.359993
146.444992,27.820004,81.110001,104.359993
146.444992,27.820004,81.110001,104.359993
146.444992,27.820004,81.110001,104.359993
146.444992,27.820004,81.110001,104.359993
146.444992,27.820004,81.110001,104.359993
146.444992,27.820004,81.110001,104.359993
146.444992,27.820004,81.110001,104.359993
146.444992,27.820004,81.110001,104.359993
146.444992,27.820004,81.110001,104.359993
146.444992,27.820004,81.110001,104.359993
146.444992,27.820004,81.110001,104.359993
146.444992,27.820004,81.110001,104.359993
146.444992,27.820004,81.110001,104.359993
146.444992,27.820004,81.110001,104.359993
146.444992,27.820004,81.110001,104.359993
146.444992,27.820004,81.110001,104.359993
146.444992,27.820004,81.110001,104.359993
146.444992,27.820004,81.110001,104.359993
146.444992,27.820004,81.110001,104.359993
146.444992,27.820004,81.110001,104.359993
146.444992,27.820004,81.110001,104.359993
146.444992,27.820004,81.110001,104.359993
146.444992,27.820004,81.110001,104.359993
146.444992,27.820004,81.110001,104.359993
146.444992,27.820004,81.110001,104.359993
146.444992,27.820004,81.110001,104.359993
146.444992,27.820004,81.110001,104.359993
146.444992,27.820004,81.110001,104.359993
146.444992,27.820004,81.110001,104.359993
118.445000,14.820004,81.110001,104.359993
118.445000,14.820004,81.110001,104.359993
118.445000,14.820004,81.110001,104.359993
118.445000,14.820004,81.110001,104.359993
118.445000,14.820004,81.110001,104.359993
118.445000,14.820004,81.110001,104.359993
118.445000,14.820004,81.110001,104.359993
118.445000,14.820004,81.110001,104.359993
118.445000,14.820004,81.110001,104.359993
118.445000,14.820004,81.110001,104.359993
118.445000,14.820004,81.110001,104.359993
118.445000,14.820004,81.110001,104.359993
118.445000,14.820004,81.110001,104.359993
118.445000,14.820004,81.110001,104.359993
118.445000,14.820004,81.110001,104.359993
118.445000,14.820004,81.110001,104.359993
118.445000,14.820004,81.110001,104.359993
118.445000,14.820004,81.110001,104.359993
118.445000,14.820004,81.110001,104.359993
118.445000,14.820004,81.110001,104.359993
118.445000,14.820004,81.110001,104.359993
118.445000,14.820004,81.110001,104.359993
118.445000,14.820004,81.110001,104.359993
118.445000,14.820004,81.110001,104.359993
118.445000,14.820004,81.110001,104.359993
118.445000,14.820004,81.110001,104.359993
118.445000,14.820004,81.110001,104.359993
118.445000,14.820004,81.110001,104.359993
118.445000,14.820004,81.110001,104.359993
118.445000,14.820004,81.110001,104.359993
118.445000,14.820004,81.110001,104.359993
17.445000,79.820000,81.110001,104.359993
17.445000,79.820000,81.110001,104.359993
17.445000,79.820000,81.110001,104.359993
17.445000,79.820000,81.110001,104.359993
17.445000,79.820000,81.110001,104.359993
17.445000,79.820000,81.110001,104.359993
17.445000,79.820000,81.110001,104.359993
17.445000,79.820000,81.110001,104.359993
17.445000,79.820000,81.110001,104.359993
17.445000,79.820000,81.110001,104.359993
17.445000,79.820000,81.110001,104.359993
17.445000,79.820000,81.110001,104.359993
17.445000,79.820000,81.110001,104.359993
17.445000,79.820000,81.110001,104.359993
17.445000,79.820000,81.110001,104.359993
17.445000,79.820000,81.110001,104.359993
2
0
0
0
0
1
128.330002,23.530001,95.160004,116.790009
128.330002,23.530001,95.160004,116.790009
128.330002,23.530001,95.160004,116.790009
128.330002,23.530001,95.160004,116.790009
128.330002,23.530001,95.160004,116.790009
128.330002,23.530001,95.160004,116.790009
128.330002,23.530001,95.160004,116.790009
128.330002,23.530001,95.160004,116.790009
128.330002,23.530001,95.160004,116.790009
128.330002,23.530001,95.160004,116.790009
128.330002,23.530001,95.160004,116.790009
128.330002,23.530001,95.160004,116.790009
128.330002,23.530001,95.160004,116.790009
128.330002,23.530001,95.160004,116.790009
128.330002,23.530001,95.160004,116.790009
128.330002,23.530001,95.160004,116.790009
128.330002,23.530001,95.160004,116.790009
128.330002,23.530001,95.160004,116.790009
128.330002,23.530001,95.160004,116.790009
128.330002,23.530001,95.160004,116.790009
128.330002,23.530001,95.160004,116.790009
128.330002,23.530001,95.160004,116.790009
128.330002,23.530001,95.160004,116.790009
128.330002,23.530001,95.160004,116.790009
128.330002,23.530001,95.160004,116.790009
128.330002,23.530001,95.160004,116.790009
128.330002,23.530001,95.160004,116.790009
128.330002,23.530001,95.160004,116.790009
128.330002,23.530001,95.160004,116.790009
128.330002,23.530001,95.160004,116.790009
128.330002,23.530001,95.160004,116.790009
128.330002,23.530001,95.160004,116.790009
128.330002,23.530001,95.160004,116.790009
128.330002,23.530001,95.160004,116.790009
128.330002,23.530001,95.160004,116.790009
128.330002,23.530001,95.160004,116.790009
128.330002,23.530001,95.160004,116.790009
128.330002,23.530001,95.160004,116.790009
128.330002,23.530001,95.160004,116.790009
128.330002,23.530001,95.160004,116.790009
128.330002,23.530001,95.160004,116.790009
128.330002,23.530001,95.160004,116.790009
128.330002,23.530001,95.160004,116.790009
128.330002,23.530001,95.160004,116.790009
128.330002,23.530001,95.160004,116.790009
128.330002,23.530001,95.160004,116.790009
128.330002,23.530001,95.160004,116.790009
96.419998,25.604996,95.160004,116.790009
96.419998,25.604996,95.160004,116.790009
96.419998,25.604996,95.160004,116.790009
96.419998,25.604996,95.160004,116.790009
96.419998,25.604996,95.160004,116.790009
96.419998,25.604996,95.160004,116.790009
124.419998,35.604996,95.160004,116.790009
124.419998,35.604996,95.160004,116.790009
124.419998,35.604996,95.160004,116.790009
124.419998,35.604996,95.160004,116.790009
124.419998,35.604996,95.160004,116.790009
124.419998,35.604996,95.160004,116.790009
124.419998,35.604996,95.160004,116.790009
124.419998,35.604996,95.160004,116.790009
124.419998,35.604996,95.160004,116.790009
124.419998,35.604996,95.160004,116.790009
124.419998,35.604996,95.160004,116.790009
124.419998,35.604996,95.160004,116.790009
124.419998,35.604996,95.160004,116.790009
124.419998,35.604996,95.160004,116.790009
124.419998,35.604996,95.160004,116.790009
124.419998,35.604996,95.160004,116.790009
124.419998,35.604996,95.160004,116.790009
124.419998,35.604996,95.160004,116.790009
124.419998,35.604996,95.160004,116.790009
124.419998,35.604996,95.160004,116.790009
124.419998,35.604996,95.160004,116.790009
182.419998,7.604996,95.160004,116.790009
182.419998,7.604996,95.160004,116.790009
182.419998,7.604996,95.160004,116.790009
182.419998,7.604996,95.160004,116.790009
182.419998,7.604996,95.160004,116.790009
182.419998,7.604996,95.160004,116.790009
182.419998,7.604996,95.160004,116.790009
182.419998,7.604996,95.160004,116.790009
182.419998,7.604996,95.160004,116.790009
182.419998,7.604996,95.160004,116.790009
222.419998,2.604995,95.160004,116.790009
222.419998,2.604995,95.160004,116.790009
222.419998,2.604995,95.160004,116.790009
2
0
0
0
0
1
149.320007,50.950001,54.819992,70.410004
149.320007,50.950001,54.819992,70.410004
149.320007,50.950001,54.819992,70.410004
149.320007,50.950001,54.819992,70.410004
117.590004,25.794998,54.819992,70.410004
117.590004,25.794998,54.819992,70.410004
146.590012,24.794998,54.819992,70.410004
146.590012,24.794998,54.819992,70.410004
146.590012,24.794998,54.819992,70.410004
146.590012,24.794998,54.819992,70.410004
146.590012,24.794998,54.819992,70.410004
146.590012,24.794998,54.819992,70.410004
146.590012,24.794998,54.819992,70.410004
146.590012,24.794998,54.819992,70.410004
167.590012,29.794998,54.819992,70.410004
167.590012,29.794998,54.819992,70.410004
167.590012,29.794998,54.819992,70.410004
167.590012,29.794998,54.819992,70.410004
141.590012,39.794998,54.819992,70.410004
141.590012,39.794998,54.819992,70.410004
141.590012,39.794998,54.819992,70.410004
141.590012,39.794998,54.819992,70.410004
141.590012,39.794998,54.819992,70.410004
141.590012,39.794998,54.819992,70.410004
141.590012,39.794998,54.819992,70.410004
141.590012,39.794998,54.819992,70.410004
141.590012,39.794998,54.819992,70.410004
141.590012,39.794998,54.819992,70.410004
141.590012,39.794998,54.819992,70.410004
141.590012,39.794998,54.819992,70.410004
141.590012,39.794998,54.819992,70.410004
141.590012,39.794998,54.819992,70.410004
141.590012,39.794998,54.819992,70.410004
141.590012,39.794998,54.819992,70.410004
141.590012,39.794998,54.819992,70.410004
141.590012,39.794998,54.819992,70.410004
141.590012,39.794998,54.819992,70.410004
141.590012,39.794998,54.819992,70.410004
141.590012,39.794998,54.819992,70.410004
141.590012,39.794998,54.819992,70.410004
141.590012,17.794998,54.819992,70.410004
141.590012,17.794998,54.819992,70.410004
141.590012,17.794998,54.819992,70.410004
141.590012,17.794998,54.819992,70.410004
141.590012,17.794998,54.819992,70.410004
141.590012,17.794998,54.819992,70.410004
141.590012,17.794998,54.819992,70.410004
141.590012,17.794998,54.819992,70.410004
86.590004,2.794998,54.819992,70.410004
86.590004,2.794998,54.819992,70.410004
86.590004,2.794998,54.819992,70.410004
86.590004,2.794998,54.819992,70.410004
86.590004,2.794998,54.819992,70.410004
2
0
0
0
0
1
139.479996,48.889999,61.150009,70.790001
139.479996,48.889999,61.150009,70.790001
139.479996,48.889999,61.150009,70.790001
139.479996,48.889999,61.150009,70.790001
139.479996,48.889999,61.150009,70.790001
139.479996,48.889999,61.150009,70.790001
158.425003,29.605000,61.150009,70.790001
158.425003,29.605000,61.150009,70.790001
158.425003,29.605000,61.150009,70.790001
158.425003,29.605000,61.150009,70.790001
158.425003,29.605000,61.150009,70.790001
138.425003,39.605000,61.150009,70.790001
138.425003,39.605000,61.150009,70.790001
138.425003,39.605000,61.150009,70.790001
138.425003,39.605000,61.150009,70.790001
138.425003,39.605000,61.150009,70.790001
138.425003,39.605000,61.150009,70.790001
138.425003,39.605000,61.150009,70.790001
138.425003,39.605000,61.150009,70.790001
138.425003,39.605000,61.150009,70.790001
138.425003,39.605000,61.150009,70.790001
138.425003,39.605000,61.150009,70.790001
138.425003,39.605000,61.150009,70.790001
138.425003,39.605000,61.150009,70.790001
138.425003,39.605000,61.150009,70.790001
138.425003,39.605000,61.150009,70.790001
138.425003,39.605000,61.150009,70.790001
138.425003,39.605000,61.150009,70.790001
138.425003,39.605000,61.150009,70.790001
138.425003,39.605000,61.150009,70.790001
138.425003,39.605000,61.150009,70.790001
138.425003,39.605000,61.150009,70.790001
138.425003,39.605000,61.150009,70.790001
138.425003,39.605000,61.150009,70.790001
138.425003,39.605000,61.150009,70.790001
138.425003,39.605000,61.150009,70.790001
138.425003,39.605000,61.150009,70.790001
138.425003,39.605000,61.150009,70.790001
138.425003,39.605000,61.150009,70.790001
138.425003,39.605000,61.150009,70.790001
138.425003,39.605000,61.150009,70.790001
138.425003,39.605000,61.150009,70.790001
138.425003,39.605000,61.150009,70.790001
138.425003,39.605000,61.150009,70.790001
138.425003,39.605000,61.150009,70.790001
138.425003,39.605000,61.150009,70.790001
138.425003,39.605000,61.150009,70.790001
138.425003,39.605000,61.150009,70.790001
138.425003,39.605000,61.150009,70.790001
138.425003,39.605000,61.150009,70.790001
138.425003,39.605000,61.150009,70.790001
138.425003,39.605000,61.150009,70.790001
138.425003,39.605000,61.150009,70.790001
138.425003,39.605000,61.150009,70.790001
138.425003,39.605000,61.150009,70.790001
2
0
0
0
0
1
115.809998,27.219999,85.589996,88.260002
115.809998,27.219999,85.589996,88.260002
115.809998,27.219999,85.589996,88.260002
115.809998,27.219999,85.589996,88.260002
115.809998,27.219999,85.589996,88.260002
115.809998,27.219999,85.589996,88.260002
115.809998,27.219999,85.589996,88.260002
115.809998,27.219999,85.589996,88.260002
115.809998,27.219999,85.589996,88.260002
115.809998,27.219999,85.589996,88.260002
115.809998,27.219999,85.589996,88.260002
115.809998,27.219999,85.589996,88.260002
115.809998,27.219999,85.589996,88.260002
115.809998,27.219999,85.589996,88.260002
115.809998,27.219999,85.589996,88.260002
115.809998,27.219999,85.589996,88.260002
152.205002,26.869999,85.589996,88.260002
152.205002,26.869999,85.589996,88.260002
152.205002,26.869999,85.589996,88.260002
152.205002,26.869999,85.589996,88.260002
152.205002,26.869999,85.589996,88.260002
152.205002,26.869999,85.589996,88.260002
152.205002,26.869999,85.589996,88.260002
152.205002,26.869999,85.589996,88.260002
152.205002,26.869999,85.589996,88.260002
152.205002,26.869999,85.589996,88.260002
152.205002,26.869999,85.589996,88.260002
152.205002,26.869999,85.589996,88.260002
114.205002,29.869999,85.589996,88.260002
114.205002,29.869999,85.589996,88.260002
91.205002,9.869999,85.589996,88.260002
91.205002,9.869999,85.589996,88.260002
91.205002,9.869999,85.589996,88.260002
91.205002,9.869999,85.589996,88.260002
91.205002,9.869999,85.589996,88.260002
91.205002,9.869999,85.589996,88.260002
91.205002,9.869999,85.589996,88.260002
91.205002,9.869999,85.589996,88.260002
91.205002,9.869999,85.589996,88.260002
91.205002,9.869999,85.589996,88.260002
91.205002,9.869999,85.589996,88.260002
91.205002,9.869999,85.589996,88.260002
91.205002,9.869999,85.589996,88.260002
91.205002,9.869999,85.589996,88.260002
91.205002,9.869999,85.589996,88.260002
91.205002,9.869999,85.589996,88.260002
91.205002,9.869999,85.589996,88.260002
91.205002,9.869999,85.589996,88.260002
91.205002,8.869999,85.589996,88.260002
91.205002,8.869999,85.589996,88.260002
157.000000,0.000000,86.000000,89.000000
157.000000,0.000000,86.000000,89.000000
157.000000,0.000000,86.000000,89.000000
121.205002,34.869999,85.589996,88.260002
121.205002,34.869999,85.589996,88.260002
121.205002,34.869999,85.589996,88.260002
121.205002,34.869999,85.589996,88.260002
121.205002,34.869999,85.589996,88.260002
116.205002,9.869999,85.589996,88.260002
116.205002,9.869999,85.589996,88.260002
116.205002,9.869999,85.589996,88.260002
116.205002,9.869999,85.589996,88.260002
116.205002,9.869999,85.589996,88.260002
116.205002,9.869999,85.589996,88.260002
116.205002,9.869999,85.589996,88.260002
116.205002,9.869999,85.589996,88.260002
116.205002,9.869999,85.589996,88.260002
116.205002,9.869999,85.589996,88.260002
116.205002,9.869999,85.589996,88.260002
116.205002,9.869999,85.589996,88.260002
116.205002,9.869999,85.589996,88.260002
116.205002,9.869999,85.589996,88.260002
116.205002,9.869999,85.589996,88.260002
116.205002,9.869999,85.589996,88.260002
116.205002,9.869999,85.589996,88.260002
116.205002,9.869999,85.589996,88.260002
116.205002,9.869999,85.589996,88.260002
116.205002,9.869999,85.589996,88.260002
116.205002,9.869999,85.589996,88.260002
116.205002,9.869999,85.589996,88.260002
116.205002,9.869999,85.589996,88.260002
116.205002,9.869999,85.589996,88.260002
116.205002,9.869999,85.589996,88.260002
154.205002,46.869999,85.589996,88.260002
154.205002,46.869999,85.589996,88.260002
154.205002,46.869999,85.589996,88.260002
154.205002,46.869999,85.589996,88.260002
154.205002,46.869999,85.589996,88.260002
154.205002,46.869999,85.589996,88.260002
154.205002,46.869999,85.589996,88.260002
131.205002,34.869999,85.589996,88.260002
131.205002,34.869999,85.589996,88.260002
131.205002,34.869999,85.589996,88.260002
131.205002,34.869999,85.589996,88.260002
131.205002,34.869999,85.589996,88.260002
131.205002,34.869999,85.589996,88.260002
131.205002,34.869999,85.589996,88.260002
102.205002,59.869999,85.589996,88.260002
102.205002,59.869999,85.589996,88.260002
102.205002,59.869999,85.589996,88.260002
102.205002,59.869999,85.589996,88.260002
91.205002,21.869999,85.589996,88.260002
91.205002,21.869999,85.589996,88.260002
91.205002,21.869999,85.589996,88.260002
91.205002,21.869999,85.589996,88.260002
91.205002,21.869999,85.589996,88.260002
91.205002,21.869999,85.589996,88.260002
91.205002,21.869999,85.589996,88.260002
91.205002,21.869999,85.589996,88.260002
91.205002,21.869999,85.589996,88.260002
91.205002,21.869999,85.589996,88.260002
91.205002,21.869999,85.589996,88.260002
91.205002,21.869999,85.589996,88.260002
91.205002,21.869999,85.589996,88.260002
161.205002,73.870003,85.589996,88.260002
161.205002,73.870003,85.589996,88.260002
161.205002,73.870003,85.589996,88.260002
161.205002,73.870003,85.589996,88.260002
161.205002,73.870003,85.589996,88.260002
161.205002,73.870003,85.589996,88.260002
126.205002,64.870003,85.589996,88.260002
126.205002,64.870003,85.589996,88.260002
126.205002,64.870003,85.589996,88.260002
126.205002,64.870003,85.589996,88.260002
126.205002,64.870003,85.589996,88.260002
126.205002,64.870003,85.589996,88.260002
126.205002,64.870003,85.589996,88.260002
126.205002,64.870003,85.589996,88.260002
126.205002,64.870003,85.589996,88.260002
126.205002,64.870003,85.589996,88.260002
126.205002,64.870003,85.589996,88.260002
126.205002,64.870003,85.589996,88.260002
126.205002,64.870003,85.589996,88.260002
126.205002,64.870003,85.589996,88.260002
126.205002,64.870003,85.589996,88.260002
126.205002,64.870003,85.589996,88.260002
126.205002,64.870003,85.589996,88.260002
126.205002,64.870003,85.589996,88.260002
126.205002,64.870003,85.589996,88.260002
126.205002,64.870003,85.589996,88.260002
126.205002,64.870003,85.589996,88.260002
126.205002,64.870003,85.589996,88.260002
126.205002,64.870003,85.589996,88.260002
126.205002,64.870003,85.589996,88.260002
126.205002,64.870003,85.589996,88.260002
126.205002,64.870003,85.589996,88.260002
126.205002,64.870003,85.589996,88.260002
126.205002,64.870003,85.589996,88.260002
126.205002,64.870003,85.589996,88.260002
126.205002,64.870003,85.589996,88.260002
178.205002,27.869999,85.589996,88.260002
178.205002,27.869999,85.589996,88.260002
178.205002,27.869999,85.589996,88.260002
178.205002,27.869999,85.589996,88.260002
178.205002,27.869999,85.589996,88.260002
178.205002,27.869999,85.589996,88.260002
178.205002,27.869999,85.589996,88.260002
178.205002,27.869999,85.589996,88.260002
178.205002,27.869999,85.589996,88.260002
178.205002,27.869999,85.589996,88.260002
178.205002,27.869999,85.589996,88.260002
178.205002,27.869999,85.589996,88.260002
178.205002,27.869999,85.589996,88.260002
178.205002,27.869999,85.589996,88.260002
146.205002,61.869999,85.589996,88.260002
146.205002,61.869999,85.589996,88.260002
146.205002,61.869999,85.589996,88.260002
146.205002,61.869999,85.589996,88.260002
146.205002,61.869999,85.589996,88.260002
146.205002,61.869999,85.589996,88.260002
146.205002,61.869999,85.589996,88.260002
146.205002,61.869999,85.589996,88.260002
146.205002,61.869999,85.589996,88.260002
146.205002,61.869999,85.589996,88.260002
146.205002,61.869999,85.589996,88.260002
146.205002,61.869999,85.589996,88.260002
146.205002,61.869999,85.589996,88.260002
146.205002,61.869999,85.589996,88.260002
146.205002,61.869999,85.589996,88.260002
146.205002,61.869999,85.589996,88.260002
146.205002,61.869999,85.589996,88.260002
146.205002,61.869999,85.589996,88.260002
146.205002,61.869999,85.589996,88.260002
146.205002,61.869999,85.589996,88.260002
146.205002,61.869999,85.589996,88.260002
146.205002,61.869999,85.589996,88.260002
146.205002,61.869999,85.589996,88.260002
120.205002,65.870003,85.589996,88.260002
120.205002,65.870003,85.589996,88.260002
120.205002,65.870003,85.589996,88.260002
120.205002,65.870003,85.589996,88.260002
120.205002,65.870003,85.589996,88.260002
120.205002,65.870003,85.589996,88.260002
120.205002,65.870003,85.589996,88.260002
120.205002,65.870003,85.589996,88.260002
120.205002,65.870003,85.589996,88.260002
120.205002,65.870003,85.589996,88.260002
120.205002,65.870003,85.589996,88.260002
120.205002,65.870003,85.589996,88.260002
120.205002,65.870003,85.589996,88.260002
120.205002,65.870003,85.589996,88.260002
120.205002,65.870003,85.589996,88.260002
120.205002,65.870003,85.589996,88.260002
120.205002,65.870003,85.589996,88.260002
120.205002,65.870003,85.589996,88.260002
120.205002,65.870003,85.589996,88.260002
120.205002,65.870003,85.589996,88.260002
120.205002,65.870003,85.589996,88.260002
120.205002,65.870003,85.589996,88.260002
120.205002,65.870003,85.589996,88.260002
120.205002,65.870003,85.589996,88.260002
120.205002,65.870003,85.589996,88.260002
120.205002,65.870003,85.589996,88.260002
120.205002,65.870003,85.589996,88.260002
120.205002,65.870003,85.589996,88.260002
120.205002,65.870003,85.589996,88.260002
120.205002,65.870003,85.589996,88.260002
120.205002,65.870003,85.589996,88.260002
120.205002,65.870003,85.589996,88.260002
120.205002,65.870003,85.589996,88.260002
120.205002,65.870003,85.589996,88.260002
120.205002,65.870003,85.589996,88.260002
120.205002,65.870003,85.589996,88.260002
