1
199.089996,112.570000,48.690002,44.489998
199.089996,112.570000,48.690002,44.489998
199.089996,112.570000,48.690002,44.489998
199.089996,112.570000,48.690002,44.489998
199.089996,112.570000,48.690002,44.489998
199.089996,112.570000,48.690002,44.489998
199.089996,112.570000,48.690002,44.489998
199.089996,112.570000,48.690002,44.489998
199.089996,112.570000,48.690002,44.489998
199.089996,112.570000,48.690002,44.489998
199.089996,112.570000,48.690002,44.489998
199.089996,112.570000,48.690002,44.489998
199.089996,112.570000,48.690002,44.489998
199.089996,112.570000,48.690002,44.489998
199.089996,112.570000,48.690002,44.489998
199.089996,112.570000,48.690002,44.489998
199.089996,112.570000,48.690002,44.489998
199.089996,112.570000,48.690002,44.489998
199.089996,112.570000,48.690002,44.489998
199.089996,112.570000,48.690002,44.489998
199.089996,112.570000,48.690002,44.489998
199.089996,112.570000,48.690002,44.489998
199.089996,112.570000,48.690002,44.489998
199.089996,112.570000,48.690002,44.489998
198.654999,111.754997,48.690002,44.489998
198.654999,111.754997,48.690002,44.489998
198.654999,111.754997,48.690002,44.489998
198.654999,111.754997,48.690002,44.489998
198.654999,111.754997,48.690002,44.489998
198.654999,111.754997,48.690002,44.489998
198.654999,111.754997,48.690002,44.489998
198.654999,111.754997,48.690002,44.489998
198.654999,111.754997,48.690002,44.489998
198.654999,111.754997,48.690002,44.489998
198.654999,111.754997,48.690002,44.489998
198.654999,111.754997,48.690002,44.489998
198.654999,111.754997,48.690002,44.489998
198.654999,111.754997,48.690002,44.489998
198.654999,111.754997,48.690002,44.489998
198.654999,111.754997,48.690002,44.489998
198.654999,111.754997,48.690002,44.489998
198.654999,111.754997,48.690002,44.489998
198.654999,111.754997,48.690002,44.489998
198.654999,111.754997,48.690002,44.489998
198.654999,111.754997,48.690002,44.489998
198.654999,111.754997,48.690002,44.489998
198.654999,111.754997,48.690002,44.489998
198.654999,111.754997,48.690002,44.489998
198.654999,111.754997,48.690002,44.489998
198.654999,111.754997,48.690002,44.489998
198.654999,111.754997,48.690002,44.489998
198.654999,111.754997,48.690002,44.489998
198.654999,111.754997,48.690002,44.489998
183.654999,130.755005,48.690002,44.489998
183.654999,130.755005,48.690002,44.489998
183.654999,130.755005,48.690002,44.489998
183.654999,130.755005,48.690002,44.489998
183.654999,130.755005,48.690002,44.489998
183.654999,130.755005,48.690002,44.489998
183.654999,130.755005,48.690002,44.489998
183.654999,130.755005,48.690002,44.489998
183.654999,130.755005,48.690002,44.489998
183.654999,130.755005,48.690002,44.489998
183.654999,130.755005,48.690002,44.489998
183.654999,130.755005,48.690002,44.489998
183.654999,130.755005,48.690002,44.489998
183.654999,130.755005,48.690002,44.489998
183.654999,130.755005,48.690002,44.489998
183.654999,130.755005,48.690002,44.489998
183.654999,130.755005,48.690002,44.489998
183.654999,130.755005,48.690002,44.489998
148.654999,147.755005,48.690002,44.489998
148.654999,147.755005,48.690002,44.489998
148.654999,147.755005,48.690002,44.489998
134.654999,144.755005,48.690002,44.489998
134.654999,144.755005,48.690002,44.489998
134.654999,144.755005,48.690002,44.489998
115.654999,141.755005,48.690002,44.489998
115.654999,141.755005,48.690002,44.489998
115.654999,141.755005,48.690002,44.489998
115.654999,141.755005,48.690002,44.489998
115.654999,141.755005,48.690002,44.489998
115.654999,141.755005,48.690002,44.489998
147.654999,105.754997,48.690002,44.489998
147.654999,105.754997,48.690002,44.489998
147.654999,105.754997,48.690002,44.489998
147.654999,105.754997,48.690002,44.489998
147.654999,105.754997,48.690002,44.489998
147.654999,105.754997,48.690002,44.489998
147.654999,105.754997,48.690002,44.489998
147.654999,105.754997,48.690002,44.489998
147.654999,105.754997,48.690002,44.489998
147.654999,105.754997,48.690002,44.489998
147.654999,105.754997,48.690002,44.489998
147.654999,105.754997,48.690002,44.489998
147.654999,105.754997,48.690002,44.489998
147.654999,105.754997,48.690002,44.489998
147.654999,105.754997,48.690002,44.489998
147.654999,105.754997,48.690002,44.489998
174.654999,134.755005,48.690002,44.489998
174.654999,134.755005,48.690002,44.489998
158.654999,132.755005,48.690002,44.489998
135.654999,136.755005,48.690002,44.489998
152.654999,115.754997,48.690002,44.489998
152.654999,115.754997,48.690002,44.489998
152.654999,115.754997,48.690002,44.489998
152.654999,115.754997,48.690002,44.489998
152.654999,115.754997,48.690002,44.489998
152.654999,115.754997,48.690002,44.489998
152.654999,115.754997,48.690002,44.489998
152.654999,115.754997,48.690002,44.489998
152.654999,115.754997,48.690002,44.489998
152.654999,115.754997,48.690002,44.489998
152.654999,115.754997,48.690002,44.489998
152.654999,115.754997,48.690002,44.489998
152.654999,115.754997,48.690002,44.489998
152.654999,115.754997,48.690002,44.489998
152.654999,115.754997,48.690002,44.489998
167.654999,120.754997,48.690002,44.489998
167.654999,120.754997,48.690002,44.489998
167.654999,120.754997,48.690002,44.489998
167.654999,120.754997,48.690002,44.489998
180.654999,106.754997,48.690002,44.489998
180.654999,106.754997,48.690002,44.489998
167.654999,127.754997,48.690002,44.489998
167.654999,127.754997,48.690002,44.489998
167.654999,127.754997,48.690002,44.489998
167.654999,127.754997,48.690002,44.489998
167.654999,127.754997,48.690002,44.489998
167.654999,127.754997,48.690002,44.489998
167.654999,127.754997,48.690002,44.489998
167.654999,127.754997,48.690002,44.489998
167.654999,127.754997,48.690002,44.489998
167.654999,127.754997,48.690002,44.489998
167.654999,127.754997,48.690002,44.489998
152.654999,129.755005,48.690002,44.489998
152.654999,129.755005,48.690002,44.489998
152.654999,129.755005,48.690002,44.489998
152.654999,129.755005,48.690002,44.489998
152.654999,129.755005,48.690002,44.489998
152.654999,129.755005,48.690002,44.489998
142.654999,116.754997,48.690002,44.489998
142.654999,116.754997,48.690002,44.489998
142.654999,116.754997,48.690002,44.489998
142.654999,116.754997,48.690002,44.489998
132.654999,104.754997,48.690002,44.489998
132.654999,104.754997,48.690002,44.489998
132.654999,85.754997,48.690002,44.489998
132.654999,85.754997,48.690002,44.489998
132.654999,85.754997,48.690002,44.489998
117.654999,89.754997,48.690002,44.489998
117.654999,89.754997,48.690002,44.489998
117.654999,89.754997,48.690002,44.489998
117.654999,89.754997,48.690002,44.489998
102.654999,86.754997,48.690002,44.489998
102.654999,86.754997,48.690002,44.489998
102.654999,86.754997,48.690002,44.489998
102.654999,86.754997,48.690002,44.489998
102.654999,86.754997,48.690002,44.489998
102.654999,86.754997,48.690002,44.489998
102.654999,86.754997,48.690002,44.489998
102.654999,86.754997,48.690002,44.489998
102.654999,86.754997,48.690002,44.489998
102.654999,86.754997,48.690002,44.489998
102.654999,86.754997,48.690002,44.489998
102.654999,86.754997,48.690002,44.489998
102.654999,86.754997,48.690002,44.489998
87.654999,100.754997,48.690002,44.489998
87.654999,100.754997,48.690002,44.489998
87.654999,100.754997,48.690002,44.489998
87.654999,100.754997,48.690002,44.489998
87.654999,100.754997,48.690002,44.489998
87.654999,100.754997,48.690002,44.489998
87.654999,100.754997,48.690002,44.489998
87.654999,100.754997,48.690002,44.489998
87.654999,100.754997,48.690002,44.489998
87.654999,100.754997,48.690002,44.489998
87.654999,100.754997,48.690002,44.489998
87.654999,100.754997,48.690002,44.489998
87.654999,100.754997,48.690002,44.489998
87.654999,100.754997,48.690002,44.489998
87.654999,100.754997,48.690002,44.489998
87.654999,100.754997,48.690002,44.489998
108.654999,107.754997,48.690002,44.489998
108.654999,107.754997,48.690002,44.489998
108.654999,107.754997,48.690002,44.489998
2
0
0
0
0
1
181.399994,127.449997,53.550003,54.699997
181.399994,127.449997,53.550003,54.699997
181.399994,127.449997,53.550003,54.699997
181.399994,127.449997,53.550003,54.699997
181.399994,127.449997,53.550003,54.699997
181.399994,127.449997,53.550003,54.699997
181.399994,127.449997,53.550003,54.699997
181.399994,127.449997,53.550003,54.699997
181.399994,127.449997,53.550003,54.699997
181.399994,127.449997,53.550003,54.699997
181.399994,127.449997,53.550003,54.699997
181.399994,127.449997,53.550003,54.699997
181.399994,127.449997,53.550003,54.699997
181.399994,127.449997,53.550003,54.699997
200.225006,150.649994,53.550003,54.699997
200.225006,150.649994,53.550003,54.699997
200.225006,150.649994,53.550003,54.699997
200.225006,150.649994,53.550003,54.699997
200.225006,150.649994,53.550003,54.699997
200.225006,150.649994,53.550003,54.699997
200.225006,150.649994,53.550003,54.699997
200.225006,150.649994,53.550003,54.699997
200.225006,150.649994,53.550003,54.699997
200.225006,150.649994,53.550003,54.699997
200.225006,150.649994,53.550003,54.699997
200.225006,150.649994,53.550003,54.699997
200.225006,150.649994,53.550003,54.699997
200.225006,150.649994,53.550003,54.699997
200.225006,150.649994,53.550003,54.699997
200.225006,150.649994,53.550003,54.699997
200.225006,150.649994,53.550003,54.699997
200.225006,150.649994,53.550003,54.699997
200.225006,150.649994,53.550003,54.699997
200.225006,150.649994,53.550003,54.699997
200.225006,150.649994,53.550003,54.699997
200.225006,150.649994,53.550003,54.699997
200.225006,150.649994,53.550003,54.699997
200.225006,150.649994,53.550003,54.699997
200.225006,150.649994,53.550003,54.699997
200.225006,150.649994,53.550003,54.699997
200.225006,150.649994,53.550003,54.699997
200.225006,150.649994,53.550003,54.699997
200.225006,150.649994,53.550003,54.699997
200.225006,150.649994,53.550003,54.699997
200.225006,150.649994,53.550003,54.699997
200.225006,150.649994,53.550003,54.699997
200.225006,150.649994,53.550003,54.699997
200.225006,150.649994,53.550003,54.699997
200.225006,150.649994,53.550003,54.699997
200.225006,150.649994,53.550003,54.699997
200.225006,150.649994,53.550003,54.699997
2
0
0
0
0
1
128.479996,142.419998,49.160004,43.639999
128.479996,142.419998,49.160004,43.639999
128.479996,142.419998,49.160004,43.639999
128.479996,142.419998,49.160004,43.639999
128.479996,142.419998,49.160004,43.639999
128.479996,142.419998,49.160004,43.639999
128.479996,142.419998,49.160004,43.639999
128.479996,142.419998,49.160004,43.639999
128.419998,142.180008,49.160004,43.639999
128.419998,142.180008,49.160004,43.639999
128.419998,142.180008,49.160004,43.639999
128.419998,142.180008,49.160004,43.639999
128.419998,142.180008,49.160004,43.639999
128.419998,142.180008,49.160004,43.639999
128.419998,142.180008,49.160004,43.639999
128.419998,142.180008,49.160004,43.639999
128.419998,142.180008,49.160004,43.639999
128.419998,142.180008,49.160004,43.639999
128.419998,142.180008,49.160004,43.639999
128.419998,142.180008,49.160004,43.639999
128.419998,142.180008,49.160004,43.639999
128.419998,142.180008,49.160004,43.639999
128.419998,142.180008,49.160004,43.639999
128.419998,142.180008,49.160004,43.639999
128.419998,142.180008,49.160004,43.639999
128.419998,142.180008,49.160004,43.639999
128.419998,142.180008,49.160004,43.639999
128.419998,142.180008,49.160004,43.639999
128.419998,142.180008,49.160004,43.639999
128.419998,142.180008,49.160004,43.639999
128.419998,142.180008,49.160004,43.639999
128.419998,142.180008,49.160004,43.639999
128.419998,142.180008,49.160004,43.639999
128.419998,142.180008,49.160004,43.639999
128.419998,106.180000,49.160004,43.639999
128.419998,106.180000,49.160004,43.639999
128.419998,106.180000,49.160004,43.639999
128.419998,106.180000,49.160004,43.639999
128.419998,106.180000,49.160004,43.639999
128.419998,106.180000,49.160004,43.639999
128.419998,106.180000,49.160004,43.639999
128.419998,106.180000,49.160004,43.639999
128.419998,106.180000,49.160004,43.639999
128.419998,106.180000,49.160004,43.639999
128.419998,106.180000,49.160004,43.639999
128.419998,106.180000,49.160004,43.639999
128.419998,106.180000,49.160004,43.639999
128.419998,106.180000,49.160004,43.639999
128.419998,106.180000,49.160004,43.639999
128.419998,106.180000,49.160004,43.639999
128.419998,106.180000,49.160004,43.639999
128.419998,106.180000,49.160004,43.639999
128.419998,106.180000,49.160004,43.639999
128.419998,106.180000,49.160004,43.639999
128.419998,106.180000,49.160004,43.639999
128.419998,106.180000,49.160004,43.639999
128.419998,106.180000,49.160004,43.639999
128.419998,106.180000,49.160004,43.639999
128.419998,106.180000,49.160004,43.639999
128.419998,106.180000,49.160004,43.639999
128.419998,106.180000,49.160004,43.639999
128.419998,106.180000,49.160004,43.639999
128.419998,106.180000,49.160004,43.639999
128.419998,106.180000,49.160004,43.639999
128.419998,106.180000,49.160004,43.639999
128.419998,106.180000,49.160004,43.639999
128.419998,106.180000,49.160004,43.639999
128.419998,106.180000,49.160004,43.639999
128.419998,106.180000,49.160004,43.639999
128.419998,106.180000,49.160004,43.639999
128.419998,106.180000,49.160004,43.639999
128.419998,106.180000,49.160004,43.639999
128.419998,106.180000,49.160004,43.639999
128.419998,106.180000,49.160004,43.639999
112.419998,113.180000,49.160004,43.639999
112.419998,113.180000,49.160004,43.639999
122.419998,101.180000,49.160004,43.639999
122.419998,101.180000,49.160004,43.639999
122.419998,101.180000,49.160004,43.639999
122.419998,101.180000,49.160004,43.639999
110.419998,90.180000,49.160004,43.639999
103.419998,107.180000,49.160004,43.639999
103.419998,107.180000,49.160004,43.639999
103.419998,107.180000,49.160004,43.639999
103.419998,107.180000,49.160004,43.639999
103.419998,107.180000,49.160004,43.639999
103.419998,107.180000,49.160004,43.639999
123.419998,110.180000,49.160004,43.639999
123.419998,110.180000,49.160004,43.639999
123.419998,110.180000,49.160004,43.639999
123.419998,110.180000,49.160004,43.639999
123.419998,110.180000,49.160004,43.639999
112.419998,92.180000,49.160004,43.639999
112.419998,92.180000,49.160004,43.639999
112.419998,92.180000,49.160004,43.639999
84.419998,101.180000,49.160004,43.639999
84.419998,101.180000,49.160004,43.639999
84.419998,101.180000,49.160004,43.639999
84.419998,101.180000,49.160004,43.639999
84.419998,101.180000,49.160004,43.639999
84.419998,101.180000,49.160004,43.639999
84.419998,101.180000,49.160004,43.639999
84.419998,101.180000,49.160004,43.639999
84.419998,136.180008,49.160004,43.639999
84.419998,136.180008,49.160004,43.639999
84.419998,136.180008,49.160004,43.639999
84.419998,136.180008,49.160004,43.639999
84.419998,136.180008,49.160004,43.639999
84.419998,136.180008,49.160004,43.639999
107.419998,134.180008,49.160004,43.639999
107.419998,134.180008,49.160004,43.639999
107.419998,134.180008,49.160004,43.639999
107.419998,134.180008,49.160004,43.639999
107.419998,134.180008,49.160004,43.639999
107.419998,134.180008,49.160004,43.639999
107.419998,134.180008,49.160004,43.639999
107.419998,134.180008,49.160004,43.639999
107.419998,134.180008,49.160004,43.639999
123.419998,127.180000,49.160004,43.639999
123.419998,127.180000,49.160004,43.639999
123.419998,127.180000,49.160004,43.639999
123.419998,127.180000,49.160004,43.639999
123.419998,127.180000,49.160004,43.639999
123.419998,127.180000,49.160004,43.639999
123.419998,127.180000,49.160004,43.639999
123.419998,127.180000,49.160004,43.639999
123.419998,127.180000,49.160004,43.639999
123.419998,127.180000,49.160004,43.639999
123.419998,127.180000,49.160004,43.639999
123.419998,127.180000,49.160004,43.639999
123.419998,127.180000,49.160004,43.639999
123.419998,127.180000,49.160004,43.639999
144.419998,120.180000,49.160004,43.639999
144.419998,120.180000,49.160004,43.639999
144.419998,120.180000,49.160004,43.639999
144.419998,120.180000,49.160004,43.639999
144.419998,120.180000,49.160004,43.639999
162.419998,113.180000,49.160004,43.639999
162.419998,113.180000,49.160004,43.639999
162.419998,113.180000,49.160004,43.639999
162.419998,113.180000,49.160004,43.639999
162.419998,113.180000,49.160004,43.639999
187.419998,108.180000,49.160004,43.639999
187.419998,108.180000,49.160004,43.639999
187.419998,108.180000,49.160004,43.639999
187.419998,108.180000,49.160004,43.639999
187.419998,108.180000,49.160004,43.639999
187.419998,108.180000,49.160004,43.639999
187.419998,108.180000,49.160004,43.639999
187.419998,108.180000,49.160004,43.639999
187.419998,108.180000,49.160004,43.639999
187.419998,108.180000,49.160004,43.639999
187.419998,108.180000,49.160004,43.639999
187.419998,108.180000,49.160004,43.639999
187.419998,108.180000,49.160004,43.639999
187.419998,108.180000,49.160004,43.639999
187.419998,108.180000,49.160004,43.639999
187.419998,108.180000,49.160004,43.639999
187.419998,108.180000,49.160004,43.639999
187.419998,108.180000,49.160004,43.639999
187.419998,108.180000,49.160004,43.639999
187.419998,108.180000,49.160004,43.639999
187.419998,108.180000,49.160004,43.639999
167.419998,114.180000,49.160004,43.639999
167.419998,114.180000,49.160004,43.639999
167.419998,114.180000,49.160004,43.639999
167.419998,114.180000,49.160004,43.639999
167.419998,114.180000,49.160004,43.639999
167.419998,114.180000,49.160004,43.639999
167.419998,114.180000,49.160004,43.639999
167.419998,114.180000,49.160004,43.639999
167.419998,114.180000,49.160004,43.639999
142.419998,122.180000,49.160004,43.639999
142.419998,122.180000,49.160004,43.639999
142.419998,122.180000,49.160004,43.639999
142.419998,122.180000,49.160004,43.639999
142.419998,122.180000,49.160004,43.639999
142.419998,122.180000,49.160004,43.639999
142.419998,122.180000,49.160004,43.639999
142.419998,122.180000,49.160004,43.639999
142.419998,122.180000,49.160004,43.639999
142.419998,122.180000,49.160004,43.639999
142.419998,122.180000,49.160004,43.639999
142.419998,154.180008,49.160004,43.639999
142.419998,154.180008,49.160004,43.639999
132.419998,143.180008,49.160004,43.639999
132.419998,143.180008,49.160004,43.639999
132.419998,143.180008,49.160004,43.639999
132.419998,143.180008,49.160004,43.639999
132.419998,143.180008,49.160004,43.639999
114.419998,132.180008,49.160004,43.639999
114.419998,132.180008,49.160004,43.639999
114.419998,132.180008,49.160004,43.639999
114.419998,132.180008,49.160004,43.639999
114.419998,132.180008,49.160004,43.639999
114.419998,132.180008,49.160004,43.639999
114.419998,132.180008,49.160004,43.639999
114.419998,132.180008,49.160004,43.639999
114.419998,132.180008,49.160004,43.639999
114.419998,132.180008,49.160004,43.639999
114.419998,132.180008,49.160004,43.639999
114.419998,132.180008,49.160004,43.639999
114.419998,132.180008,49.160004,43.639999
114.419998,132.180008,49.160004,43.639999
114.419998,132.180008,49.160004,43.639999
114.419998,132.180008,49.160004,43.639999
114.419998,132.180008,49.160004,43.639999
114.419998,132.180008,49.160004,43.639999
114.419998,132.180008,49.160004,43.639999
114.419998,132.180008,49.160004,43.639999
114.419998,132.180008,49.160004,43.639999
114.419998,132.180008,49.160004,43.639999
114.419998,132.180008,49.160004,43.639999
134.419998,137.180008,49.160004,43.639999
144.419998,114.180000,49.160004,43.639999
144.419998,114.180000,49.160004,43.639999
144.419998,114.180000,49.160004,43.639999
144.419998,114.180000,49.160004,43.639999
144.419998,114.180000,49.160004,43.639999
144.419998,114.180000,49.160004,43.639999
139.419998,131.180008,49.160004,43.639999
139.419998,131.180008,49.160004,43.639999
139.419998,131.180008,49.160004,43.639999
139.419998,131.180008,49.160004,43.639999
139.419998,131.180008,49.160004,43.639999
139.419998,131.180008,49.160004,43.639999
139.419998,131.180008,49.160004,43.639999
139.419998,131.180008,49.160004,43.639999
139.419998,131.180008,49.160004,43.639999
139.419998,131.180008,49.160004,43.639999
139.419998,131.180008,49.160004,43.639999
139.419998,131.180008,49.160004,43.639999
139.419998,131.180008,49.160004,43.639999
124.419998,129.180008,49.160004,43.639999
124.419998,129.180008,49.160004,43.639999
124.419998,129.180008,49.160004,43.639999
124.419998,129.180008,49.160004,43.639999
124.419998,129.180008,49.160004,43.639999
124.419998,129.180008,49.160004,43.639999
124.419998,129.180008,49.160004,43.639999
124.419998,129.180008,49.160004,43.639999
124.419998,129.180008,49.160004,43.639999
109.419998,133.180008,49.160004,43.639999
109.419998,133.180008,49.160004,43.639999
109.419998,133.180008,49.160004,43.639999
109.419998,133.180008,49.160004,43.639999
94.419998,116.180000,49.160004,43.639999
94.419998,116.180000,49.160004,43.639999
94.419998,116.180000,49.160004,43.639999
94.419998,116.180000,49.160004,43.639999
94.419998,116.180000,49.160004,43.639999
94.419998,116.180000,49.160004,43.639999
94.419998,116.180000,49.160004,43.639999
94.419998,116.180000,49.160004,43.639999
94.419998,116.180000,49.160004,43.639999
94.419998,116.180000,49.160004,43.639999
94.419998,116.180000,49.160004,43.639999
94.419998,116.180000,49.160004,43.639999
94.419998,116.180000,49.160004,43.639999
94.419998,116.180000,49.160004,43.639999
94.419998,116.180000,49.160004,43.639999
104.419998,136.180008,49.160004,43.639999
104.419998,136.180008,49.160004,43.639999
104.419998,136.180008,49.160004,43.639999
2
0
0
0
0
1
199.059998,140.229996,61.209991,55.980011
199.059998,140.229996,61.209991,55.980011
199.059998,140.229996,61.209991,55.980011
199.059998,140.229996,61.209991,55.980011
199.059998,140.229996,61.209991,55.980011
199.059998,140.229996,61.209991,55.980011
199.059998,140.229996,61.209991,55.980011
199.059998,140.229996,61.209991,55.980011
198.395004,140.009995,61.209991,55.980011
198.395004,140.009995,61.209991,55.980011
198.395004,140.009995,61.209991,55.980011
200.395004,168.009995,61.209991,55.980011
200.395004,168.009995,61.209991,55.980011
198.395004,145.009995,61.209991,55.980011
198.395004,145.009995,61.209991,55.980011
231.395004,162.009995,61.209991,55.980011
231.395004,162.009995,61.209991,55.980011
231.395004,162.009995,61.209991,55.980011
178.395004,160.009995,61.209991,55.980011
178.395004,160.009995,61.209991,55.980011
176.395004,137.009995,61.209991,55.980011
176.395004,137.009995,61.209991,55.980011
176.395004,137.009995,61.209991,55.980011
176.395004,137.009995,61.209991,55.980011
175.395004,160.009995,61.209991,55.980011
175.395004,160.009995,61.209991,55.980011
175.395004,160.009995,61.209991,55.980011
175.395004,160.009995,61.209991,55.980011
175.395004,160.009995,61.209991,55.980011
175.395004,160.009995,61.209991,55.980011
175.395004,160.009995,61.209991,55.980011
175.395004,160.009995,61.209991,55.980011
175.395004,160.009995,61.209991,55.980011
199.395004,181.009995,61.209991,55.980011
199.395004,181.009995,61.209991,55.980011
199.395004,181.009995,61.209991,55.980011
2
0
0
0
0
1
174.729996,132.110001,45.389999,45.100006
174.729996,132.110001,45.389999,45.100006
174.729996,132.110001,45.389999,45.100006
174.729996,132.110001,45.389999,45.100006
174.729996,132.110001,45.389999,45.100006
174.729996,132.110001,45.389999,45.100006
174.729996,132.110001,45.389999,45.100006
174.729996,132.110001,45.389999,45.100006
174.729996,132.110001,45.389999,45.100006
174.729996,132.110001,45.389999,45.100006
174.729996,132.110001,45.389999,45.100006
174.729996,132.110001,45.389999,45.100006
174.729996,132.110001,45.389999,45.100006
174.729996,132.110001,45.389999,45.100006
174.729996,132.110001,45.389999,45.100006
174.729996,132.110001,45.389999,45.100006
174.729996,132.110001,45.389999,45.100006
174.729996,132.110001,45.389999,45.100006
174.729996,132.110001,45.389999,45.100006
174.729996,132.110001,45.389999,45.100006
174.729996,132.110001,45.389999,45.100006
174.729996,132.110001,45.389999,45.100006
174.729996,132.110001,45.389999,45.100006
148.305008,156.449997,45.389999,45.100006
148.305008,156.449997,45.389999,45.100006
148.305008,156.449997,45.389999,45.100006
148.305008,156.449997,45.389999,45.100006
148.305008,156.449997,45.389999,45.100006
148.305008,156.449997,45.389999,45.100006
148.305008,156.449997,45.389999,45.100006
148.305008,156.449997,45.389999,45.100006
148.305008,156.449997,45.389999,45.100006
148.305008,156.449997,45.389999,45.100006
123.305000,171.449997,45.389999,45.100006
123.305000,171.449997,45.389999,45.100006
123.305000,171.449997,45.389999,45.100006
123.305000,171.449997,45.389999,45.100006
123.305000,171.449997,45.389999,45.100006
123.305000,171.449997,45.389999,45.100006
123.305000,171.449997,45.389999,45.100006
