1
198.860001,111.129997,43.919998,51.310005
198.860001,111.129997,43.919998,51.310005
198.860001,111.129997,43.919998,51.310005
198.860001,111.129997,43.919998,51.310005
198.860001,111.129997,43.919998,51.310005
198.860001,111.129997,43.919998,51.310005
198.860001,111.129997,43.919998,51.310005
198.860001,111.129997,43.919998,51.310005
198.860001,111.129997,43.919998,51.310005
198.860001,111.129997,43.919998,51.310005
198.860001,111.129997,43.919998,51.310005
198.860001,111.129997,43.919998,51.310005
198.860001,111.129997,43.919998,51.310005
198.860001,111.129997,43.919998,51.310005
198.860001,111.129997,43.919998,51.310005
198.860001,111.129997,43.919998,51.310005
198.860001,111.129997,43.919998,51.310005
198.860001,111.129997,43.919998,51.310005
198.860001,111.129997,43.919998,51.310005
198.860001,111.129997,43.919998,51.310005
198.860001,111.129997,43.919998,51.310005
198.860001,111.129997,43.919998,51.310005
198.860001,111.129997,43.919998,51.310005
198.860001,111.129997,43.919998,51.310005
198.040009,110.345001,43.919998,51.310005
198.040009,110.345001,43.919998,51.310005
198.040009,110.345001,43.919998,51.310005
198.040009,110.345001,43.919998,51.310005
198.040009,110.345001,43.919998,51.310005
198.040009,110.345001,43.919998,51.310005
198.040009,110.345001,43.919998,51.310005
198.040009,110.345001,43.919998,51.310005
198.040009,110.345001,43.919998,51.310005
198.040009,110.345001,43.919998,51.310005
198.040009,110.345001,43.919998,51.310005
198.040009,110.345001,43.919998,51.310005
198.040009,110.345001,43.919998,51.310005
198.040009,110.345001,43.919998,51.310005
198.040009,110.345001,43.919998,51.310005
198.040009,110.345001,43.919998,51.310005
198.040009,110.345001,43.919998,51.310005
198.040009,110.345001,43.919998,51.310005
198.040009,110.345001,43.919998,51.310005
198.040009,110.345001,43.919998,51.310005
198.040009,110.345001,43.919998,51.310005
198.040009,110.345001,43.919998,51.310005
198.040009,110.345001,43.919998,51.310005
198.040009,110.345001,43.919998,51.310005
198.040009,110.345001,43.919998,51.310005
198.040009,110.345001,43.919998,51.310005
198.040009,110.345001,43.919998,51.310005
198.040009,110.345001,43.919998,51.310005
198.040009,110.345001,43.919998,51.310005
198.040009,110.345001,43.919998,51.310005
198.040009,110.345001,43.919998,51.310005
187.040009,128.345001,43.919998,51.310005
187.040009,128.345001,43.919998,51.310005
187.040009,128.345001,43.919998,51.310005
187.040009,128.345001,43.919998,51.310005
187.040009,128.345001,43.919998,51.310005
187.040009,128.345001,43.919998,51.310005
187.040009,128.345001,43.919998,51.310005
187.040009,128.345001,43.919998,51.310005
187.040009,128.345001,43.919998,51.310005
168.040009,130.345001,43.919998,51.310005
168.040009,130.345001,43.919998,51.310005
168.040009,130.345001,43.919998,51.310005
154.040009,142.345001,43.919998,51.310005
154.040009,142.345001,43.919998,51.310005
154.040009,142.345001,43.919998,51.310005
154.040009,142.345001,43.919998,51.310005
132.040009,143.345001,43.919998,51.310005
132.040009,143.345001,43.919998,51.310005
132.040009,143.345001,43.919998,51.310005
132.040009,143.345001,43.919998,51.310005
132.040009,143.345001,43.919998,51.310005
132.040009,143.345001,43.919998,51.310005
132.040009,143.345001,43.919998,51.310005
132.040009,143.345001,43.919998,51.310005
132.040009,143.345001,43.919998,51.310005
132.040009,143.345001,43.919998,51.310005
132.040009,143.345001,43.919998,51.310005
149.040009,127.345001,43.919998,51.310005
149.040009,127.345001,43.919998,51.310005
149.040009,127.345001,43.919998,51.310005
149.040009,127.345001,43.919998,51.310005
149.040009,127.345001,43.919998,51.310005
149.040009,127.345001,43.919998,51.310005
149.040009,127.345001,43.919998,51.310005
149.040009,127.345001,43.919998,51.310005
170.040009,109.345001,43.919998,51.310005
170.040009,109.345001,43.919998,51.310005
159.040009,127.345001,43.919998,51.310005
159.040009,127.345001,43.919998,51.310005
159.040009,127.345001,43.919998,51.310005
159.040009,127.345001,43.919998,51.310005
159.040009,127.345001,43.919998,51.310005
159.040009,127.345001,43.919998,51.310005
159.040009,127.345001,43.919998,51.310005
159.040009,127.345001,43.919998,51.310005
159.040009,127.345001,43.919998,51.310005
159.040009,127.345001,43.919998,51.310005
159.040009,127.345001,43.919998,51.310005
159.040009,127.345001,43.919998,51.310005
159.040009,127.345001,43.919998,51.310005
159.040009,127.345001,43.919998,51.310005
159.040009,127.345001,43.919998,51.310005
154.040009,109.345001,43.919998,51.310005
154.040009,109.345001,43.919998,51.310005
154.040009,109.345001,43.919998,51.310005
154.040009,109.345001,43.919998,51.310005
154.040009,109.345001,43.919998,51.310005
154.040009,109.345001,43.919998,51.310005
154.040009,109.345001,43.919998,51.310005
154.040009,109.345001,43.919998,51.310005
154.040009,109.345001,43.919998,51.310005
154.040009,109.345001,43.919998,51.310005
154.040009,109.345001,43.919998,51.310005
154.040009,109.345001,43.919998,51.310005
154.040009,109.345001,43.919998,51.310005
154.040009,109.345001,43.919998,51.310005
154.040009,109.345001,43.919998,51.310005
154.040009,109.345001,43.919998,51.310005
154.040009,109.345001,43.919998,51.310005
154.040009,109.345001,43.919998,51.310005
154.040009,109.345001,43.919998,51.310005
154.040009,109.345001,43.919998,51.310005
154.040009,109.345001,43.919998,51.310005
154.040009,109.345001,43.919998,51.310005
154.040009,109.345001,43.919998,51.310005
154.040009,109.345001,43.919998,51.310005
182.040009,118.345001,43.919998,51.310005
166.040009,138.345001,43.919998,51.310005
166.040009,138.345001,43.919998,51.310005
166.040009,138.345001,43.919998,51.310005
166.040009,138.345001,43.919998,51.310005
166.040009,138.345001,43.919998,51.310005
171.040009,123.345001,43.919998,51.310005
171.040009,123.345001,43.919998,51.310005
171.040009,123.345001,43.919998,51.310005
171.040009,123.345001,43.919998,51.310005
171.040009,123.345001,43.919998,51.310005
152.040009,117.345001,43.919998,51.310005
152.040009,117.345001,43.919998,51.310005
152.040009,117.345001,43.919998,51.310005
134.040009,106.345001,43.919998,51.310005
134.040009,106.345001,43.919998,51.310005
134.040009,106.345001,43.919998,51.310005
125.040001,88.345001,43.919998,51.310005
125.040001,88.345001,43.919998,51.310005
125.040001,88.345001,43.919998,51.310005
125.040001,88.345001,43.919998,51.310005
125.040001,88.345001,43.919998,51.310005
125.040001,88.345001,43.919998,51.310005
125.040001,88.345001,43.919998,51.310005
125.040001,88.345001,43.919998,51.310005
125.040001,88.345001,43.919998,51.310005
125.040001,88.345001,43.919998,51.310005
125.040001,88.345001,43.919998,51.310005
105.040001,94.345001,43.919998,51.310005
89.040001,99.345001,43.919998,51.310005
89.040001,99.345001,43.919998,51.310005
89.040001,99.345001,43.919998,51.310005
89.040001,99.345001,43.919998,51.310005
89.040001,99.345001,43.919998,51.310005
89.040001,99.345001,43.919998,51.310005
89.040001,99.345001,43.919998,51.310005
89.040001,99.345001,43.919998,51.310005
89.040001,99.345001,43.919998,51.310005
89.040001,99.345001,43.919998,51.310005
89.040001,99.345001,43.919998,51.310005
89.040001,99.345001,43.919998,51.310005
89.040001,99.345001,43.919998,51.310005
89.040001,99.345001,43.919998,51.310005
89.040001,99.345001,43.919998,51.310005
89.040001,99.345001,43.919998,51.310005
89.040001,99.345001,43.919998,51.310005
89.040001,99.345001,43.919998,51.310005
89.040001,99.345001,43.919998,51.310005
89.040001,99.345001,43.919998,51.310005
89.040001,99.345001,43.919998,51.310005
89.040001,99.345001,43.919998,51.310005
89.040001,99.345001,43.919998,51.310005
110.040001,95.345001,43.919998,51.310005
110.040001,95.345001,43.919998,51.310005
110.040001,95.345001,43.919998,51.310005
2
0
0
0
0
1
174.360001,130.880005,50.350006,55.319992
174.360001,130.880005,50.350006,55.319992
174.360001,130.880005,50.350006,55.319992
174.360001,130.880005,50.350006,55.319992
174.360001,130.880005,50.350006,55.319992
174.360001,130.880005,50.350006,55.319992
174.360001,130.880005,50.350006,55.319992
174.360001,130.880005,50.350006,55.319992
174.360001,130.880005,50.350006,55.319992
174.360001,130.880005,50.350006,55.319992
174.360001,130.880005,50.350006,55.319992
174.360001,130.880005,50.350006,55.319992
174.360001,130.880005,50.350006,55.319992
174.360001,130.880005,50.350006,55.319992
193.824997,148.340012,50.350006,55.319992
193.824997,148.340012,50.350006,55.319992
188.824997,132.340012,50.350006,55.319992
188.824997,132.340012,50.350006,55.319992
188.824997,132.340012,50.350006,55.319992
188.824997,132.340012,50.350006,55.319992
188.824997,132.340012,50.350006,55.319992
188.824997,132.340012,50.350006,55.319992
188.824997,132.340012,50.350006,55.319992
188.824997,132.340012,50.350006,55.319992
188.824997,132.340012,50.350006,55.319992
188.824997,132.340012,50.350006,55.319992
188.824997,132.340012,50.350006,55.319992
188.824997,132.340012,50.350006,55.319992
188.824997,132.340012,50.350006,55.319992
188.824997,132.340012,50.350006,55.319992
188.824997,132.340012,50.350006,55.319992
188.824997,132.340012,50.350006,55.319992
188.824997,132.340012,50.350006,55.319992
188.824997,132.340012,50.350006,55.319992
188.824997,132.340012,50.350006,55.319992
188.824997,132.340012,50.350006,55.319992
188.824997,132.340012,50.350006,55.319992
188.824997,132.340012,50.350006,55.319992
188.824997,132.340012,50.350006,55.319992
188.824997,132.340012,50.350006,55.319992
188.824997,132.340012,50.350006,55.319992
188.824997,132.340012,50.350006,55.319992
188.824997,132.340012,50.350006,55.319992
188.824997,132.340012,50.350006,55.319992
188.824997,132.340012,50.350006,55.319992
188.824997,132.340012,50.350006,55.319992
188.824997,132.340012,50.350006,55.319992
188.824997,132.340012,50.350006,55.319992
188.824997,132.340012,50.350006,55.319992
188.824997,132.340012,50.350006,55.319992
188.824997,132.340012,50.350006,55.319992
188.824997,132.340012,50.350006,55.319992
188.824997,132.340012,50.350006,55.319992
188.824997,132.340012,50.350006,55.319992
2
0
0
0
0
1
121.830002,139.350006,46.300003,56.989990
121.830002,139.350006,46.300003,56.989990
121.830002,139.350006,46.300003,56.989990
121.830002,139.350006,46.300003,56.989990
121.830002,139.350006,46.300003,56.989990
121.830002,139.350006,46.300003,56.989990
121.830002,139.350006,46.300003,56.989990
121.830002,139.350006,46.300003,56.989990
121.830002,139.350006,46.300003,56.989990
121.830002,139.350006,46.300003,56.989990
121.830002,139.350006,46.300003,56.989990
121.830002,139.350006,46.300003,56.989990
121.830002,139.350006,46.300003,56.989990
121.830002,139.350006,46.300003,56.989990
121.830002,139.350006,46.300003,56.989990
121.830002,139.350006,46.300003,56.989990
121.830002,139.350006,46.300003,56.989990
121.830002,139.350006,46.300003,56.989990
121.830002,139.350006,46.300003,56.989990
121.830002,139.350006,46.300003,56.989990
121.830002,139.350006,46.300003,56.989990
121.830002,139.350006,46.300003,56.989990
121.830002,139.350006,46.300003,56.989990
121.830002,139.350006,46.300003,56.989990
120.849998,138.505005,46.300003,56.989990
120.849998,138.505005,46.300003,56.989990
120.849998,138.505005,46.300003,56.989990
120.849998,138.505005,46.300003,56.989990
120.849998,138.505005,46.300003,56.989990
120.849998,138.505005,46.300003,56.989990
120.849998,138.505005,46.300003,56.989990
120.849998,138.505005,46.300003,56.989990
120.849998,138.505005,46.300003,56.989990
120.849998,138.505005,46.300003,56.989990
120.849998,138.505005,46.300003,56.989990
120.849998,138.505005,46.300003,56.989990
120.849998,138.505005,46.300003,56.989990
120.849998,138.505005,46.300003,56.989990
120.849998,138.505005,46.300003,56.989990
120.849998,138.505005,46.300003,56.989990
120.849998,138.505005,46.300003,56.989990
120.849998,138.505005,46.300003,56.989990
120.849998,138.505005,46.300003,56.989990
120.849998,138.505005,46.300003,56.989990
120.849998,138.505005,46.300003,56.989990
120.849998,138.505005,46.300003,56.989990
120.849998,138.505005,46.300003,56.989990
120.849998,138.505005,46.300003,56.989990
120.849998,138.505005,46.300003,56.989990
120.849998,138.505005,46.300003,56.989990
120.849998,138.505005,46.300003,56.989990
120.849998,138.505005,46.300003,56.989990
120.849998,138.505005,46.300003,56.989990
120.849998,138.505005,46.300003,56.989990
120.849998,138.505005,46.300003,56.989990
120.849998,138.505005,46.300003,56.989990
120.849998,138.505005,46.300003,56.989990
120.849998,138.505005,46.300003,56.989990
120.849998,138.505005,46.300003,56.989990
120.849998,138.505005,46.300003,56.989990
120.849998,138.505005,46.300003,56.989990
120.849998,138.505005,46.300003,56.989990
120.849998,138.505005,46.300003,56.989990
120.849998,138.505005,46.300003,56.989990
120.849998,138.505005,46.300003,56.989990
120.849998,138.505005,46.300003,56.989990
120.849998,138.505005,46.300003,56.989990
120.849998,138.505005,46.300003,56.989990
120.849998,138.505005,46.300003,56.989990
120.849998,138.505005,46.300003,56.989990
120.849998,138.505005,46.300003,56.989990
120.849998,138.505005,46.300003,56.989990
120.849998,138.505005,46.300003,56.989990
120.849998,138.505005,46.300003,56.989990
120.849998,138.505005,46.300003,56.989990
120.849998,138.505005,46.300003,56.989990
120.849998,138.505005,46.300003,56.989990
120.849998,138.505005,46.300003,56.989990
120.849998,138.505005,46.300003,56.989990
120.849998,138.505005,46.300003,56.989990
120.849998,138.505005,46.300003,56.989990
120.849998,138.505005,46.300003,56.989990
120.849998,138.505005,46.300003,56.989990
120.849998,138.505005,46.300003,56.989990
120.849998,138.505005,46.300003,56.989990
120.849998,138.505005,46.300003,56.989990
120.849998,138.505005,46.300003,56.989990
120.849998,138.505005,46.300003,56.989990
120.849998,138.505005,46.300003,56.989990
120.849998,138.505005,46.300003,56.989990
120.849998,138.505005,46.300003,56.989990
120.849998,138.505005,46.300003,56.989990
120.849998,138.505005,46.300003,56.989990
120.849998,138.505005,46.300003,56.989990
120.849998,138.505005,46.300003,56.989990
120.849998,138.505005,46.300003,56.989990
120.849998,138.505005,46.300003,56.989990
120.849998,138.505005,46.300003,56.989990
120.849998,138.505005,46.300003,56.989990
120.849998,138.505005,46.300003,56.989990
120.849998,138.505005,46.300003,56.989990
120.849998,138.505005,46.300003,56.989990
120.849998,138.505005,46.300003,56.989990
120.849998,138.505005,46.300003,56.989990
120.849998,138.505005,46.300003,56.989990
120.849998,138.505005,46.300003,56.989990
120.849998,138.505005,46.300003,56.989990
120.849998,138.505005,46.300003,56.989990
120.849998,138.505005,46.300003,56.989990
120.849998,138.505005,46.300003,56.989990
120.849998,138.505005,46.300003,56.989990
120.849998,138.505005,46.300003,56.989990
120.849998,138.505005,46.300003,56.989990
120.849998,138.505005,46.300003,56.989990
120.849998,138.505005,46.300003,56.989990
120.849998,138.505005,46.300003,56.989990
120.849998,138.505005,46.300003,56.989990
120.849998,138.505005,46.300003,56.989990
120.849998,138.505005,46.300003,56.989990
120.849998,138.505005,46.300003,56.989990
120.849998,138.505005,46.300003,56.989990
120.849998,138.505005,46.300003,56.989990
120.849998,138.505005,46.300003,56.989990
120.849998,138.505005,46.300003,56.989990
120.849998,138.505005,46.300003,56.989990
120.849998,138.505005,46.300003,56.989990
120.849998,138.505005,46.300003,56.989990
120.849998,138.505005,46.300003,56.989990
155.850006,127.505005,46.300003,56.989990
155.850006,127.505005,46.300003,56.989990
155.850006,127.505005,46.300003,56.989990
161.850006,108.505005,46.300003,56.989990
161.850006,108.505005,46.300003,56.989990
161.850006,108.505005,46.300003,56.989990
161.850006,108.505005,46.300003,56.989990
161.850006,108.505005,46.300003,56.989990
161.850006,108.505005,46.300003,56.989990
161.850006,108.505005,46.300003,56.989990
161.850006,108.505005,46.300003,56.989990
161.850006,108.505005,46.300003,56.989990
161.850006,108.505005,46.300003,56.989990
161.850006,108.505005,46.300003,56.989990
161.850006,108.505005,46.300003,56.989990
161.850006,108.505005,46.300003,56.989990
195.850006,81.505005,46.300003,56.989990
195.850006,81.505005,46.300003,56.989990
195.850006,81.505005,46.300003,56.989990
195.850006,81.505005,46.300003,56.989990
195.850006,81.505005,46.300003,56.989990
205.850006,66.505005,46.300003,56.989990
205.850006,66.505005,46.300003,56.989990
205.850006,66.505005,46.300003,56.989990
205.850006,66.505005,46.300003,56.989990
205.850006,66.505005,46.300003,56.989990
205.850006,66.505005,46.300003,56.989990
205.850006,66.505005,46.300003,56.989990
205.850006,66.505005,46.300003,56.989990
205.850006,66.505005,46.300003,56.989990
190.850006,112.505005,46.300003,56.989990
190.850006,112.505005,46.300003,56.989990
190.850006,112.505005,46.300003,56.989990
177.850006,98.505005,46.300003,56.989990
177.850006,98.505005,46.300003,56.989990
177.850006,98.505005,46.300003,56.989990
177.850006,98.505005,46.300003,56.989990
177.850006,98.505005,46.300003,56.989990
177.850006,98.505005,46.300003,56.989990
177.850006,98.505005,46.300003,56.989990
177.850006,98.505005,46.300003,56.989990
177.850006,98.505005,46.300003,56.989990
177.850006,98.505005,46.300003,56.989990
177.850006,98.505005,46.300003,56.989990
177.850006,98.505005,46.300003,56.989990
177.850006,98.505005,46.300003,56.989990
177.850006,98.505005,46.300003,56.989990
177.850006,98.505005,46.300003,56.989990
177.850006,98.505005,46.300003,56.989990
177.850006,98.505005,46.300003,56.989990
177.850006,98.505005,46.300003,56.989990
177.850006,98.505005,46.300003,56.989990
144.850006,136.505005,46.300003,56.989990
144.850006,136.505005,46.300003,56.989990
144.850006,136.505005,46.300003,56.989990
144.850006,136.505005,46.300003,56.989990
144.850006,136.505005,46.300003,56.989990
144.850006,136.505005,46.300003,56.989990
128.850006,133.505005,46.300003,56.989990
128.850006,133.505005,46.300003,56.989990
128.850006,133.505005,46.300003,56.989990
114.849998,136.505005,46.300003,56.989990
114.849998,136.505005,46.300003,56.989990
114.849998,136.505005,46.300003,56.989990
114.849998,136.505005,46.300003,56.989990
114.849998,136.505005,46.300003,56.989990
114.849998,136.505005,46.300003,56.989990
114.849998,136.505005,46.300003,56.989990
114.849998,136.505005,46.300003,56.989990
114.849998,136.505005,46.300003,56.989990
132.850006,120.505005,46.300003,56.989990
132.850006,120.505005,46.300003,56.989990
132.850006,120.505005,46.300003,56.989990
132.850006,120.505005,46.300003,56.989990
132.850006,120.505005,46.300003,56.989990
132.850006,120.505005,46.300003,56.989990
132.850006,120.505005,46.300003,56.989990
132.850006,120.505005,46.300003,56.989990
132.850006,120.505005,46.300003,56.989990
132.850006,120.505005,46.300003,56.989990
132.850006,120.505005,46.300003,56.989990
132.850006,120.505005,46.300003,56.989990
132.850006,120.505005,46.300003,56.989990
132.850006,120.505005,46.300003,56.989990
132.850006,120.505005,46.300003,56.989990
132.850006,120.505005,46.300003,56.989990
132.850006,120.505005,46.300003,56.989990
132.850006,120.505005,46.300003,56.989990
132.850006,120.505005,46.300003,56.989990
151.850006,122.505005,46.300003,56.989990
151.850006,122.505005,46.300003,56.989990
151.850006,122.505005,46.300003,56.989990
151.850006,122.505005,46.300003,56.989990
151.850006,122.505005,46.300003,56.989990
151.850006,122.505005,46.300003,56.989990
151.850006,122.505005,46.300003,56.989990
151.850006,122.505005,46.300003,56.989990
151.850006,122.505005,46.300003,56.989990
151.850006,122.505005,46.300003,56.989990
132.850006,110.505005,46.300003,56.989990
132.850006,110.505005,46.300003,56.989990
132.850006,110.505005,46.300003,56.989990
132.850006,110.505005,46.300003,56.989990
132.850006,110.505005,46.300003,56.989990
132.850006,110.505005,46.300003,56.989990
132.850006,110.505005,46.300003,56.989990
116.849998,117.505005,46.300003,56.989990
116.849998,117.505005,46.300003,56.989990
116.849998,117.505005,46.300003,56.989990
116.849998,117.505005,46.300003,56.989990
116.849998,117.505005,46.300003,56.989990
116.849998,117.505005,46.300003,56.989990
116.849998,117.505005,46.300003,56.989990
116.849998,117.505005,46.300003,56.989990
116.849998,117.505005,46.300003,56.989990
116.849998,117.505005,46.300003,56.989990
116.849998,117.505005,46.300003,56.989990
116.849998,117.505005,46.300003,56.989990
116.849998,117.505005,46.300003,56.989990
116.849998,117.505005,46.300003,56.989990
116.849998,117.505005,46.300003,56.989990
98.849998,108.505005,46.300003,56.989990
98.849998,108.505005,46.300003,56.989990
98.849998,108.505005,46.300003,56.989990
98.849998,108.505005,46.300003,56.989990
98.849998,108.505005,46.300003,56.989990
98.849998,108.505005,46.300003,56.989990
98.849998,108.505005,46.300003,56.989990
98.849998,108.505005,46.300003,56.989990
98.849998,108.505005,46.300003,56.989990
98.849998,108.505005,46.300003,56.989990
98.849998,108.505005,46.300003,56.989990
98.849998,108.505005,46.300003,56.989990
154.850006,118.505005,46.300003,56.989990
154.850006,118.505005,46.300003,56.989990
187.850006,141.505005,46.300003,56.989990
187.850006,141.505005,46.300003,56.989990
200.850006,129.505005,46.300003,56.989990
200.850006,129.505005,46.300003,56.989990
200.850006,129.505005,46.300003,56.989990
200.850006,129.505005,46.300003,56.989990
216.850006,140.505005,46.300003,56.989990
215.850006,159.505005,46.300003,56.989990
215.850006,159.505005,46.300003,56.989990
198.850006,142.505005,46.300003,56.989990
198.850006,142.505005,46.300003,56.989990
198.850006,142.505005,46.300003,56.989990
198.850006,142.505005,46.300003,56.989990
198.850006,142.505005,46.300003,56.989990
198.850006,142.505005,46.300003,56.989990
198.850006,142.505005,46.300003,56.989990
198.850006,142.505005,46.300003,56.989990
198.850006,142.505005,46.300003,56.989990
198.850006,142.505005,46.300003,56.989990
198.850006,142.505005,46.300003,56.989990
198.850006,142.505005,46.300003,56.989990
198.850006,142.505005,46.300003,56.989990
198.850006,142.505005,46.300003,56.989990
198.850006,142.505005,46.300003,56.989990
198.850006,142.505005,46.300003,56.989990
198.850006,142.505005,46.300003,56.989990
185.850006,133.505005,46.300003,56.989990
185.850006,133.505005,46.300003,56.989990
169.850006,135.505005,46.300003,56.989990
169.850006,135.505005,46.300003,56.989990
169.850006,135.505005,46.300003,56.989990
169.850006,135.505005,46.300003,56.989990
169.850006,135.505005,46.300003,56.989990
169.850006,135.505005,46.300003,56.989990
169.850006,135.505005,46.300003,56.989990
169.850006,135.505005,46.300003,56.989990
169.850006,135.505005,46.300003,56.989990
169.850006,135.505005,46.300003,56.989990
169.850006,135.505005,46.300003,56.989990
169.850006,135.505005,46.300003,56.989990
169.850006,135.505005,46.300003,56.989990
169.850006,135.505005,46.300003,56.989990
169.850006,135.505005,46.300003,56.989990
169.850006,135.505005,46.300003,56.989990
169.850006,135.505005,46.300003,56.989990
169.850006,135.505005,46.300003,56.989990
169.850006,135.505005,46.300003,56.989990
169.850006,135.505005,46.300003,56.989990
169.850006,135.505005,46.300003,56.989990
169.850006,135.505005,46.300003,56.989990
169.850006,135.505005,46.300003,56.989990
169.850006,135.505005,46.300003,56.989990
169.850006,135.505005,46.300003,56.989990
169.850006,135.505005,46.300003,56.989990
169.850006,135.505005,46.300003,56.989990
169.850006,135.505005,46.300003,56.989990
169.850006,135.505005,46.300003,56.989990
169.850006,135.505005,46.300003,56.989990
169.850006,135.505005,46.300003,56.989990
169.850006,135.505005,46.300003,56.989990
169.850006,135.505005,46.300003,56.989990
169.850006,135.505005,46.300003,56.989990
169.850006,135.505005,46.300003,56.989990
169.850006,135.505005,46.300003,56.989990
169.850006,135.505005,46.300003,56.989990
169.850006,135.505005,46.300003,56.989990
169.850006,135.505005,46.300003,56.989990
169.850006,135.505005,46.300003,56.989990
169.850006,135.505005,46.300003,56.989990
138.850006,127.505005,46.300003,56.989990
138.850006,127.505005,46.300003,56.989990
138.850006,127.505005,46.300003,56.989990
138.850006,127.505005,46.300003,56.989990
138.850006,127.505005,46.300003,56.989990
138.850006,127.505005,46.300003,56.989990
138.850006,127.505005,46.300003,56.989990
138.850006,127.505005,46.300003,56.989990
138.850006,127.505005,46.300003,56.989990
138.850006,127.505005,46.300003,56.989990
138.850006,127.505005,46.300003,56.989990
138.850006,127.505005,46.300003,56.989990
122.849998,139.505005,46.300003,56.989990
122.849998,139.505005,46.300003,56.989990
122.849998,139.505005,46.300003,56.989990
122.849998,139.505005,46.300003,56.989990
122.849998,139.505005,46.300003,56.989990
