1
195.770004,114.070000,46.159988,45.640007
195.770004,114.070000,46.159988,45.640007
195.770004,114.070000,46.159988,45.640007
195.770004,114.070000,46.159988,45.640007
195.770004,114.070000,46.159988,45.640007
195.770004,114.070000,46.159988,45.640007
195.770004,114.070000,46.159988,45.640007
195.770004,114.070000,46.159988,45.640007
194.920013,113.180000,46.159988,45.640007
194.920013,113.180000,46.159988,45.640007
194.920013,113.180000,46.159988,45.640007
194.920013,113.180000,46.159988,45.640007
194.920013,113.180000,46.159988,45.640007
194.920013,113.180000,46.159988,45.640007
194.920013,113.180000,46.159988,45.640007
194.920013,113.180000,46.159988,45.640007
194.920013,113.180000,46.159988,45.640007
194.920013,113.180000,46.159988,45.640007
194.920013,113.180000,46.159988,45.640007
194.920013,113.180000,46.159988,45.640007
194.920013,113.180000,46.159988,45.640007
194.920013,113.180000,46.159988,45.640007
194.920013,113.180000,46.159988,45.640007
194.920013,113.180000,46.159988,45.640007
194.920013,113.180000,46.159988,45.640007
194.920013,113.180000,46.159988,45.640007
194.920013,113.180000,46.159988,45.640007
194.920013,113.180000,46.159988,45.640007
194.920013,113.180000,46.159988,45.640007
194.920013,113.180000,46.159988,45.640007
194.920013,113.180000,46.159988,45.640007
194.920013,113.180000,46.159988,45.640007
194.920013,113.180000,46.159988,45.640007
194.920013,113.180000,46.159988,45.640007
194.920013,113.180000,46.159988,45.640007
194.920013,113.180000,46.159988,45.640007
194.920013,113.180000,46.159988,45.640007
194.920013,113.180000,46.159988,45.640007
194.920013,113.180000,46.159988,45.640007
194.920013,113.180000,46.159988,45.640007
194.920013,113.180000,46.159988,45.640007
194.920013,113.180000,46.159988,45.640007
194.920013,113.180000,46.159988,45.640007
194.920013,113.180000,46.159988,45.640007
194.920013,113.180000,46.159988,45.640007
194.920013,113.180000,46.159988,45.640007
194.920013,113.180000,46.159988,45.640007
194.920013,113.180000,46.159988,45.640007
194.920013,113.180000,46.159988,45.640007
194.920013,113.180000,46.159988,45.640007
194.920013,113.180000,46.159988,45.640007
194.920013,113.180000,46.159988,45.640007
194.920013,113.180000,46.159988,45.640007
194.920013,113.180000,46.159988,45.640007
194.920013,113.180000,46.159988,45.640007
194.920013,113.180000,46.159988,45.640007
194.920013,113.180000,46.159988,45.640007
194.920013,113.180000,46.159988,45.640007
194.920013,113.180000,46.159988,45.640007
174.920013,123.180000,46.159988,45.640007
174.920013,123.180000,46.159988,45.640007
174.920013,123.180000,46.159988,45.640007
174.920013,123.180000,46.159988,45.640007
174.920013,123.180000,46.159988,45.640007
174.920013,123.180000,46.159988,45.640007
174.920013,123.180000,46.159988,45.640007
174.920013,123.180000,46.159988,45.640007
160.920013,121.180000,46.159988,45.640007
162.920013,137.179993,46.159988,45.640007
162.920013,137.179993,46.159988,45.640007
133.920013,148.179993,46.159988,45.640007
133.920013,148.179993,46.159988,45.640007
133.920013,148.179993,46.159988,45.640007
133.920013,148.179993,46.159988,45.640007
133.920013,148.179993,46.159988,45.640007
133.920013,148.179993,46.159988,45.640007
133.920013,148.179993,46.159988,45.640007
133.920013,148.179993,46.159988,45.640007
103.920006,143.179993,46.159988,45.640007
103.920006,143.179993,46.159988,45.640007
134.920013,144.179993,46.159988,45.640007
134.920013,144.179993,46.159988,45.640007
134.920013,144.179993,46.159988,45.640007
134.920013,144.179993,46.159988,45.640007
151.920013,141.179993,46.159988,45.640007
151.920013,141.179993,46.159988,45.640007
151.920013,141.179993,46.159988,45.640007
151.920013,141.179993,46.159988,45.640007
147.920013,127.180000,46.159988,45.640007
147.920013,127.180000,46.159988,45.640007
147.920013,127.180000,46.159988,45.640007
147.920013,127.180000,46.159988,45.640007
147.920013,127.180000,46.159988,45.640007
147.920013,127.180000,46.159988,45.640007
147.920013,127.180000,46.159988,45.640007
147.920013,127.180000,46.159988,45.640007
147.920013,127.180000,46.159988,45.640007
147.920013,127.180000,46.159988,45.640007
147.920013,127.180000,46.159988,45.640007
147.920013,127.180000,46.159988,45.640007
167.920013,134.179993,46.159988,45.640007
167.920013,134.179993,46.159988,45.640007
160.920013,112.180000,46.159988,45.640007
160.920013,112.180000,46.159988,45.640007
160.920013,112.180000,46.159988,45.640007
160.920013,112.180000,46.159988,45.640007
160.920013,112.180000,46.159988,45.640007
160.920013,112.180000,46.159988,45.640007
160.920013,112.180000,46.159988,45.640007
160.920013,112.180000,46.159988,45.640007
160.920013,112.180000,46.159988,45.640007
160.920013,112.180000,46.159988,45.640007
160.920013,112.180000,46.159988,45.640007
160.920013,112.180000,46.159988,45.640007
160.920013,112.180000,46.159988,45.640007
160.920013,112.180000,46.159988,45.640007
160.920013,112.180000,46.159988,45.640007
160.920013,112.180000,46.159988,45.640007
160.920013,112.180000,46.159988,45.640007
173.920013,95.180000,46.159988,45.640007
173.920013,95.180000,46.159988,45.640007
173.920013,95.180000,46.159988,45.640007
173.920013,95.180000,46.159988,45.640007
173.920013,95.180000,46.159988,45.640007
178.920013,110.180000,46.159988,45.640007
178.920013,110.180000,46.159988,45.640007
178.920013,110.180000,46.159988,45.640007
178.920013,110.180000,46.159988,45.640007
178.920013,110.180000,46.159988,45.640007
178.920013,110.180000,46.159988,45.640007
178.920013,110.180000,46.159988,45.640007
178.920013,110.180000,46.159988,45.640007
178.920013,110.180000,46.159988,45.640007
178.920013,110.180000,46.159988,45.640007
161.920013,113.180000,46.159988,45.640007
161.920013,113.180000,46.159988,45.640007
161.920013,113.180000,46.159988,45.640007
161.920013,113.180000,46.159988,45.640007
161.920013,113.180000,46.159988,45.640007
161.920013,113.180000,46.159988,45.640007
161.920013,113.180000,46.159988,45.640007
161.920013,113.180000,46.159988,45.640007
146.920013,118.180000,46.159988,45.640007
146.920013,118.180000,46.159988,45.640007
146.920013,118.180000,46.159988,45.640007
122.920006,119.180000,46.159988,45.640007
122.920006,119.180000,46.159988,45.640007
131.920013,103.180000,46.159988,45.640007
131.920013,103.180000,46.159988,45.640007
120.920006,87.180000,46.159988,45.640007
120.920006,87.180000,46.159988,45.640007
120.920006,87.180000,46.159988,45.640007
120.920006,87.180000,46.159988,45.640007
120.920006,87.180000,46.159988,45.640007
105.920006,97.180000,46.159988,45.640007
105.920006,97.180000,46.159988,45.640007
114.920006,76.180000,46.159988,45.640007
96.920006,98.180000,46.159988,45.640007
113.920006,95.180000,46.159988,45.640007
95.920006,102.180000,46.159988,45.640007
95.920006,102.180000,46.159988,45.640007
95.920006,102.180000,46.159988,45.640007
95.920006,102.180000,46.159988,45.640007
95.920006,102.180000,46.159988,45.640007
95.920006,102.180000,46.159988,45.640007
95.920006,102.180000,46.159988,45.640007
95.920006,102.180000,46.159988,45.640007
95.920006,102.180000,46.159988,45.640007
95.920006,102.180000,46.159988,45.640007
95.920006,102.180000,46.159988,45.640007
95.920006,102.180000,46.159988,45.640007
95.920006,102.180000,46.159988,45.640007
95.920006,102.180000,46.159988,45.640007
95.920006,102.180000,46.159988,45.640007
77.920006,104.180000,46.159988,45.640007
77.920006,104.180000,46.159988,45.640007
77.920006,104.180000,46.159988,45.640007
77.920006,104.180000,46.159988,45.640007
77.920006,104.180000,46.159988,45.640007
77.920006,104.180000,46.159988,45.640007
77.920006,104.180000,46.159988,45.640007
77.920006,104.180000,46.159988,45.640007
77.920006,104.180000,46.159988,45.640007
104.920006,91.180000,46.159988,45.640007
104.920006,91.180000,46.159988,45.640007
104.920006,91.180000,46.159988,45.640007
148.920013,115.180000,46.159988,45.640007
148.920013,115.180000,46.159988,45.640007
174.920013,131.179993,46.159988,45.640007
174.920013,131.179993,46.159988,45.640007
174.920013,131.179993,46.159988,45.640007
174.920013,131.179993,46.159988,45.640007
174.920013,131.179993,46.159988,45.640007
174.920013,131.179993,46.159988,45.640007
174.920013,131.179993,46.159988,45.640007
174.920013,131.179993,46.159988,45.640007
174.920013,131.179993,46.159988,45.640007
174.920013,131.179993,46.159988,45.640007
174.920013,131.179993,46.159988,45.640007
174.920013,131.179993,46.159988,45.640007
174.920013,131.179993,46.159988,45.640007
174.920013,131.179993,46.159988,45.640007
174.920013,131.179993,46.159988,45.640007
174.920013,131.179993,46.159988,45.640007
202.920013,129.179993,46.159988,45.640007
202.920013,129.179993,46.159988,45.640007
202.920013,129.179993,46.159988,45.640007
202.920013,129.179993,46.159988,45.640007
202.920013,129.179993,46.159988,45.640007
202.920013,129.179993,46.159988,45.640007
202.920013,129.179993,46.159988,45.640007
202.920013,129.179993,46.159988,45.640007
202.920013,129.179993,46.159988,45.640007
202.920013,129.179993,46.159988,45.640007
202.920013,129.179993,46.159988,45.640007
202.920013,129.179993,46.159988,45.640007
202.920013,129.179993,46.159988,45.640007
202.920013,129.179993,46.159988,45.640007
202.920013,129.179993,46.159988,45.640007
177.920013,124.180000,46.159988,45.640007
177.920013,124.180000,46.159988,45.640007
177.920013,124.180000,46.159988,45.640007
177.920013,124.180000,46.159988,45.640007
164.920013,126.180000,46.159988,45.640007
164.920013,126.180000,46.159988,45.640007
164.920013,126.180000,46.159988,45.640007
164.920013,126.180000,46.159988,45.640007
164.920013,126.180000,46.159988,45.640007
164.920013,126.180000,46.159988,45.640007
164.920013,126.180000,46.159988,45.640007
164.920013,126.180000,46.159988,45.640007
164.920013,126.180000,46.159988,45.640007
164.920013,126.180000,46.159988,45.640007
164.920013,126.180000,46.159988,45.640007
164.920013,126.180000,46.159988,45.640007
164.920013,126.180000,46.159988,45.640007
164.920013,126.180000,46.159988,45.640007
164.920013,126.180000,46.159988,45.640007
164.920013,126.180000,46.159988,45.640007
164.920013,126.180000,46.159988,45.640007
164.920013,126.180000,46.159988,45.640007
164.920013,126.180000,46.159988,45.640007
164.920013,126.180000,46.159988,45.640007
143.920013,130.179993,46.159988,45.640007
143.920013,130.179993,46.159988,45.640007
143.920013,130.179993,46.159988,45.640007
143.920013,130.179993,46.159988,45.640007
143.920013,130.179993,46.159988,45.640007
130.920013,152.179993,46.159988,45.640007
130.920013,152.179993,46.159988,45.640007
130.920013,152.179993,46.159988,45.640007
130.920013,152.179993,46.159988,45.640007
108.920006,150.179993,46.159988,45.640007
108.920006,150.179993,46.159988,45.640007
108.920006,150.179993,46.159988,45.640007
108.920006,150.179993,46.159988,45.640007
108.920006,150.179993,46.159988,45.640007
108.920006,150.179993,46.159988,45.640007
108.920006,150.179993,46.159988,45.640007
127.920006,134.179993,46.159988,45.640007
127.920006,134.179993,46.159988,45.640007
127.920006,134.179993,46.159988,45.640007
127.920006,134.179993,46.159988,45.640007
127.920006,134.179993,46.159988,45.640007
127.920006,134.179993,46.159988,45.640007
127.920006,134.179993,46.159988,45.640007
149.920013,121.180000,46.159988,45.640007
149.920013,121.180000,46.159988,45.640007
149.920013,121.180000,46.159988,45.640007
149.920013,121.180000,46.159988,45.640007
149.920013,121.180000,46.159988,45.640007
149.920013,121.180000,46.159988,45.640007
149.920013,121.180000,46.159988,45.640007
149.920013,121.180000,46.159988,45.640007
149.920013,121.180000,46.159988,45.640007
149.920013,121.180000,46.159988,45.640007
149.920013,121.180000,46.159988,45.640007
149.920013,121.180000,46.159988,45.640007
149.920013,121.180000,46.159988,45.640007
131.920013,118.180000,46.159988,45.640007
131.920013,118.180000,46.159988,45.640007
131.920013,118.180000,46.159988,45.640007
131.920013,118.180000,46.159988,45.640007
131.920013,118.180000,46.159988,45.640007
131.920013,118.180000,46.159988,45.640007
131.920013,118.180000,46.159988,45.640007
137.920013,99.180000,46.159988,45.640007
137.920013,99.180000,46.159988,45.640007
137.920013,99.180000,46.159988,45.640007
137.920013,99.180000,46.159988,45.640007
137.920013,99.180000,46.159988,45.640007
137.920013,99.180000,46.159988,45.640007
137.920013,99.180000,46.159988,45.640007
137.920013,99.180000,46.159988,45.640007
137.920013,99.180000,46.159988,45.640007
137.920013,99.180000,46.159988,45.640007
137.920013,99.180000,46.159988,45.640007
137.920013,99.180000,46.159988,45.640007
137.920013,99.180000,46.159988,45.640007
137.920013,99.180000,46.159988,45.640007
137.920013,99.180000,46.159988,45.640007
137.920013,99.180000,46.159988,45.640007
137.920013,99.180000,46.159988,45.640007
137.920013,99.180000,46.159988,45.640007
137.920013,99.180000,46.159988,45.640007
137.920013,99.180000,46.159988,45.640007
137.920013,99.180000,46.159988,45.640007
124.920006,106.180000,46.159988,45.640007
124.920006,106.180000,46.159988,45.640007
124.920006,106.180000,46.159988,45.640007
124.920006,106.180000,46.159988,45.640007
124.920006,106.180000,46.159988,45.640007
124.920006,106.180000,46.159988,45.640007
131.920013,88.180000,46.159988,45.640007
131.920013,88.180000,46.159988,45.640007
131.920013,88.180000,46.159988,45.640007
131.920013,88.180000,46.159988,45.640007
131.920013,88.180000,46.159988,45.640007
131.920013,88.180000,46.159988,45.640007
131.920013,88.180000,46.159988,45.640007
130.920013,117.180000,46.159988,45.640007
130.920013,117.180000,46.159988,45.640007
130.920013,117.180000,46.159988,45.640007
131.920013,93.180000,46.159988,45.640007
131.920013,93.180000,46.159988,45.640007
131.920013,93.180000,46.159988,45.640007
131.920013,93.180000,46.159988,45.640007
131.920013,93.180000,46.159988,45.640007
131.920013,93.180000,46.159988,45.640007
118.920006,80.180000,46.159988,45.640007
118.920006,80.180000,46.159988,45.640007
97.920006,99.180000,46.159988,45.640007
97.920006,99.180000,46.159988,45.640007
97.920006,99.180000,46.159988,45.640007
123.920006,105.180000,46.159988,45.640007
123.920006,105.180000,46.159988,45.640007
123.920006,105.180000,46.159988,45.640007
123.920006,105.180000,46.159988,45.640007
146.920013,108.180000,46.159988,45.640007
148.920013,90.180000,46.159988,45.640007
148.920013,90.180000,46.159988,45.640007
132.920013,99.180000,46.159988,45.640007
119.920006,106.180000,46.159988,45.640007
119.920006,106.180000,46.159988,45.640007
98.920006,90.180000,46.159988,45.640007
98.920006,90.180000,46.159988,45.640007
98.920006,90.180000,46.159988,45.640007
84.920006,106.180000,46.159988,45.640007
84.920006,106.180000,46.159988,45.640007
73.920006,125.180000,46.159988,45.640007
73.920006,125.180000,46.159988,45.640007
73.920006,125.180000,46.159988,45.640007
73.920006,125.180000,46.159988,45.640007
73.920006,125.180000,46.159988,45.640007
98.920006,120.180000,46.159988,45.640007
98.920006,120.180000,46.159988,45.640007
98.920006,120.180000,46.159988,45.640007
98.920006,120.180000,46.159988,45.640007
98.920006,120.180000,46.159988,45.640007
98.920006,120.180000,46.159988,45.640007
98.920006,120.180000,46.159988,45.640007
98.920006,120.180000,46.159988,45.640007
129.920013,121.180000,46.159988,45.640007
129.920013,121.180000,46.159988,45.640007
129.920013,121.180000,46.159988,45.640007
129.920013,121.180000,46.159988,45.640007
129.920013,121.180000,46.159988,45.640007
129.920013,121.180000,46.159988,45.640007
129.920013,121.180000,46.159988,45.640007
129.920013,121.180000,46.159988,45.640007
129.920013,121.180000,46.159988,45.640007
129.920013,121.180000,46.159988,45.640007
129.920013,121.180000,46.159988,45.640007
129.920013,121.180000,46.159988,45.640007
129.920013,121.180000,46.159988,45.640007
129.920013,121.180000,46.159988,45.640007
129.920013,121.180000,46.159988,45.640007
129.920013,121.180000,46.159988,45.640007
129.920013,121.180000,46.159988,45.640007
129.920013,121.180000,46.159988,45.640007
129.920013,121.180000,46.159988,45.640007
152.920013,119.180000,46.159988,45.640007
152.920013,119.180000,46.159988,45.640007
152.920013,119.180000,46.159988,45.640007
152.920013,119.180000,46.159988,45.640007
152.920013,119.180000,46.159988,45.640007
152.920013,119.180000,46.159988,45.640007
152.920013,119.180000,46.159988,45.640007
175.920013,103.180000,46.159988,45.640007
175.920013,103.180000,46.159988,45.640007
175.920013,103.180000,46.159988,45.640007
175.920013,103.180000,46.159988,45.640007
175.920013,103.180000,46.159988,45.640007
175.920013,103.180000,46.159988,45.640007
175.920013,103.180000,46.159988,45.640007
175.920013,103.180000,46.159988,45.640007
191.920013,96.180000,46.159988,45.640007
191.920013,96.180000,46.159988,45.640007
191.920013,96.180000,46.159988,45.640007
207.920013,89.180000,46.159988,45.640007
207.920013,89.180000,46.159988,45.640007
207.920013,89.180000,46.159988,45.640007
207.920013,89.180000,46.159988,45.640007
207.920013,89.180000,46.159988,45.640007
207.920013,89.180000,46.159988,45.640007
207.920013,89.180000,46.159988,45.640007
201.920013,111.180000,46.159988,45.640007
188.920013,112.180000,46.159988,45.640007
188.920013,112.180000,46.159988,45.640007
188.920013,112.180000,46.159988,45.640007
188.920013,112.180000,46.159988,45.640007
188.920013,112.180000,46.159988,45.640007
173.920013,107.180000,46.159988,45.640007
173.920013,107.180000,46.159988,45.640007
173.920013,107.180000,46.159988,45.640007
173.920013,107.180000,46.159988,45.640007
173.920013,107.180000,46.159988,45.640007
173.920013,107.180000,46.159988,45.640007
155.920013,123.180000,46.159988,45.640007
155.920013,123.180000,46.159988,45.640007
155.920013,123.180000,46.159988,45.640007
155.920013,123.180000,46.159988,45.640007
155.920013,123.180000,46.159988,45.640007
155.920013,123.180000,46.159988,45.640007
137.920013,129.179993,46.159988,45.640007
137.920013,129.179993,46.159988,45.640007
137.920013,129.179993,46.159988,45.640007
137.920013,129.179993,46.159988,45.640007
137.920013,129.179993,46.159988,45.640007
137.920013,129.179993,46.159988,45.640007
137.920013,129.179993,46.159988,45.640007
137.920013,129.179993,46.159988,45.640007
137.920013,129.179993,46.159988,45.640007
137.920013,129.179993,46.159988,45.640007
137.920013,129.179993,46.159988,45.640007
137.920013,129.179993,46.159988,45.640007
137.920013,129.179993,46.159988,45.640007
123.920006,147.179993,46.159988,45.640007
123.920006,147.179993,46.159988,45.640007
123.920006,147.179993,46.159988,45.640007
123.920006,147.179993,46.159988,45.640007
111.920006,126.180000,46.159988,45.640007
111.920006,126.180000,46.159988,45.640007
111.920006,126.180000,46.159988,45.640007
111.920006,126.180000,46.159988,45.640007
111.920006,126.180000,46.159988,45.640007
111.920006,126.180000,46.159988,45.640007
111.920006,126.180000,46.159988,45.640007
111.920006,126.180000,46.159988,45.640007
111.920006,126.180000,46.159988,45.640007
111.920006,126.180000,46.159988,45.640007
111.920006,126.180000,46.159988,45.640007
111.920006,126.180000,46.159988,45.640007
111.920006,126.180000,46.159988,45.640007
111.920006,126.180000,46.159988,45.640007
111.920006,126.180000,46.159988,45.640007
111.920006,126.180000,46.159988,45.640007
111.920006,126.180000,46.159988,45.640007
111.920006,126.180000,46.159988,45.640007
111.920006,126.180000,46.159988,45.640007
111.920006,126.180000,46.159988,45.640007
111.920006,126.180000,46.159988,45.640007
144.920013,111.180000,46.159988,45.640007
144.920013,111.180000,46.159988,45.640007
144.920013,111.180000,46.159988,45.640007
144.920013,111.180000,46.159988,45.640007
144.920013,111.180000,46.159988,45.640007
144.920013,111.180000,46.159988,45.640007
144.920013,111.180000,46.159988,45.640007
144.920013,111.180000,46.159988,45.640007
156.920013,127.180000,46.159988,45.640007
156.920013,127.180000,46.159988,45.640007
156.920013,127.180000,46.159988,45.640007
156.920013,127.180000,46.159988,45.640007
144.920013,131.179993,46.159988,45.640007
144.920013,131.179993,46.159988,45.640007
144.920013,131.179993,46.159988,45.640007
144.920013,131.179993,46.159988,45.640007
144.920013,131.179993,46.159988,45.640007
129.920013,126.180000,46.159988,45.640007
129.920013,126.180000,46.159988,45.640007
129.920013,126.180000,46.159988,45.640007
129.920013,126.180000,46.159988,45.640007
129.920013,126.180000,46.159988,45.640007
114.920006,121.180000,46.159988,45.640007
114.920006,121.180000,46.159988,45.640007
114.920006,121.180000,46.159988,45.640007
114.920006,121.180000,46.159988,45.640007
114.920006,121.180000,46.159988,45.640007
114.920006,121.180000,46.159988,45.640007
114.920006,121.180000,46.159988,45.640007
114.920006,121.180000,46.159988,45.640007
114.920006,121.180000,46.159988,45.640007
114.920006,121.180000,46.159988,45.640007
114.920006,121.180000,46.159988,45.640007
114.920006,121.180000,46.159988,45.640007
114.920006,121.180000,46.159988,45.640007
114.920006,121.180000,46.159988,45.640007
114.920006,121.180000,46.159988,45.640007
114.920006,121.180000,46.159988,45.640007
102.920006,125.180000,46.159988,45.640007
102.920006,125.180000,46.159988,45.640007
102.920006,125.180000,46.159988,45.640007
102.920006,125.180000,46.159988,45.640007
102.920006,125.180000,46.159988,45.640007
102.920006,125.180000,46.159988,45.640007
102.920006,125.180000,46.159988,45.640007
102.920006,125.180000,46.159988,45.640007
102.920006,125.180000,46.159988,45.640007
102.920006,125.180000,46.159988,45.640007
102.920006,125.180000,46.159988,45.640007
102.920006,125.180000,46.159988,45.640007
133.920013,126.180000,46.159988,45.640007
150.920013,123.180000,46.159988,45.640007
150.920013,123.180000,46.159988,45.640007
184.920013,132.179993,46.159988,45.640007
184.920013,132.179993,46.159988,45.640007
184.920013,132.179993,46.159988,45.640007
184.920013,132.179993,46.159988,45.640007
207.920013,145.179993,46.159988,45.640007
207.920013,145.179993,46.159988,45.640007
207.920013,145.179993,46.159988,45.640007
207.920013,145.179993,46.159988,45.640007
207.920013,145.179993,46.159988,45.640007
207.920013,145.179993,46.159988,45.640007
207.920013,145.179993,46.159988,45.640007
207.920013,145.179993,46.159988,45.640007
207.920013,145.179993,46.159988,45.640007
207.920013,145.179993,46.159988,45.640007
207.920013,145.179993,46.159988,45.640007
207.920013,145.179993,46.159988,45.640007
198.920013,163.179993,46.159988,45.640007
198.920013,163.179993,46.159988,45.640007
198.920013,163.179993,46.159988,45.640007
204.920013,146.179993,46.159988,45.640007
191.920013,142.179993,46.159988,45.640007
191.920013,142.179993,46.159988,45.640007
191.920013,142.179993,46.159988,45.640007
191.920013,142.179993,46.159988,45.640007
191.920013,142.179993,46.159988,45.640007
191.920013,142.179993,46.159988,45.640007
191.920013,142.179993,46.159988,45.640007
191.920013,142.179993,46.159988,45.640007
191.920013,142.179993,46.159988,45.640007
191.920013,142.179993,46.159988,45.640007
168.920013,158.179993,46.159988,45.640007
168.920013,158.179993,46.159988,45.640007
168.920013,158.179993,46.159988,45.640007
164.920013,146.179993,46.159988,45.640007
164.920013,146.179993,46.159988,45.640007
164.920013,146.179993,46.159988,45.640007
164.920013,146.179993,46.159988,45.640007
164.920013,146.179993,46.159988,45.640007
164.920013,146.179993,46.159988,45.640007
164.920013,146.179993,46.159988,45.640007
164.920013,146.179993,46.159988,45.640007
164.920013,146.179993,46.159988,45.640007
164.920013,146.179993,46.159988,45.640007
164.920013,146.179993,46.159988,45.640007
164.920013,146.179993,46.159988,45.640007
168.920013,133.179993,46.159988,45.640007
168.920013,133.179993,46.159988,45.640007
168.920013,133.179993,46.159988,45.640007
168.920013,133.179993,46.159988,45.640007
168.920013,133.179993,46.159988,45.640007
168.920013,133.179993,46.159988,45.640007
168.920013,133.179993,46.159988,45.640007
168.920013,133.179993,46.159988,45.640007
168.920013,133.179993,46.159988,45.640007
168.920013,133.179993,46.159988,45.640007
168.920013,133.179993,46.159988,45.640007
168.920013,133.179993,46.159988,45.640007
168.920013,133.179993,46.159988,45.640007
168.920013,133.179993,46.159988,45.640007
168.920013,133.179993,46.159988,45.640007
168.920013,133.179993,46.159988,45.640007
168.920013,133.179993,46.159988,45.640007
168.920013,133.179993,46.159988,45.640007
168.920013,133.179993,46.159988,45.640007
168.920013,133.179993,46.159988,45.640007
168.920013,133.179993,46.159988,45.640007
149.920013,130.179993,46.159988,45.640007
149.920013,130.179993,46.159988,45.640007
153.920013,159.179993,46.159988,45.640007
153.920013,159.179993,46.159988,45.640007
137.920013,158.179993,46.159988,45.640007
137.920013,158.179993,46.159988,45.640007
137.920013,158.179993,46.159988,45.640007
137.920013,158.179993,46.159988,45.640007
137.920013,158.179993,46.159988,45.640007
137.920013,158.179993,46.159988,45.640007
137.920013,158.179993,46.159988,45.640007
137.920013,158.179993,46.159988,45.640007
137.920013,158.179993,46.159988,45.640007
137.920013,158.179993,46.159988,45.640007
137.920013,158.179993,46.159988,45.640007
137.920013,158.179993,46.159988,45.640007
137.920013,158.179993,46.159988,45.640007
137.920013,158.179993,46.159988,45.640007
137.920013,158.179993,46.159988,45.640007
137.920013,158.179993,46.159988,45.640007
