1
203.500000,112.820000,44.940002,49.739998
203.500000,112.820000,44.940002,49.739998
203.500000,112.820000,44.940002,49.739998
203.500000,112.820000,44.940002,49.739998
203.500000,112.820000,44.940002,49.739998
203.500000,112.820000,44.940002,49.739998
203.500000,112.820000,44.940002,49.739998
203.500000,112.820000,44.940002,49.739998
203.500000,112.820000,44.940002,49.739998
203.500000,112.820000,44.940002,49.739998
203.500000,112.820000,44.940002,49.739998
203.500000,112.820000,44.940002,49.739998
203.500000,112.820000,44.940002,49.739998
203.500000,112.820000,44.940002,49.739998
203.500000,112.820000,44.940002,49.739998
203.500000,112.820000,44.940002,49.739998
203.500000,112.820000,44.940002,49.739998
203.500000,112.820000,44.940002,49.739998
203.500000,112.820000,44.940002,49.739998
203.500000,112.820000,44.940002,49.739998
203.500000,112.820000,44.940002,49.739998
203.500000,112.820000,44.940002,49.739998
203.500000,112.820000,44.940002,49.739998
203.500000,112.820000,44.940002,49.739998
203.500000,112.820000,44.940002,49.739998
203.500000,112.820000,44.940002,49.739998
203.500000,112.820000,44.940002,49.739998
203.500000,112.820000,44.940002,49.739998
203.500000,112.820000,44.940002,49.739998
203.500000,112.820000,44.940002,49.739998
203.500000,112.820000,44.940002,49.739998
190.529999,127.129997,44.940002,49.739998
190.529999,127.129997,44.940002,49.739998
190.529999,127.129997,44.940002,49.739998
190.529999,127.129997,44.940002,49.739998
190.529999,127.129997,44.940002,49.739998
190.529999,127.129997,44.940002,49.739998
190.529999,127.129997,44.940002,49.739998
190.529999,127.129997,44.940002,49.739998
190.529999,127.129997,44.940002,49.739998
190.529999,127.129997,44.940002,49.739998
190.529999,127.129997,44.940002,49.739998
190.529999,127.129997,44.940002,49.739998
190.529999,127.129997,44.940002,49.739998
190.529999,127.129997,44.940002,49.739998
190.529999,127.129997,44.940002,49.739998
190.529999,127.129997,44.940002,49.739998
190.529999,127.129997,44.940002,49.739998
190.529999,127.129997,44.940002,49.739998
190.529999,127.129997,44.940002,49.739998
190.529999,127.129997,44.940002,49.739998
190.529999,127.129997,44.940002,49.739998
190.529999,127.129997,44.940002,49.739998
190.529999,127.129997,44.940002,49.739998
190.529999,127.129997,44.940002,49.739998
190.529999,127.129997,44.940002,49.739998
190.529999,127.129997,44.940002,49.739998
190.529999,127.129997,44.940002,49.739998
190.529999,127.129997,44.940002,49.739998
190.529999,127.129997,44.940002,49.739998
190.529999,127.129997,44.940002,49.739998
190.529999,127.129997,44.940002,49.739998
190.529999,127.129997,44.940002,49.739998
190.529999,127.129997,44.940002,49.739998
190.529999,127.129997,44.940002,49.739998
190.529999,127.129997,44.940002,49.739998
159.529999,144.130005,44.940002,49.739998
159.529999,144.130005,44.940002,49.739998
159.529999,144.130005,44.940002,49.739998
159.529999,144.130005,44.940002,49.739998
145.529999,147.130005,44.940002,49.739998
145.529999,147.130005,44.940002,49.739998
145.529999,147.130005,44.940002,49.739998
145.529999,147.130005,44.940002,49.739998
145.529999,147.130005,44.940002,49.739998
145.529999,147.130005,44.940002,49.739998
124.529999,164.130005,44.940002,49.739998
124.529999,164.130005,44.940002,49.739998
124.529999,164.130005,44.940002,49.739998
124.529999,164.130005,44.940002,49.739998
124.529999,164.130005,44.940002,49.739998
124.529999,164.130005,44.940002,49.739998
124.529999,164.130005,44.940002,49.739998
124.529999,164.130005,44.940002,49.739998
124.529999,164.130005,44.940002,49.739998
124.529999,164.130005,44.940002,49.739998
124.529999,164.130005,44.940002,49.739998
124.529999,164.130005,44.940002,49.739998
124.529999,164.130005,44.940002,49.739998
141.529999,130.130005,44.940002,49.739998
141.529999,130.130005,44.940002,49.739998
164.529999,129.130005,44.940002,49.739998
164.529999,129.130005,44.940002,49.739998
164.529999,129.130005,44.940002,49.739998
164.529999,129.130005,44.940002,49.739998
164.529999,129.130005,44.940002,49.739998
164.529999,129.130005,44.940002,49.739998
164.529999,129.130005,44.940002,49.739998
164.529999,129.130005,44.940002,49.739998
164.529999,129.130005,44.940002,49.739998
164.529999,129.130005,44.940002,49.739998
164.529999,129.130005,44.940002,49.739998
164.529999,129.130005,44.940002,49.739998
164.529999,129.130005,44.940002,49.739998
164.529999,129.130005,44.940002,49.739998
162.529999,110.129997,44.940002,49.739998
162.529999,110.129997,44.940002,49.739998
143.529999,117.129997,44.940002,49.739998
143.529999,117.129997,44.940002,49.739998
143.529999,117.129997,44.940002,49.739998
143.529999,117.129997,44.940002,49.739998
143.529999,117.129997,44.940002,49.739998
143.529999,117.129997,44.940002,49.739998
143.529999,117.129997,44.940002,49.739998
143.529999,117.129997,44.940002,49.739998
143.529999,117.129997,44.940002,49.739998
143.529999,117.129997,44.940002,49.739998
143.529999,117.129997,44.940002,49.739998
143.529999,117.129997,44.940002,49.739998
143.529999,117.129997,44.940002,49.739998
143.529999,117.129997,44.940002,49.739998
165.529999,126.129997,44.940002,49.739998
182.529999,100.129997,44.940002,49.739998
182.529999,100.129997,44.940002,49.739998
161.529999,123.129997,44.940002,49.739998
161.529999,123.129997,44.940002,49.739998
161.529999,123.129997,44.940002,49.739998
177.529999,115.129997,44.940002,49.739998
177.529999,115.129997,44.940002,49.739998
177.529999,115.129997,44.940002,49.739998
177.529999,115.129997,44.940002,49.739998
160.529999,131.130005,44.940002,49.739998
160.529999,131.130005,44.940002,49.739998
160.529999,131.130005,44.940002,49.739998
160.529999,131.130005,44.940002,49.739998
160.529999,131.130005,44.940002,49.739998
160.529999,131.130005,44.940002,49.739998
167.529999,110.129997,44.940002,49.739998
164.529999,129.130005,44.940002,49.739998
146.529999,138.130005,44.940002,49.739998
146.529999,138.130005,44.940002,49.739998
155.529999,116.129997,44.940002,49.739998
155.529999,116.129997,44.940002,49.739998
155.529999,116.129997,44.940002,49.739998
136.529999,103.129997,44.940002,49.739998
136.529999,103.129997,44.940002,49.739998
136.529999,103.129997,44.940002,49.739998
117.529999,85.129997,44.940002,49.739998
117.529999,85.129997,44.940002,49.739998
117.529999,85.129997,44.940002,49.739998
117.529999,85.129997,44.940002,49.739998
117.529999,85.129997,44.940002,49.739998
117.529999,85.129997,44.940002,49.739998
117.529999,85.129997,44.940002,49.739998
117.529999,85.129997,44.940002,49.739998
117.529999,85.129997,44.940002,49.739998
105.529999,96.129997,44.940002,49.739998
105.529999,96.129997,44.940002,49.739998
99.529999,74.129997,44.940002,49.739998
99.529999,74.129997,44.940002,49.739998
99.529999,74.129997,44.940002,49.739998
99.529999,74.129997,44.940002,49.739998
99.529999,74.129997,44.940002,49.739998
99.529999,74.129997,44.940002,49.739998
99.529999,74.129997,44.940002,49.739998
99.529999,74.129997,44.940002,49.739998
99.529999,74.129997,44.940002,49.739998
92.529999,95.129997,44.940002,49.739998
92.529999,95.129997,44.940002,49.739998
92.529999,95.129997,44.940002,49.739998
92.529999,95.129997,44.940002,49.739998
92.529999,95.129997,44.940002,49.739998
92.529999,95.129997,44.940002,49.739998
92.529999,95.129997,44.940002,49.739998
92.529999,95.129997,44.940002,49.739998
92.529999,95.129997,44.940002,49.739998
92.529999,95.129997,44.940002,49.739998
92.529999,95.129997,44.940002,49.739998
92.529999,95.129997,44.940002,49.739998
92.529999,95.129997,44.940002,49.739998
73.529999,94.129997,44.940002,49.739998
73.529999,94.129997,44.940002,49.739998
99.529999,91.129997,44.940002,49.739998
99.529999,91.129997,44.940002,49.739998
99.529999,91.129997,44.940002,49.739998
99.529999,91.129997,44.940002,49.739998
2
0
0
0
0
1
178.229996,121.839996,59.169998,58.360001
178.229996,121.839996,59.169998,58.360001
198.415009,138.819992,59.169998,58.360001
198.415009,138.819992,59.169998,58.360001
198.415009,138.819992,59.169998,58.360001
198.415009,138.819992,59.169998,58.360001
198.415009,138.819992,59.169998,58.360001
198.415009,138.819992,59.169998,58.360001
198.415009,138.819992,59.169998,58.360001
198.415009,138.819992,59.169998,58.360001
198.415009,138.819992,59.169998,58.360001
173.415009,126.820000,59.169998,58.360001
173.415009,126.820000,59.169998,58.360001
173.415009,126.820000,59.169998,58.360001
173.415009,126.820000,59.169998,58.360001
202.415009,144.819992,59.169998,58.360001
202.415009,144.819992,59.169998,58.360001
202.415009,144.819992,59.169998,58.360001
202.415009,144.819992,59.169998,58.360001
202.415009,144.819992,59.169998,58.360001
202.415009,144.819992,59.169998,58.360001
202.415009,144.819992,59.169998,58.360001
202.415009,144.819992,59.169998,58.360001
202.415009,144.819992,59.169998,58.360001
202.415009,144.819992,59.169998,58.360001
202.415009,144.819992,59.169998,58.360001
202.415009,144.819992,59.169998,58.360001
202.415009,144.819992,59.169998,58.360001
202.415009,144.819992,59.169998,58.360001
202.415009,144.819992,59.169998,58.360001
202.415009,144.819992,59.169998,58.360001
202.415009,144.819992,59.169998,58.360001
202.415009,144.819992,59.169998,58.360001
202.415009,144.819992,59.169998,58.360001
202.415009,144.819992,59.169998,58.360001
202.415009,144.819992,59.169998,58.360001
2
0
0
0
0
1
160.539993,127.639999,45.020004,48.550003
160.539993,127.639999,45.020004,48.550003
160.539993,127.639999,45.020004,48.550003
160.539993,127.639999,45.020004,48.550003
160.539993,127.639999,45.020004,48.550003
160.539993,127.639999,45.020004,48.550003
160.539993,127.639999,45.020004,48.550003
160.539993,127.639999,45.020004,48.550003
160.490005,126.724998,45.020004,48.550003
160.490005,126.724998,45.020004,48.550003
160.490005,126.724998,45.020004,48.550003
160.490005,126.724998,45.020004,48.550003
160.490005,126.724998,45.020004,48.550003
135.490005,151.725006,45.020004,48.550003
135.490005,151.725006,45.020004,48.550003
135.490005,151.725006,45.020004,48.550003
135.490005,151.725006,45.020004,48.550003
122.489998,156.725006,45.020004,48.550003
122.489998,156.725006,45.020004,48.550003
122.489998,156.725006,45.020004,48.550003
122.489998,156.725006,45.020004,48.550003
122.489998,156.725006,45.020004,48.550003
122.489998,156.725006,45.020004,48.550003
122.489998,156.725006,45.020004,48.550003
122.489998,156.725006,45.020004,48.550003
122.489998,156.725006,45.020004,48.550003
135.490005,131.725006,45.020004,48.550003
135.490005,131.725006,45.020004,48.550003
135.490005,131.725006,45.020004,48.550003
135.490005,131.725006,45.020004,48.550003
135.490005,131.725006,45.020004,48.550003
155.490005,146.725006,45.020004,48.550003
155.490005,146.725006,45.020004,48.550003
155.490005,146.725006,45.020004,48.550003
169.490005,134.725006,45.020004,48.550003
169.490005,134.725006,45.020004,48.550003
169.490005,134.725006,45.020004,48.550003
169.490005,134.725006,45.020004,48.550003
169.490005,134.725006,45.020004,48.550003
169.490005,134.725006,45.020004,48.550003
169.490005,134.725006,45.020004,48.550003
169.490005,134.725006,45.020004,48.550003
158.490005,114.724998,45.020004,48.550003
158.490005,114.724998,45.020004,48.550003
158.490005,114.724998,45.020004,48.550003
158.490005,114.724998,45.020004,48.550003
158.490005,114.724998,45.020004,48.550003
143.490005,119.724998,45.020004,48.550003
143.490005,119.724998,45.020004,48.550003
143.490005,119.724998,45.020004,48.550003
143.490005,119.724998,45.020004,48.550003
143.490005,119.724998,45.020004,48.550003
143.490005,119.724998,45.020004,48.550003
143.490005,119.724998,45.020004,48.550003
143.490005,119.724998,45.020004,48.550003
142.490005,99.724998,45.020004,48.550003
142.490005,99.724998,45.020004,48.550003
142.490005,99.724998,45.020004,48.550003
142.490005,99.724998,45.020004,48.550003
142.490005,99.724998,45.020004,48.550003
142.490005,99.724998,45.020004,48.550003
142.490005,99.724998,45.020004,48.550003
142.490005,99.724998,45.020004,48.550003
142.490005,99.724998,45.020004,48.550003
142.490005,99.724998,45.020004,48.550003
142.490005,99.724998,45.020004,48.550003
142.490005,99.724998,45.020004,48.550003
142.490005,99.724998,45.020004,48.550003
142.490005,99.724998,45.020004,48.550003
142.490005,99.724998,45.020004,48.550003
142.490005,99.724998,45.020004,48.550003
142.490005,99.724998,45.020004,48.550003
142.490005,99.724998,45.020004,48.550003
142.490005,99.724998,45.020004,48.550003
142.490005,99.724998,45.020004,48.550003
142.490005,99.724998,45.020004,48.550003
142.490005,99.724998,45.020004,48.550003
142.490005,99.724998,45.020004,48.550003
142.490005,99.724998,45.020004,48.550003
142.490005,99.724998,45.020004,48.550003
142.490005,99.724998,45.020004,48.550003
142.490005,99.724998,45.020004,48.550003
142.490005,99.724998,45.020004,48.550003
142.490005,99.724998,45.020004,48.550003
142.490005,99.724998,45.020004,48.550003
142.490005,99.724998,45.020004,48.550003
142.490005,99.724998,45.020004,48.550003
142.490005,99.724998,45.020004,48.550003
142.490005,99.724998,45.020004,48.550003
122.489998,104.724998,45.020004,48.550003
122.489998,104.724998,45.020004,48.550003
122.489998,104.724998,45.020004,48.550003
122.489998,104.724998,45.020004,48.550003
122.489998,104.724998,45.020004,48.550003
122.489998,104.724998,45.020004,48.550003
109.489998,79.724998,45.020004,48.550003
109.489998,79.724998,45.020004,48.550003
106.489998,99.724998,45.020004,48.550003
106.489998,99.724998,45.020004,48.550003
106.489998,99.724998,45.020004,48.550003
106.489998,99.724998,45.020004,48.550003
125.489998,95.724998,45.020004,48.550003
125.489998,95.724998,45.020004,48.550003
125.489998,95.724998,45.020004,48.550003
125.489998,95.724998,45.020004,48.550003
125.489998,95.724998,45.020004,48.550003
125.489998,95.724998,45.020004,48.550003
125.489998,95.724998,45.020004,48.550003
111.489998,92.724998,45.020004,48.550003
111.489998,92.724998,45.020004,48.550003
92.489998,94.724998,45.020004,48.550003
92.489998,94.724998,45.020004,48.550003
92.489998,94.724998,45.020004,48.550003
92.489998,94.724998,45.020004,48.550003
92.489998,94.724998,45.020004,48.550003
88.489998,119.724998,45.020004,48.550003
88.489998,119.724998,45.020004,48.550003
88.489998,119.724998,45.020004,48.550003
88.489998,119.724998,45.020004,48.550003
88.489998,119.724998,45.020004,48.550003
88.489998,119.724998,45.020004,48.550003
88.489998,119.724998,45.020004,48.550003
88.489998,119.724998,45.020004,48.550003
88.489998,119.724998,45.020004,48.550003
111.489998,124.724998,45.020004,48.550003
111.489998,124.724998,45.020004,48.550003
111.489998,124.724998,45.020004,48.550003
111.489998,124.724998,45.020004,48.550003
111.489998,124.724998,45.020004,48.550003
111.489998,124.724998,45.020004,48.550003
111.489998,124.724998,45.020004,48.550003
111.489998,124.724998,45.020004,48.550003
111.489998,124.724998,45.020004,48.550003
136.490005,124.724998,45.020004,48.550003
136.490005,124.724998,45.020004,48.550003
136.490005,124.724998,45.020004,48.550003
136.490005,124.724998,45.020004,48.550003
136.490005,124.724998,45.020004,48.550003
136.490005,124.724998,45.020004,48.550003
136.490005,124.724998,45.020004,48.550003
136.490005,124.724998,45.020004,48.550003
136.490005,124.724998,45.020004,48.550003
136.490005,124.724998,45.020004,48.550003
136.490005,124.724998,45.020004,48.550003
136.490005,124.724998,45.020004,48.550003
136.490005,124.724998,45.020004,48.550003
136.490005,124.724998,45.020004,48.550003
136.490005,124.724998,45.020004,48.550003
136.490005,124.724998,45.020004,48.550003
158.490005,104.724998,45.020004,48.550003
158.490005,104.724998,45.020004,48.550003
158.490005,104.724998,45.020004,48.550003
158.490005,104.724998,45.020004,48.550003
158.490005,104.724998,45.020004,48.550003
158.490005,104.724998,45.020004,48.550003
158.490005,104.724998,45.020004,48.550003
158.490005,104.724998,45.020004,48.550003
179.490005,99.724998,45.020004,48.550003
179.490005,99.724998,45.020004,48.550003
179.490005,99.724998,45.020004,48.550003
179.490005,99.724998,45.020004,48.550003
179.490005,99.724998,45.020004,48.550003
199.490005,94.724998,45.020004,48.550003
199.490005,94.724998,45.020004,48.550003
199.490005,94.724998,45.020004,48.550003
199.490005,94.724998,45.020004,48.550003
199.490005,94.724998,45.020004,48.550003
199.490005,94.724998,45.020004,48.550003
199.490005,94.724998,45.020004,48.550003
199.490005,94.724998,45.020004,48.550003
199.490005,94.724998,45.020004,48.550003
199.490005,94.724998,45.020004,48.550003
199.490005,94.724998,45.020004,48.550003
199.490005,94.724998,45.020004,48.550003
199.490005,94.724998,45.020004,48.550003
173.490005,97.724998,45.020004,48.550003
173.490005,97.724998,45.020004,48.550003
173.490005,97.724998,45.020004,48.550003
173.490005,97.724998,45.020004,48.550003
173.490005,97.724998,45.020004,48.550003
173.490005,97.724998,45.020004,48.550003
173.490005,97.724998,45.020004,48.550003
173.490005,97.724998,45.020004,48.550003
173.490005,97.724998,45.020004,48.550003
157.490005,118.724998,45.020004,48.550003
157.490005,118.724998,45.020004,48.550003
157.490005,118.724998,45.020004,48.550003
157.490005,118.724998,45.020004,48.550003
157.490005,118.724998,45.020004,48.550003
157.490005,118.724998,45.020004,48.550003
157.490005,118.724998,45.020004,48.550003
158.490005,135.725006,45.020004,48.550003
158.490005,135.725006,45.020004,48.550003
158.490005,135.725006,45.020004,48.550003
158.490005,135.725006,45.020004,48.550003
158.490005,135.725006,45.020004,48.550003
136.490005,125.724998,45.020004,48.550003
136.490005,125.724998,45.020004,48.550003
136.490005,125.724998,45.020004,48.550003
136.490005,125.724998,45.020004,48.550003
136.490005,125.724998,45.020004,48.550003
136.490005,125.724998,45.020004,48.550003
136.490005,125.724998,45.020004,48.550003
136.490005,125.724998,45.020004,48.550003
136.490005,125.724998,45.020004,48.550003
136.490005,125.724998,45.020004,48.550003
136.490005,125.724998,45.020004,48.550003
113.489998,145.725006,45.020004,48.550003
113.489998,145.725006,45.020004,48.550003
113.489998,145.725006,45.020004,48.550003
113.489998,145.725006,45.020004,48.550003
113.489998,145.725006,45.020004,48.550003
113.489998,145.725006,45.020004,48.550003
130.490005,130.725006,45.020004,48.550003
130.490005,130.725006,45.020004,48.550003
130.490005,130.725006,45.020004,48.550003
130.490005,130.725006,45.020004,48.550003
130.490005,130.725006,45.020004,48.550003
130.490005,130.725006,45.020004,48.550003
130.490005,130.725006,45.020004,48.550003
130.490005,130.725006,45.020004,48.550003
130.490005,130.725006,45.020004,48.550003
130.490005,130.725006,45.020004,48.550003
130.490005,130.725006,45.020004,48.550003
130.490005,130.725006,45.020004,48.550003
130.490005,130.725006,45.020004,48.550003
130.490005,130.725006,45.020004,48.550003
130.490005,130.725006,45.020004,48.550003
130.490005,130.725006,45.020004,48.550003
130.490005,130.725006,45.020004,48.550003
130.490005,130.725006,45.020004,48.550003
130.490005,130.725006,45.020004,48.550003
130.490005,130.725006,45.020004,48.550003
150.490005,120.724998,45.020004,48.550003
150.490005,120.724998,45.020004,48.550003
150.490005,120.724998,45.020004,48.550003
150.490005,120.724998,45.020004,48.550003
150.490005,120.724998,45.020004,48.550003
150.490005,120.724998,45.020004,48.550003
150.490005,120.724998,45.020004,48.550003
150.490005,120.724998,45.020004,48.550003
150.490005,120.724998,45.020004,48.550003
150.490005,120.724998,45.020004,48.550003
150.490005,120.724998,45.020004,48.550003
132.490005,120.724998,45.020004,48.550003
132.490005,120.724998,45.020004,48.550003
132.490005,120.724998,45.020004,48.550003
132.490005,120.724998,45.020004,48.550003
132.490005,120.724998,45.020004,48.550003
132.490005,120.724998,45.020004,48.550003
119.489998,120.724998,45.020004,48.550003
119.489998,120.724998,45.020004,48.550003
119.489998,120.724998,45.020004,48.550003
119.489998,120.724998,45.020004,48.550003
119.489998,120.724998,45.020004,48.550003
119.489998,120.724998,45.020004,48.550003
119.489998,120.724998,45.020004,48.550003
119.489998,120.724998,45.020004,48.550003
119.489998,120.724998,45.020004,48.550003
119.489998,120.724998,45.020004,48.550003
119.489998,120.724998,45.020004,48.550003
103.489998,107.724998,45.020004,48.550003
103.489998,107.724998,45.020004,48.550003
103.489998,107.724998,45.020004,48.550003
103.489998,107.724998,45.020004,48.550003
103.489998,107.724998,45.020004,48.550003
103.489998,107.724998,45.020004,48.550003
103.489998,107.724998,45.020004,48.550003
103.489998,107.724998,45.020004,48.550003
103.489998,107.724998,45.020004,48.550003
103.489998,107.724998,45.020004,48.550003
103.489998,107.724998,45.020004,48.550003
103.489998,107.724998,45.020004,48.550003
103.489998,107.724998,45.020004,48.550003
112.489998,130.725006,45.020004,48.550003
112.489998,130.725006,45.020004,48.550003
112.489998,130.725006,45.020004,48.550003
112.489998,130.725006,45.020004,48.550003
112.489998,130.725006,45.020004,48.550003
112.489998,130.725006,45.020004,48.550003
2
0
0
0
0
1
201.139999,137.809998,54.680008,58.919998
201.139999,137.809998,54.680008,58.919998
201.139999,137.809998,54.680008,58.919998
201.139999,137.809998,54.680008,58.919998
201.139999,137.809998,54.680008,58.919998
201.139999,137.809998,54.680008,58.919998
201.139999,137.809998,54.680008,58.919998
201.139999,137.809998,54.680008,58.919998
200.659988,137.540009,54.680008,58.919998
200.659988,137.540009,54.680008,58.919998
184.659988,147.540009,54.680008,58.919998
184.659988,147.540009,54.680008,58.919998
184.659988,147.540009,54.680008,58.919998
184.659988,147.540009,54.680008,58.919998
184.659988,147.540009,54.680008,58.919998
174.659988,122.540001,54.680008,58.919998
174.659988,122.540001,54.680008,58.919998
174.659988,122.540001,54.680008,58.919998
174.659988,122.540001,54.680008,58.919998
174.659988,122.540001,54.680008,58.919998
174.659988,122.540001,54.680008,58.919998
174.659988,122.540001,54.680008,58.919998
153.659988,127.540001,54.680008,58.919998
153.659988,127.540001,54.680008,58.919998
153.659988,127.540001,54.680008,58.919998
153.659988,127.540001,54.680008,58.919998
153.659988,127.540001,54.680008,58.919998
153.659988,127.540001,54.680008,58.919998
153.659988,127.540001,54.680008,58.919998
153.659988,127.540001,54.680008,58.919998
153.659988,127.540001,54.680008,58.919998
153.659988,127.540001,54.680008,58.919998
153.659988,127.540001,54.680008,58.919998
153.659988,127.540001,54.680008,58.919998
153.659988,127.540001,54.680008,58.919998
153.659988,127.540001,54.680008,58.919998
153.659988,127.540001,54.680008,58.919998
153.659988,127.540001,54.680008,58.919998
151.659988,147.540009,54.680008,58.919998
151.659988,147.540009,54.680008,58.919998
151.659988,147.540009,54.680008,58.919998
151.659988,147.540009,54.680008,58.919998
151.659988,147.540009,54.680008,58.919998
151.659988,147.540009,54.680008,58.919998
151.659988,147.540009,54.680008,58.919998
151.659988,147.540009,54.680008,58.919998
151.659988,147.540009,54.680008,58.919998
151.659988,147.540009,54.680008,58.919998
151.659988,147.540009,54.680008,58.919998
151.659988,147.540009,54.680008,58.919998
151.659988,147.540009,54.680008,58.919998
151.659988,147.540009,54.680008,58.919998
151.659988,147.540009,54.680008,58.919998
151.659988,147.540009,54.680008,58.919998
151.659988,147.540009,54.680008,58.919998
151.659988,147.540009,54.680008,58.919998
151.659988,147.540009,54.680008,58.919998
151.659988,147.540009,54.680008,58.919998
151.659988,147.540009,54.680008,58.919998
151.659988,147.540009,54.680008,58.919998
151.659988,147.540009,54.680008,58.919998
151.659988,147.540009,54.680008,58.919998
151.659988,147.540009,54.680008,58.919998
151.659988,147.540009,54.680008,58.919998
151.659988,147.540009,54.680008,58.919998
151.659988,147.540009,54.680008,58.919998
151.659988,147.540009,54.680008,58.919998
151.659988,147.540009,54.680008,58.919998
151.659988,147.540009,54.680008,58.919998
151.659988,147.540009,54.680008,58.919998
151.659988,147.540009,54.680008,58.919998
151.659988,147.540009,54.680008,58.919998
151.659988,147.540009,54.680008,58.919998
151.659988,147.540009,54.680008,58.919998
151.659988,147.540009,54.680008,58.919998
151.659988,147.540009,54.680008,58.919998
151.659988,147.540009,54.680008,58.919998
151.659988,147.540009,54.680008,58.919998
151.659988,147.540009,54.680008,58.919998
151.659988,147.540009,54.680008,58.919998
151.659988,147.540009,54.680008,58.919998
